8.294616553995741924e+03
3.455324231996859908e+03
6.373405495956213599e+03
6.427134762487798071e+03
6.810105286216266904e+03
6.681768067693614285e+03
6.436359752834066057e+03
6.954139061045299059e+03
6.092298551364077866e+03
6.941603764647263233e+03
6.803389781709654017e+03
5.750809130804171218e+03
7.089157565483501457e+03
5.802942549704463090e+03
6.768172911695934999e+03
6.131750465500734208e+03
6.309334176290900359e+03
6.244479097986007218e+03
6.953203803103968312e+03
6.538272458735742475e+03
6.957305432270069105e+03
5.882443330078498548e+03
7.024231619906782726e+03
5.229070349714686927e+03
5.415176603339216854e+03
7.600024543539171646e+03
6.451385708700472605e+03
6.770862529046674354e+03
6.233846472608640397e+03
6.772716169653750512e+03
6.088597879973400268e+03
6.200157549148932958e+03
7.282306319952485865e+03
6.019429634711628751e+03
6.474336495612325962e+03
5.874837615134271800e+03
6.290436226916068335e+03
6.918778945019814273e+03
6.697131147612830318e+03
6.447172493524826677e+03
7.532876325204841123e+03
6.131898091873061276e+03
7.081990381967437315e+03
6.130805919236016052e+03
6.703117618937384577e+03
6.366548860537950532e+03
6.495241921424181783e+03
6.648926547425584431e+03
6.093793380992450693e+03
6.914619286732317050e+03
6.901809409810753095e+03
6.814838716028235467e+03
5.837687094917235299e+03
6.343371197651126749e+03
5.871272980228571214e+03
6.185906790593156984e+03
6.028702732147310599e+03
6.293481080256315181e+03
5.629059308930576663e+03
7.558366405482631308e+03
7.070059105199878104e+03
5.591674576542906834e+03
6.989383862030340424e+03
6.010128232868471969e+03
6.424661665071887001e+03
6.515773874180987150e+03
6.590835944376865882e+03
6.587405480841120152e+03
6.627360640446459001e+03
6.008722769899122795e+03
6.241028043485166563e+03
6.528324704398954964e+03
6.638063514318515445e+03
6.031754174683077508e+03
6.190738125707184736e+03
6.824685088078479566e+03
6.980436855572875174e+03
5.632148363503843939e+03
7.576427633946302194e+03
5.505810623810237303e+03
5.863277878658421287e+03
7.469949414962028641e+03
7.293911778226995921e+03
5.589907812849141919e+03
6.747702511171783954e+03
6.760419658933098617e+03
6.752465147874225295e+03
5.895912976666703798e+03
6.366794118082392743e+03
6.325155294807500468e+03
6.320669264196773838e+03
7.012474357755022538e+03
6.336739272660470306e+03
5.597077196650090627e+03
7.290310275647253548e+03
6.174445698458695915e+03
6.615923861778736864e+03
6.801185089867924034e+03
5.954789693694432572e+03
6.868131577625703358e+03
6.581769350745079464e+03
6.527048467976008396e+03
6.605757865552746807e+03
6.438163100422809293e+03
7.612763500919894796e+03
5.792422350991653730e+03
6.735887902131135888e+03
5.880897413321093154e+03
6.662479245153628653e+03
6.591231949421187892e+03
6.328435504283850605e+03
6.377439740948795588e+03
6.285233305833849045e+03
5.961743485734534261e+03
6.393564010765931926e+03
6.663384522856327749e+03
5.885507748928253022e+03
6.040017740337588293e+03
6.572006629391135903e+03
7.124580688657804785e+03
6.740230340294286179e+03
6.805957396274203347e+03
6.873208768515099109e+03
6.013128205433669791e+03
5.867872891564924430e+03
5.916772657010618786e+03
7.347862557686914442e+03
5.608268776959685056e+03
6.880352537291282715e+03
5.474104157310744085e+03
6.288739257049715889e+03
5.155631034280342647e+03
7.121871666706068936e+03
6.708255414725941591e+03
7.119053874582292337e+03
6.011533767144817830e+03
6.804431250756989357e+03
5.861757012364068942e+03
6.757639317874191875e+03
5.724407718058351747e+03
6.307803783828361702e+03
7.231201214971558329e+03
6.136600694914184714e+03
7.457763527446121770e+03
6.326708032802762318e+03
6.123437348670258871e+03
7.219547350684921184e+03
6.101448346885463252e+03
5.563907597160020487e+03
6.955555051145501238e+03
7.305080378933196698e+03
6.071030902785594662e+03
6.987250514980347361e+03
6.366476397262882529e+03
5.968692349385446505e+03
6.521039946631104613e+03
7.818960207023659677e+03
5.425019403927493840e+03
6.604918699295553779e+03
5.890036261140865463e+03
7.111895266785628337e+03
6.049120262955766520e+03
5.716341535953863058e+03
6.847627374604819124e+03
7.565522653938715848e+03
5.644028408138304258e+03
6.461892592134841834e+03
6.787465679392771563e+03
6.200382578869943245e+03
7.166203472316728948e+03
6.754230125196725567e+03
5.813200299177125999e+03
6.546369346575482268e+03
6.790543639264427838e+03
6.768140006480406555e+03
6.106143440125830239e+03
4.614806511358083299e+03
8.551039565707736983e+03
5.922158719184629263e+03
6.345426650617118867e+03
6.869443601374300670e+03
5.946809151721799026e+03
7.129045823938183275e+03
6.262089548080214627e+03
6.495266443045669803e+03
6.572866405532790850e+03
7.322714566075745097e+03
6.260235393256038151e+03
5.675577924749977683e+03
5.996993782253916834e+03
6.437299693984134137e+03
6.251466153170020334e+03
6.972431275994602402e+03
6.229624769152355839e+03
7.227709171328008779e+03
5.852232256592402337e+03
7.534359768486622670e+03
5.501892960721056625e+03
6.014881086294883062e+03
5.906550853053574428e+03
7.440716260899915142e+03
5.635061762888939484e+03
6.903813454180392000e+03
6.091686398199319228e+03
6.282530383380151761e+03
6.503264575482128748e+03
5.843442554663070041e+03
6.923926410172740361e+03
5.892792892099015262e+03
6.396025966659950427e+03
7.546890843315645725e+03
5.564393021366749963e+03
7.509039679131631601e+03
5.682023321078577283e+03
5.401058285481944040e+03
7.512584070641513790e+03
6.385664960158067515e+03
6.568156328341335211e+03
6.722992527187940141e+03
5.616157514804564016e+03
6.254900819518206845e+03
6.781116510128462323e+03
7.178893767689287415e+03
6.093972631333122081e+03
7.726977814354719158e+03
5.330053377422383164e+03
5.752060295902420876e+03
6.752128111365281256e+03
5.796923840750024283e+03
7.512265845090078074e+03
6.145258421788996202e+03
6.499605648645618203e+03
7.015254017439879135e+03
5.839003537416216204e+03
6.115423101062409842e+03
7.169350735508084654e+03
5.981656647496667574e+03
6.850906663931668845e+03
6.923698191923855120e+03
6.317741976960067404e+03
5.939055006001757647e+03
6.765184049334653537e+03
6.514715736652574378e+03
7.072565806023671030e+03
6.524834761455827902e+03
4.651391816456486595e+03
6.617366292206546859e+03
6.758260207089781943e+03
6.598880073693794657e+03
6.542533281598873145e+03
5.991704561379639927e+03
6.118238436061357788e+03
6.283386402898400775e+03
7.139081325514493074e+03
6.029820911700053330e+03
7.445733804385599797e+03
