8.896097331461247450e+03
3.191715769845316572e+03
6.818624563499954093e+03
6.436692493279755581e+03
6.212007684664178669e+03
7.326186885416789664e+03
6.634332900800372954e+03
6.554428810564376363e+03
6.999173197246917880e+03
6.256006855470661321e+03
7.150313229384207261e+03
5.369148481113974412e+03
6.816561196429269330e+03
6.714195373268239564e+03
6.746870490527890070e+03
6.250422639543508922e+03
6.550660227999737799e+03
6.556439107803287698e+03
7.435509232327133759e+03
6.034917411989963512e+03
5.417888775360676846e+03
6.730201089941553619e+03
6.987881465110512181e+03
5.488514453364632573e+03
4.727269137658057844e+03
7.643747843778523020e+03
6.486225998693496877e+03
7.116058285645977776e+03
5.836875185754090126e+03
7.194151309881876841e+03
5.875186087693025911e+03
7.262536909950153131e+03
7.305524594263572908e+03
6.203470123637514916e+03
6.410881360750233398e+03
6.704393288207069418e+03
6.840595035140742766e+03
6.397664176337801109e+03
5.938931257859165271e+03
6.894368369974955385e+03
7.461524379991952628e+03
5.427862146033698082e+03
7.289166602866732319e+03
5.710191019702110680e+03
6.526953290637653481e+03
6.535156716578022497e+03
6.996629695762769188e+03
5.953804585324813161e+03
6.606506241523497920e+03
6.736700942850881802e+03
5.743103625904944238e+03
7.308513037540732512e+03
5.634148016431176075e+03
7.274107191197442262e+03
5.452158714554994731e+03
7.503404367766433097e+03
6.412005251017592855e+03
5.801072409483202136e+03
6.762818124835191156e+03
6.791799999787242996e+03
6.072731183457715815e+03
6.623351356082423081e+03
6.402341514223842751e+03
6.675929605560049822e+03
7.017743652290193495e+03
5.876759944844180609e+03
5.434446043020279831e+03
7.716682029799457268e+03
6.888385880403844567e+03
5.657434116382901266e+03
6.855916382945043551e+03
6.528718840589416686e+03
6.626409248237137945e+03
6.233271601279527204e+03
6.738490039881187840e+03
6.546252724940723965e+03
6.746308890163350952e+03
5.921136982592837740e+03
7.407553048995904646e+03
6.016521664717886779e+03
5.981809279847127982e+03
7.094865978505032217e+03
7.070630648590432429e+03
6.066700990203514266e+03
6.751689414443163514e+03
6.190297869489204459e+03
6.872164775002717761e+03
6.618544430223339987e+03
6.327873584250861313e+03
5.139496305374463191e+03
7.505630223973465945e+03
5.404320784996049042e+03
6.416594435094634719e+03
6.587600055295672064e+03
7.368152057488151513e+03
6.135635300161272426e+03
5.295820222836400717e+03
7.942049325709035656e+03
5.854300050284537065e+03
6.698962473276859782e+03
7.406169825583450802e+03
6.121041364459035321e+03
6.082012243652507095e+03
6.810706745539689109e+03
7.127342984077794426e+03
6.261541680548590193e+03
6.143123459648302742e+03
5.912794267979293181e+03
7.306982845399627877e+03
6.335770353033085485e+03
7.109353632640414617e+03
5.711380776019503173e+03
6.671013953790802589e+03
6.930450604695013681e+03
6.277890691659507866e+03
6.689724483150288506e+03
6.447319760190366651e+03
5.885021257071869513e+03
6.224973594923570090e+03
6.787892410727211427e+03
6.697473167782460223e+03
6.659629804248189430e+03
6.705636200325374375e+03
6.975277885552318367e+03
6.151336667202733224e+03
6.201829703936746228e+03
6.557308137948458352e+03
6.279172349666662740e+03
7.583030870356066771e+03
5.338889755448411961e+03
6.675003217151778699e+03
5.799329519441149387e+03
6.390651510209712796e+03
6.625692500684284823e+03
7.051891589133791967e+03
6.083249814500356479e+03
7.376561081768447366e+03
6.241685036584446607e+03
6.387556252549242345e+03
6.524101511128724269e+03
7.385139557517240064e+03
5.835857548376197883e+03
6.677072701593298916e+03
6.086569282665549508e+03
6.541126854008457485e+03
5.616059269468806633e+03
6.843027633725676424e+03
6.386811816016658668e+03
6.655599808561467398e+03
6.496452867629083812e+03
6.970129790544407115e+03
6.294984071403574490e+03
6.920266257081324511e+03
6.006430930609523784e+03
6.059141478073126564e+03
6.662976876324366458e+03
6.773903069113144738e+03
6.637415657344498868e+03
6.741249583466660624e+03
6.220145182560290777e+03
7.498834699679201549e+03
5.869358072478343274e+03
6.459945721625347687e+03
5.765130018981495596e+03
8.035685052454850847e+03
5.110803831237235499e+03
6.984928264224427039e+03
6.309205104607171961e+03
6.330306573712385216e+03
6.700608585657319964e+03
6.441048811096841746e+03
6.319584155775751242e+03
6.590121397081775285e+03
6.741465066814646889e+03
6.637333952985192809e+03
7.072726347129796522e+03
5.515735765517923028e+03
7.286583828503239602e+03
6.549342362761513868e+03
5.892529826661139850e+03
5.668499176850662479e+03
7.745144571622520743e+03
6.476407609471987598e+03
6.445444123868884162e+03
6.855635339396765630e+03
6.787118777134472111e+03
6.667618729564826936e+03
6.878107723924650600e+03
5.847881878563481223e+03
5.860775239258107831e+03
5.760212682093746480e+03
7.156925637609693695e+03
7.017727884454056039e+03
6.213842213085414187e+03
6.371630282582018481e+03
6.104051454717460729e+03
7.464826497390686200e+03
5.409661741625174727e+03
6.754106822321427899e+03
6.310598065048959143e+03
5.842114013066887310e+03
7.263325686513986511e+03
5.932110803901786312e+03
6.489960496431600404e+03
6.802856838282638819e+03
6.713185908117683539e+03
6.417798272117809574e+03
6.696804085858511826e+03
5.537574732143752044e+03
6.898595628801847852e+03
7.498008523910422809e+03
5.829471789846621505e+03
7.111187887495152609e+03
6.032024998140142998e+03
6.540438598070934859e+03
7.245111965796459117e+03
6.030481045178673412e+03
7.279031892797973342e+03
6.138818327911183587e+03
6.259571730580329131e+03
6.178291548797747055e+03
6.525962696504648193e+03
6.552160646774413181e+03
6.818775096647965256e+03
6.955931848748925404e+03
6.002720064747023571e+03
5.876993894087496301e+03
7.206670830162494894e+03
7.298267890733946842e+03
5.993882586849982545e+03
6.096355916065624115e+03
6.813216024915275739e+03
6.550375801803308605e+03
6.271192754047526250e+03
6.154663575235837015e+03
7.132089605478083286e+03
5.980913120860760500e+03
7.352071432744181038e+03
6.520544426806609408e+03
6.100865388544138114e+03
7.245311316341527345e+03
5.883962041749322452e+03
6.686535113082257340e+03
6.370995100074982474e+03
6.039648588242926962e+03
6.109938217908023034e+03
6.232156043999048052e+03
6.880652349495519957e+03
6.448361567807622123e+03
6.867601943980029318e+03
6.008153513286000816e+03
6.639370236191454751e+03
6.323578297474314240e+03
6.446788413000465880e+03
6.795337262507915511e+03
6.341161323105661722e+03
