6.225731381021638299e+03
5.061287100160810041e+03
6.995970343570968907e+03
5.827792534151096334e+03
6.360880951928438662e+03
5.739450556957985100e+03
6.671834744071205932e+03
6.337578048865198070e+03
6.638898945931556227e+03
6.531848835086742838e+03
5.280058356663085760e+03
7.525634853920358182e+03
6.795764992195568084e+03
6.250282588159130682e+03
7.212768999624906428e+03
5.530680471496352766e+03
6.436848922779159693e+03
6.698919653113572167e+03
6.434897100327281805e+03
5.840153746731202773e+03
6.992110526812116404e+03
6.346878453218430877e+03
7.046384370454218697e+03
6.186785384751880883e+03
5.635499326116172597e+03
7.844623760243852303e+03
5.468888906169728216e+03
6.507646992535536810e+03
5.972770314401304859e+03
7.002693894702370017e+03
6.446431787375721797e+03
6.315909072535010637e+03
5.741451758152853472e+03
7.444843134403024123e+03
6.466727412971593367e+03
5.428786002070590257e+03
6.318059702670021579e+03
6.420183361523180793e+03
7.109747110180484015e+03
5.686014938795224225e+03
6.027006691519846754e+03
6.403410025454128117e+03
6.485344377164276011e+03
6.282510838759996659e+03
6.796378742512010831e+03
6.651765628353432476e+03
5.248480793864420775e+03
7.977705002460527794e+03
7.094686354510032288e+03
6.058374581594494884e+03
6.007583474944250156e+03
6.303246910579282485e+03
6.746203953180294775e+03
6.198177086776198848e+03
6.906643508244071199e+03
6.125484480505710962e+03
6.025756918774162841e+03
6.551843449492372201e+03
7.687279179244271290e+03
5.594738362055481957e+03
6.707528980782968574e+03
5.953955410835645125e+03
6.481653181610532556e+03
6.967422387386133778e+03
5.885517082740922888e+03
7.478232292896351282e+03
6.761306395100851660e+03
6.479126770843829945e+03
6.526678687525575697e+03
6.068869636907423228e+03
5.676336236291705063e+03
7.641816875589248411e+03
6.641286419544556338e+03
6.214570869590997972e+03
4.884984330347009745e+03
6.956883106487432087e+03
6.572007161700395045e+03
6.629226766920661248e+03
5.374496204073207991e+03
7.522412913601103355e+03
6.910013004319534048e+03
6.085080069461762832e+03
7.498607189315869618e+03
5.637964179743612476e+03
6.094827324711469373e+03
6.442575338409600590e+03
6.961734479525036477e+03
5.505951319334607433e+03
6.899419149229760478e+03
6.187293903454003157e+03
5.377480434052520650e+03
7.453167214028213493e+03
6.356091796388633156e+03
6.880343164798884573e+03
5.642266005731238693e+03
6.979191514392593490e+03
6.672051257201956105e+03
6.505417520508206508e+03
7.187259728316013025e+03
6.038226704962573422e+03
5.798170596986485180e+03
6.073405809824588687e+03
7.310333741493446723e+03
5.796303062375760419e+03
7.419537763451648061e+03
5.184184055476338472e+03
6.815130259492389087e+03
6.389648589309386807e+03
6.388045611543368977e+03
6.388722055279561573e+03
5.279159456178191249e+03
7.245219495888135498e+03
7.269259665203889199e+03
5.989153998531330217e+03
6.916739517641138264e+03
6.503735782224646755e+03
6.266902335912438502e+03
6.337448470634628393e+03
6.355421347550787686e+03
6.854966055402896018e+03
6.280121604832094818e+03
6.406709765549626354e+03
6.641650837388545369e+03
6.384627820164658260e+03
5.770146115174982697e+03
6.843394156564049808e+03
5.873207384242017724e+03
6.850230822478212758e+03
6.870476775215020098e+03
5.618108617868459987e+03
6.958501339453085166e+03
6.195829033545003767e+03
6.338089304271866240e+03
7.051264365605753483e+03
6.018702836800723162e+03
7.464646067338107969e+03
7.394073879737169591e+03
5.193383826392863739e+03
6.121315157384235135e+03
6.263114958922946244e+03
6.687864211271868953e+03
6.373766333779278284e+03
5.811020883883871647e+03
7.444822397686772092e+03
6.796204607345610384e+03
5.839099891208265035e+03
5.185065948571256740e+03
6.928766146277545886e+03
5.669250363882797501e+03
8.018721727215406645e+03
6.112496502045572925e+03
7.269503503005651510e+03
6.020166382872177564e+03
5.837536729487648699e+03
5.645364501312298671e+03
6.322220288924732813e+03
6.918175791517366633e+03
6.262552749835916984e+03
6.937583447591508047e+03
5.991043301267256538e+03
6.585958421390863805e+03
6.850652057731486821e+03
6.504065672221743625e+03
6.871770478936030486e+03
6.354714378716791543e+03
6.018852371758471236e+03
5.388754627133466784e+03
7.335844873600251049e+03
7.080546569127219300e+03
5.324586353260415308e+03
7.422109620331143560e+03
5.960566184803791657e+03
6.936713502846590927e+03
5.909137391186432069e+03
6.523839521878915548e+03
5.619443777902362854e+03
6.452111444135311103e+03
6.566259355142336062e+03
6.250811412529637892e+03
6.147811877832536993e+03
6.953667174627172244e+03
6.686840984815081356e+03
6.182748972584176954e+03
6.597721082685297915e+03
5.656717305208283506e+03
6.853705622478386431e+03
7.312916665628192277e+03
5.621156723207313917e+03
6.431185843502395073e+03
6.455269920327526052e+03
6.539707937070840671e+03
6.525821949237532863e+03
5.787548617392105371e+03
6.821445957914025712e+03
7.016820396061412794e+03
6.131750549764481548e+03
5.424088874993862191e+03
7.369567992880456586e+03
6.674024496710971107e+03
5.930008766429946263e+03
6.626177206706187462e+03
6.984687158568322047e+03
6.211693658033691463e+03
6.852976587510273930e+03
6.695201817953141472e+03
5.915490357019501971e+03
5.725923423975475089e+03
6.958308162876228380e+03
6.020337268507021690e+03
6.618009796609045225e+03
7.092018444766515131e+03
5.880342997867917802e+03
6.444451221141431233e+03
6.732461801873986587e+03
6.148581498605635716e+03
6.250781759135626089e+03
6.501285305550580233e+03
6.744758562805737711e+03
6.996897843679265861e+03
6.523501263431863663e+03
6.983186093195186004e+03
5.298598650896759864e+03
7.687555276890518144e+03
4.637680679699276880e+03
5.256313173422866384e+03
7.297834447006140181e+03
6.412520620360837711e+03
6.817082132790324977e+03
6.416613129709571695e+03
6.499449944218977180e+03
6.938026527717971476e+03
6.391499026857089120e+03
5.885355718346002504e+03
6.083861789628948827e+03
5.071477893435860096e+03
7.681663777079304054e+03
7.125798363378161412e+03
6.305526247081437759e+03
6.807072863024803155e+03
6.858986899382131924e+03
5.471081940970520009e+03
7.593815177854549802e+03
6.798476458481697591e+03
6.361761613594124356e+03
6.320085477646730396e+03
5.730878434374726567e+03
6.333025751168603165e+03
6.666809783009971397e+03
7.299451799105094324e+03
6.032990972068894735e+03
6.452676801595455800e+03
6.903030436210817243e+03
7.045239203543002077e+03
5.198290598248417155e+03
6.279286038080230355e+03
5.434167333736524597e+03
