6.179420379118748315e+03
5.365916524234678946e+03
7.129937825735660226e+03
6.046172356620274513e+03
5.530057482257396259e+03
6.631871889269072199e+03
5.979609560288388820e+03
6.399604000847977659e+03
6.749854415957278434e+03
6.319059014149910581e+03
6.543579874571677465e+03
6.221275424922403545e+03
6.149460276784853704e+03
5.813402148543777912e+03
6.096248398049285242e+03
6.097251227068800290e+03
5.228450259614765855e+03
6.224049641203592728e+03
7.104884492933409092e+03
5.602486226153961979e+03
6.102527047194492297e+03
6.722625550162106265e+03
6.583399620774675896e+03
6.821233653464219060e+03
6.937496227881132654e+03
5.528786704612830363e+03
6.281738950796801873e+03
6.972976151282619867e+03
6.504054546801255128e+03
5.764958565018767331e+03
5.773954361356543814e+03
7.151669272107319557e+03
5.952496486981986891e+03
7.168586059605796436e+03
6.821762689017612502e+03
5.554552824173884801e+03
6.647323435286924905e+03
6.413763883398367398e+03
6.844359086917454988e+03
6.056534544129013739e+03
5.447029091123179569e+03
7.189368016889957289e+03
5.205840585327468943e+03
6.368038987218961665e+03
6.356961651609353794e+03
6.618554953460269644e+03
5.722877941807460957e+03
6.770247596881598838e+03
7.160989496115234033e+03
5.889392934445575520e+03
6.551128418027356929e+03
6.207430627781630392e+03
5.597357003754790640e+03
6.597139799847860559e+03
4.965931543911716290e+03
7.299877574675880169e+03
6.755757314397480513e+03
6.541579299680808617e+03
6.716764926996582290e+03
6.639565292620836772e+03
6.737403738668431288e+03
5.705222433655907480e+03
6.057011135052097416e+03
6.341460253579905839e+03
6.802468520055437693e+03
5.941039711973280646e+03
6.246381377837615219e+03
5.670851428332791329e+03
7.215950107761521394e+03
5.392546640806696814e+03
6.129023018789623166e+03
6.622363885755581578e+03
6.699831062824861874e+03
6.510731086635771135e+03
4.544002711952955906e+03
6.102712106946039057e+03
5.997931665781638912e+03
6.992269512170395501e+03
7.058503471166467534e+03
5.884908913683805622e+03
6.844390503005497521e+03
6.039970881171558176e+03
6.214524488495871992e+03
6.577999742759568107e+03
6.893357925501030877e+03
6.197512016262603538e+03
6.177161759766457180e+03
6.305434223004811429e+03
6.709987958831744436e+03
6.712176868546874175e+03
7.268337432472712862e+03
6.042273671822309552e+03
6.596311927758969432e+03
5.289133412297244831e+03
6.927434203328537478e+03
5.702889684139099700e+03
6.650291867383321005e+03
6.021772199723060112e+03
5.780796279050147859e+03
7.195633208712052692e+03
5.522364448810119939e+03
7.273824516273095469e+03
6.786794886980977935e+03
5.699288028749941077e+03
6.713801590263949947e+03
6.491116262625064337e+03
6.228571569650481251e+03
7.462093141358018329e+03
5.912179065727746092e+03
5.847594196720714535e+03
5.893272823703986433e+03
5.761653404587525984e+03
6.393691579393910615e+03
6.595542227555726640e+03
6.099975067471541479e+03
6.937785558180585213e+03
6.723279803111689034e+03
6.254413007054408808e+03
6.592674847096748636e+03
6.506626576520731760e+03
7.151020721154238345e+03
5.320951242233542871e+03
6.415080798914059415e+03
5.793923862968138565e+03
6.850286458259565734e+03
4.671008326627217684e+03
6.066184537665781136e+03
6.770685103875110144e+03
6.546871620472355062e+03
7.070173111859114215e+03
5.459200483517778594e+03
7.136893598204148475e+03
6.579088445109361601e+03
6.231229948196496480e+03
4.828777352946857718e+03
7.288608143464579371e+03
5.906182700948871570e+03
6.178627648054844030e+03
6.047987398347532690e+03
5.642188337230358229e+03
7.381942632722563758e+03
5.934358446757168167e+03
6.642526418182716952e+03
6.206306663200809453e+03
6.245502499408225049e+03
5.824829511488776916e+03
6.103133359369535356e+03
5.971058675859242612e+03
5.986323215730224547e+03
6.274422993387326642e+03
6.645055159075922347e+03
6.281764331770078570e+03
5.926354283146148191e+03
7.396129941488663462e+03
7.022424770165643167e+03
6.616392924323376974e+03
5.999848996364487903e+03
6.107998966891374948e+03
6.323126839775907683e+03
6.601603786979287179e+03
6.235032140696927854e+03
7.238724586029375132e+03
7.122725887367428186e+03
6.086994348338470445e+03
5.450353364124048312e+03
6.592574753754797712e+03
6.640300052121575391e+03
6.295971038236760251e+03
7.069567409034812954e+03
6.526796119214014652e+03
6.153639945156830436e+03
7.110973061633295401e+03
6.808647624679018918e+03
5.663400557018671861e+03
5.607545749799556688e+03
5.914415341140011151e+03
5.506826934139607147e+03
6.863511815894414212e+03
7.055164576185698024e+03
5.423182167941917214e+03
6.832066381060848471e+03
5.628782878007416002e+03
6.472920900475412054e+03
5.869571741046466741e+03
5.872701511284143635e+03
5.914840642085262516e+03
6.407403706854674965e+03
5.404771525054364247e+03
6.576679106255470288e+03
6.645039896475864225e+03
6.546236046197172072e+03
6.856717004872967664e+03
6.001015683046578488e+03
6.520637773319741427e+03
5.689817978813785885e+03
6.390535466527697281e+03
7.275300410288422427e+03
5.912221997204648687e+03
6.244814082723744832e+03
6.085938672959629912e+03
6.087411647482437729e+03
6.987571326181658151e+03
6.894839655128443155e+03
6.085233656879395312e+03
5.596164515522659713e+03
6.894777288081573715e+03
6.506918572400214543e+03
5.960524082981948595e+03
5.604524553943458159e+03
5.259333065094358062e+03
7.747632875046948357e+03
4.431490602919200683e+03
6.866694572803855408e+03
6.968949689960216347e+03
7.049696658199954072e+03
7.069430280632042013e+03
5.722049538006564035e+03
6.672885021012806646e+03
7.233657227402086392e+03
5.642471216020303473e+03
5.769592433535927739e+03
6.147901848600253288e+03
6.666168873056390112e+03
5.958388958345335595e+03
6.407112230044013813e+03
5.584007420023150189e+03
5.814510636619144861e+03
5.691130482446285896e+03
5.807640411600125844e+03
7.611467962045435343e+03
6.284355700993215578e+03
7.347715793839503931e+03
6.776698407202638009e+03
5.056525827462946836e+03
7.350382118485817955e+03
5.509724727170070764e+03
6.458263200862704252e+03
6.574611344566474145e+03
6.551424183994455234e+03
5.870902484086382174e+03
7.138640055596064485e+03
5.888021521745555219e+03
6.451471963477888494e+03
6.149649967426858893e+03
6.614657353339655856e+03
5.697799864302720380e+03
5.526242769151343964e+03
6.903647542745659848e+03
6.788093959207520129e+03
6.530136422439471062e+03
7.089404421368915791e+03
5.780683785047014680e+03
6.195433794034390303e+03
6.426542366683945147e+03
6.260280268368471297e+03
6.700124259712127241e+03
