8.752708314905470615e+03
3.652097071444030917e+03
5.142502453496748785e+03
6.593502266885542667e+03
7.229549065965949922e+03
6.029519105325844066e+03
6.269909658546079299e+03
7.034259499936345492e+03
6.180464835612949173e+03
5.471528172554910270e+03
6.793376623556401682e+03
5.961780932977374505e+03
5.963424701276668202e+03
6.688414539298560157e+03
6.825220528878558980e+03
6.768597482735372978e+03
7.481223891512272530e+03
5.489273478953387894e+03
5.948875964273884165e+03
6.861070601675142825e+03
7.141112419810230676e+03
5.015696249673337661e+03
5.298174672492038553e+03
7.182560305103318569e+03
5.584758780444515651e+03
6.801337228786648666e+03
5.796547143529704954e+03
6.946334515106711478e+03
5.292178935619791446e+03
8.067748199194637891e+03
7.568130949279795459e+03
5.733880980410414850e+03
6.840357698557764706e+03
6.786218679869794869e+03
7.089036277005349802e+03
6.558045498866034904e+03
6.098310610477788941e+03
5.726516635495710943e+03
6.239295601579763570e+03
5.711633782217345470e+03
7.169546182133076400e+03
5.484330445647193301e+03
6.236009936516940797e+03
5.240986318591077179e+03
7.478911255563873056e+03
5.170900739936742866e+03
6.552006539125975905e+03
6.339984950609255066e+03
5.693157603425199341e+03
6.636446065509054279e+03
7.024303094059834621e+03
6.201562111640285366e+03
6.886155157231945850e+03
6.312380491577663634e+03
6.689921879088969945e+03
6.511454416421624046e+03
5.124018803610739269e+03
6.601579809936736638e+03
5.893020532878248559e+03
6.450815137180591591e+03
6.487238174308026828e+03
7.034888025733506765e+03
5.873090676814274048e+03
7.152751850765015661e+03
6.266052126361059891e+03
6.636441459290016610e+03
6.194824451534151194e+03
7.067599436020837857e+03
6.330788103966464405e+03
6.055496806215633114e+03
7.014782586537522548e+03
5.504968326011936369e+03
6.518627220333552941e+03
6.489037234912105305e+03
7.023853173434929886e+03
6.519219053399195218e+03
6.014911765394370377e+03
6.248134782577721126e+03
6.082994256182748359e+03
5.884841435166190422e+03
6.704306276831583091e+03
5.707034892322511951e+03
6.310286618911804908e+03
6.327700480910974875e+03
5.977392080999055906e+03
6.081717361549771340e+03
6.610285843877194566e+03
6.604608055365971268e+03
5.992805729459324539e+03
5.857924160530992594e+03
5.935700358855255217e+03
5.958920615256399287e+03
6.402656186542135401e+03
6.541298371148239312e+03
5.909883217255632189e+03
7.369571799150463448e+03
5.385738844980842259e+03
7.876824997957434789e+03
7.117146308497148311e+03
6.017196639585391495e+03
6.461713351882335701e+03
6.633731726254652131e+03
6.843566077340985430e+03
6.571686905639454380e+03
5.898096807529856051e+03
6.636513947741183983e+03
6.154126165991938251e+03
5.071373761306957022e+03
6.888957592092562663e+03
6.079533032762855328e+03
6.760934124930903636e+03
6.373080149453826380e+03
6.426568078340927968e+03
5.116916317130606330e+03
6.107619442025392345e+03
6.292013518628929887e+03
6.863812024204708905e+03
5.647228403755723775e+03
6.900375255598729382e+03
6.559370123645512649e+03
6.126200955934024023e+03
6.873207501231820061e+03
6.360825854077053009e+03
6.167579452495105215e+03
5.995620541208108989e+03
6.555842118828417370e+03
5.792031482560546465e+03
7.035102098209455107e+03
7.226159822691915906e+03
5.721977434194936905e+03
6.250666702683551193e+03
5.828935206728207959e+03
6.149214945996365714e+03
7.232515703699266851e+03
7.512739258038662229e+03
5.068194612634708392e+03
6.780976991572572842e+03
6.666757421548972161e+03
6.891670446068847014e+03
6.100213635363996218e+03
6.889305845297080850e+03
6.666959257875438198e+03
6.918805907775863488e+03
5.690552616432159084e+03
5.691445140573901881e+03
6.873119293032198584e+03
6.450630671605595126e+03
6.087415956189709505e+03
6.803836933418437184e+03
5.785552807716981988e+03
4.981713373460243020e+03
7.619287481835867766e+03
6.315383007014154828e+03
6.407106615854710071e+03
4.973718426454923247e+03
6.389051095740440360e+03
6.361927310447716991e+03
6.185461019056425357e+03
6.694681849126876841e+03
6.171044961577347749e+03
6.441311178219868452e+03
6.297886489370644995e+03
7.197877566058159573e+03
6.388977828900218810e+03
5.804393348393487940e+03
5.866458898070932264e+03
6.817569096739624911e+03
6.213169917293247636e+03
6.429465530969991050e+03
6.685264268522661041e+03
6.983183706830108349e+03
5.667496945983695696e+03
6.905812613324572339e+03
6.012118467752964534e+03
6.708663130780884785e+03
4.539625609317803537e+03
6.132564534510607700e+03
6.728035902415192140e+03
5.154214587160588053e+03
7.544043748052092269e+03
7.118326542212962522e+03
5.910473964556385909e+03
5.677731929087372919e+03
7.568910078422629340e+03
6.686748494422358817e+03
5.812360191564945126e+03
6.096041839695299132e+03
6.326124408218825010e+03
5.630545539503289547e+03
6.389621580291284772e+03
7.615402146666438057e+03
5.920394116418572594e+03
6.768989307501966323e+03
6.097397519421598190e+03
5.581775528723170282e+03
7.057399672990160980e+03
6.476455357068838566e+03
6.560845488431538797e+03
7.282198346867568034e+03
6.242740014190985676e+03
6.480261389194938602e+03
7.176999808979501722e+03
6.230459467320297335e+03
7.268573893602308999e+03
6.515090101097462139e+03
6.148462026570707167e+03
5.095078649997631146e+03
6.291447110577597414e+03
6.756184873434200199e+03
4.824077864488041087e+03
5.664900117824212430e+03
7.260629458647371393e+03
5.437360155488719101e+03
7.109907298257920957e+03
6.007299067354961153e+03
5.986405874219573889e+03
6.673770055585464434e+03
5.595002547649835833e+03
5.991374454194417012e+03
5.665062526017273740e+03
5.994596580163710314e+03
7.312762389843063829e+03
7.001921402848910475e+03
6.493691181172716824e+03
5.959146556949909609e+03
6.691257294585036107e+03
7.271620062048347791e+03
5.197116857348270059e+03
6.474746939678872877e+03
5.726720017637810088e+03
5.571534790015210092e+03
6.851047383388644448e+03
6.747327136992375927e+03
6.332740374209066431e+03
6.447980088352080202e+03
6.501100067758025034e+03
7.318190363766180781e+03
5.839716827537688005e+03
5.992819241594670530e+03
6.457284310481405555e+03
6.103656687432269791e+03
6.305571399069605832e+03
7.405134988758454710e+03
5.350119772684638519e+03
6.418184384128351667e+03
7.357156425280798430e+03
6.426591941883009895e+03
6.822479744355073308e+03
6.064894435474649072e+03
6.388985780521777997e+03
6.606860018263955681e+03
5.497754730199691039e+03
6.333802133324248643e+03
6.032322837836984945e+03
5.940839860400546968e+03
6.572332256378196689e+03
