6.641424365576951459e+03
4.990430346780785840e+03
6.532074351613032377e+03
6.551066151025957879e+03
6.136401301918556783e+03
5.967636385217460884e+03
6.680531438971491298e+03
6.577765285953703824e+03
6.766325414754923258e+03
6.207863951562987495e+03
8.015944777347557647e+03
5.300591603527508596e+03
7.165187296522703036e+03
5.281074704129159727e+03
5.281309763267214294e+03
8.008862537615840665e+03
6.601552310701604256e+03
6.421789944380803718e+03
6.175264433927595746e+03
7.138087657831521028e+03
5.349553703491222223e+03
7.818174808194643447e+03
7.446621093506638317e+03
5.103344449710324625e+03
6.431718338076621876e+03
6.332805214116780917e+03
7.118772944545764403e+03
5.641393310202207431e+03
6.919177954563892854e+03
6.439709857278105119e+03
7.226473483949738693e+03
5.716527408018748247e+03
6.949533433874746152e+03
5.957580299216078856e+03
6.343516994000916384e+03
6.715987202117009474e+03
6.551645077621059500e+03
6.889293932576961197e+03
4.748975261467819109e+03
7.376968990389544160e+03
7.049144065069348471e+03
5.854860728730533083e+03
6.557032360274154598e+03
7.028736716189728213e+03
6.024865881145723506e+03
7.438353873501971975e+03
5.551759688776237454e+03
7.731841238350375534e+03
6.795506638587118687e+03
6.543610578605746014e+03
7.003789040013849444e+03
6.363887414561591868e+03
6.611400332909996905e+03
6.965126282549969801e+03
6.432116732324396253e+03
6.109664930287402967e+03
7.544609432081448176e+03
5.383528257152547667e+03
5.887755500690333065e+03
6.496027100552872071e+03
5.945786344057994938e+03
7.131480921816738373e+03
5.788962716089235983e+03
6.140234638633907707e+03
6.340833939393815854e+03
6.018396078699426653e+03
6.588371682984443396e+03
6.490261363592255293e+03
6.839394136616125252e+03
5.996966976910176527e+03
6.915547686169875305e+03
5.902604154553528133e+03
6.727027526278518053e+03
6.628023009353582893e+03
6.188235587242319525e+03
7.249046225891809627e+03
7.014098443725595644e+03
5.809827474011988670e+03
7.048326259575704171e+03
6.248651356393880633e+03
7.480434715761973166e+03
5.967585825223433858e+03
6.403876956599562618e+03
6.197601630677490903e+03
6.839251969500391169e+03
6.493711773611251374e+03
6.477550065626435753e+03
6.804343105297455622e+03
6.991668039542377301e+03
6.442284469264645850e+03
6.820699444436741942e+03
6.046097952995454762e+03
6.056265957839812472e+03
5.862455135352868638e+03
6.446532448299327370e+03
6.204994458789937198e+03
6.151817546771018897e+03
7.104783131666638837e+03
6.834292958261875356e+03
6.049335079305565159e+03
7.264956055015994025e+03
5.972940511690164385e+03
5.160474998902758671e+03
7.635704692499841258e+03
6.583233744179646237e+03
6.564811760475586198e+03
5.962814089257005435e+03
7.495987662097339125e+03
6.724865367414515276e+03
6.110111770345882178e+03
7.036520097990352042e+03
5.736551144679812751e+03
6.251087118531988381e+03
6.132546340576933289e+03
6.414165956407274280e+03
6.882686539204246401e+03
5.645962147536769407e+03
7.325426590026066151e+03
6.771561101115647034e+03
6.160867377271764781e+03
7.012923561598794549e+03
5.788038003987083357e+03
5.827325227256736980e+03
6.907598930384177038e+03
6.878653114526674472e+03
5.962505307896934937e+03
8.249990461490606322e+03
5.135373138728092272e+03
6.851484768463982618e+03
6.584489293095863104e+03
5.765243065898101122e+03
6.670127205763680649e+03
5.523495133027146949e+03
6.414231578756687668e+03
6.979931929946971650e+03
6.435895789676037566e+03
5.555598030514129277e+03
7.919938249525374886e+03
6.039338913404734740e+03
6.225052340024943078e+03
6.031407400008513832e+03
6.686642982453287914e+03
7.225055751154854988e+03
5.882889437670416555e+03
6.649682362538300367e+03
6.585239702110409780e+03
7.097282087232573758e+03
6.031141356184743017e+03
6.904533136114572699e+03
5.998923299079911885e+03
7.197732094302128644e+03
5.950244821186563968e+03
6.347085095762320634e+03
6.897347072074733660e+03
6.869510352916029660e+03
6.544805404265637662e+03
7.163451307241590257e+03
5.922601260834614550e+03
5.569674997145430098e+03
7.380161076379566111e+03
7.109127435572254399e+03
6.196907273766069011e+03
6.067421497434808771e+03
7.138686133513601817e+03
6.482645124653304265e+03
6.957866057974033538e+03
7.662608235408840301e+03
5.681781745124052577e+03
7.035388877692089409e+03
5.889139316571947347e+03
5.682811092667789126e+03
7.117485413891313328e+03
7.361470130127550874e+03
5.652364020720400731e+03
5.942896537745347814e+03
6.765279687477414882e+03
5.423555546266862621e+03
7.070269322653397467e+03
7.232494335149537619e+03
6.083443007487016075e+03
6.191851241796464819e+03
6.756530254853906627e+03
6.463271343244698073e+03
6.847417949795605637e+03
6.649890376844053208e+03
5.933902804311662294e+03
6.828482356999134936e+03
5.949764940000145543e+03
6.931997944670359175e+03
6.180143511733444939e+03
6.115088345020575616e+03
6.658394018762833184e+03
6.972915351041976464e+03
6.365888718996640819e+03
6.289869295591290211e+03
7.152693928782854528e+03
7.868597974871223414e+03
4.882296767154879490e+03
5.363657023936303631e+03
7.281326041788635848e+03
6.257760063770328998e+03
6.170847824521875737e+03
7.481461067991670461e+03
5.845391554209536480e+03
6.113724861834220064e+03
6.635950945308668452e+03
6.988491874634477426e+03
5.794298417052680634e+03
7.181638659427408129e+03
5.978623195018797560e+03
6.886276618078964020e+03
6.273928003853517112e+03
6.050892130473271209e+03
6.897296252590393124e+03
6.603062926842930210e+03
6.459151982198269252e+03
6.479696284166428086e+03
6.705083939859058773e+03
5.990612629361281506e+03
6.355597923920376161e+03
5.524403333543766166e+03
7.391907744885395005e+03
5.219688596718529880e+03
8.053436865504925663e+03
6.580163431432560174e+03
6.040595381277100387e+03
6.314085486317409050e+03
6.553249940317338769e+03
7.307899141987451003e+03
5.921059133976506018e+03
5.977822416029736814e+03
7.196422516202394945e+03
7.330544120176913566e+03
5.931107495778539487e+03
6.566494473512448167e+03
6.456116691339300814e+03
5.998868084487646229e+03
6.886187782811757643e+03
5.941785026494131671e+03
6.399269074003019341e+03
7.987919076104634769e+03
5.331822166125140939e+03
5.899715922451235201e+03
7.292170897682900431e+03
6.054218903757264343e+03
6.632123085975124013e+03
6.740502869979522075e+03
6.069574694624769108e+03
5.140136641092749414e+03
7.885589514201146812e+03
6.360698222321141657e+03
6.184170015165851510e+03
6.856822336533973612e+03
6.065477240773039739e+03
7.128820886817883547e+03
6.389955915228363665e+03
