7.353531140844658694e+03
4.495201016437813450e+03
6.375320560337006100e+03
6.411688284862280852e+03
6.306201984052981061e+03
6.432238545922159574e+03
5.877129133466294661e+03
6.871809188152677962e+03
5.882686430341091182e+03
6.621599653649543143e+03
7.069013626661713715e+03
5.287549664138681692e+03
7.142208299355637791e+03
6.567654829229890311e+03
6.132682067157823440e+03
6.756576987065848698e+03
5.344647902870838152e+03
7.379723350101558026e+03
7.791432551375293770e+03
5.470028434016739993e+03
5.530918038252504630e+03
6.825168700281684323e+03
7.255202620724380722e+03
5.740791079716855165e+03
7.486933619588386136e+03
5.417999033526841231e+03
5.835484634308780187e+03
6.996690493467282067e+03
5.806963854484127296e+03
6.683301673453399417e+03
5.143826878187008333e+03
6.718941003848671244e+03
7.103483820508979989e+03
6.006749388877759884e+03
6.290776746447054393e+03
6.297229068943610400e+03
6.751876726290861370e+03
5.971967637223136990e+03
6.698597692353218918e+03
5.625059972100192681e+03
6.789824073580642107e+03
5.815519170585311258e+03
5.541785573889334955e+03
6.907998647283586251e+03
5.238091881585316514e+03
7.317726675065600830e+03
5.981478384773411562e+03
6.144623464304266236e+03
6.870526779050903315e+03
6.142183555523339237e+03
6.237576913106209759e+03
6.282892375115892719e+03
5.598073933141069574e+03
7.176134255671556275e+03
6.760452419150476089e+03
6.514271451795311805e+03
6.663671033696319682e+03
6.315426226844339908e+03
6.345659690930265242e+03
7.002081793097722766e+03
5.866509316821080574e+03
6.730456353960252272e+03
5.932546917260818191e+03
6.401004029141673527e+03
7.118577610571297555e+03
5.784092840034307301e+03
4.651548888206181800e+03
6.393106100735249129e+03
6.818833602590319060e+03
6.869931103311175320e+03
6.776634401693475411e+03
6.168581569185906119e+03
6.315887717518686259e+03
5.820883045932398090e+03
4.827284206708081911e+03
6.703409998074580471e+03
7.529980342465428294e+03
5.803052794850111241e+03
6.084701718351728232e+03
6.416080049386331666e+03
5.899450180468851613e+03
7.545030234606948397e+03
5.882115276919920689e+03
7.146895994073493966e+03
6.708821919426173736e+03
5.992905896196871254e+03
6.703331414457537903e+03
6.260923213722306173e+03
6.133619662019832504e+03
6.192797711682294903e+03
7.162418326829957550e+03
5.685216391108606331e+03
6.436364727991651307e+03
6.319550460546075556e+03
7.076222313723968909e+03
5.940501883498142888e+03
5.511497614178321783e+03
6.681864216948993999e+03
6.198197602865115186e+03
6.340945040158107986e+03
6.829438439925362218e+03
6.489143205037575171e+03
6.710790504085711291e+03
6.812307394128032684e+03
6.008486623112317830e+03
6.158578137509379303e+03
6.232657190678917686e+03
6.898521456152715473e+03
6.315300786116378731e+03
6.333310118456564851e+03
6.612488447136897776e+03
6.787815361540410777e+03
6.120262417468540662e+03
6.277685898791982254e+03
6.270414167763338810e+03
6.581701301836771563e+03
6.457764954630628381e+03
6.071540726906107011e+03
5.922566860393902971e+03
6.444552326594859551e+03
6.845311192555656817e+03
6.594917821559029107e+03
6.457657873510972422e+03
7.217372798691239041e+03
6.015046543078598916e+03
5.274347631045066919e+03
5.391967394523932853e+03
6.199685292288949313e+03
6.896843871800134366e+03
5.635316856022827778e+03
6.181488282710964995e+03
5.968595291187722978e+03
6.190364949081294981e+03
5.853639468503630269e+03
5.275683147323606136e+03
6.443774330618894965e+03
6.004232727352173242e+03
6.723426499723184861e+03
5.876668370218572818e+03
6.234416428868682488e+03
7.038337516179511113e+03
5.729979473568734647e+03
6.531100123596263074e+03
5.799761670600073558e+03
5.893425598715093656e+03
7.084528260602876799e+03
7.383334800285761048e+03
6.197817188730025009e+03
6.271526472904527509e+03
7.147775618995839977e+03
6.022934212789494268e+03
7.374031117174770770e+03
6.703245635516296716e+03
6.078135997599966686e+03
6.566698253691750324e+03
5.665413474702072563e+03
7.179492370754343028e+03
5.926090085947946136e+03
6.849560867978323586e+03
6.450569102429180020e+03
5.970524231263501861e+03
7.099757612329822223e+03
6.875871818563409761e+03
7.035996272581203812e+03
5.911749166396601140e+03
6.288836061762280224e+03
5.992532390478091656e+03
6.722710606652197384e+03
6.767734316774013678e+03
6.720404066509178847e+03
5.716589110241864546e+03
7.107838095158803299e+03
7.154203284784707648e+03
5.698689463964043171e+03
5.831750186023258721e+03
6.166513435835152450e+03
6.714784906496269286e+03
6.435124163262947150e+03
6.615691994127050748e+03
7.144873985500837080e+03
4.867905384405015866e+03
6.575425785073322913e+03
5.819197628677632565e+03
5.589293846352997207e+03
7.201823908759742153e+03
5.570495846664322926e+03
5.316158113753488578e+03
7.461928255542996339e+03
6.444532535558928430e+03
5.680098039706816962e+03
5.844599101213349968e+03
6.699508280710158033e+03
6.682075685657119720e+03
6.268722562787163042e+03
6.139103387184948588e+03
6.132215303993754787e+03
6.420678311961046347e+03
6.634463646744124162e+03
7.389079227603847357e+03
5.858410847785544320e+03
6.354834706340776393e+03
5.927628258864145209e+03
6.603001257885030100e+03
5.872671186573993509e+03
6.258509959936198356e+03
6.449838752302401190e+03
6.923444770414383129e+03
6.766180381828528880e+03
6.102312834344376824e+03
6.554546505561334925e+03
6.548500060353941990e+03
6.482448492291308867e+03
6.577105364144572377e+03
5.819970935338375966e+03
5.337695169743775296e+03
6.767426730013567067e+03
6.986649156998007129e+03
6.445086010965267633e+03
7.223108781935771731e+03
6.770028068886345864e+03
5.825031374126559967e+03
4.700133755325638049e+03
6.494628405602968996e+03
6.142367303707489555e+03
6.003778558346542923e+03
5.235385204346300270e+03
5.892844060435774736e+03
5.695911711248152642e+03
6.431781881667494417e+03
6.763339639643106239e+03
6.357171606296018581e+03
6.888377365577453929e+03
6.585760425562139972e+03
6.376032342684757168e+03
6.198471131497270108e+03
6.174632082320350491e+03
6.110677830547664598e+03
7.578707726354664374e+03
6.571679046457585173e+03
6.532859890329883456e+03
6.558253920547907001e+03
6.920890715257264674e+03
8.259899453485593767e+03
5.324562899616465074e+03
6.346767496504064184e+03
6.668407707737005694e+03
6.463197926681433273e+03
6.595517492401564596e+03
4.594528597670576346e+03
7.132352350398788076e+03
6.188099452008692424e+03
4.937315816234996419e+03
6.851077706740584290e+03
5.910586332341470552e+03
5.535690658511165566e+03
7.536283088181977291e+03
