6.597063799912128161e+03
6.039107560628724968e+03
6.605840408133159144e+03
6.848081757090973042e+03
6.312942119963640835e+03
5.847126545469203847e+03
6.461015437593761817e+03
5.997835016256033668e+03
6.492673167064749578e+03
6.726521170750381316e+03
6.675607433900846445e+03
6.534004722020751615e+03
6.824687082538019240e+03
5.300870612619733947e+03
5.246685392150646294e+03
6.407816831275313234e+03
5.882285148435625160e+03
6.486416374090806130e+03
6.062770198484307912e+03
6.265655011944699254e+03
6.441377234069399492e+03
6.630178062240137479e+03
6.333377880006129999e+03
6.581066747593452419e+03
5.113467310601035933e+03
6.950213507149618636e+03
6.602766085008927803e+03
5.866509381694609147e+03
6.126532369940258832e+03
6.517405617890246504e+03
6.368874077853369272e+03
6.187818371735225810e+03
5.969217004739412005e+03
5.781804387995420257e+03
5.743980885833300817e+03
5.622773535228008768e+03
7.256575785635245666e+03
6.949979181541625621e+03
7.598805170554844153e+03
6.513241115662143784e+03
7.155292871822830421e+03
6.173402159260978806e+03
5.944968808002215155e+03
7.307862824400832324e+03
5.747499863375182031e+03
5.678664765581326719e+03
5.013465820895400611e+03
6.930047058114572792e+03
5.628618944335688866e+03
7.669348487461742479e+03
6.726321922818825442e+03
6.817254114758306969e+03
6.203723906503006219e+03
6.667461722960997577e+03
6.045185713547611158e+03
6.221022234278258111e+03
5.371061437556826604e+03
6.128466108845681447e+03
6.746987823208730333e+03
5.618717322052887539e+03
6.387756851852141153e+03
6.809968536925378430e+03
7.101935118887186036e+03
5.823397845048883937e+03
6.238859334846520142e+03
6.334447709884518190e+03
6.394046995497439639e+03
7.220140635993894648e+03
5.923704085230348937e+03
6.115093828667613707e+03
7.701107649374224820e+03
5.329940640464183161e+03
7.002306023485515652e+03
5.516944604715190508e+03
5.576083706132475527e+03
6.742002794141391860e+03
6.089225841400819263e+03
6.294755317039151123e+03
6.459585647714699007e+03
6.552539121533273828e+03
5.934178047385832542e+03
6.202528145294081696e+03
6.517909595710418216e+03
5.499821200326434337e+03
6.883170147493824516e+03
6.387390754994921735e+03
5.778732699882250017e+03
7.245047401233399796e+03
7.173227775596245920e+03
6.170723328063056215e+03
6.604353248455719040e+03
6.396746238787965922e+03
6.805135806445385242e+03
5.568545897143188085e+03
5.347152308708551573e+03
6.631073109504204695e+03
6.162762848555341407e+03
7.226019729777594875e+03
6.448790907309149588e+03
6.418539620944808121e+03
6.923959213030389037e+03
6.948850449015772028e+03
7.192154467983235918e+03
5.588790716136423725e+03
6.688421474241703436e+03
5.889205849452153416e+03
6.009034019818297566e+03
6.210874327809175156e+03
5.347339579298382887e+03
5.689399484598445270e+03
6.129321705092945194e+03
5.406765647329677449e+03
6.246990643162827837e+03
7.039320280242996887e+03
6.575939710472258412e+03
6.410213453752308851e+03
8.144699703212761960e+03
5.450570805891145937e+03
6.209889480242542049e+03
7.669471515731496766e+03
5.592870885024574818e+03
6.367913077506523223e+03
6.746738435208490046e+03
5.645193196674910723e+03
5.892987126392377832e+03
6.117276058070530780e+03
6.453531158969179160e+03
6.342843997036210567e+03
5.540671152836393958e+03
6.467413213277353861e+03
6.049630411813681349e+03
5.608916705794584232e+03
5.581378204279477359e+03
7.064712121959567412e+03
6.284699448131907957e+03
7.244764601741181650e+03
7.181727856241104746e+03
6.759658485539214780e+03
6.944527095920354441e+03
6.373205814716686291e+03
7.713395296205775594e+03
5.092867978825510363e+03
5.882098505813191878e+03
7.021824215636503141e+03
6.720506931219248145e+03
4.654674798609321442e+03
4.845501122225718063e+03
5.899642112724644903e+03
6.204352162066079472e+03
6.755346285894974244e+03
6.513618533927018689e+03
6.487053647011382054e+03
7.533928100063074453e+03
6.642977995216657291e+03
6.618304758569416663e+03
7.579751061163280610e+03
5.573418092460528896e+03
5.877110256244148331e+03
5.576820447998910822e+03
7.073428595715708070e+03
6.070093743782419551e+03
7.874174906533432477e+03
7.279910401423125222e+03
5.501424197246378753e+03
6.519429348932107132e+03
6.578603740667245802e+03
6.404147004197969181e+03
6.352165060646289021e+03
5.539199039472454388e+03
7.396483801824046168e+03
7.647658311040086119e+03
5.889951024966565456e+03
5.649015190969847026e+03
6.035649300050676175e+03
6.190583053906702844e+03
5.776474993312167499e+03
6.173415627422205944e+03
5.531473429669473262e+03
6.782131979101333854e+03
5.158901140601254156e+03
6.722580015821256893e+03
6.340357364397683341e+03
6.323769500379718011e+03
6.869451450688509794e+03
6.132448862726099833e+03
6.587728358827547709e+03
7.020544965135514758e+03
6.162366904494050686e+03
6.240062328492941560e+03
6.344583900520031420e+03
6.230208931698258311e+03
6.034100307217688169e+03
6.304385002840932430e+03
6.492205249136428392e+03
7.165717838360495989e+03
5.658527801400004137e+03
6.659400460101990575e+03
6.047609534486869052e+03
5.135113700611412241e+03
7.103926994122102769e+03
6.783202758175948475e+03
7.000927424420201532e+03
6.270554833096322909e+03
6.436438870778560158e+03
6.631846379245233948e+03
6.405567136211835532e+03
5.217916795243415436e+03
6.638853196879608731e+03
7.061889471471182333e+03
4.851591263488664481e+03
6.839877525670122850e+03
5.177785025077486353e+03
6.165635778668579405e+03
6.158906460621701626e+03
4.928436377029102005e+03
7.364767532731424581e+03
6.184705027493959278e+03
7.313911799487300414e+03
6.635695817361003719e+03
6.111199968899347368e+03
5.605793334777588825e+03
7.620994604542372144e+03
7.748286699128654618e+03
5.038518576664841021e+03
6.960308486039188210e+03
6.427377490782010682e+03
6.779126875371126516e+03
5.545962143267048305e+03
6.653750812780328488e+03
6.378958288796744455e+03
5.250927768043942706e+03
6.804153534888929244e+03
7.085193216926377318e+03
5.429722505242798434e+03
6.205201032544986447e+03
6.808883071597431808e+03
6.827978077072884844e+03
5.123065772121139162e+03
6.582581642602835018e+03
6.571258247138371189e+03
6.349703004177325056e+03
6.947677261046087551e+03
6.803804167795561625e+03
6.620254004391092167e+03
5.362117882065955200e+03
5.501094619670255270e+03
5.626742205188291337e+03
6.582378347131672854e+03
6.136556521746697399e+03
6.735380758387309470e+03
6.208204301713043606e+03
6.192225509823891116e+03
5.992340257828839640e+03
6.682570558549379712e+03
7.883535303368036693e+03
6.188631761800122149e+03
