6.148449929904220880e+03
6.743903261320526326e+03
5.960153731857258208e+03
6.988039200120566420e+03
6.362639149716222164e+03
6.887987793905125727e+03
7.277966736053798741e+03
6.145692340469413466e+03
6.309136612010050158e+03
6.047695863506964088e+03
7.747230170428942074e+03
5.657997628587692816e+03
5.934121432020989232e+03
6.084712917666831345e+03
7.138104151828821159e+03
5.362370599113672142e+03
6.548671306587430081e+03
7.596440102166959150e+03
6.493265403555556986e+03
7.272228791092259598e+03
7.022006287297904237e+03
5.424999798010871018e+03
6.394772551523889888e+03
6.543126375756979542e+03
5.782934128341140422e+03
5.612435707460921549e+03
4.758619873977753741e+03
7.331393617190260557e+03
6.795407673195472853e+03
6.235301186302925998e+03
6.652433279808525185e+03
6.332082874229902700e+03
6.920507716341246123e+03
5.790296544670677577e+03
7.505955841892675380e+03
5.906610895234558484e+03
7.027898711905502751e+03
6.316705304994162361e+03
6.379067879734384405e+03
7.238118692884174379e+03
7.384030701571495229e+03
5.919474717991546640e+03
5.644857634474255974e+03
6.362734007774378370e+03
6.567867965965562689e+03
6.350856960924193118e+03
6.090690302544781844e+03
6.776600232455353762e+03
5.645671629220348223e+03
7.023865783305998775e+03
5.867393841807163881e+03
6.893509374561568620e+03
7.180958851696742386e+03
5.243673303184325050e+03
6.852631543408869220e+03
6.818919982062040617e+03
7.385832316872298179e+03
5.795565878856532436e+03
6.278377538462431403e+03
6.175569692162258434e+03
6.492782924091705354e+03
6.333343302227865024e+03
6.045285524913517293e+03
6.133548569318510999e+03
6.447243221507755152e+03
6.242442227030541289e+03
5.907366977695777678e+03
7.274486320968567270e+03
6.854953416175017082e+03
6.343314324413921895e+03
6.000840290927364549e+03
7.152856814324349216e+03
7.218872630478499559e+03
5.964466506895454586e+03
6.357052322929754155e+03
6.783162249139732012e+03
6.256697034094368973e+03
6.221787614453905917e+03
6.869794788641859668e+03
6.291900824488657236e+03
6.362200021540816124e+03
6.215526712930186477e+03
5.730169719602015903e+03
6.696124194875708781e+03
5.496846981226497519e+03
6.571849079449964847e+03
5.049220560507992559e+03
7.010234872065757372e+03
7.281502831866650922e+03
6.144012642446398786e+03
7.604834208660447075e+03
5.746423537856262556e+03
6.896924690218212163e+03
6.700912419044958369e+03
6.901953254119503072e+03
5.737216070698139447e+03
6.385757793101003699e+03
5.781538710087925210e+03
7.590011370968059964e+03
5.730920291898297364e+03
6.313472799199278597e+03
6.891823291459416396e+03
6.354214219582597252e+03
6.873853194553695175e+03
7.314600623512897982e+03
6.049314884870342212e+03
6.596519666693731779e+03
6.678227887180541074e+03
6.056324094591622270e+03
5.558531238723672686e+03
6.518314990717072760e+03
5.888603631317605505e+03
5.681298090303198478e+03
6.441922072872250283e+03
6.562101887113758494e+03
6.499423952427880067e+03
6.640616068138509036e+03
6.103620947567796975e+03
5.488457730925047144e+03
6.662434691014273085e+03
5.303053793820523424e+03
7.606211559262342234e+03
6.868092600989116363e+03
6.562022712945497915e+03
7.089385215331451946e+03
6.853041612633573095e+03
6.695236521883973182e+03
6.272575392805341835e+03
6.531381331539229905e+03
6.257672094684285184e+03
6.096312040005717790e+03
6.185864728441916668e+03
6.090758658184591695e+03
6.412322824416633921e+03
5.560863458994762368e+03
7.631011437774652222e+03
5.998591914190452371e+03
6.785212915966096261e+03
7.131855567865664852e+03
6.398357187778741718e+03
6.381753038655937416e+03
7.036435083184236646e+03
6.831924327981377246e+03
6.582985000771362138e+03
4.970042815065734430e+03
6.622685410424387555e+03
5.041670619993219589e+03
6.864434485520528142e+03
6.838303572318154693e+03
6.589359534734904628e+03
6.284645326392073912e+03
6.651701210969666135e+03
6.681395440617583517e+03
6.665711848947504222e+03
7.385597280938986842e+03
6.588215932826409698e+03
5.331383654384728288e+03
7.008291324418139084e+03
6.854634468226230638e+03
5.815282955100066829e+03
6.911548674755043976e+03
5.891418376797075325e+03
7.147955842014532209e+03
5.857292598575611919e+03
6.535968156078701213e+03
6.530009464560069318e+03
6.786965044359942112e+03
6.424224243220594872e+03
7.758255588559886746e+03
5.632168840184371220e+03
7.500573320493067513e+03
5.182224922973946377e+03
7.055884686632170087e+03
6.094779582012650280e+03
5.725713259131318409e+03
6.852199215728597665e+03
6.841775233645571461e+03
6.028567100157695677e+03
6.845866281823155987e+03
6.141118398378306665e+03
6.343350577099055954e+03
5.757754488048713029e+03
5.385364279385631562e+03
6.905985015125082100e+03
6.653844598780479828e+03
6.527558367666982122e+03
6.120886769535078201e+03
6.266271952141379188e+03
5.926626119371159803e+03
7.703551435683762975e+03
6.273581911354363911e+03
6.691765521972241913e+03
6.347535713864420359e+03
7.396259607081008653e+03
7.255545894157112343e+03
5.836505469480410284e+03
5.929484033402531168e+03
6.823203340799735997e+03
6.014532396574156337e+03
6.958062240770628705e+03
6.475923620918296365e+03
6.164701933288613873e+03
5.964378148512965709e+03
6.334432903243414330e+03
6.914854310251537754e+03
5.822908066378387048e+03
6.765658267573957346e+03
5.544749034950131318e+03
6.134606107866785351e+03
6.521593811454397837e+03
5.486189930980960526e+03
6.907997185407543839e+03
6.948303060853349052e+03
5.629545795687332429e+03
5.716431641482642590e+03
7.327630505323816578e+03
7.296286143954795989e+03
6.166748537565861625e+03
6.417095788473465291e+03
6.720474842355594774e+03
6.275950560435328953e+03
6.533670542185855993e+03
6.856492178805013282e+03
6.660753239177421165e+03
6.824748251571617402e+03
6.855804173405524125e+03
6.953864284276147373e+03
6.385251987188605199e+03
7.420719176807992881e+03
5.768387722420451610e+03
6.494177001497060701e+03
6.310268558259912425e+03
5.970831957695530036e+03
6.351107441034853764e+03
5.875756681764472887e+03
6.057044012517262672e+03
7.399461219161979898e+03
6.184963747507114022e+03
6.632343317472252238e+03
6.513821126679623376e+03
7.589157045499229753e+03
4.808901907073873190e+03
6.243953847530257917e+03
5.275872993769577988e+03
7.043657614343727801e+03
5.854544501513983960e+03
6.522209918989750804e+03
6.880784072776787070e+03
6.104658269078301601e+03
7.462243802736176804e+03
7.067355242790439661e+03
5.802413173583689968e+03
6.712773726911086669e+03
5.371309266661728543e+03
7.182026339958351855e+03
5.761333985290084456e+03
