9.631510276061626428e+03
2.908910177472488158e+03
6.695777989220101517e+03
6.499863833266842448e+03
6.472610857772137024e+03
7.293457046364597772e+03
6.499120274188403528e+03
6.792576870412589415e+03
6.622367307570453704e+03
6.137228460185129734e+03
6.755416731766365046e+03
6.074556562232126453e+03
6.316705329758089647e+03
6.932961787218724567e+03
6.556873688167354885e+03
6.043782770423002148e+03
6.475935006890418663e+03
6.517637953505968653e+03
7.111757738963345219e+03
5.869789459919646106e+03
5.500150584745353626e+03
6.953449970823490730e+03
6.390480643926133780e+03
6.644322441571678610e+03
5.395489251135286395e+03
7.141605674799851840e+03
7.155390729053518953e+03
6.420244619488298667e+03
5.542130068921889688e+03
7.585031738174100610e+03
7.227036044709632733e+03
6.172468385156187651e+03
6.558563078174670409e+03
6.339049185507984475e+03
5.612922903072332701e+03
7.832627015316615143e+03
6.940457851246889732e+03
6.367794719022456775e+03
6.216599327140567766e+03
6.727142734602905875e+03
6.791904310981414710e+03
5.980586573524450614e+03
7.234987943906568034e+03
5.486362396401196747e+03
6.506799611744975664e+03
6.292365953337335668e+03
7.339636005174050297e+03
5.612857675032191764e+03
6.744789560872016409e+03
6.598945441121744807e+03
5.333553593763403114e+03
7.000451827265568681e+03
6.367242822795320535e+03
7.273260673779276658e+03
5.631202886766041047e+03
7.415765849900102694e+03
6.338133019133477319e+03
6.367935326651019750e+03
6.710437321383553353e+03
6.645882958893747855e+03
6.114714329986915800e+03
6.793991376020991993e+03
6.597332819427102550e+03
5.853869910382165472e+03
6.540631829313954768e+03
6.221510464081653481e+03
5.528528073518993551e+03
7.941116310194634025e+03
6.188847842258148376e+03
6.643298242476024825e+03
6.700162604004225614e+03
6.222170903471156635e+03
6.731045542250139079e+03
6.404184579692282568e+03
7.040278538380330247e+03
6.417312206433393840e+03
6.234863491880363654e+03
6.461912938565516924e+03
6.761473769115302275e+03
6.196847887161877225e+03
5.409638832683551300e+03
7.615646618802506964e+03
7.056078944489072455e+03
6.544910186165413506e+03
5.471581295746507749e+03
7.047245620815901020e+03
6.987955692806664047e+03
5.985401565726067929e+03
6.417752460807434545e+03
4.795453039824536063e+03
7.713238938344206872e+03
5.333835094099797061e+03
5.943388053870927251e+03
6.974024510540772098e+03
7.272584814607871522e+03
6.280326798329261692e+03
5.715603706871439499e+03
7.551008099014275103e+03
5.679590699804567521e+03
6.417492588412087571e+03
7.179667948509205416e+03
6.302555175319432237e+03
6.247842822596085171e+03
7.345344199649240181e+03
6.213252771428804408e+03
7.156924885567156707e+03
6.229749664495614525e+03
6.188241229176021079e+03
7.361586940465816042e+03
5.690089006627793424e+03
6.006210913323791829e+03
7.040657370424313740e+03
6.458892365025161780e+03
7.262785499528605214e+03
5.900439133926713112e+03
6.733405267160823314e+03
6.482748274360837968e+03
6.499341799243089554e+03
5.941275064056206247e+03
6.023490944146344191e+03
6.871557535751607247e+03
6.491080208457005938e+03
7.054391385127912145e+03
6.266026064250852869e+03
6.747126952490089025e+03
6.499967774918057330e+03
5.934203932816331871e+03
6.814963264596744921e+03
7.670992758425684769e+03
5.195650122812902737e+03
7.312599842594576330e+03
5.817225213153762525e+03
6.219409738788929644e+03
6.872507877969319452e+03
6.504720496018393533e+03
6.160869722666982852e+03
6.309974848307005232e+03
7.052955037135131533e+03
6.617881149564690531e+03
6.972369249437600956e+03
6.306380034973572037e+03
5.719782788215514302e+03
6.664742871174285028e+03
6.414227783604885190e+03
7.082347589890482595e+03
5.991973850183992909e+03
6.805019494393514833e+03
6.497507610576471961e+03
5.915941870783839477e+03
6.457078909608193499e+03
6.595648359806948974e+03
6.297600654915611813e+03
6.811779833082627192e+03
6.014063385078938154e+03
6.064816398370942807e+03
6.155203726233944508e+03
5.910502409325499684e+03
8.082853636985890262e+03
6.728761463954634564e+03
6.808434903491234763e+03
8.019536829090084211e+03
5.253681339503023992e+03
6.238550384250652314e+03
5.791878655052982140e+03
7.640062235642360065e+03
5.521864608324442088e+03
5.970784603463279382e+03
7.303924303647661873e+03
6.389078711414780628e+03
6.534046227789910517e+03
5.788963744374258567e+03
6.535834203710171096e+03
6.380295422503117152e+03
7.064820032852092481e+03
6.481640596284782077e+03
7.180464052659292065e+03
7.188210565239770403e+03
6.178535467858357151e+03
6.542232904291407976e+03
6.087880529333726372e+03
6.043759514379828033e+03
6.618257844747998206e+03
6.002324576559378329e+03
6.730782115178913045e+03
6.795441640114095208e+03
6.871481127861718051e+03
5.789613366389981820e+03
7.381436775572165971e+03
5.422036789954132473e+03
6.702702270990116631e+03
5.782431035292479464e+03
7.313973009564470885e+03
6.346935801827130490e+03
6.162579985593703896e+03
6.288642094808789807e+03
6.647733359502793064e+03
7.167407270963512929e+03
6.182531319162821092e+03
6.701738882154018029e+03
6.786258573471328418e+03
5.755869865987148842e+03
6.809625285349622573e+03
5.804560752517048968e+03
7.338430717053041917e+03
7.001341087747752681e+03
5.907907879796416637e+03
6.050885260528740218e+03
6.518835976953576392e+03
6.270593089363620493e+03
6.183441733909485265e+03
7.473741877977852710e+03
5.951475353151687159e+03
6.939050914579573146e+03
6.077702115641095588e+03
7.553727373305773654e+03
5.946387866694936747e+03
6.489887002966774162e+03
6.805066662880235526e+03
5.343421257921305369e+03
7.214732181819385005e+03
6.559623914671031343e+03
5.926921770618822848e+03
5.935786742623780810e+03
7.177614942272361986e+03
6.327606894627688234e+03
6.353889301195651569e+03
6.335183094201718632e+03
6.652805265386107749e+03
6.929318025567272343e+03
6.539097286743814948e+03
7.115885260407579153e+03
6.364072793529632690e+03
6.199695573455943304e+03
6.500225131609242453e+03
5.963206770662931376e+03
6.939890284032017007e+03
5.923344751988947792e+03
6.978235872464300883e+03
5.908287199459723524e+03
7.312312563504646278e+03
7.138030198212698451e+03
5.812705602556694430e+03
6.527363007871655100e+03
6.129955559352094497e+03
6.695922781506131287e+03
6.452677217771605683e+03
6.253029420807577480e+03
6.755485405344154060e+03
5.687497389835230933e+03
7.485519029688180126e+03
5.966453725308257162e+03
6.478856418487560404e+03
6.970643662785445485e+03
5.956940458687309729e+03
6.363440764095742452e+03
6.910885691236132516e+03
