7.118610060427426106e+03
5.751504849161101447e+03
6.830652061285872151e+03
5.888914145213535448e+03
5.639880405769928984e+03
5.364196188714759046e+03
5.352059558042237768e+03
5.959449556817133271e+03
6.071119715593866204e+03
6.976734945390357097e+03
7.228086913024266323e+03
7.407049253184311965e+03
6.731192533733938035e+03
6.451389541302894031e+03
6.046828260661598506e+03
5.719274750549266173e+03
5.923458813491615729e+03
5.705494261173294035e+03
6.193403811168965149e+03
5.485965983538793807e+03
6.408073823924425596e+03
6.819558304977627813e+03
6.067812800975805658e+03
7.347471621480240174e+03
6.963988855135395170e+03
6.263204629842098257e+03
6.723612483456837253e+03
6.197527926250968449e+03
6.196034726974187834e+03
6.374843719494580000e+03
5.796704814107511083e+03
6.860461904698727267e+03
7.600905734316323105e+03
6.297616504079098377e+03
6.158826913925688132e+03
5.728693081349880231e+03
5.617389838837941170e+03
5.720874150471182475e+03
6.401836769858271509e+03
5.753799925015961890e+03
6.168122911264458708e+03
7.128253047756715205e+03
5.597707089998291849e+03
6.116890230159937346e+03
6.367488869775406783e+03
6.261015943567770591e+03
6.100915192553664383e+03
6.681042285671579521e+03
7.193351890411782733e+03
5.816876809888241951e+03
6.223583225008980662e+03
5.824366438523071338e+03
6.530926317767111868e+03
6.313744646870653014e+03
5.929103595769018284e+03
6.175075601584572723e+03
6.149332279237669354e+03
6.655981350939137883e+03
6.567967991048665681e+03
5.387166780101555560e+03
6.779771712652549468e+03
6.849778205982851432e+03
6.717268540950852184e+03
6.409481748245222661e+03
5.591962581625659368e+03
7.230898390684775222e+03
6.687850298890934027e+03
6.217330968849717465e+03
5.462425998536580664e+03
5.627982057048675415e+03
6.926188019779294336e+03
6.146191661778455455e+03
5.249312429541261736e+03
7.013186437735739673e+03
5.991043452861582409e+03
6.210851087977392126e+03
6.329896511360382647e+03
7.543699652730419075e+03
6.987826426567932685e+03
6.437204139543093333e+03
5.995674001311912434e+03
6.366168695431842934e+03
6.136241573758947197e+03
5.508419481896300567e+03
6.186794230108376723e+03
5.889522534543584698e+03
6.002447292698053388e+03
6.720992684344631016e+03
5.330020607391104932e+03
6.785173008698196099e+03
6.471247816336451251e+03
7.393457641872430031e+03
5.735409893521874437e+03
5.672110876367494711e+03
5.710895838769369220e+03
6.644631265023895139e+03
5.867175978865827346e+03
5.730745878837295095e+03
5.561924250428677624e+03
4.868289353668278636e+03
7.033032302868081388e+03
6.270791364236247318e+03
7.174548408131276119e+03
5.724970428882528722e+03
7.001754028598425066e+03
6.494261372457198377e+03
6.801445860104454368e+03
6.917675565872194056e+03
6.314996340729414442e+03
6.202194114635591177e+03
5.964339691413936634e+03
5.837219781435007462e+03
5.973798829791414391e+03
7.012099860498356065e+03
6.777835079750778277e+03
6.637851090000404838e+03
6.654668562182754613e+03
6.993669816291874668e+03
7.129919438857259593e+03
6.327672122105953349e+03
6.675777922732038860e+03
6.355635398788237580e+03
5.244646166646465645e+03
6.910634098304004510e+03
5.599537814952449480e+03
5.294500313002532494e+03
5.538707803237114604e+03
6.194984443341504630e+03
5.929280188835635272e+03
6.951986074176735201e+03
7.580854915006379088e+03
6.868359645916600130e+03
5.498404343581018111e+03
6.985619352085034734e+03
5.356219270579342265e+03
6.649802149475719489e+03
5.724183978370479963e+03
6.020413909121743927e+03
7.454911896460087519e+03
5.268338146374148891e+03
5.858745616115331359e+03
5.464272991733289928e+03
6.068368397305424878e+03
5.659459644544969706e+03
6.960314954802623106e+03
5.539573650412410643e+03
5.620027204856649405e+03
6.655074591060024431e+03
5.960713031840123222e+03
7.358403985455257498e+03
6.225645025769332278e+03
7.572312974612969811e+03
5.948321202931891094e+03
6.002274250675209259e+03
5.849820276396829286e+03
5.461558812874630348e+03
6.047420247693531564e+03
6.730896591546044874e+03
6.453135527274296692e+03
6.809472249375752654e+03
5.608339302864496858e+03
5.523124161543453738e+03
5.181124697881205066e+03
5.251506712182825140e+03
6.418808249487630746e+03
7.121816353263556266e+03
6.053230989825734468e+03
7.135500438581433627e+03
7.575769913113520488e+03
6.887266494957990290e+03
7.338153540467445964e+03
5.467198600816287581e+03
6.232079095687487097e+03
6.273856295082949146e+03
5.880416663619578685e+03
6.516964786474803077e+03
6.862554243106408649e+03
5.921773473203772483e+03
5.815977285318603208e+03
6.423541804441377280e+03
6.409538042813135689e+03
7.086403158650523437e+03
5.235525726583229698e+03
7.139367202062562683e+03
5.743957050260444703e+03
6.026807850852110278e+03
6.038800641550400542e+03
6.049195687386352802e+03
6.013875047377590818e+03
7.090108446811558679e+03
6.245406206038236633e+03
7.092775605373845792e+03
4.832316226392735189e+03
5.816025069540186450e+03
6.411499106182982359e+03
5.921393492074941605e+03
6.296097900229238803e+03
5.696145854431414591e+03
6.125639497638071589e+03
5.965085337739863462e+03
5.831768048317679131e+03
6.789707809041408836e+03
6.058569123617577134e+03
6.624362958691057429e+03
8.052175682982285252e+03
5.470828813273692504e+03
7.604566465085147684e+03
6.607720821297656585e+03
5.183675233131681125e+03
5.601991970350571137e+03
5.941177525644667185e+03
5.861523859774022640e+03
7.235369790961675790e+03
6.124684575669127298e+03
6.510520953529041435e+03
6.012147328865125019e+03
6.872843949795219487e+03
6.618085541478470986e+03
7.245489750834938604e+03
7.200640081859043676e+03
6.338320778076953502e+03
5.566756204353810062e+03
6.218977220431051137e+03
6.908043378364915952e+03
5.988205539558397504e+03
7.247686943396149218e+03
6.411009121764818701e+03
7.092898809645646907e+03
6.554108014046744756e+03
5.682947316670866712e+03
6.453129094877402167e+03
6.400288506856746608e+03
5.738812268504980239e+03
5.590748655818189945e+03
5.028315326702948369e+03
5.917924266147480012e+03
6.117312463059316542e+03
7.173402491472501424e+03
7.409606346737665262e+03
6.464774622137270853e+03
5.957964335410217245e+03
6.420482182244825708e+03
6.427673342520820370e+03
5.430157809216868372e+03
6.671810463188983704e+03
7.074684651393938111e+03
6.319134710216778331e+03
6.441498872249504529e+03
6.390678895311020824e+03
5.094261963113680395e+03
5.732431883890989411e+03
5.586535583832891461e+03
5.991548620858572576e+03
6.617474052629536345e+03
6.139665827946266290e+03
6.934774147700632966e+03
