7.373669995848405051e+03
5.716454517801139446e+03
5.791283572458969502e+03
6.879217475826853843e+03
6.934879983678913959e+03
6.030312170276083634e+03
6.457092699864348106e+03
6.841911488260740953e+03
6.374447060854910887e+03
5.821135062669397485e+03
6.976255986996890897e+03
6.168056822613212717e+03
6.318970858468272127e+03
6.698790633323619659e+03
5.999691724658876410e+03
6.347002998130798005e+03
6.373942873688625696e+03
6.603245039887487110e+03
7.406895130787738708e+03
5.068801461631843267e+03
7.355443316813542879e+03
6.348892436795315007e+03
6.741229495815306109e+03
6.682157936736904958e+03
5.549838138392298788e+03
7.107059248051147733e+03
6.417160119857107020e+03
5.965942573687298136e+03
5.500006750156693670e+03
7.176950807114067175e+03
4.548284012162452200e+03
7.417492199512201296e+03
6.536830795816230420e+03
6.455792346741522124e+03
5.878102757242396365e+03
6.118079495744495034e+03
5.271084178517174223e+03
7.534678919363019304e+03
7.567415816655135131e+03
5.889406476024737458e+03
6.825286141330932878e+03
6.174660445487770630e+03
7.178916923578171009e+03
5.125023660446360736e+03
5.425146088511597554e+03
6.509739658000748932e+03
6.475813384770955963e+03
6.467948228388819189e+03
7.133026194679826403e+03
6.716030816158205198e+03
7.714854024589506480e+03
5.863344447061013852e+03
6.207160642961289341e+03
6.849141943211424405e+03
6.542997032797303291e+03
6.042253060452623686e+03
6.163939851199746045e+03
6.324285036639241298e+03
6.621299992069582004e+03
6.065931256084737470e+03
5.728144228480696256e+03
6.248585632951014304e+03
5.583753285682629212e+03
6.426051410488224064e+03
7.215471275411548049e+03
5.373625079804736743e+03
6.564646689629740649e+03
6.787777572072642215e+03
6.812875324944824570e+03
6.717004248749286489e+03
6.734861967518022539e+03
5.920843001063271913e+03
6.373193293286223707e+03
5.406032713015961235e+03
5.338527438184103630e+03
7.070197892645326647e+03
6.387069466155999180e+03
6.514645493152422205e+03
5.807100788645017929e+03
6.031102072527347445e+03
7.320680809916938415e+03
6.645252190290172621e+03
5.857764281377627412e+03
7.098926281127025504e+03
6.670239367352535737e+03
6.691614826827723846e+03
7.267652028375687223e+03
5.449203250910023598e+03
6.551840945408735934e+03
6.045195068291411189e+03
7.017209638492201520e+03
6.564951860959231453e+03
5.334082617019722420e+03
6.256306454136149114e+03
6.782680587213912986e+03
6.030344335127283557e+03
6.204204838297440801e+03
6.649885617062043821e+03
6.233857435674713088e+03
7.057367346196018843e+03
6.957370116385205620e+03
6.487054876102563867e+03
7.199566976302140574e+03
6.780815126153376696e+03
7.267834975774070699e+03
5.123351672535955004e+03
5.873411771860207409e+03
6.580856878356597008e+03
6.310731962062571256e+03
5.892221602967068065e+03
6.023072022435349027e+03
7.016442703429687754e+03
6.530158643293207206e+03
5.792894985963513136e+03
5.729095141589979903e+03
7.073057580997708101e+03
6.606637004162148514e+03
6.308255795788518299e+03
5.794085946405881259e+03
6.155768407921264043e+03
7.297929541537129808e+03
5.229494954062515717e+03
5.975745664636182482e+03
6.809056147653698645e+03
6.351587739907705327e+03
6.158031348898590295e+03
5.241019664848165121e+03
6.753999200489099167e+03
7.071513082079907690e+03
5.445514307818646557e+03
6.183651763777974338e+03
6.632292336375419836e+03
7.405797657496636020e+03
5.362494351395582271e+03
5.780459355122093257e+03
7.095942036203705356e+03
5.797352724628714896e+03
5.876594200547020591e+03
6.701793188378273953e+03
5.902066475459829235e+03
7.101140499132086916e+03
5.946889717685281539e+03
6.642976855201197395e+03
6.088683045118737937e+03
6.488736507386875019e+03
5.724047448230153350e+03
7.184499722002981798e+03
4.847496573189131595e+03
8.044214178651854127e+03
5.135007121487527911e+03
6.834133107970083074e+03
6.827581793147141980e+03
5.163173340243816710e+03
7.058657867141358111e+03
6.328918386042916609e+03
5.740083625484052391e+03
7.741446039925585865e+03
6.310188161931928335e+03
6.665883879955169505e+03
6.744934415438168799e+03
6.180982884010945781e+03
6.158278520249976282e+03
6.216868409364002218e+03
6.731796927201770814e+03
6.574210718549724334e+03
6.459038460153368760e+03
6.237434907387421845e+03
6.728811358789122096e+03
5.764450490211158467e+03
7.096666910804610779e+03
5.371819247216551958e+03
7.611466277938898202e+03
7.446577180510918879e+03
5.056601524152619277e+03
5.140406624543226826e+03
6.273602319799369070e+03
6.372751433917079339e+03
6.935280396153403672e+03
5.381235519126284998e+03
7.344411588157970982e+03
6.330002283175319462e+03
6.453265281433298696e+03
5.935344473966661099e+03
6.324575507710644160e+03
7.347299383832536478e+03
6.524405830948276162e+03
7.141426420652364868e+03
6.992391448249491987e+03
5.510681404124716209e+03
6.579803680457345763e+03
5.438632979788108059e+03
6.610201928302503802e+03
7.757713266430859221e+03
5.645525567762700121e+03
7.148833638080595847e+03
6.260146840226194399e+03
7.087549787905374615e+03
5.895788206460983929e+03
6.635991357458696257e+03
5.821847263227177791e+03
7.203548967736958730e+03
5.932715254182739955e+03
6.480935557156240975e+03
6.552289114347330724e+03
6.755829647240624581e+03
6.344516243465330263e+03
5.891848962879333158e+03
7.134140986233495823e+03
8.030537050456215184e+03
5.514049647892976282e+03
6.780127225434461252e+03
6.202102874998796324e+03
5.389460761685968464e+03
6.401330685432434620e+03
7.048911908222609782e+03
5.476519299489289551e+03
6.332372495656176397e+03
6.423869893942726776e+03
6.320568500754148772e+03
7.266367050636692511e+03
5.613081461525362101e+03
5.722290784920356600e+03
6.937570930704595412e+03
5.038519957799704571e+03
6.014450486046274818e+03
5.889098307123409541e+03
5.770318033389532502e+03
5.724546380309813685e+03
5.777794459313960942e+03
6.946808859139890046e+03
6.273015284504821466e+03
7.343979526479562082e+03
5.568065320678610078e+03
6.829896922552406068e+03
4.980739843221468618e+03
7.208927916349301995e+03
6.574940628673251922e+03
5.901992974180317105e+03
7.024972019734775131e+03
6.611007555258129287e+03
6.611343078776111724e+03
6.754123361404173011e+03
7.989889256222369113e+03
5.840792698882110926e+03
6.431433391129041411e+03
6.769357945474785083e+03
6.911121831106556783e+03
6.572963511972389824e+03
5.468714541221763284e+03
6.544158993792229921e+03
6.093591518617758993e+03
5.046838468960428145e+03
6.249433846303452810e+03
6.908362381428182744e+03
6.184371252675943651e+03
6.775599205759225697e+03
