6.401276657444346711e+03
6.896459413312823017e+03
6.144885138756039851e+03
7.031987627272888858e+03
6.146349528971382824e+03
6.623409804810624337e+03
5.746752930855924205e+03
5.891636710556304024e+03
6.774379733910203868e+03
6.683957978534300310e+03
6.440326272316327959e+03
6.155079963199568738e+03
7.217663911039741834e+03
5.909603191027901630e+03
6.358623976693836994e+03
5.659931884672732849e+03
6.746219747775566248e+03
6.883933709285728582e+03
7.488812025670349612e+03
5.520781811933715289e+03
5.021145800219896046e+03
6.293315850970164320e+03
5.438865461423099077e+03
6.428377525382995373e+03
6.133192195439727584e+03
6.821264764942830880e+03
6.538920915118674202e+03
6.836567949350300296e+03
6.241829672253601530e+03
5.965979461188548157e+03
6.244252915454090726e+03
6.013944790839945199e+03
5.050145164376472167e+03
6.141971344225810753e+03
5.577722877725678700e+03
6.305792610149654138e+03
6.640926018885383201e+03
7.846047297607641667e+03
7.279913899258271158e+03
7.161944497235499512e+03
6.582185755264338695e+03
5.020739977287313195e+03
5.748055575227368536e+03
6.836185510676357808e+03
5.536146087160500429e+03
6.545236528423098207e+03
5.729469137863035940e+03
5.602984463778709141e+03
6.695451702606496838e+03
6.467295373266661045e+03
6.462201707799718861e+03
6.911101888327028064e+03
6.020538492986088386e+03
6.818468502164627353e+03
6.557150704456238600e+03
6.211552924387373423e+03
6.268305182755366332e+03
5.970765029045143820e+03
5.676024283887109050e+03
6.438151234841781843e+03
6.697497308892349793e+03
6.775722792582656439e+03
6.718630655131301864e+03
6.682133067358578955e+03
7.324862035404294147e+03
5.625351146609988064e+03
5.187112655620901933e+03
7.230300232776104167e+03
6.751151590165124617e+03
7.425483493643401744e+03
6.708811946217275363e+03
6.144442292834206455e+03
7.110169190450530550e+03
5.337677331303839310e+03
5.603618568364721796e+03
6.457953518950192120e+03
5.523143251073408464e+03
6.460491398847379060e+03
6.050079424284762354e+03
6.437546863548034707e+03
7.312361572390251240e+03
6.438235461454049073e+03
7.540362199183987286e+03
6.312237487592137768e+03
5.489433991780980250e+03
7.033600121749678692e+03
5.788595774249841270e+03
5.658190647211004034e+03
6.633231361364165423e+03
4.796207983268516728e+03
6.719445721108143516e+03
5.613075081018243509e+03
6.892511629416291726e+03
6.660469801719365933e+03
7.079382498402415877e+03
6.297616140401400116e+03
6.832216895641288829e+03
6.775107271960680009e+03
6.733594163427307649e+03
6.957940542264417672e+03
5.876876500261787442e+03
5.730686343059072897e+03
5.455618842186304391e+03
7.052097011252730226e+03
5.965809924219764071e+03
6.257610674771944105e+03
6.482572708061297817e+03
6.079022440818214818e+03
5.501915744484984316e+03
5.302316416691646737e+03
6.232385478609916390e+03
5.941324882209373754e+03
7.175813205322675458e+03
5.492098830243481643e+03
6.159476212252309779e+03
6.038969369579424892e+03
6.655794315982101580e+03
7.208037115225421985e+03
5.338576586988399868e+03
7.723079530415804584e+03
6.916915475226895069e+03
7.078905883455427102e+03
6.978279482026662663e+03
6.868800279354935810e+03
5.980287452105299053e+03
6.252668830387105118e+03
7.156631160224568703e+03
4.821228512674224476e+03
5.500131638957493124e+03
6.179518231706161714e+03
5.987554432122505204e+03
5.654285536183587283e+03
7.605773665141053243e+03
5.542041108309253104e+03
7.183489124391852783e+03
5.941124721144586147e+03
7.142305753108701538e+03
6.051645182866961477e+03
5.344899597714615993e+03
6.973099737789209030e+03
6.870601809332689299e+03
6.435690075581565907e+03
5.589622191353311791e+03
6.476561423867327903e+03
6.333415420246854410e+03
6.239961676490025638e+03
7.243199685185866656e+03
5.606082851177138764e+03
6.854659621147681719e+03
5.933897464172181571e+03
6.882495383104503162e+03
7.468771649780629559e+03
7.195310332722908242e+03
6.458529231567294119e+03
6.141039531824632832e+03
6.899762667476396018e+03
6.934693620280298092e+03
5.258447011409796687e+03
5.830471903561125146e+03
5.460470407381116274e+03
6.468419741927917130e+03
7.304108989505337377e+03
6.998710865716278931e+03
5.514737821826991421e+03
5.778551283807302752e+03
5.926299887111738826e+03
7.292478814934250295e+03
6.109092357951471058e+03
5.795334097250526611e+03
6.155869065240944110e+03
6.684613846430877857e+03
6.729734030654956769e+03
5.441959999250267174e+03
6.374942779763333419e+03
6.504142965575512790e+03
5.832274598432855782e+03
6.787393379310194177e+03
6.817278437021150239e+03
7.758909078940706422e+03
6.522799342440919645e+03
6.642170262706712492e+03
6.872752504114894691e+03
5.423613888586594840e+03
7.179355132891855646e+03
5.390945658357761204e+03
6.456325827246422705e+03
6.562768429583671605e+03
5.515606959241080403e+03
6.319905374807221051e+03
5.614745368961595887e+03
6.084818886589835529e+03
5.760879997815140086e+03
6.221276622530745954e+03
6.683497725453235034e+03
6.273819697163549790e+03
6.410852697611081567e+03
6.594109558577471034e+03
6.427591756976633405e+03
7.416357042558765897e+03
5.605396475333596754e+03
6.130340818483871772e+03
6.407211214918537735e+03
6.363400472468658336e+03
6.540621380931430394e+03
5.866065035336680012e+03
5.743039642702114179e+03
4.616209260850514511e+03
6.619013708374754060e+03
6.041851497250545435e+03
7.077588464578673666e+03
6.370550880959770438e+03
6.887002869910656045e+03
6.810867017259898603e+03
6.447722215284544291e+03
6.389912095976907949e+03
7.569387517827601187e+03
6.860113943787388052e+03
7.184599733344455672e+03
6.459621445147726263e+03
6.318577789703420422e+03
5.927983129182817720e+03
5.293356943419312302e+03
6.120103774803214947e+03
5.837676993710380884e+03
6.873331748229622463e+03
6.653534181497343525e+03
5.718201565831711378e+03
6.791731467572692964e+03
5.943553888576562713e+03
6.305856503418499415e+03
6.245653244889388588e+03
5.534264707761603859e+03
6.173042242911620633e+03
5.890842300592374158e+03
5.559066770782672393e+03
7.123529406770884634e+03
6.072164727438317641e+03
7.063145544560302369e+03
6.132271510847544960e+03
6.741868587712124281e+03
6.313923416762256238e+03
6.057574374051253471e+03
5.919595137794962284e+03
6.789156679846566476e+03
6.672443648626653157e+03
5.927276606726543832e+03
6.017250837595254779e+03
6.892272991335058578e+03
5.927841787705392562e+03
6.514033686333790683e+03
6.229463498303794950e+03
6.756418895614762732e+03
7.091970589838104388e+03
5.553879280573948563e+03
6.545280153031688315e+03
6.452983268120296998e+03
