7.689558359826954074e+03
4.959396160228117878e+03
6.900349328428715125e+03
5.438279819979057720e+03
6.634668075743802547e+03
6.530454007881047801e+03
7.229245480195483651e+03
6.031864553209452424e+03
7.163699658565238678e+03
6.579116400032668025e+03
5.952581967216367957e+03
6.973185765083439946e+03
6.437308635484061597e+03
6.269596311810864790e+03
7.210567415389021335e+03
6.203835302634641266e+03
6.148590305816805994e+03
5.058331228744488726e+03
6.092768146495838664e+03
5.259165852590278519e+03
7.524754989231323634e+03
6.463954172322341947e+03
6.149434165275153646e+03
7.731209771576758612e+03
5.743166772203461733e+03
6.761222011806094997e+03
6.869085835947435044e+03
5.290661551316838086e+03
7.026428726454760181e+03
5.525327580597825545e+03
6.751908564739749636e+03
6.123649230933646322e+03
6.518413710831615390e+03
6.066382691112683460e+03
6.481160474051466736e+03
7.180416669651014672e+03
6.174158121679375654e+03
6.523030400312454731e+03
6.810312305199100592e+03
5.711159936647816721e+03
6.348408045716661945e+03
5.679995502854546430e+03
5.262887230126201757e+03
6.806666923716854399e+03
7.911086324128640626e+03
6.018530989099287581e+03
6.748359140193269923e+03
6.603734525980991748e+03
6.496240424718380382e+03
5.767879567651300931e+03
6.034761801260327047e+03
6.542792945809695084e+03
5.977274547056655138e+03
6.080069811528750506e+03
5.669439752908481751e+03
7.000258632900244265e+03
5.263622132062559103e+03
6.403710787583013371e+03
5.729163784428246800e+03
6.152216983434094800e+03
6.956015819456465579e+03
6.932684992057514137e+03
6.858590355941802045e+03
7.258439052960252411e+03
7.181412833367116946e+03
6.242786801676963478e+03
6.142859080162775172e+03
6.693003462586645583e+03
6.170363356748512160e+03
6.387719553546676252e+03
6.791736012798420234e+03
6.347138017815657804e+03
6.986657744581693805e+03
6.543585342072448839e+03
7.377609909845193215e+03
5.909708815199724995e+03
5.970986714066243621e+03
5.696335522971838145e+03
6.366405222706953282e+03
6.966148240545388944e+03
5.490770297266630223e+03
5.450013162575634851e+03
6.079081062167191703e+03
4.487873718998411277e+03
6.124222963497742967e+03
7.232088156233521659e+03
5.974865578931518030e+03
6.990909097655922778e+03
7.036075993161936822e+03
6.554566160991080324e+03
7.129280374866597413e+03
6.941496289380350390e+03
6.798751737915717058e+03
6.004339875739378840e+03
5.490180468559539804e+03
7.087752817907711687e+03
4.832225688206897757e+03
6.680766443128121864e+03
7.205481606563408604e+03
5.556754612162495505e+03
6.272915763733713902e+03
6.814596051955093571e+03
5.965141710354492716e+03
5.285653745030789651e+03
5.153551395150296230e+03
6.990226344680678267e+03
7.081190205773474190e+03
6.508953568236128376e+03
7.052593780775692721e+03
6.651326280582188701e+03
5.894590722958759216e+03
6.533957186190434186e+03
6.800119348413822991e+03
6.295439323548540415e+03
5.700245483311750831e+03
7.556173602861555992e+03
4.930718750426769475e+03
7.582967282862074171e+03
5.587647729846896254e+03
5.920671398983788094e+03
5.886843852579635495e+03
6.448503094138376582e+03
6.894506096621079450e+03
5.830571847728819193e+03
5.852642887960972075e+03
7.826754011777131382e+03
6.537329796880078902e+03
7.608414555340751576e+03
6.466057763255996178e+03
7.028981271352490694e+03
6.874820497493527000e+03
6.923197236245171553e+03
6.379900799220471526e+03
6.395560125235356281e+03
6.951431389494026917e+03
5.926582085093639762e+03
6.223738758266674267e+03
6.453100843611774508e+03
6.146552175823294419e+03
6.286156141024717726e+03
7.262131165402785882e+03
4.891582408873002350e+03
5.718009698444211608e+03
6.991426396475633737e+03
6.948037189788353317e+03
6.973016423798952928e+03
5.714015519703324571e+03
7.023651951834045576e+03
5.998406302894405599e+03
5.868865572283035362e+03
5.925406598822992237e+03
6.178430679204011540e+03
7.336228125041694511e+03
5.771031831696076551e+03
5.965111135940878739e+03
5.977157836007239894e+03
5.951894555654220312e+03
6.818162615760001245e+03
7.036872336906921191e+03
5.429016415079795479e+03
5.918332930746000784e+03
5.730622041982273913e+03
6.229371954239435581e+03
5.672685134531911899e+03
6.511735693457678281e+03
6.203797545683663884e+03
5.994485411433364789e+03
6.534009379966575580e+03
6.783155286644727312e+03
7.262330641903598007e+03
7.318050736813200274e+03
6.333181731940454483e+03
5.882798805051153977e+03
6.845123079913736547e+03
6.463897708307295034e+03
6.495663924824175410e+03
7.282693679529718793e+03
5.698841946497530444e+03
6.918011556747289433e+03
6.391745421351603909e+03
7.304202740202335917e+03
6.187211622715001795e+03
7.100969894651303548e+03
6.052380969555960291e+03
6.124724737622807879e+03
6.520302669947871436e+03
6.975244213131786637e+03
5.958024389165857428e+03
5.607927444240202021e+03
6.184800454750336939e+03
5.734949548650160978e+03
5.992116851427641450e+03
6.708474254997945536e+03
6.623343520147787785e+03
5.582486487504190336e+03
6.762224889620075373e+03
6.011567265553989273e+03
6.147792701722321908e+03
5.684225809765324811e+03
6.963284038801679344e+03
6.198902221222852859e+03
6.994238141009484025e+03
6.434356275620622910e+03
5.847256816642509875e+03
6.676209010308830329e+03
5.162671375759891816e+03
6.895359661021602733e+03
5.964766561477090363e+03
7.685643556008245469e+03
6.361353108358352074e+03
6.397814737026797957e+03
7.278391310212396093e+03
6.744958170353786045e+03
5.496195062779121145e+03
6.080799549329643924e+03
6.886924074073801421e+03
5.281023841817694120e+03
6.779094942351867758e+03
6.504832568924408406e+03
5.350778971937024835e+03
7.746437472865868585e+03
6.239417175228171800e+03
7.122973544988701178e+03
6.552945596515650323e+03
6.966201576399585065e+03
5.897970183195429854e+03
6.161305635635434555e+03
6.721938879834754516e+03
7.047381564240693478e+03
6.954882675147026930e+03
7.125534464280625798e+03
7.145643323926470657e+03
6.384584710886511857e+03
5.763003779759113968e+03
5.585237551320377861e+03
7.045675526226997135e+03
5.551920658074736821e+03
4.970781095476074370e+03
5.583906201811165374e+03
6.053537005199797022e+03
6.900047113127853663e+03
5.088587769168058003e+03
6.250075229751259030e+03
5.573924385054715458e+03
6.113954364641771463e+03
6.604797341361948384e+03
7.107542750739313306e+03
5.903741604643048049e+03
7.458057760241079450e+03
6.041076739528562939e+03
6.847259337122948637e+03
6.818563099844326644e+03
6.541011520014918460e+03
6.535826927648020501e+03
6.472339589213825093e+03
6.748664602647840184e+03
