6.646309800852102853e+03
5.888184690590955142e+03
6.103277189346084015e+03
6.133629937044117469e+03
6.846197435664997101e+03
6.272541326031336212e+03
6.169854755335245500e+03
6.430236208982574681e+03
6.541490545261261104e+03
5.770768363261178820e+03
7.395911515689917906e+03
5.662754327117182584e+03
6.539148921269656967e+03
5.848280450329253654e+03
5.997638124170142873e+03
6.524739853157913785e+03
5.753498478100608736e+03
7.945332963749890041e+03
7.342939270562335878e+03
6.147518427199250254e+03
7.014402117219373395e+03
5.464412745320940303e+03
6.805200085817793479e+03
5.270157915928222792e+03
6.419057573323631914e+03
7.271388853236000614e+03
7.693577063840095434e+03
6.072045686220029893e+03
6.453024057254970103e+03
6.426066692320518996e+03
5.419740699824926196e+03
7.711825357720619650e+03
6.560646595500203148e+03
6.491861095173998365e+03
6.119476221983561118e+03
6.798021731982912570e+03
5.872217063602403869e+03
6.715699232560629753e+03
6.887864189363216610e+03
6.302937604321069557e+03
6.584118577230649862e+03
6.472818641795247459e+03
7.090667428067310539e+03
6.529665923888356701e+03
5.847042715410761048e+03
6.770742009974199391e+03
6.717303193295987512e+03
5.711700885995771387e+03
6.755355029591440143e+03
5.921776976142710737e+03
6.717910965216236946e+03
6.193621058381000694e+03
4.909893507248511014e+03
6.500402181219311387e+03
5.910244578209340034e+03
5.788928300405398659e+03
7.258769180550053534e+03
6.345707605001905904e+03
6.956785813328020595e+03
6.944979260569688449e+03
6.474554024528714763e+03
6.841707641936833170e+03
6.926550059062333276e+03
5.976256090578198382e+03
7.877877325996881154e+03
4.667185090972623584e+03
5.714244429138291707e+03
6.101722094097658555e+03
5.832806102389999069e+03
6.290866067741898405e+03
6.043396201175261012e+03
6.379849668642702454e+03
6.690294751881098819e+03
6.773106152482640937e+03
5.947430333913544018e+03
7.396862027034976563e+03
7.164724644210021324e+03
5.786178211138005281e+03
7.254000622617846602e+03
5.855702891590831314e+03
5.048759359297195260e+03
7.235958464618478502e+03
5.702284314674685447e+03
6.809069827835531214e+03
6.930222769105046609e+03
5.967276567672359306e+03
6.638911831943212746e+03
6.409216295491853998e+03
5.858990111642749980e+03
6.436696407689081752e+03
7.442267204954916451e+03
5.943554494860499290e+03
7.157779969156439620e+03
5.740165800725580993e+03
7.541699291529820584e+03
6.073661375004199726e+03
6.777666177908053214e+03
7.111430015201924107e+03
6.265482527845313598e+03
7.208931604427155435e+03
6.426094986131955011e+03
6.001949009306518747e+03
6.003620212924145562e+03
7.398195877544605537e+03
6.078704767709341468e+03
6.441299371849623640e+03
5.830554348581426893e+03
5.978176179749476432e+03
7.532411371548049829e+03
5.364613118164208572e+03
6.951398309329104450e+03
5.917495725125879289e+03
6.619999121636671589e+03
6.606597039582866273e+03
6.853446355523628881e+03
6.267401998965629900e+03
6.649831962782458504e+03
6.757370379133440110e+03
6.659507809093259311e+03
6.682257551019934908e+03
5.660744372136252423e+03
6.483637555493848595e+03
4.836146188791331952e+03
6.923503889868507031e+03
8.332565013622879633e+03
5.056250141883228025e+03
6.557490421662670087e+03
6.103927333629893837e+03
7.452223773473644542e+03
6.123649514556273061e+03
5.928258782471149971e+03
6.818143330649412746e+03
7.329210550944223542e+03
4.939389570116394680e+03
6.175574878781371808e+03
6.303693698419747307e+03
5.756045618212977388e+03
6.714121391136327475e+03
7.028324997037031608e+03
6.069252082672357574e+03
7.149315884687058315e+03
6.052743010438174679e+03
5.740783556939673872e+03
6.748230722421645623e+03
6.491631172971830892e+03
6.046584557281417801e+03
7.095572992123670701e+03
5.853455891669993434e+03
6.983601619783087699e+03
5.867115624616380956e+03
7.499895234357195477e+03
5.852137508211127169e+03
6.586857812159769310e+03
6.324053397384563141e+03
7.189797563886268108e+03
6.557953883402899010e+03
7.044154075806438414e+03
5.590886689947759805e+03
7.074453098872822011e+03
6.489388948919588074e+03
6.459614569159961320e+03
6.812945999137810759e+03
7.968432142176436173e+03
4.793956304415039995e+03
5.574668803404738355e+03
6.142535822720616125e+03
5.820143763925114399e+03
6.510300606286205948e+03
6.887291665209717394e+03
6.218555822026053647e+03
6.617600731923409512e+03
7.191110650028584132e+03
6.961004377568509881e+03
5.155558826113971008e+03
4.943366765654867777e+03
6.333328256827271616e+03
6.598068468879938337e+03
6.718219433256995217e+03
5.629099084489527741e+03
7.515007924699789328e+03
6.448169897998652232e+03
7.143479604442261007e+03
6.725757220734477414e+03
6.101356377764944227e+03
7.228243591754166118e+03
6.131234618875701926e+03
5.772064808063626515e+03
6.997210009869830174e+03
6.212289571935145432e+03
6.477205976095229744e+03
6.220150149195265840e+03
6.619456937240527623e+03
7.271650398628198673e+03
6.484679552581801545e+03
6.254941207473837494e+03
6.492924089595790065e+03
8.082135694964812501e+03
5.678154544178511060e+03
7.336143763750323160e+03
5.749980865058369091e+03
6.123583736300989585e+03
6.002875103289152321e+03
6.312436792267709279e+03
6.122206395246991633e+03
5.461530289310125227e+03
6.834703281443862579e+03
5.450483342659974369e+03
6.455538310005876156e+03
6.286348238852096074e+03
7.053446380950859748e+03
6.520704062626439736e+03
6.614305754995468305e+03
6.279610786087969245e+03
6.277865539113782688e+03
6.538799856786461532e+03
5.819444996984519094e+03
7.145015319068423196e+03
6.161429343094625438e+03
6.604805646909672760e+03
5.274203404873312138e+03
6.163595666799212268e+03
6.903438980404186623e+03
6.161167139154429606e+03
6.822169985415976953e+03
6.060549509037800817e+03
5.769711951759541989e+03
5.001115984899171963e+03
6.023576865903208272e+03
6.183929272273798233e+03
7.179952296644360104e+03
6.823023868846195910e+03
6.918949015621858962e+03
6.606489856836828949e+03
6.452973142330143673e+03
6.995735521403418716e+03
6.375682215600046220e+03
6.321251848467626587e+03
6.839524751387733886e+03
6.505532477498493790e+03
5.850882083181204507e+03
6.046735633930986296e+03
6.763116460791485224e+03
6.123950181207786954e+03
7.020787882375639128e+03
6.102044939884571249e+03
6.104210167996174278e+03
6.540268811057621861e+03
6.314376206256443766e+03
6.336947806045325706e+03
6.770867915463224563e+03
6.314341626658182577e+03
6.336080414967366778e+03
6.571924563686271540e+03
7.100550029103555062e+03
6.626666767353684008e+03
7.271365581055752955e+03
