6.564422571272066307e+03
6.621549991931550721e+03
5.813760575556223557e+03
8.079080912474642901e+03
6.206878193931284841e+03
6.522457245870787119e+03
6.199206902886839998e+03
5.980739767148597821e+03
5.815636173553347362e+03
6.210249067420529173e+03
5.777236002957022720e+03
6.596331486363626027e+03
7.345903010077418912e+03
6.113788512894619998e+03
5.885816110055670833e+03
7.242909058980574628e+03
6.028472434682102175e+03
6.445054991476978103e+03
6.588631400076786122e+03
6.429745756368482034e+03
5.443100587403936515e+03
6.906657315305628799e+03
6.200139694950306875e+03
6.581729699212889500e+03
7.911471112619525229e+03
5.889886337278931023e+03
6.744271601425902190e+03
5.874478114669273054e+03
6.253689405092827656e+03
6.335091290350032068e+03
6.623596342706529867e+03
6.408244432621704618e+03
6.609143610468879160e+03
7.209542801459739167e+03
5.413175789852894013e+03
7.012204931866788684e+03
6.154492507123999530e+03
5.705238372580028226e+03
4.938561497561955548e+03
6.485071400839779926e+03
6.970456430716025352e+03
6.647605265232054080e+03
6.882254615488219315e+03
7.278633052518760451e+03
6.008202801638244637e+03
6.741682086560742391e+03
7.386480305927965674e+03
5.510687744946680141e+03
8.137938228331622668e+03
6.097649052664339251e+03
7.338480872318045840e+03
5.940821682578725813e+03
6.247464724678729908e+03
5.771998052428228220e+03
5.419003231977119867e+03
6.782090040238852453e+03
6.586623814688786297e+03
7.770247326351331139e+03
6.627094842928546313e+03
6.955443258227038314e+03
5.267845620928263088e+03
6.347116015449404586e+03
5.710338138960891229e+03
6.410487834297390691e+03
6.932281626052880711e+03
6.685122951029452452e+03
6.536942728081675341e+03
5.801998583416712790e+03
5.859990909884352732e+03
6.873139561639757630e+03
6.791900583198494132e+03
5.958655788723363003e+03
7.229228640473288579e+03
5.955616644580943102e+03
5.482359817606668003e+03
7.381431289475630365e+03
6.317019038509313759e+03
6.225637714537861029e+03
6.823294230480115402e+03
5.865354128028904597e+03
6.827287504160112803e+03
6.790825321343922042e+03
5.852579241037071370e+03
7.393655580724070205e+03
6.921109746143863049e+03
5.577677828747720923e+03
6.385476734546132320e+03
6.403897163682699102e+03
6.402783939254451070e+03
6.365926240994589534e+03
6.988014218059170162e+03
6.225231948747769820e+03
5.815780912563377569e+03
6.348489826167215142e+03
6.870948677382620190e+03
6.009464215718579908e+03
6.780844945846127303e+03
6.246191937993479769e+03
6.752276310131694117e+03
5.607237901218068146e+03
6.813072211860207972e+03
6.888747022047526116e+03
6.459398427821861333e+03
7.760062053382365775e+03
6.391915673001204595e+03
5.900777837148642902e+03
5.715178033261090604e+03
6.286972218472987151e+03
6.464408766448738788e+03
6.418717772494363999e+03
6.710767412932286788e+03
6.516103009660137104e+03
6.088196744426149053e+03
5.318707034090823981e+03
6.393978287809248286e+03
5.544347695284650399e+03
6.503759252878406187e+03
6.653666538783821125e+03
6.692927247278115829e+03
5.608166055098688958e+03
6.337508501243562932e+03
6.905909526750046098e+03
6.123258610243297881e+03
7.357030536358905920e+03
7.883101104233219303e+03
5.835368781632438186e+03
5.724394921307621189e+03
7.248246536253383965e+03
6.387804007083662327e+03
6.093752302285705809e+03
6.525449895874151480e+03
6.074939956978778355e+03
6.827398463733812605e+03
6.166010509987615478e+03
6.709806708887645982e+03
6.540640577591613692e+03
6.777660463145339236e+03
5.630601257758059546e+03
6.287212139976551043e+03
6.056294439749752200e+03
6.256509255715730433e+03
7.052399131497028065e+03
6.956524800923964904e+03
6.790688702575694151e+03
5.738931407046819004e+03
5.867374385186041764e+03
6.525667734222454783e+03
6.451547560655897541e+03
7.177215374742623681e+03
6.042070784709972031e+03
6.889146971628823849e+03
7.058301275145538057e+03
6.620970532802073649e+03
5.719283788368429668e+03
5.878673099409720635e+03
6.589004097808836377e+03
7.761041916682275769e+03
5.612445940930414508e+03
6.325937121164038217e+03
5.765193411237865803e+03
6.682455189637675176e+03
6.463463495584090197e+03
7.308379699956717559e+03
5.899522608819765082e+03
7.174616215212515272e+03
7.037799614327462223e+03
6.689714675450494724e+03
6.579127187578820667e+03
5.788079657636380034e+03
6.509201401621818150e+03
6.135017245205679501e+03
6.309575288417254342e+03
6.046462034695729926e+03
6.286309556035483183e+03
5.668306580420050523e+03
6.164505509146412805e+03
6.111383126996586725e+03
7.269790161335310586e+03
6.911858837585155925e+03
6.248255447565170471e+03
6.490890937702872179e+03
7.634121591398185956e+03
7.143471899755106278e+03
5.504152829390201077e+03
6.562301085730352497e+03
5.682893780077400152e+03
6.413080082537308954e+03
5.873749626606563652e+03
6.990258953848115198e+03
5.796990816764913689e+03
6.388118991146321605e+03
6.504818718592498044e+03
5.667789560828145113e+03
7.908334149346639606e+03
7.095316746983615303e+03
6.189410249736513833e+03
7.439811926030432915e+03
5.926400417667771762e+03
6.653314182390417045e+03
5.730891620100464024e+03
6.633302509267866299e+03
6.190084520172687917e+03
6.006516979117316623e+03
6.922524705083857953e+03
6.339770714939337267e+03
6.344316772188130926e+03
6.560263684239063878e+03
6.666022053635775592e+03
6.050343136891975519e+03
6.382060280376377705e+03
6.497107430016230865e+03
6.878433531531033623e+03
5.495996030710595733e+03
6.737029256819761031e+03
6.678685992016839919e+03
7.368028981584613575e+03
7.554520050566871760e+03
5.192167116086923670e+03
5.990139442288236751e+03
6.073040160377543543e+03
5.180878944753365431e+03
7.358979704116896755e+03
6.300632034808211756e+03
6.414902876683887371e+03
6.502745104134955909e+03
5.301766561065522183e+03
5.681615377266738506e+03
6.957049004858364242e+03
7.135723166372422384e+03
5.371176269393286930e+03
5.137706346955827939e+03
7.421907365050949920e+03
5.330511147293206704e+03
7.449834807800017188e+03
6.118126398984495609e+03
6.883866825657667505e+03
6.774829751662656236e+03
6.281104273855722568e+03
6.747834113892299683e+03
6.746826452506886199e+03
7.121422789575526622e+03
6.162949823276320785e+03
6.269768199784057288e+03
7.034141409720030424e+03
6.035556064753617648e+03
7.054374189316977208e+03
4.943791929124432500e+03
8.115978534885909539e+03
5.901956468901774315e+03
6.572569524122367511e+03
7.419358802770311740e+03
4.809375416105547629e+03
7.756513282302090374e+03
5.860617135289184262e+03
5.744302589525842450e+03
7.212434377391740782e+03
