5.658232043778993102e+03
7.492159244374021910e+03
7.700139240619673728e+03
6.812940680844832968e+03
5.099285941656253272e+03
5.886676036879560343e+03
6.416207879956196848e+03
6.348724767320383762e+03
5.112594711853124863e+03
5.555828411485269498e+03
6.530230309596729057e+03
5.775112090591259403e+03
6.082425020511840557e+03
5.909990183702475406e+03
6.306602076461061188e+03
6.759144941827747061e+03
6.662940261468185781e+03
6.690152275619777356e+03
5.235249725851161202e+03
7.224086621418493451e+03
6.843836946280211123e+03
7.340878680363158310e+03
6.395375043338859541e+03
6.875970064738033216e+03
5.774159290509915081e+03
6.135989976704264336e+03
6.142808639690789278e+03
5.819870602873434109e+03
7.081764159300862957e+03
6.655150999885538113e+03
7.123782669323727532e+03
6.059105042751843030e+03
6.646449294637465755e+03
6.258246393651116705e+03
6.100137207886835313e+03
6.336424213774214877e+03
6.766843050468579349e+03
5.670197113917893148e+03
6.406000849117943289e+03
5.772822064550073264e+03
5.678083007219423052e+03
6.403730356063914769e+03
6.124488009113916632e+03
6.086320762601453680e+03
6.900064114151598005e+03
6.414319020250108224e+03
6.916980129991400645e+03
7.581186034476590066e+03
7.408653298399098276e+03
5.661843778646023566e+03
5.607495173339309076e+03
6.696091094775195415e+03
6.129782366500290664e+03
6.289007044867694276e+03
6.360266293329891596e+03
6.314589783527068903e+03
6.735023872058725829e+03
6.035188659590118732e+03
5.304589540943306929e+03
6.585365150701704806e+03
6.526579216761710995e+03
7.213978670316710122e+03
6.578038867459255016e+03
6.277439967594516929e+03
5.788939503410766520e+03
5.611545882047535088e+03
6.812668445557509585e+03
4.995774384168826145e+03
7.253608230628727142e+03
6.168417153614216659e+03
6.101541064757975619e+03
7.409015186781385637e+03
6.779971706857680147e+03
6.041592831629130160e+03
6.556338862692939983e+03
6.757757105119409971e+03
6.740021099719443555e+03
5.807508695448707840e+03
6.436650555652528055e+03
7.070256735340795785e+03
5.627386742623095415e+03
6.256792544689812530e+03
5.882428107730586817e+03
5.833830473556941797e+03
6.115468297265088040e+03
6.487851868645119794e+03
5.696250898020221939e+03
7.172152423068534517e+03
6.909830027162311126e+03
6.747843867572408271e+03
6.014082903938910022e+03
6.892832599773321817e+03
7.522113105038088179e+03
5.869972416390009130e+03
5.675038896262065464e+03
6.510045409611906507e+03
6.410424382660086849e+03
5.707029560121482064e+03
6.032482202097580739e+03
6.073719135238306990e+03
6.738451987895725324e+03
5.261107516938558547e+03
5.533038351424916073e+03
6.504390823794837161e+03
7.332120336867013066e+03
6.877910928339520069e+03
7.157974334237481344e+03
6.843668137824093719e+03
5.894485856732180764e+03
6.109386090072683146e+03
6.049550019832866383e+03
6.041456958646254861e+03
7.152460835969948675e+03
6.326280549598273865e+03
5.945727945237244057e+03
6.848287634868220266e+03
6.712191827046602157e+03
6.966277128858786455e+03
6.906046332059072483e+03
6.482559131546480785e+03
5.607613209383908725e+03
6.480890869515609666e+03
5.558671635427564979e+03
5.814738578319147564e+03
6.730309993361121997e+03
6.292155425179443228e+03
7.966056038766718302e+03
5.550475138477344444e+03
5.482796059722463724e+03
6.318335433292404559e+03
7.824965516324644341e+03
5.872380271149361761e+03
6.753823060316151896e+03
5.537420417344021189e+03
6.701731875051947100e+03
6.390142984060497838e+03
6.375800763146368809e+03
6.693835935928871550e+03
6.896039355467746645e+03
6.533837938067221330e+03
6.383221424632554772e+03
6.278323969448473690e+03
4.778087645511762275e+03
7.867943387298290872e+03
6.508147499219452584e+03
6.326757565997535494e+03
7.196177063626410927e+03
6.310520507045850536e+03
6.452999088478147314e+03
5.622527341609305950e+03
5.995570005174422477e+03
5.761614469168325741e+03
5.793769052403938986e+03
6.839410381002049689e+03
6.854046491452340888e+03
6.986522719215874531e+03
6.224965172956575771e+03
5.958722568658942691e+03
6.307210066607375666e+03
6.537208117243877496e+03
7.468588292529100727e+03
6.549881903388669343e+03
5.501726805493080974e+03
7.335486532823667403e+03
6.441044672996502413e+03
6.144075061543284392e+03
6.011939998665647181e+03
6.532843891260754390e+03
6.834282404672776465e+03
6.199176977050274218e+03
6.299267191934923176e+03
5.964082796437463912e+03
5.737832404036096705e+03
5.732385365859570811e+03
5.726789367788284835e+03
6.093782251856910079e+03
5.886574746088932443e+03
5.403254041185276947e+03
4.641995823343457232e+03
6.308947773030933604e+03
5.539749719040532000e+03
7.561446755996174943e+03
6.021712701790839674e+03
6.709270137211909059e+03
7.609733257722704366e+03
6.392340874226488268e+03
6.113593542705661093e+03
7.762031075779326784e+03
6.028635396501464129e+03
7.797350026112258092e+03
7.014999971254356751e+03
6.633061094934637367e+03
6.094626597758035132e+03
6.378859631159793935e+03
7.521437536202955926e+03
6.897780380039520423e+03
6.359037061427475237e+03
5.487764017057710589e+03
6.501039336495225143e+03
6.173455304844042985e+03
5.877315218592691963e+03
5.962436589915091645e+03
7.119687091141307064e+03
5.445479006153992486e+03
6.928538514707585819e+03
5.807420482712615922e+03
7.049699268019396186e+03
6.359634362829145175e+03
5.936146249457367958e+03
7.086603831532896947e+03
7.391818221245471250e+03
6.162570325886461433e+03
6.793723642125731203e+03
6.075416593339054089e+03
6.531621497896148867e+03
5.804831962249216303e+03
5.654970904740604965e+03
6.962939517794134190e+03
6.261556582318856272e+03
5.750951664971720675e+03
6.227495095319194661e+03
5.971827658923286435e+03
6.179677349737647091e+03
7.399448494980623764e+03
6.304348274632491666e+03
6.985617159377155076e+03
6.217979817949330936e+03
6.823286034423859746e+03
6.304483087230946694e+03
6.590822895313284789e+03
6.484667366668602881e+03
5.720837494176214022e+03
6.930044983510684688e+03
6.247538719452595615e+03
6.574269165691436683e+03
5.598207732397925611e+03
6.292132928117611300e+03
6.880663166040412762e+03
6.520969708606608947e+03
5.657940034187149649e+03
7.360380169535962523e+03
6.643914119098530136e+03
4.775806957312926897e+03
7.077563970544363656e+03
7.002338456497799598e+03
6.784658633789230407e+03
6.603045204788217234e+03
5.922295090004797203e+03
5.619722801356243508e+03
7.345879628520684491e+03
5.873739290824254567e+03
7.206647196434151738e+03
5.447683163749690721e+03
6.084789562726645272e+03
5.599048857829244298e+03
5.756191686057897641e+03
