7.116837306389914374e+03
5.738707012472432325e+03
5.335476882879976984e+03
6.660571104042347542e+03
7.420367938364873226e+03
6.646504858995290306e+03
7.137257256785201207e+03
6.509146204156566455e+03
5.978175382968162921e+03
7.218212767824858929e+03
6.788428056956747241e+03
6.905655755911789129e+03
6.373188802625989410e+03
6.384990544624772156e+03
5.984114592538917350e+03
6.188813217189179340e+03
6.818970805291327451e+03
7.431619629793482090e+03
6.121487039439327418e+03
7.409961410550667097e+03
6.031632810389679435e+03
6.339579600821901295e+03
5.963003523243360178e+03
6.446861713855178095e+03
7.022219069756675708e+03
5.704405927930984944e+03
6.196968720397615471e+03
5.874036675819748780e+03
6.447358507467789423e+03
7.024313982108549681e+03
8.093906691166851488e+03
4.691815505029430824e+03
6.464950852261933505e+03
7.378033267718398747e+03
5.865048372416197708e+03
6.714917092841151316e+03
6.676501830201438679e+03
6.394936347626516181e+03
5.786495207189786015e+03
6.769641791811207440e+03
6.672607204412644933e+03
5.851341219951902531e+03
5.702978190934975828e+03
6.081697772048884872e+03
6.540192182323353336e+03
7.082389644871350356e+03
6.262029104754875334e+03
6.575504054736335092e+03
6.885694772084008036e+03
7.253758774235074270e+03
6.865242293973548840e+03
6.754272488625706501e+03
6.550471569827730491e+03
7.104773882082126875e+03
7.503629086805023690e+03
5.562331209682817644e+03
6.095211212218032415e+03
6.075042304758818318e+03
6.307805958067398024e+03
6.052690469089628095e+03
5.429253500684433675e+03
7.597214685558962628e+03
5.720575145847284148e+03
6.578471793163002076e+03
6.423195842642088792e+03
6.386954038723244594e+03
6.593052616665197093e+03
5.829980177180904320e+03
5.945233854721305761e+03
7.718979595361297470e+03
7.739769428809499004e+03
5.647772062654908950e+03
6.164005587458501395e+03
6.983229482581993580e+03
5.976934386398370407e+03
6.814471860098896286e+03
6.324905003759622559e+03
6.203992270198146798e+03
5.927911442133451601e+03
5.829205975127193597e+03
6.998559017675014729e+03
6.500454850532395540e+03
6.128077024568518027e+03
7.212347525914618927e+03
6.185313282661601079e+03
6.105119073188103357e+03
6.400414246027672561e+03
7.239459728588368307e+03
5.980922597990160284e+03
6.986672793414139960e+03
6.858647297648010863e+03
6.658012021756972899e+03
6.636202372351801387e+03
6.271542295496103179e+03
6.612685685256536999e+03
5.879765671215345719e+03
5.822054351507198589e+03
6.598563773092337215e+03
7.053950135571953069e+03
5.744270985236764318e+03
5.891770566365370541e+03
6.520505581261810221e+03
7.094519479696313283e+03
6.641575040982029350e+03
6.448524331274149517e+03
7.155081586105438873e+03
6.015124625838241627e+03
6.225209176827473129e+03
6.890882869862535699e+03
5.415212546009042853e+03
5.267407903231898672e+03
6.982695741194059337e+03
6.697422558269413457e+03
6.525040093724512190e+03
6.435241612990326757e+03
7.515234437881314079e+03
5.321183250692251022e+03
6.902955573462620123e+03
6.080627730178088314e+03
7.296215763264543057e+03
6.688672082218048672e+03
6.606888032351857873e+03
6.784577462083251703e+03
6.303735041433350489e+03
6.993211547533286648e+03
5.673284928458705508e+03
6.897117661274390230e+03
6.624200525077842940e+03
7.230334600938351286e+03
5.154968100338564000e+03
6.549411235063077584e+03
6.614737730815922077e+03
6.767014117109609288e+03
6.529086936538171358e+03
6.951090343250585647e+03
6.904272141101338093e+03
6.107025967528186811e+03
6.387457909841307810e+03
6.734717527332364625e+03
5.983030718663513653e+03
6.289453935338275187e+03
6.522702281221545491e+03
5.366969183145222814e+03
7.466615679852727226e+03
7.306334294242455144e+03
6.749195377142454163e+03
6.905673706053943533e+03
6.154051602399018520e+03
6.906472696907866521e+03
5.552076093406409200e+03
5.606464754730779532e+03
6.683585912519008161e+03
6.335518484402797185e+03
6.521754233117466356e+03
5.971589683575024537e+03
5.758477989029332093e+03
7.217372705903212591e+03
6.027528828816242822e+03
6.968277759068179876e+03
7.072446654879082416e+03
5.711356293724554234e+03
6.966851687700863295e+03
6.382896834638037035e+03
6.245385522914302783e+03
6.747010874185883040e+03
6.963220033206424887e+03
7.391902820711909953e+03
6.055378291968994745e+03
6.504726985855501880e+03
6.460931922909654531e+03
6.798471005724043607e+03
5.884251784303458408e+03
6.084269318356912663e+03
7.077548543002915721e+03
6.334263792990874208e+03
6.526860372496793389e+03
5.961961693219793233e+03
6.551912319472527997e+03
6.396743665653495555e+03
7.224656733427505969e+03
5.184890318766852943e+03
7.314159823161655368e+03
6.302093008584660311e+03
5.832222800846622704e+03
6.497105404732992611e+03
6.964521977139254886e+03
7.183442950468661365e+03
6.882387463285553167e+03
6.110743618620206689e+03
6.238314825016861505e+03
5.898992589664274419e+03
6.353397892736284120e+03
6.506334220954096054e+03
6.441334350027825167e+03
7.548291381232037565e+03
7.069411343412112728e+03
6.267667298528878746e+03
5.499496036324361739e+03
5.892145760335253726e+03
6.638676565596582805e+03
7.005142277390732488e+03
4.878076490450568599e+03
6.543856318139632094e+03
5.909843679568953121e+03
7.329865915249344653e+03
5.609163910480616323e+03
7.213121831701527299e+03
6.467260369710068517e+03
5.833355570144804005e+03
7.568501707227540464e+03
6.874901979101936377e+03
6.803929634865962726e+03
5.643241829085060090e+03
6.161306101058049535e+03
5.288561404791794303e+03
6.507217872883609743e+03
6.570371555768709186e+03
6.619869524393840948e+03
7.413415674984001271e+03
5.533998811840054259e+03
5.449772230919046706e+03
7.957120529449437527e+03
7.225908733831166501e+03
6.459080894490726678e+03
6.062253084031643084e+03
7.101529273575536536e+03
6.101777584909988946e+03
7.519719833732007828e+03
7.001851347255090332e+03
5.706117535303030309e+03
6.036970800894696367e+03
8.236176770167368886e+03
6.628902122127442453e+03
5.393961345623628404e+03
5.045878013819354237e+03
6.660821068959358854e+03
6.753162929819442979e+03
6.136695152873347979e+03
5.529326368733470190e+03
7.225718100100218180e+03
6.278813828900638327e+03
7.089483139106189810e+03
6.221959702561163795e+03
7.357761952766386457e+03
6.745837725394336303e+03
6.700880003485016459e+03
6.361527640255468214e+03
6.538460025491012857e+03
6.446901836054874366e+03
6.086987785645085751e+03
6.341391136156906214e+03
5.957180302035349087e+03
7.234739275300226836e+03
6.462805460651499743e+03
6.737108141758369129e+03
5.985037183284012826e+03
