4.426665071393234393e+04
2.838781901892754377e+03
8.642736263201317342e+03
6.962080453489287720e+03
6.491942397070081824e+03
2.306596830057685293e+04
7.635601852026989945e+03
7.933758289636281006e+03
8.735331526668371225e+03
1.618151681216485667e+04
9.833736941568466136e+03
7.738406951988849869e+03
1.524144309355912992e+04
9.492359961155989367e+03
8.608099532747834019e+03
1.066231924792553764e+04
4.941335241789100110e+03
9.858529037132973826e+03
1.840396196477767444e+04
6.216415848889642803e+03
1.291511146789071609e+04
7.595201727276851670e+03
8.458401769542819238e+03
7.115344662136300940e+03
8.746549077851690527e+03
1.981518403373635010e+04
8.806591455174029761e+03
8.516831406716395577e+03
6.655883424937508607e+03
7.065072200077839625e+03
1.306011669763998725e+04
1.108436010916618397e+04
1.716758846249548878e+04
5.980957965089713070e+03
1.021219009824917885e+04
5.487337731886527763e+03
9.725443145321843986e+03
5.703936251366059878e+03
1.729751744471579150e+04
1.676493633312149177e+04
8.842719650127690329e+03
6.054541938526033846e+03
2.717218230870288971e+04
1.654520358578973537e+04
1.326819226271415573e+04
7.406346284246920732e+03
5.583503266660066402e+03
7.262472242223124340e+03
1.003220191589314345e+04
2.358065771864286580e+04
8.894929636304725136e+03
9.175429020774152377e+03
4.472578070572993056e+03
1.173025902189358203e+04
8.418633082092841505e+03
1.379216439144445758e+04
6.718300371608119349e+03
1.431429112645794885e+04
1.034351850334366463e+04
1.295596136440544433e+04
6.753325425709228512e+03
3.414172000497739646e+04
5.912621501746009017e+03
8.437395644429856475e+03
7.084620735031378899e+03
1.082712376135286286e+04
9.944888096434839099e+03
1.739208700939208939e+04
7.122901169255308560e+03
7.524996524843085353e+03
7.897958118079364795e+03
1.185723954152073748e+04
1.204894888071919013e+04
6.881352472527481950e+03
7.603636586130512114e+03
1.177216710340800637e+04
9.280825296691591575e+03
9.483843565535222297e+03
1.499526318765552242e+04
1.212058320546521827e+04
9.058967242679627816e+03
1.173864745968264469e+04
1.247561808445806491e+04
7.923589005421023103e+03
7.465417678116296884e+03
1.191004425190595975e+04
9.958036352523293317e+03
1.094035861123944778e+04
1.326394949615832593e+04
6.977671062237385740e+03
2.952978304014878813e+04
4.404464132605077793e+03
1.692045136869994894e+04
5.638284686750230321e+03
6.012058971236729121e+03
1.655882946802727747e+04
6.729499346226873058e+03
8.066093484475311016e+03
8.005167118679328269e+03
1.381689474386152688e+04
7.597031551054002193e+03
1.393311001319290153e+04
5.656186529559745395e+03
2.821822173841496260e+04
1.486152423050577636e+04
2.289252054568210951e+04
1.040640081636068498e+04
1.027768494868214475e+04
8.341141091523695650e+03
1.311598438255915062e+04
4.958623329555115561e+03
1.616449932772167995e+04
1.710273384224133406e+04
7.802459294080441396e+03
2.445972254844307099e+04
8.681156577755271428e+03
7.400731392111967580e+03
6.964039520223701402e+03
9.055787728869125203e+03
5.781650514801717691e+03
1.177501332065253700e+04
1.337172370167534064e+04
9.279876532492769911e+03
6.443164676785605479e+03
1.879114315835728121e+04
5.374478840493616190e+03
3.787465534186860896e+04
7.908478715541727979e+03
1.862971963507123291e+04
4.423695658199933860e+03
3.077026290523785065e+04
6.362413435349368228e+03
1.204708419441759906e+04
9.666060961732961005e+03
9.503021346613695641e+03
1.017239627454750007e+04
1.585714034056321725e+04
5.674254693789101111e+03
2.980780558323734658e+04
5.245350311904861883e+03
2.486107904395600417e+04
6.815486283390818244e+03
1.471544094573770417e+04
8.081867698515939992e+03
6.882425614219770068e+03
9.254735541700480098e+03
5.347780069285079662e+03
1.056912716344912042e+04
6.228099838333957450e+03
4.608294976979907369e+04
1.095296001482969041e+04
1.019738907023421598e+04
9.736335858339236438e+03
2.383432720469003107e+04
7.081492832505999104e+03
2.115147696354086656e+04
7.998661408204392501e+03
7.221204873064118146e+03
8.408345761728174693e+03
6.907173984213489348e+03
2.409513727020113947e+04
6.418006185371584252e+03
6.326175412827805303e+03
9.865397968335590122e+03
4.961802169959802995e+03
1.940996634324018305e+04
1.285723664448530690e+04
6.336952985100378100e+03
8.225698109389421006e+03
7.476572545999846625e+03
1.193055734522268722e+04
8.135503622406357863e+03
2.286136444903578013e+04
7.529831325911687600e+03
1.547438505003796126e+04
5.918605971161832713e+03
1.001140149597463460e+04
1.253583580384240122e+04
8.869947296265634577e+03
1.309169363748287105e+04
1.376342222907148061e+04
1.381634397918778814e+04
6.788640332172125454e+03
1.123745429474524826e+04
9.252099681884374149e+03
6.008077323555251496e+03
1.240852233389670073e+04
1.024572736496297330e+04
7.586118687284157204e+03
1.332979560517265963e+04
6.086971640971552915e+03
1.972613610541325033e+04
2.050061838690827062e+04
3.468635422243144421e+04
5.909288250449980296e+03
1.296815349720216363e+04
1.628569345566859738e+04
6.343614897898907657e+03
8.216793423191327747e+03
1.088115691179926398e+04
5.525472482647996003e+03
8.663009207026849253e+03
8.134522564906772459e+03
1.147307506609623670e+04
9.678126525703190055e+03
1.881566669170845853e+04
7.216804000283911591e+03
1.801680835280214887e+04
1.688826826621098371e+04
5.169773610058899067e+03
1.604794838350104146e+04
4.684658103371342804e+03
5.996063082312331971e+03
1.162797650467599669e+04
3.588421202382702904e+04
6.565531494008604568e+03
9.420233112476014867e+03
5.969895411020092070e+03
1.634425854085286119e+04
9.708311421664020600e+03
8.688652378489015973e+03
1.011852686221053227e+04
1.128650544820351752e+04
6.122160527384148736e+03
8.932611885483720471e+03
6.784554733745160775e+03
9.491145260336035790e+03
7.290524458767624310e+03
1.230123288981038240e+04
1.496436247594733686e+04
5.359090805593184996e+03
1.860035077187143906e+04
1.286807143816764255e+04
5.761121795688771272e+03
5.536572950907671839e+03
1.128385100971315296e+04
5.036839171403711589e+03
9.591502686519608687e+03
1.353999328459924254e+04
8.041895999150379794e+03
1.136736340873528206e+04
6.585472005533069023e+03
1.916065534854759244e+04
1.043484622376430707e+04
1.020658736678971400e+04
2.010022015253430072e+04
6.753469154266741498e+03
7.273168327870692337e+03
5.719520619267681468e+03
2.417156186876807988e+04
7.586044292757917901e+03
1.009168147274595140e+04
9.759874544631420576e+03
5.048355782424236168e+03
1.469460307014203681e+04
1.143129286430098546e+04
