6.509460549983916280e+04
4.596488479804309463e+03
1.285791125209578058e+04
7.239482166596653769e+03
4.880748909796966473e+03
2.453185390798173466e+04
1.699396357278565119e+04
9.542246239593074279e+03
9.974438661349264294e+03
1.256719089645824897e+04
1.831802041807862406e+04
5.200758551927068766e+03
3.069052265917877230e+04
1.831354301518893408e+04
5.017996047857091980e+03
1.339566222891837060e+04
6.985042026883405015e+03
2.310904434200066680e+04
1.611178651566250846e+04
1.108109857821911282e+04
1.805870693938167824e+04
7.296132330544422985e+03
1.513317589892226897e+04
8.972758720426250875e+03
1.399379060846592984e+04
1.456208317285916746e+04
8.142074994926070758e+03
2.230058004574124061e+04
9.948866816011261108e+03
1.043093093010742086e+04
1.220595999799567471e+04
2.629097141341250972e+04
1.736275200800161110e+04
1.568208055365423934e+04
1.440374414994541257e+04
8.461572571123904709e+03
9.571670273407144123e+03
7.049368140132899498e+03
1.123568913357010206e+04
2.721733091559817694e+04
9.591346009024153318e+03
7.342774414542108389e+03
1.222321165499481504e+04
4.447938597800887510e+04
2.191183751254680101e+04
9.678919719250952767e+03
6.758516599731617134e+03
8.668394096372221611e+03
1.745621235550261190e+04
2.135458341021319211e+04
1.766147090725746602e+04
7.640584322073532348e+03
4.825907471790549607e+03
2.316180186163977851e+04
1.403283180177492795e+04
1.392357890961736848e+04
1.686937618160912098e+04
2.216443876712727433e+04
1.578182037664883683e+04
1.320163697775629043e+04
9.231605026726343567e+03
2.482814707140814062e+04
7.593091138455794862e+03
1.462985249729020688e+04
1.167149393854889240e+04
1.439546305228285928e+04
8.530523075539720594e+03
1.866023797383662168e+04
9.023533039895890397e+03
1.145174121245988317e+04
9.781472643485572917e+03
2.054863705920955181e+04
5.868914680170433712e+03
1.825308611157510677e+04
1.830603159507478631e+04
2.791790127850854333e+04
1.127664327706322001e+04
1.032387713993905709e+04
2.007530542839003465e+04
1.068143483901882064e+04
1.751822037966274365e+04
8.025204792042940426e+03
2.367263218997982767e+04
8.093136947818044973e+03
1.140097572057043362e+04
1.561130533439284409e+04
7.647381741249871084e+03
3.028376112225295219e+04
3.173802330568636171e+04
1.410308593442954771e+04
2.054687504981066377e+04
5.465564367704605502e+03
2.073856661453438937e+04
7.227937079033379632e+03
1.252676318595494558e+04
1.459172776743090617e+04
1.322123905333063158e+04
9.568944967319193893e+03
1.288046184920439919e+04
2.053076150653537843e+04
1.782861282171215862e+04
1.093814998146055405e+04
5.043196481144300378e+03
2.905722341092085117e+04
2.687574102480916554e+04
1.498665404220149139e+04
1.620123426398394986e+04
7.323116867628071304e+03
1.066850791615548951e+04
2.607398903057536518e+04
8.032210479033467891e+03
2.536992014589041355e+04
1.294170620868257720e+04
1.103120467355868823e+04
1.461672786738053946e+04
1.976317754628861803e+04
9.775249894000329732e+03
1.134104668197811770e+04
1.336628876365795804e+04
8.544393497962108086e+03
1.104150480467742091e+04
3.590862503960950562e+04
1.109533525239402115e+04
6.403285748726220845e+03
1.267998702616896662e+04
7.402831077907542749e+03
3.797940537701033463e+04
1.546806943398494150e+04
3.509986353508789034e+04
5.047193581487221309e+03
1.363615618527525112e+04
1.223401510983758817e+04
8.956059414709412522e+03
1.480981759187299940e+04
9.369236744436024310e+03
2.595676567098244050e+04
1.682669564049397013e+04
1.284760323468639763e+04
4.657020759557429847e+04
7.334031577551240844e+03
2.113761535383255250e+04
1.303025760556148271e+04
7.608713412587140738e+03
1.903322908481839841e+04
7.721072276098539078e+03
1.407791592530576418e+04
8.206630978296332614e+03
2.352017459384610993e+04
1.571886873574126184e+04
3.316385264224471757e+04
1.318120342406542113e+04
6.475794624642675444e+03
1.475874425025440542e+04
2.173063175321291783e+04
1.530683357231718401e+04
1.348309146473659530e+04
8.530825770174953504e+03
1.328614795407419479e+04
1.752551062602583261e+04
6.681168603363017610e+03
3.418242192396584142e+04
1.383723084727242895e+04
6.743194529758427052e+03
5.271367935288955778e+03
7.743678923109014249e+03
1.886486197257479216e+04
1.126741750765223151e+04
1.137857054224521744e+04
6.344823318869543073e+03
1.174389056273317510e+04
1.057355945491159400e+04
1.599633186948289585e+04
3.096447664556065865e+04
1.364334130262886902e+04
3.905194294789263222e+04
4.307139567996605365e+03
2.246024117974129695e+04
8.824932917802074371e+03
1.037210782585556808e+04
2.421219095561130234e+04
8.673142151252661279e+03
1.952505157944797611e+04
4.554756307906698567e+03
2.800732635148184272e+04
9.945241807102882376e+03
8.877078689250945899e+03
1.797362163576205785e+04
1.708813069033394640e+04
1.482769032457039066e+04
3.084196643228546600e+04
5.920068709155309080e+03
2.928115375812462662e+04
3.077594711394059050e+04
2.598902790703320352e+04
7.217701576864483286e+03
1.787262619703001110e+04
2.288229232251754365e+04
1.167580915594555154e+04
1.730059501171658121e+04
1.269766791635123991e+04
1.116919907651409994e+04
1.440430580012181235e+04
8.294646006889950513e+03
1.591904857537272437e+04
1.952214858919067410e+04
1.082188912383296883e+04
1.010471810308643762e+04
2.414537322456760012e+04
1.360855060653228611e+04
5.769515080899013810e+03
3.673974719472871948e+04
4.629350287348950587e+03
5.460041378763333341e+03
2.503896782928501489e+04
1.568254630341648772e+04
1.040252510017491295e+04
1.518382906746541448e+04
8.179741467777971593e+03
8.584837276444701274e+03
1.706985532169300131e+04
9.652822555787886813e+03
1.291984983585848386e+04
1.768434395655310800e+04
1.408786825801643499e+04
6.319770890013415737e+03
1.499718878309128559e+04
1.620209230061574453e+04
1.024784386599191384e+04
9.601962462457231595e+03
1.949747903701794712e+04
1.002258231784708187e+04
2.948322464215909349e+04
2.704613554538990502e+04
6.943046272042559394e+03
7.669142859586851046e+03
1.495444214740911775e+04
4.139491641574286405e+03
1.600263327643730918e+04
8.311063553785910699e+03
1.675297438847646117e+04
1.565629928517164626e+04
8.624872112030801873e+03
1.241919796079198022e+04
1.512516558157309919e+04
1.903879270514540622e+04
2.337090888291945521e+04
1.356548556500401719e+04
5.330016801787955956e+03
1.049727618435350087e+04
2.270984611179643980e+04
1.229326701653096461e+04
2.547234815404716937e+04
2.441259708091353241e+04
4.270326054675241721e+03
1.287974152606913776e+04
2.303955232223859639e+04
