6.966801946299946576e+04
4.296889677729735922e+03
1.246496711128427341e+04
1.044947015134964386e+04
5.602969907207090728e+03
2.762398431133926715e+04
9.197133176060597179e+03
1.702580012501348392e+04
1.034768637779580240e+04
2.306128931959395049e+04
1.030817181395952502e+04
6.800519325861909238e+03
1.298095197564082264e+04
2.083474757300853162e+04
7.930210895585114486e+03
1.524700956525093170e+04
9.685372234192118412e+03
1.196707277128241549e+04
1.111736548483337720e+04
1.443748357274441696e+04
2.407918946039929506e+04
8.063186486682398026e+03
9.694437255145998279e+03
8.865461888217007072e+03
8.792927359017845447e+03
2.757271479488706973e+04
1.584788196946276003e+04
1.670481479265832604e+04
1.035250856754383858e+04
6.172339153896475182e+03
1.307560494114573703e+04
1.270794352826061549e+04
2.436482492865332460e+04
7.967252993533102199e+03
9.190658722884716553e+03
1.053057599435463635e+04
1.520148560564724903e+04
4.962900308530444818e+03
1.373338325465746857e+04
2.039491819301685609e+04
9.529056548612272309e+03
1.050395048961484281e+04
2.114536977956637566e+04
2.220885993228490406e+04
2.192639092023638659e+04
6.237691635221810429e+03
8.912777933990877500e+03
1.139336772469871721e+04
1.722462979742423340e+04
3.300198375447876606e+04
1.639724308183639369e+04
1.053358577426830743e+04
4.889588220466534040e+03
1.338805647686164957e+04
7.225387096587551241e+03
2.843615306746836359e+04
7.169915359304639423e+03
1.313557576854345643e+04
1.262353702874741066e+04
1.707173332273765482e+04
5.675529325227029403e+03
5.593603641502828395e+04
6.410802158798690471e+03
8.799686627241339011e+03
1.003240132096578600e+04
2.547009357839711083e+04
1.861746655911300695e+04
1.529883460040166210e+04
8.876229549511217556e+03
9.171732516621905233e+03
1.009068705696982579e+04
1.299755002095397685e+04
1.383404111456974169e+04
9.640053681891855376e+03
5.839798547535310718e+03
1.883020047389216779e+04
9.014947874091270933e+03
1.102575318520850124e+04
2.462455710632707269e+04
1.349821002020095511e+04
9.053368539819759462e+03
1.252205197872291865e+04
1.442993867497014253e+04
1.162620218324714915e+04
8.201201410257430325e+03
1.348156930924786138e+04
7.184367278530115982e+03
1.572971623968042149e+04
2.550969936007404249e+04
8.114605002463631536e+03
1.976523675664587063e+04
5.951367795982847383e+03
2.362613091330624593e+04
6.465631303884792942e+03
6.041114608947346824e+03
2.913991963263694197e+04
1.084037389373986662e+04
9.955709930656390497e+03
1.039852060034417264e+04
2.116312553552488316e+04
7.281136335207314005e+03
1.966647431604257144e+04
5.290308734310001455e+03
2.657023837214255400e+04
3.053344961362230242e+04
3.140086598982026044e+04
7.561054249956213425e+03
1.030784206280715080e+04
9.460047587072425813e+03
1.049547357271239889e+04
4.630089957210275315e+03
3.520274912618215603e+04
1.984418875858213869e+04
1.884405395918195791e+04
2.323350178563423469e+04
1.316512314629835600e+04
9.319224819354676583e+03
8.603711123363878869e+03
1.370970587742476528e+04
6.008981055818774621e+03
1.410238750753846398e+04
1.727498176233507547e+04
1.340256753027029663e+04
1.276481892005214468e+04
2.506307324844215327e+04
6.092844233911809170e+03
3.210777164176194492e+04
1.047384020061836964e+04
2.442036886022422550e+04
4.900390908980947643e+03
2.569281830205567167e+04
6.650793712199532820e+03
1.316605943161697724e+04
1.007753970962685344e+04
1.185972630136658154e+04
1.662104898272532591e+04
2.397789886149615995e+04
5.146899559245525779e+03
2.667228973152967228e+04
1.068076442345788564e+04
3.664042104170274979e+04
9.770028824340934079e+03
9.583025988479806983e+03
1.541105969230513256e+04
7.130158211930592188e+03
2.136227926909361122e+04
4.903542204974527522e+03
1.480462211308458609e+04
6.879051563811796768e+03
6.033859304727703420e+04
2.409574628091152772e+04
1.018976121016661273e+04
9.774540175683992857e+03
3.192803882455686107e+04
7.650479740738506734e+03
2.140438693457088084e+04
1.159525157450455845e+04
8.267552243375466787e+03
1.175351315899918882e+04
1.048185139730489391e+04
1.893464959335745880e+04
1.325889410944409792e+04
6.929200390351693386e+03
1.162969364812685126e+04
6.386931201417901320e+03
3.653161119588173460e+04
1.849317021315639795e+04
7.584931405487023767e+03
8.486682127554409817e+03
1.077536201058214283e+04
8.970612230028098566e+03
1.607152052134392034e+04
2.500719580506774219e+04
6.157490720395415337e+03
1.905661776697096138e+04
7.072666684764140882e+03
1.827991822501930801e+04
1.710955316755815511e+04
1.196081369818245548e+04
1.174723551433898501e+04
1.117507902528938394e+04
8.448064023237522633e+03
5.998199406133058801e+03
1.916708421270285180e+04
2.072960517772983076e+04
6.453836433210346513e+03
8.017715196129836841e+03
2.080808703375051482e+04
1.334658846657385220e+04
1.680961896207417158e+04
6.046083048937149215e+03
3.178067327909754385e+04
2.084656391036914283e+04
4.481974265861570893e+04
6.176324681196785605e+03
2.567826852933371993e+04
3.763490562436964683e+04
7.283059178435483773e+03
5.819623635438267229e+03
1.650338828823149015e+04
6.973500075795749581e+03
1.062740411071322524e+04
5.468548437108042890e+03
2.364213386960007483e+04
1.323079113340532058e+04
2.258982883967679663e+04
1.513599168028472013e+04
1.566358350844509550e+04
2.356572161741619493e+04
5.789304116113021337e+03
1.853158870550957363e+04
5.623212255776678830e+03
6.067846163284059003e+03
1.400755933002405254e+04
2.853551518089575256e+04
1.213797561494884940e+04
1.158655154497823060e+04
9.908209422048472334e+03
1.802811893438403058e+04
8.409487297045001469e+03
9.373049834575092973e+03
1.577447031950782184e+04
1.366367068112392553e+04
9.102486643128213473e+03
1.166944380554842792e+04
6.935113713840808487e+03
1.263029325027342566e+04
1.272088081857630277e+04
1.354000640625822234e+04
2.758533239548929487e+04
6.424119599844727418e+03
3.067585072417618721e+04
1.689692013103728095e+04
8.810737282379195676e+03
8.623732889615850581e+03
8.546007160914534325e+03
5.425178543852265648e+03
1.509959970979200261e+04
1.167701826445199731e+04
1.093517018608865510e+04
1.315884618106974995e+04
9.857329066859430895e+03
1.257352478728744063e+04
2.084045888690711945e+04
2.260617440253610403e+04
2.052721900990148424e+04
6.387475818696742863e+03
1.057162776217507053e+04
5.787590504082661027e+03
3.121549023767884864e+04
6.783151025608803138e+03
1.622226005694322521e+04
1.188905067072744896e+04
6.258278476838573624e+03
2.504718422414512679e+04
1.814037948395018611e+04
