4.771309358778323076e+04
3.974619628963893319e+03
5.389546102138312563e+03
1.024321681569830798e+04
6.159652794182478829e+03
2.134573530709373517e+04
9.641080560155867715e+03
6.620337256589347817e+03
8.848463136847534770e+03
1.826504074632994889e+04
1.057564806092831714e+04
5.531547902014676765e+03
1.423528962718240291e+04
7.789666094405980402e+03
5.502986678598683284e+03
1.118676522210084840e+04
5.791069745023874930e+03
9.688581524852179427e+03
1.075693198184107496e+04
1.039670659185302065e+04
1.246677064850103125e+04
9.193590008381830557e+03
7.338624611056261529e+03
5.949094825359730748e+03
6.895170652409576178e+03
2.170215793130102247e+04
1.118794519310491523e+04
7.569304994107545099e+03
4.693966518820730016e+03
1.006276092849214365e+04
8.301617989636071798e+03
1.302262634433829044e+04
1.246382788162753786e+04
5.539342434432144728e+03
1.038806314596931043e+04
5.905638416042296740e+03
1.064115962855080943e+04
6.654688969275041927e+03
7.337512939217245730e+03
2.143735830930827797e+04
9.593325351776904427e+03
8.061541710225644238e+03
1.135919285701412809e+04
1.024716243337920605e+04
7.368594857535302253e+03
9.166735860689281253e+03
7.530401646206738405e+03
7.456624966978337397e+03
1.189803902430750713e+04
2.393902290233721214e+04
8.369713683193276665e+03
9.339148626429774595e+03
8.349211461001759744e+03
1.130250963411474186e+04
5.612207370025198543e+03
1.392264168170260746e+04
5.015176015808391639e+03
1.391566632357428716e+04
8.294593935205168236e+03
1.526610724256956564e+04
7.157691959928328288e+03
3.373030592083773809e+04
8.782418880507277208e+03
6.155004427275356647e+03
7.690900232685611627e+03
1.128720016660693909e+04
8.024389413703896025e+03
6.783291984235877862e+03
5.302022450891558947e+03
9.926410973970379928e+03
7.023205088999255167e+03
2.295490408901917181e+04
1.184296360079322585e+04
5.616063115544684479e+03
7.193369073845994535e+03
3.165556784511047954e+04
6.785457490570763184e+03
1.043657382255189805e+04
1.261646500372583614e+04
7.714837861959766997e+03
8.301889014287287864e+03
1.429320289051845066e+04
1.895064903806150323e+04
8.063522140111047520e+03
8.262183109112149396e+03
1.250046556042379962e+04
9.108220806139122942e+03
8.284014769241250178e+03
1.342609252610500698e+04
5.648562189708550250e+03
1.606571886115028792e+04
5.618694299889668400e+03
1.965823957079437969e+04
5.959171718286823307e+03
8.512842665200183546e+03
1.438528007049241387e+04
7.333236665237564011e+03
1.164332593828582685e+04
7.151697018406569441e+03
1.729302747860913223e+04
8.224740938700659171e+03
1.576542994174195519e+04
8.711125708112293069e+03
1.371310133726578715e+04
1.746814335061996826e+04
2.479025897075812827e+04
1.051634443919693513e+04
6.253338097740921512e+03
8.425659638591761905e+03
8.891686875761424744e+03
5.413524018667686505e+03
2.286175614291428064e+04
1.790819086771957518e+04
7.018787901502290879e+03
1.055416093416623153e+04
1.104479664937359667e+04
5.271010596218193314e+03
8.231794322528368866e+03
1.167081352518397944e+04
6.230418605253893475e+03
1.096379675770864742e+04
9.268407291137304128e+03
9.425149288485987199e+03
7.081370424819674554e+03
2.017941093235497101e+04
5.863956640258697007e+03
1.241478250289283096e+04
9.644772313323730486e+03
1.384358295047436150e+04
5.893608220601726316e+03
1.306687777532229120e+04
6.784430298536826740e+03
9.583494193372327572e+03
1.195316765933878560e+04
1.085264549332660317e+04
6.445797822212863139e+03
9.438729186001177368e+03
5.811826914587763895e+03
2.658247714139402160e+04
5.331874157238585212e+03
2.761252194618567228e+04
6.562502761149475191e+03
8.279038817413860670e+03
1.388321506452087488e+04
6.162941193526807183e+03
7.490960853987010523e+03
6.966424627254713414e+03
1.858385662724103167e+04
6.251727844024885599e+03
4.711939381175017479e+04
1.086166291716028718e+04
6.561561562951852466e+03
1.335890591191742351e+04
2.579292872685882321e+04
6.123163239211671680e+03
1.027269384535189602e+04
8.305327760224901795e+03
5.831688595888917916e+03
6.895852980049430698e+03
1.190882787070823906e+04
2.738340059200903852e+04
7.460699524169771394e+03
1.219762955147288267e+04
8.179054839327613990e+03
6.323168454999903588e+03
1.831404501290000917e+04
7.352111107081674163e+03
7.403102650177842406e+03
1.004917363447023490e+04
6.667881289608974839e+03
9.288983752550639110e+03
9.574268618703961693e+03
2.507495828806060308e+04
7.532439334154071730e+03
1.311589438530627012e+04
6.070252881462578443e+03
7.813674571274428672e+03
1.826722259457257314e+04
9.349283958636842726e+03
1.097562033414419420e+04
7.932835299651640526e+03
1.106278369482906237e+04
4.657253678921857500e+03
1.473864960046548731e+04
7.880289112703788305e+03
7.671352412386600918e+03
7.914849792548153346e+03
1.824733460928130080e+04
8.594599372988090181e+03
1.561621286588140356e+04
5.975670718191558990e+03
1.830563344942727417e+04
2.122060437112524960e+04
3.457429461125587113e+04
8.426609242435357373e+03
1.098395272913872577e+04
1.422231155211594887e+04
6.062418545517443818e+03
6.902421526983193871e+03
1.550701789321898286e+04
5.496882695179569964e+03
8.923148798326252290e+03
9.410215774961576244e+03
1.148950240613977803e+04
1.009692226606037730e+04
2.349368733868015988e+04
6.864177967908992287e+03
7.293435852383053316e+03
1.198194585529650794e+04
5.881269954743993367e+03
1.195845703363753455e+04
4.530264917712578608e+03
6.949585486876730101e+03
9.510172151357312032e+03
1.327546441792581209e+04
8.827352791944249475e+03
9.031176648167052917e+03
7.785666589927133828e+03
6.735994100583843647e+03
1.209535310640703028e+04
6.663057310997945933e+03
1.033886253029718500e+04
1.406709439075245245e+04
6.170543299933573508e+03
8.642918242320847639e+03
6.972665971662138872e+03
6.383003133262560368e+03
1.675424807383380539e+04
9.124066925917191838e+03
1.280160713242331622e+04
5.324934862523354241e+03
1.927709645988454213e+04
8.213728678157898685e+03
6.700552907592510564e+03
6.085630485392594892e+03
1.018596972799982905e+04
5.871936901295935968e+03
1.128079056888335981e+04
8.148563439731707149e+03
1.314708483680586687e+04
1.224925703947762304e+04
6.190143954735116495e+03
8.450646118446569744e+03
9.865866160073330320e+03
1.099447634960569849e+04
1.982867703791013628e+04
1.176800670722017821e+04
9.240946792615672166e+03
5.693805542240295836e+03
2.542070261494905208e+04
1.395083348181184556e+04
5.936964739667197136e+03
7.650951660517957862e+03
5.925435592111178266e+03
7.831631386844846929e+03
1.043776516741938394e+04
