6.209888020935333043e+04
4.203428359127557087e+03
8.965363943412852677e+03
8.826119274810989737e+03
6.692975011295096010e+03
1.819315932646871806e+04
1.105501867415821835e+04
1.130774884429736085e+04
1.200518049474651161e+04
1.684935490177087922e+04
2.166685493491114903e+04
5.097893202706354714e+03
2.204979145405119198e+04
1.542379150063329143e+04
5.384367152440814607e+03
1.030053620805166065e+04
5.702480388379151918e+03
1.709832569699599117e+04
2.209897030372681911e+04
1.140954091043822518e+04
2.101797328558736990e+04
8.008325339269922551e+03
1.142033498213588427e+04
8.812226166922964694e+03
9.821341794853004103e+03
1.939758805513394691e+04
1.376254878725185881e+04
1.092885922179362024e+04
5.928846200571761074e+03
1.438564981353872827e+04
1.444695047578885351e+04
1.271102950973679435e+04
1.889691205506894039e+04
1.138925258642110930e+04
1.645685688023485272e+04
7.310324615804074710e+03
1.046808644590376025e+04
6.961513830510452863e+03
1.584274632573492818e+04
3.109599583596741286e+04
7.378654941338933895e+03
1.073445720421909209e+04
1.706565356265577429e+04
1.360010935259343751e+04
1.479941393336286455e+04
1.366390877627165719e+04
9.166356792138274614e+03
6.738938404339932276e+03
1.662121994301335508e+04
1.531632702996707849e+04
1.316034759028388908e+04
8.840872608451190899e+03
7.062843736122688824e+03
2.283288958091684981e+04
6.259137686136349657e+03
1.592479135909160868e+04
5.538434278283993990e+03
2.486482979727122438e+04
2.115137639127311195e+04
1.512625161729429055e+04
1.019916817267783335e+04
2.927329584025565055e+04
8.087543799235332699e+03
9.577883130921445627e+03
9.834444524057260423e+03
1.511848730601217176e+04
1.215586491702788044e+04
1.173753097861177230e+04
6.649392772017401512e+03
1.354475476640099987e+04
1.157695887117719576e+04
2.220246948699644781e+04
8.115181352977345341e+03
1.321061260803588448e+04
1.184855549815013546e+04
2.392000491306739423e+04
1.476687238147762037e+04
7.697968857019813186e+03
1.811646609894807625e+04
1.248163359219479025e+04
9.446917530550483207e+03
1.163652413152660120e+04
3.028340021670252827e+04
5.746875020607792976e+03
9.774331539034170419e+03
2.177169007090181185e+04
1.018639422895150346e+04
1.362700691582272157e+04
1.991088791200667765e+04
9.580921175605933968e+03
2.707684368510768400e+04
5.548094858991162255e+03
2.661627174197554996e+04
6.841241201255375017e+03
8.149297691821621811e+03
1.390035168966819765e+04
8.411499746108549516e+03
1.505554302064721196e+04
1.689448657018737140e+04
1.085997619310275695e+04
1.081910068381618839e+04
1.425653134884729116e+04
6.945839598991835373e+03
2.600570352301291859e+04
2.530773730033492393e+04
1.765227997104469978e+04
1.910996247189404312e+04
7.578394147418726789e+03
1.091636952634542467e+04
2.197021598387018457e+04
7.441835240376085494e+03
2.548330906082539150e+04
1.141616558893458932e+04
1.143341712086366897e+04
2.028008778890023677e+04
1.764091429388636607e+04
9.464169807174876041e+03
1.208442266260696306e+04
1.539388502864535076e+04
6.542172735755236317e+03
1.566115487333122474e+04
1.967501356541802306e+04
1.060898187343097015e+04
7.046432252805337157e+03
1.696846023746582796e+04
5.714735693943928709e+03
1.967050414316588285e+04
1.396357615337049538e+04
1.577074493301188340e+04
5.551288278981621261e+03
1.736569445913368691e+04
7.563253674320115351e+03
1.263577442152671756e+04
2.229832290793348147e+04
1.414160447295344238e+04
8.557620775441420847e+03
1.656668726270579282e+04
6.058535249905614364e+03
5.256527960591848387e+04
7.844319176835681901e+03
2.180858780125419798e+04
1.277969172455449370e+04
9.676864356798687368e+03
1.522897996756868088e+04
7.014504765619215505e+03
1.515215036948946727e+04
8.913963013230422803e+03
1.590358918629683103e+04
9.230105206230480690e+03
3.795068255980917456e+04
1.750530386961290424e+04
7.145616402386463051e+03
1.809887133431268740e+04
1.680488580459004152e+04
6.545412704909866079e+03
1.720632945004205976e+04
8.355797064597178178e+03
9.371753594385947508e+03
1.217205027022562535e+04
8.415587745993540011e+03
3.920703011108141800e+04
1.240720524157384898e+04
1.037328623969129876e+04
6.927480537764789005e+03
5.355595016361217859e+03
2.458083084217542637e+04
1.386144528576904668e+04
6.180408465557246018e+03
8.220614134515428304e+03
6.780588772634030647e+03
1.265049363580655154e+04
1.933081383073663528e+04
3.611733102478626097e+04
1.313301820575298007e+04
1.926951603696143866e+04
4.683600281924600495e+03
1.632609671956216698e+04
1.216259214245547446e+04
1.462484105633602121e+04
1.741862261962289631e+04
7.393266558925652134e+03
2.700975847881720620e+04
6.551333227909160996e+03
1.381231930465829464e+04
1.223790448496637146e+04
9.430301099224996506e+03
1.855435966205098521e+04
1.742213804414578044e+04
1.106274020359862152e+04
1.872553161004725553e+04
7.635764968846829106e+03
2.673739952635365626e+04
3.382924336884252261e+04
2.299022254136693300e+04
8.908202157936022559e+03
1.832650715788076195e+04
2.296436866193433525e+04
1.301745960213244507e+04
1.430369487061734071e+04
1.360548586394863742e+04
4.987682131627498165e+03
1.763536687976860776e+04
1.210711133393303317e+04
1.301902319483207066e+04
1.446406466063967309e+04
1.745609931350254919e+04
1.162650107690948062e+04
1.112310349994054195e+04
1.939081250150964115e+04
4.928320023445202423e+03
2.332303880691005179e+04
5.101124405913808005e+03
6.928559074199627503e+03
1.924181732948706849e+04
1.798604744400240816e+04
1.012139161281538145e+04
1.188211659513735867e+04
8.584229559002731548e+03
1.161666205292993982e+04
1.641948742571210096e+04
7.101701140384287100e+03
1.194223813412975142e+04
2.213746535959860194e+04
7.897080885280899565e+03
7.619929658449446833e+03
7.671709080384857771e+03
1.063610744484673342e+04
1.279567850912435642e+04
1.336327223907657390e+04
2.173649003210337833e+04
6.558786167880610265e+03
2.739777792163641425e+04
1.404957630132305167e+04
5.211008042021359870e+03
1.019447271411397014e+04
1.695237340462084103e+04
4.512058940602477378e+03
1.961834384745673015e+04
1.230960909651939255e+04
1.060064451969635411e+04
1.771927803594619036e+04
8.140336366353965786e+03
1.415109076681301849e+04
1.334804010422738429e+04
1.754275855592203879e+04
2.524633507610308516e+04
1.407133865072788831e+04
6.051161719039246236e+03
7.715483017051807110e+03
2.752793001360419657e+04
1.454787797268069335e+04
9.351341054415803228e+03
7.982427112720935838e+03
5.582808461695072765e+03
1.665171929141401779e+04
1.342779600431834479e+04
