4.270838602605981578e+04
4.583145044264327225e+03
2.221711287407280906e+04
6.104797278218954489e+03
1.610577871608988062e+04
2.001630824446515180e+04
6.088939546314923064e+03
1.666092663807531790e+04
1.520868697888055976e+04
1.793867611412484621e+04
8.184696140974291666e+03
2.030612254535107058e+04
1.564101015504628958e+04
9.506646924656222836e+03
2.604521752542791728e+04
1.018207519530779246e+04
7.408533409685828701e+03
8.164011895205655492e+03
4.223692047978883784e+04
6.502275477727561338e+03
1.527041090357966277e+04
6.891228501235948897e+03
8.236905075491886237e+03
1.664157950274770701e+04
1.637147812537147001e+04
2.096595229301782456e+04
9.662628503676702167e+03
9.684978052442616899e+03
1.574400899874905190e+04
8.008655638849898423e+03
3.014745320495285705e+04
8.975689751834850540e+03
3.444246772328416409e+04
6.036489565064468479e+03
8.538771153308684006e+03
9.390505806976412714e+03
1.465185698092242819e+04
5.972649808978542751e+03
4.405530797196786443e+04
1.797983805551043770e+04
1.085336122513643932e+04
7.749115590073804924e+03
6.856608006525611563e+04
9.038510069167041365e+03
2.151996555625884866e+04
5.986054187801064472e+03
5.213355204291869086e+03
1.476787583581280524e+04
1.038559955161301332e+04
2.163953024115402513e+04
1.014293625286598035e+04
1.734697452951611194e+04
6.163662781233166243e+03
7.708053081851919160e+03
2.015753042468997955e+04
1.572313736281083584e+04
8.501440265407427432e+03
1.915791323864696096e+04
1.879604414024011203e+04
9.379763232582114142e+03
1.319334068771893362e+04
3.765421477409081854e+04
5.883607998487127588e+03
1.694292108625770925e+04
8.699961213875412795e+03
1.492785013794904444e+04
1.892384817197314624e+04
4.348334709523501078e+04
1.496646658959707747e+04
7.194104777823663426e+03
1.879205945866716502e+04
1.100347041167545467e+04
2.186389731689783366e+04
7.605231454796720755e+03
8.560074497587291262e+03
5.614615806169585994e+03
2.039598320262530979e+04
9.184842615334180664e+03
1.615339037932324391e+04
3.163556991116099380e+04
1.535543065251599728e+04
1.371280944299725525e+04
9.370884388563990797e+03
9.315019002030876436e+03
8.228652310362364005e+03
1.084997203278781672e+04
2.543524175749036294e+04
8.775326381784136174e+03
1.158973859260643439e+04
6.887922802888671868e+03
6.695657692833745386e+04
4.232571956126718760e+03
2.526438346444405033e+04
5.068926436548024867e+03
4.184777063763296610e+03
2.387122875585943257e+04
8.128009433878875825e+03
9.544227590676213367e+03
1.293669457332680577e+04
1.095388820651474452e+04
8.282392518289043437e+03
1.374694382675177621e+04
8.858988189037243501e+03
6.430895891914236563e+04
1.602553595049254909e+04
2.346498576290636629e+04
8.706394359319376235e+03
2.698615060685792923e+04
1.606555288038005892e+04
1.416524766287583952e+04
6.699562421438625279e+03
1.582840009157780696e+04
2.117553679285166800e+04
1.188094962272543125e+04
6.479887287104797724e+04
6.696863512250143685e+03
1.679009557472065353e+04
5.786040737562365393e+03
5.864274809157293930e+03
7.638477034620129416e+03
1.918143356614426011e+04
1.011920362845030650e+04
7.819325276456121173e+03
1.047978082864185126e+04
2.171824503509229180e+04
4.945622667192308654e+03
8.401064443742136064e+04
8.206730982476337886e+03
1.690108645631796389e+04
4.389232627979261451e+03
7.694827213793662668e+04
6.387600363075350288e+03
2.372248796400866195e+04
9.563652130777136335e+03
8.541530826672211333e+03
1.294269077844250933e+04
3.630123857042631425e+04
5.321732295132130275e+03
1.708515545037893025e+04
8.259706125026939844e+03
2.338399345474651636e+04
6.543629539379624475e+03
3.894559689920947858e+04
6.431210090159524043e+03
1.531555803761829884e+04
1.621691063509248306e+04
6.017492458421822448e+03
6.181300591966576576e+03
5.797430331772057798e+03
4.397789342762129672e+04
1.406603129286680451e+04
2.546764214366312081e+04
1.130819000209764999e+04
1.981868119889699301e+04
6.437536734829656780e+03
5.009348228271482367e+04
1.400419853441026498e+04
9.282751362029350275e+03
1.618349173383621564e+04
7.093759828030670178e+03
3.496409262662275432e+04
5.759805209272383763e+03
6.173492364033989361e+03
1.914149276655658105e+04
5.082750221500245971e+03
2.330288959767726556e+04
3.564732615265767527e+04
5.014619443007485643e+03
1.132358766555091461e+04
8.150657660357862369e+03
3.087490577219672195e+04
7.627333113720315851e+03
3.632620155225897179e+04
8.354567938045485789e+03
1.105816581172074075e+04
1.119214674228716831e+04
1.622140914596486982e+04
1.419470382254145261e+04
7.756008475962886223e+03
2.139874129224226635e+04
3.587855813467327971e+04
2.091780744537667852e+04
2.031865154334772524e+04
7.827527790925025329e+03
1.796406151118940761e+04
5.880384708355573821e+03
2.200505055979114331e+04
1.157788929794113938e+04
6.099609542366526512e+03
9.445936647417085624e+03
9.338961900936013990e+03
3.146446896306273993e+04
2.778416402849858423e+04
3.353174237173854635e+04
5.336961641934423824e+03
2.316705931205389788e+04
2.362643483607895905e+04
7.326246162044693847e+03
1.181934700814588905e+04
8.069451422278096288e+03
6.351478132365533384e+03
7.249795802384302988e+03
1.780118874765893997e+04
1.246480259753542487e+04
1.302086104383863676e+04
1.990311638302841675e+04
1.240104842831229871e+04
4.191677645559574012e+04
2.957421185272408911e+04
4.960293241907733318e+03
9.312467551430690946e+03
1.118437494356954085e+04
9.632228362500096409e+03
9.820681352972511377e+03
9.033539068579237210e+04
6.254574210419898918e+03
1.547730509322712351e+04
6.449203020773235039e+03
4.637722371213105362e+04
1.013956577316699622e+04
1.604409944610708044e+04
9.531573265321938379e+03
1.017952088668967190e+04
6.540006391597182301e+03
1.563995599297597437e+04
5.262209837213571518e+03
1.817354077766879709e+04
6.376771814798174091e+03
2.892992704640127704e+04
1.949795902384299552e+04
4.738830910951783153e+03
2.411070610912026314e+04
1.362054218766838494e+04
6.115787568223602648e+03
5.724735065975162797e+03
2.024224905453633983e+04
6.577022718875735336e+03
9.753435671961398839e+03
3.619450103210437373e+04
5.877954301268322524e+03
1.584740381936333142e+04
7.308423878750266340e+03
4.933732357529123692e+04
1.016434927979541317e+04
1.071608510176614800e+04
1.584262735018872627e+04
5.412860723979183604e+03
1.117124332240042713e+04
1.104957611984833784e+04
2.181177732307873157e+04
6.974517026574621013e+03
1.227786103155392993e+04
9.462563686012730614e+03
8.554862838142355031e+03
3.863517985790460079e+04
8.490428899660853858e+03
