3.549739699943110463e+04
4.196926699351979551e+03
1.233721042621346351e+04
1.390697694293273162e+04
9.959434432331210701e+03
4.443068276599069213e+04
7.755086155192889237e+03
7.872051407681878118e+03
9.001349105829054679e+03
2.555920095432480593e+04
9.513499676050392736e+03
2.099916204423498857e+04
1.400166010435619501e+04
5.471598851884126816e+03
1.818249595310516452e+04
1.991126119633526469e+04
5.731755880297963813e+03
8.998246827013692382e+03
3.173371327861411191e+04
4.866917090256624761e+03
9.999795182429159468e+03
1.441777494538650171e+04
9.503644559934142308e+03
1.053767357948913741e+04
1.415207653823955479e+04
3.184472820382500504e+04
7.288213962887286471e+03
8.766131090354710977e+03
9.886654042741536614e+03
9.133678749826609419e+03
2.405035625137431634e+04
1.179462999554985072e+04
2.377364083640494937e+04
8.118636596903162172e+03
9.301104949365799257e+03
5.314807768928448240e+03
1.592915833637559081e+04
7.977507971948391969e+03
3.455797131765933591e+04
1.336932040643641085e+04
1.570339694140498796e+04
4.476545171300547736e+03
5.590856546426038403e+04
2.147005299712491251e+04
1.353288930328217430e+04
1.290554724358973544e+04
5.792783395471971744e+03
8.658891065192932729e+03
7.938617412851349400e+03
4.274039063794317190e+04
5.813085045586012711e+03
1.992946132694865446e+04
4.738423868878993744e+03
1.203475299347341570e+04
1.544433184254811385e+04
1.387247854971935521e+04
9.217288179961826245e+03
1.375431860500762923e+04
1.267762131103949832e+04
1.731071971739713626e+04
7.400549087543321548e+03
4.731626404259028641e+04
6.334142303341900515e+03
1.626619613592932365e+04
1.282346903239281528e+04
7.492312877070934519e+03
9.307366613564550789e+03
3.342388749819020450e+04
9.640966556939514703e+03
6.446680559687276400e+03
1.326817613581323894e+04
9.428139199601046130e+03
2.388296604994656809e+04
7.413314009925331447e+03
1.038769811487478364e+04
8.240884662380543887e+03
1.311655628294574126e+04
1.879082313731422619e+04
1.246083329983453768e+04
2.090426758202477868e+04
1.028638283038512600e+04
2.351194751499122140e+04
9.927214238371741885e+03
1.655397666518265760e+04
1.156502033682011279e+04
1.679194680626671470e+04
1.553280165496703376e+04
1.040146473754056024e+04
1.082195938455432588e+04
7.568895200342876706e+03
4.753139636332605005e+04
5.855259399383283380e+03
9.587557165202719261e+03
1.071858535407326781e+04
1.461830053813647828e+04
2.816353994597135170e+04
6.453358788737317809e+03
9.157592758118602433e+03
8.843625732604527002e+03
2.342417053264369679e+04
7.016934875565850234e+03
2.373347435062817021e+04
5.868723228100440792e+03
4.568434583202179056e+04
1.034194073964963718e+04
4.134262045431872684e+04
1.089758652168996196e+04
2.481672641481797109e+04
9.241726881972448609e+03
1.904170007619233365e+04
8.561323287896990223e+03
1.019361634132710788e+04
3.969051326183673518e+04
4.403605808819138474e+03
4.120960105009636754e+04
8.189602691109342231e+03
1.048245310381036143e+04
8.882827229057224031e+03
9.259208796820796124e+03
7.624306298537414477e+03
1.175144777984444045e+04
1.249486531915693013e+04
1.322352266804462306e+04
9.001660631900478620e+03
3.297681388762380084e+04
6.390251766427049006e+03
6.693390445254366205e+04
8.908772430458437157e+03
2.767339819148771494e+04
5.230246054396840918e+03
5.607694090785666776e+04
6.802660482166686052e+03
1.613580002634733501e+04
9.907641286067828332e+03
1.549879355287388171e+04
1.449295541218619655e+04
1.980108417493514935e+04
1.167169721905457300e+04
2.960865857900022456e+04
4.550048945170322440e+03
4.129776170181938505e+04
6.392870251257483687e+03
2.624456464020167550e+04
6.208734897876362083e+03
8.615722564584953943e+03
8.432664649264472246e+03
7.085255973084844300e+03
1.107943490862489853e+04
8.055579809571642727e+03
7.156752108955125732e+04
4.806202637767913984e+03
2.765722481216441884e+04
1.123081682265044219e+04
4.752944568142700155e+04
7.951709602181032096e+03
4.174226712162902550e+04
9.368078008559350565e+03
9.551807438789499429e+03
1.032950088557142954e+04
1.173521743638114458e+04
1.552743754155813258e+04
6.578731659119407595e+03
7.407990873767479570e+03
2.040369588643478346e+04
8.509294859894813271e+03
1.384145358226743156e+04
1.712381095657359401e+04
1.838844239941486740e+04
1.453219311966980968e+04
1.163655471482362555e+04
1.937807060797203667e+04
6.026374234194952805e+03
1.865245454651037289e+04
1.161536412812476738e+04
1.456921155360637931e+04
1.185476813856740591e+04
8.365943512418996761e+03
2.138953659123007674e+04
8.492620388218503649e+03
1.636614906241210338e+04
2.805449668286164160e+04
2.007107092651929997e+04
1.453251514748671070e+04
9.713087089068190835e+03
9.127738827145312825e+03
1.005087089039813145e+04
2.207265032151425476e+04
5.950005122187731104e+03
6.767041225873695112e+03
1.482137217532402792e+04
7.579882791292365255e+03
2.295911761026452223e+04
1.819666279810757987e+04
6.838406333683477715e+04
6.791289693499340501e+03
1.552442794608366603e+04
5.791867145360904033e+03
6.824101032159339411e+03
1.104559394943489497e+04
1.392129329135319313e+04
5.779724562553081341e+03
8.725477429426329763e+03
1.317400954943490251e+04
1.258089969533261319e+04
9.857808932365602232e+03
3.352506039674882777e+04
4.422106965491086157e+03
3.413026810346358980e+04
1.863105968245794429e+04
9.696324356592862387e+03
1.675020871203635033e+04
7.309791064961392294e+03
1.363379405664442493e+04
1.128803440186131775e+04
6.827288105090722092e+04
8.227335330595757114e+03
1.313750753097940287e+04
5.386242350740407346e+03
3.101991415792488624e+04
1.039867686206106737e+04
1.650875751959221452e+04
1.809846620854721186e+04
9.023932671540860611e+03
6.841909548801212622e+03
1.639466045919894532e+04
1.142479545021959711e+04
1.552226696500372782e+04
6.395247436932399069e+03
1.983279545383723234e+04
1.353672475772711550e+04
5.206651595913141136e+03
1.990963094599639953e+04
1.379921906373518686e+04
8.934680333865486318e+03
5.576367065104146604e+03
1.748434695057373028e+04
9.416411434695171920e+03
6.862164471985968703e+03
2.449248870325917596e+04
7.803335262115600017e+03
9.457766983968484055e+03
6.145018463933469320e+03
3.755041041063232115e+04
1.544618764625529366e+04
5.995810983748568106e+03
3.544332592508769449e+04
6.489081659762926392e+03
1.342196458912723392e+04
7.096374821679769411e+03
4.327390835590551433e+04
7.862034870480999416e+03
1.011020454354212779e+04
1.177215888081795129e+04
7.582276233785880322e+03
1.703026342140651468e+04
1.599424979123799676e+04
