7.750747307481995085e+04
5.274178829522117667e+03
4.782748953752550733e+03
1.967678450500404142e+04
7.790908829821698419e+03
2.630343919911245393e+04
1.505455531204802719e+04
9.020086064511300719e+03
2.011545124067475626e+04
1.813864353283167293e+04
1.291813113978006731e+04
1.073901842481651147e+04
1.333586415989558918e+04
1.172312626381503287e+04
6.107424602362470978e+03
1.719552997732572476e+04
9.891470992258626211e+03
1.140350281588492180e+04
1.169772985562090435e+04
1.228599489429682035e+04
4.088804209197566524e+04
1.017272295233622572e+04
1.539398634452142505e+04
6.059937538050555304e+03
1.931992133334416212e+04
2.006520285979485925e+04
1.708377192534296773e+04
1.304262066440584567e+04
5.652635070057069242e+03
9.456341119937176700e+03
2.321948977284696593e+04
1.769984778105615260e+04
3.416335197983548278e+04
7.653639127709775494e+03
2.497797891939076362e+04
6.980541323657003886e+03
1.266779752020132946e+04
7.147634367781623951e+03
1.562278334236024057e+04
2.117349103619599191e+04
1.304888722446671272e+04
6.729232057485303812e+03
1.676155298159013182e+04
2.157987586837109484e+04
2.367298897811177812e+04
7.884439315923403228e+03
1.662041096036539602e+04
6.251654842132197700e+03
2.583325356177394133e+04
2.885521299451570667e+04
5.416211458821464475e+03
1.187908267150469692e+04
6.268631139217541204e+03
2.146448141664882132e+04
7.447695634860427162e+03
2.178186870650890341e+04
7.905097245019918773e+03
1.314718235938309772e+04
1.018904103090253557e+04
3.713131580980012950e+04
9.093368871003220193e+03
3.254276313318183384e+04
1.135776980397044827e+04
1.192347809430033703e+04
2.504910522265491090e+04
6.583757893871704255e+03
1.635664767236752596e+04
1.276292443197395914e+04
1.360148618206190258e+04
1.432338962788762365e+04
1.100052790187188657e+04
1.727913694437908271e+04
1.585923058736864004e+04
6.506105135476701435e+03
7.406828146818984351e+03
2.841204636585366097e+04
1.237049195102584963e+04
9.846849348215204373e+03
3.930176093912329088e+04
1.236406870806217921e+04
1.237532691917183183e+04
1.496942341935201330e+04
1.907370162652647559e+04
1.123667790426730971e+04
8.568547820328476519e+03
1.444473717689306432e+04
7.421712131622166453e+03
1.341127780495179650e+04
2.673201224304208881e+04
1.363321956416752619e+04
1.637320296708060960e+04
1.044941052786211731e+04
2.085777280747172335e+04
8.610703866831159758e+03
1.875020080168954155e+04
1.962034198834025665e+04
1.503768560989971957e+04
2.345730498912322219e+04
5.760750267480239927e+03
2.092072693266882197e+04
8.846072775280614223e+03
1.606008738071779408e+04
8.543483108293425175e+03
1.701039618550948944e+04
2.971131448415540945e+04
2.452702532434948807e+04
1.555339987206601836e+04
1.410161724447327288e+04
6.801625321790823364e+03
2.101375828699212070e+04
8.620855211915797554e+03
2.957901116678001199e+04
2.696513664697140121e+04
5.141020797231994948e+03
1.432018860863251393e+04
1.942765770024466838e+04
1.496215372336462860e+04
9.088080967691710612e+03
3.017718849223350480e+04
6.670842355247106752e+03
3.163527378656379005e+04
1.057992392697459763e+04
1.962242517305078945e+04
8.326922415350265510e+03
2.717450119528985306e+04
8.766750490376962262e+03
2.603318522071472034e+04
1.465282815584397576e+04
2.310377824884616348e+04
8.016026816314653843e+03
2.071654530802993759e+04
6.364964424079489618e+03
2.842511769095508134e+04
7.291505757120216003e+03
2.161421384387760190e+04
1.304885070143440316e+04
2.577865177118938664e+04
9.183825176208119956e+03
5.256352174611500232e+04
4.800144490585877975e+03
3.716151828420835955e+04
5.568695276152084261e+03
1.026939644721606237e+04
1.934119840088901401e+04
5.790545763482714392e+03
1.768659663674656986e+04
6.954620116064329522e+03
2.277855209098456180e+04
1.081633123596407677e+04
4.575679290232923086e+04
1.782428248604586406e+04
1.766001643204162247e+04
1.539564369655820337e+04
3.005135557002578571e+04
8.752342534993504160e+03
1.466884920287828209e+04
1.458201989623506597e+04
1.653785772518295562e+04
7.405031367579535981e+03
1.326422316249558935e+04
2.793808015400391741e+04
1.529419148372854033e+04
1.323396502833664272e+04
1.098079389851227461e+04
7.714305278248710238e+03
1.997713340973692539e+04
6.325859922792334146e+03
1.915592741922829373e+04
1.030349736165740615e+04
1.431026934248584075e+04
8.671610536364509244e+03
1.988356819602310497e+04
3.143426753419329907e+04
6.152532230231074209e+03
1.851298265017052836e+04
8.086530715652144863e+03
1.383395391444920278e+04
1.356522841424655962e+04
2.783144008100366773e+04
1.074926079510522686e+04
1.465995535601974370e+04
1.095631825959540947e+04
7.985281082989232345e+03
2.003441941483960181e+04
1.576428207951961849e+04
1.587167781425538124e+04
8.884079051247084863e+03
1.126959718498421717e+04
2.395296826117508681e+04
1.384988154428383314e+04
1.523889999875777721e+04
3.451669670447167300e+04
2.362936241883741241e+04
4.535196458438216359e+04
1.231636796567928468e+04
2.047811859914076558e+04
1.032237979889329290e+04
6.433111116982682688e+03
8.703681367321572907e+03
3.232512612980538688e+04
5.732568254590430115e+03
1.706793217506109067e+04
6.980769327734893523e+03
1.479208492966859740e+04
2.408950447124543643e+04
2.455847484312816596e+04
4.758391322941986800e+03
1.181860211875317509e+04
3.649608077071992739e+04
6.399966601496795192e+03
2.886321172075553477e+04
4.628682551546356081e+03
1.158417952400087597e+04
8.650668917601073190e+03
1.970404965041279138e+04
1.556080762489035988e+04
1.263816905751003105e+04
7.606973647289750261e+03
1.089241243882932031e+04
1.151088342785153145e+04
2.270622530980610463e+04
9.168989184437239601e+03
2.667995601440529572e+04
1.114652675094354709e+04
1.104456801363616796e+04
1.076705053500748545e+04
1.965641174439050519e+04
1.815205323707099160e+04
2.388024509045707237e+04
6.930321036056153389e+03
1.234029741748056222e+04
3.532941001283361402e+04
3.249636595448007574e+04
6.603638093506972837e+03
8.883081019599696447e+03
1.083773005651716267e+04
1.194172855119349333e+04
1.175181877323138906e+04
1.263535081616684874e+04
1.691635002146342595e+04
1.053397924654630333e+04
1.654362015404640624e+04
1.188308815341568879e+04
2.065382607026496407e+04
2.205019010274458196e+04
2.145451454471987381e+04
1.130924198259295918e+04
1.030388210565054396e+04
6.819875288191527034e+03
3.253360769087325025e+04
1.370779099837879403e+04
7.304565500352405252e+03
1.228812735935840101e+04
6.867707112223381046e+03
7.800554504700026882e+03
2.255395696522757135e+04
