1.312224894546014257e+05
7.179222343424132305e+03
2.274886347479524193e+04
1.341634946338121517e+04
2.201626273513511478e+04
9.241819973540703359e+03
2.547931204263575273e+04
2.373953336608990139e+04
4.184913886662103323e+04
7.413879546221016426e+03
2.541752189386753162e+04
1.195463447692834234e+04
2.216033501975458785e+04
2.255554421905842537e+04
2.099493726986450201e+04
1.220221551787493445e+04
1.601732229944828396e+04
4.397303048996713187e+04
2.391774311187785497e+04
2.309911712831200930e+04
3.778014569302728341e+04
5.130434668797846825e+03
1.007666046856010871e+04
1.805140605339825925e+04
1.721349695606838213e+04
6.396531104818204767e+03
8.165431368740109974e+03
3.487282048201083671e+04
1.375219371685057558e+04
2.819632954943854565e+04
3.806494792100030463e+04
1.635305546547937229e+04
5.542473572179737675e+04
1.977167775392584736e+04
1.102075553697720352e+04
2.636708287861488498e+04
1.736596584062670809e+04
8.788058498875536316e+03
2.981811488150138757e+04
3.175291290813135856e+04
1.001528137807056373e+04
1.352894054953765226e+04
3.620494312065577833e+04
4.415750578457501251e+04
2.398731518408938064e+04
7.414104373126876453e+03
1.613499149054442205e+04
1.093814411553642276e+04
4.886251714920074301e+04
7.060367793542251093e+03
1.612789394613262630e+04
1.710930951662383086e+04
1.257321629188117549e+04
2.791899793196688915e+04
2.381878220171579596e+04
1.709005927912241896e+04
1.733975980469623755e+04
1.687576528373438487e+04
3.034897599053975500e+04
8.345701890180514965e+03
2.214938967381190741e+04
1.918312989261967596e+04
2.240052482548201806e+04
2.197516925250764325e+04
2.463156388587185938e+04
2.260528628416255015e+04
1.218597285322656353e+04
3.963119692893982574e+04
1.200906385347523428e+04
3.810820724834552675e+04
3.024711758014269799e+04
1.071171090393048871e+04
1.262190598054465227e+04
1.795128479118236646e+04
1.030760332541803655e+04
2.034093441114164307e+04
2.186462644670569716e+04
6.740160218840682319e+03
2.270104798240913078e+04
3.594310043899153243e+04
4.758969369187662232e+04
4.620684061523030323e+03
1.641924003884068952e+04
5.578636293213939098e+03
1.367566113875027622e+04
1.600529360593220918e+04
4.239988151101528638e+04
2.441198397700065470e+04
5.652425544182510203e+04
7.309311138106508224e+03
6.564905260893449304e+04
1.296009336943503877e+04
7.459601228537881980e+04
5.558921088125265669e+03
1.061905966912599615e+04
2.150775477135026813e+04
2.899965024383313721e+04
1.461346378906066275e+04
1.869642764139824430e+04
1.109963003736315659e+04
3.823056028711782710e+04
6.698458522473423727e+03
1.532400533795236151e+04
5.045621996162210417e+04
7.215860004084509274e+04
5.112055183824248161e+03
1.627483997927701057e+04
2.691874418545889785e+04
1.333513998167380487e+04
1.948949017414969057e+04
1.639694007223965309e+04
3.142495348283927888e+04
1.066208942768551788e+04
1.627820568499707042e+04
4.992052189521169930e+04
3.684347878764016059e+04
2.758788670354492206e+04
2.058113732180080842e+04
1.286868361870771696e+04
6.044334107681656860e+03
4.121754055103203427e+04
2.706233569700070075e+04
6.855506642876893238e+03
1.740173048668211413e+04
1.064545193516978543e+04
6.191305233986597159e+03
7.392845061263156822e+04
2.594170673191221431e+04
2.892551144712698442e+04
7.906530230001711971e+03
5.594629988001083984e+04
1.167804655335327334e+04
3.078695928577756422e+04
1.276039201851538564e+04
7.252839339859681786e+03
3.411237489383301727e+04
5.101253887505210150e+04
1.076556545357787763e+04
3.264653946537088996e+04
1.283942173293644555e+04
3.115253685000832411e+04
1.021599171741750251e+04
2.314270395521738101e+04
3.522386284279590473e+04
1.057484988595475988e+04
3.220270309366556103e+04
1.913113658814872906e+04
1.107004129593126709e+04
2.414867282346120192e+04
1.022517518300793563e+04
2.512299425387530937e+04
2.205200472205034748e+04
3.037944717493218923e+04
7.437444248088906534e+03
1.018788696088445977e+04
3.158581146167121187e+04
2.718770063189997381e+04
1.214514460370012057e+04
2.802727045298553639e+04
1.075965833716572888e+04
1.175060945519355300e+05
3.093819790172861758e+04
1.372479090804631232e+04
8.474428163279724686e+03
8.405200713847840234e+03
1.930383489043346708e+04
3.521558448761772888e+04
1.169231237455639166e+04
9.989281978461143808e+03
9.284848051033643060e+03
4.505570683748357987e+04
2.859343971843668623e+04
1.211834690146732755e+05
8.421315563218118768e+03
2.695420706417417023e+04
6.598697120206960790e+03
3.226292585809498996e+04
9.344253395095436645e+03
1.282725914414401086e+04
2.353008270617173912e+04
2.060636077730897887e+04
2.732367302090350859e+04
1.474376325326681581e+04
2.695619604398481897e+04
2.344119587637771110e+04
2.363485635446394372e+04
1.731054481002374814e+04
1.260777242627602936e+04
3.179061463564690348e+04
1.811479188838838672e+04
5.935941814531881391e+03
7.331085674374116934e+04
4.230945794485810620e+04
6.967797852969663836e+03
1.279281152340699919e+04
4.757730098616177565e+04
4.120878392733250803e+04
7.323212950147652009e+03
1.988495786100385521e+04
1.261425092418257009e+04
1.071681494219793058e+04
2.343692942232847054e+04
1.996075848055120878e+04
1.203288294007234254e+04
5.211459075695344654e+04
4.243552693029952934e+03
1.838660109715462022e+04
3.644511094689238234e+04
2.973595933491048345e+04
6.050928683677066147e+03
3.519986028688923398e+04
1.206379415658365360e+04
1.150947823059827169e+04
2.470164324705528634e+04
5.372236712220346089e+04
2.810269089992366207e+04
2.595869487532943458e+04
2.424342711073479950e+04
2.912926813274084270e+04
9.624509343025954877e+03
1.116461652171772948e+04
1.097961900464126302e+04
1.713375336977263214e+04
2.286817411670813090e+04
1.036827809884275121e+04
1.576960963014903245e+04
2.630030440342463407e+04
8.547325276524072251e+03
3.499751045043770864e+04
1.784017294428497189e+04
7.315307544893789782e+03
7.235343889255683462e+04
2.975640127518617737e+04
8.807747912292452384e+03
1.039363950714685416e+04
1.701916449132682828e+04
5.381502014029638303e+03
3.889522526893038594e+04
1.970931451852172177e+04
1.090385713148380091e+04
2.089492356115857910e+04
8.134361495602882314e+03
3.212741232347022014e+04
2.328115085521040965e+04
5.093738737044582376e+04
7.050128538503223353e+03
1.308578351966117771e+04
1.195276584803547848e+04
2.452584934896352570e+04
2.323420114243256103e+04
1.885692121972700988e+04
1.798135829755763916e+04
2.966934766305342055e+04
5.067257692942643189e+03
3.920854517908352136e+04
3.108919432226013669e+04
