4.390551904250548978e+04
3.590128521107051256e+03
1.030032045284907690e+04
6.714529870309336729e+03
7.199865980054184547e+03
2.250058473721159680e+04
7.713793857776893674e+03
8.874455247848090949e+03
9.714287400326567877e+03
1.605087623083207836e+04
1.128755954418132205e+04
8.664413353915882908e+03
1.621563910967355696e+04
1.038861886353047157e+04
9.994601557232383129e+03
1.023983141834119306e+04
4.916178161192200605e+03
1.030725524783892979e+04
2.236556006370736213e+04
6.010587480086673168e+03
1.469111606165377088e+04
7.434445811644099194e+03
9.184399319978561834e+03
7.710143279457224708e+03
1.015211894579637192e+04
1.946331129953401251e+04
9.538370488401855255e+03
8.539988880345646976e+03
7.471369414592725661e+03
7.405507903781212917e+03
1.573342407002591972e+04
1.093766326167669649e+04
1.961830360240529990e+04
6.413391504021345099e+03
1.159592054365658259e+04
5.562937055531549959e+03
9.948617130269949485e+03
5.739354924893719726e+03
2.135541547640878707e+04
1.758046003053832828e+04
8.745736805549913697e+03
6.405976244734438296e+03
3.259206638787159682e+04
1.637371941892490941e+04
1.550787134504823553e+04
7.691470810937263195e+03
5.720625763998122238e+03
7.221289878602624412e+03
1.006673724402911103e+04
2.231358118653562997e+04
9.544334852698451868e+03
9.442913356737877621e+03
4.401905352638817021e+03
1.290980736064647135e+04
9.734248408853709407e+03
1.419311032706886181e+04
6.826994764241645498e+03
1.577869009469845696e+04
1.280097367339621269e+04
1.350398026563705753e+04
7.451731730716467609e+03
3.378245181240807869e+04
5.899052053237474865e+03
9.226546144990870744e+03
7.369419317166785731e+03
1.133312898019259956e+04
1.165199973567438974e+04
2.033766486253991025e+04
8.255527163478895091e+03
7.705225190521684453e+03
9.185417488217568462e+03
1.141248925138578124e+04
1.241788678185814024e+04
7.694490820102838370e+03
8.268415523139537981e+03
9.897091362621897133e+03
1.102993268703026843e+04
8.832275708833924000e+03
1.689473675726028887e+04
1.396630796781493518e+04
9.637734304500459984e+03
1.136739936067695089e+04
1.396605615313002090e+04
7.629706400153851064e+03
7.406534440554009961e+03
1.307975772955574394e+04
1.131060373715874994e+04
1.143747074514245105e+04
1.311392671045506177e+04
7.595402648746345221e+03
3.505576124282364617e+04
4.268548727169894846e+03
1.807711361587493593e+04
5.913435775446910156e+03
5.978874358803598625e+03
1.662738905983154109e+04
6.709743965360841685e+03
8.867420962700851305e+03
9.481583120164814318e+03
1.281903276600154823e+04
7.803257751205027489e+03
1.359625690610044148e+04
5.846800123371186601e+03
3.324567610232727020e+04
1.467640496388426072e+04
2.178072007342584766e+04
1.172783697939365629e+04
1.186456914495479396e+04
9.127276073424322021e+03
1.560450936033695689e+04
5.205354039078169080e+03
1.644038629314685750e+04
1.644561870045616524e+04
8.347160389499753364e+03
3.014494722601001195e+04
8.740933045690828294e+03
8.941270736640184623e+03
7.129667163788564721e+03
9.885244916656656642e+03
5.750806068962605423e+03
1.344023138485816889e+04
1.443619707980283783e+04
9.770991542231022322e+03
6.340234567111452634e+03
1.856225603636057349e+04
5.389231700010843269e+03
4.427352442831981170e+04
7.930611669528598213e+03
1.865768392222791590e+04
4.330017014810748151e+03
3.622096904048182478e+04
6.180553869946051236e+03
1.416595407706046899e+04
1.098806907190258607e+04
1.006205567484717540e+04
1.028847699348972856e+04
1.907547625373031042e+04
5.631910341820787835e+03
3.410636834450968308e+04
5.472470320283052388e+03
2.350124973277123718e+04
7.458827709133601275e+03
1.734711189280069448e+04
7.700297769044512279e+03
7.557869049674323833e+03
1.053340600898509001e+04
5.445424742202169000e+03
9.905292470281990973e+03
6.187586024036074377e+03
4.472910733918646292e+04
1.231883829435639745e+04
1.153845443120306845e+04
9.984769331274535944e+03
2.209525379865607465e+04
7.309023869151164035e+03
2.464606131576007829e+04
8.193477412583953992e+03
8.144165300225500687e+03
9.383162640559570718e+03
6.381425125138012845e+03
2.597327298624064133e+04
6.517177608763744502e+03
6.284383350969027560e+03
1.027800554408651442e+04
5.003552675327362522e+03
2.082255535549632259e+04
1.562895326006570394e+04
6.068742097090453171e+03
8.085313471931617642e+03
7.641103878394505955e+03
1.425303211127119539e+04
9.090378866591256156e+03
2.452893378807491536e+04
8.119373312756056293e+03
1.618934026001776692e+04
5.909601326800897368e+03
1.113660720959429091e+04
1.156502500028883696e+04
1.020287850617816184e+04
1.440711824519727634e+04
1.610002387154150529e+04
1.674541604240406741e+04
8.321502972074111312e+03
1.082653818747123114e+04
1.052517411663147504e+04
6.061963285764057218e+03
1.504190664582368845e+04
1.007260864870818841e+04
7.640592942100319306e+03
1.342696611473888697e+04
6.797308876884309029e+03
2.045535155842687527e+04
2.214176042546879034e+04
3.309239208691075328e+04
6.032108110530314661e+03
1.387102045524320602e+04
1.752012306446650473e+04
7.175211163766848586e+03
9.624202505537490651e+03
1.101941860235081003e+04
5.392526479544349968e+03
9.541671809051958917e+03
9.494785454094180750e+03
1.180355776056992909e+04
1.039878332051275902e+04
1.819517856484421645e+04
7.971231368059946362e+03
2.085959775315168008e+04
1.989735580249771010e+04
4.718573107018016344e+03
1.758875282900406091e+04
5.219303084173074240e+03
6.178843443974859838e+03
1.276717866965629946e+04
4.242517853417887090e+04
6.213343159870557429e+03
9.926982991497927287e+03
5.883527485827964483e+03
2.011797481241921923e+04
1.011492464980401201e+04
9.790506879305245093e+03
1.017260006575674197e+04
1.256805829136158536e+04
5.959081447740455587e+03
8.948330016073105071e+03
6.520086397300484350e+03
1.120727881916381557e+04
6.866505132836932717e+03
1.465540143698995962e+04
1.633639007118255722e+04
5.712038811216573777e+03
1.871560788306601899e+04
1.439661790961294355e+04
5.542237271802394389e+03
6.114519826497189570e+03
1.249276980710253156e+04
4.913929479321413055e+03
1.033713158646999000e+04
1.646612810981224175e+04
7.581531057832595252e+03
1.215442015757997069e+04
7.145539075218412108e+03
2.298885658268511906e+04
1.044869955985042543e+04
1.066138659444283439e+04
2.063952504006307208e+04
6.990293206736303546e+03
6.904261118805980004e+03
6.099185759918727854e+03
2.391723408318635848e+04
7.779063873439989948e+03
1.064741349103238827e+04
9.648023596135968546e+03
5.382288887695933226e+03
1.767606248002928623e+04
1.135346683866209059e+04
