2.303393482712516925e+04
4.276241530709557992e+03
9.501609454487366747e+03
9.024459354066504602e+03
4.474153732244429193e+03
7.502904785522689053e+03
7.880206462073470902e+03
4.640183359588662825e+03
5.114748441044743231e+03
1.591661189799156637e+04
1.314463984276698829e+04
6.599634565643958013e+03
9.567047379452091263e+03
4.383526434899530614e+03
3.922691153841233245e+03
6.246351128733998848e+03
4.859634892699031298e+03
9.095625365761727153e+03
7.208055985136623349e+03
5.397086314544726520e+03
4.206050015214199448e+03
4.240823184640037653e+03
5.081164238270344867e+03
4.948148287633195650e+03
8.945288288253172141e+03
4.203772060879866331e+03
4.660468128207225163e+03
6.368391374633841224e+03
5.220357700847645901e+03
4.845438364113160787e+03
4.767610948086384269e+03
5.393622096361890726e+03
4.546340842565570711e+03
7.271124170621315898e+03
3.866391627159960535e+03
1.003771521308750744e+04
4.779302107464054643e+03
4.591235329447441472e+03
5.146989406255319409e+03
4.390313227698554329e+03
6.680005106676593641e+03
5.617169995977774306e+03
1.000723138859087339e+04
3.833625796115890353e+03
4.198838249216782970e+03
4.782681551722474978e+03
4.416066346997793516e+03
3.960804471287829983e+03
9.943807604340914622e+03
7.317527414833010880e+03
1.037034711360991787e+04
8.246160968899072031e+03
5.532077154415190307e+03
4.472499451412806593e+03
5.270035137973271048e+03
4.195819356975444862e+03
7.509696244829970055e+03
9.483519544354963728e+03
8.872956545651784836e+03
9.647248572747041180e+03
5.344658687961385112e+03
4.116279116140482074e+03
4.573214923370709585e+03
4.389985326528209953e+03
5.707074780633080991e+03
5.440331858659066711e+03
5.555157383103397478e+03
6.207822486581666453e+03
4.591281489527896156e+03
4.177209452923179924e+03
4.731814492579678699e+03
4.023574973499856696e+03
5.668203603409372590e+03
6.480774141012816472e+03
5.812354441321234845e+03
5.326830450541754544e+03
3.989089075821907045e+03
3.864696856551521250e+03
3.815712681489852457e+03
4.361384967055216293e+03
8.945669878732300276e+03
8.372777568071038331e+03
6.515206077678332804e+03
1.194799913684268176e+04
4.846750958854096098e+03
5.092991817172005540e+03
6.744882924820734843e+03
4.268198265424991405e+03
1.030919850449871592e+04
7.682450540396149336e+03
1.646680210449974038e+04
5.894967597376444246e+03
4.298568399802360545e+03
5.556021468698541867e+03
4.136335497105460490e+03
6.502898182411498965e+03
6.742906113727205593e+03
1.198136384644220016e+04
1.310197164006835192e+04
7.345099940876860273e+03
7.986665762132006421e+03
3.894469676450537008e+03
4.489908429493048970e+03
4.397408372667587173e+03
1.161871852395239694e+04
6.244278793359834708e+03
6.406146798883752126e+03
1.320176784072161536e+04
4.395327396995188792e+03
6.383759447479906157e+03
6.216041655892219751e+03
4.752082536196040564e+03
1.156311171383809597e+04
4.480790895739469306e+03
4.525739035025732846e+03
8.302759420935151866e+03
7.205333416940028656e+03
5.130476708777398926e+03
4.786830876946551143e+03
4.710398861700386988e+03
4.281803399622697725e+03
1.333892605742797605e+04
7.228558456872066017e+03
4.572670264587757629e+03
6.012161512208664135e+03
7.385993852293267082e+03
4.339662473251860320e+03
4.565336231002325803e+03
4.493123923236256815e+03
4.912658800497159973e+03
4.700276924220492219e+03
4.408337626612686108e+03
5.995519760858651352e+03
6.555719944805445266e+03
7.793319873778405963e+03
3.735579008672474174e+03
4.664464486230689545e+03
4.607229001928423713e+03
3.447933865184247225e+03
4.411008697889106770e+03
6.422825587920608086e+03
6.021284164863145634e+03
4.724955710019177786e+03
8.098029668243707420e+03
5.335650508177597658e+03
4.210788979547302006e+03
5.066488098208017618e+03
4.362108746560190411e+03
6.721034166588564403e+03
1.056151132664224860e+04
7.550190231323729677e+03
1.104129173853905559e+04
4.152662791536262375e+03
5.444863146876206883e+03
4.364420080743827384e+03
5.229885029617245891e+03
1.253983692932454869e+04
6.285232361469026728e+03
1.300222057281351044e+04
6.843490366911294586e+03
8.327262654606834985e+03
4.380187570483209129e+03
3.718494302805710959e+03
7.122062635468321787e+03
4.966855683398456677e+03
1.584310164604870079e+04
1.372837476850344137e+04
6.095927787559481658e+03
4.426886584724205022e+03
6.333894699318703715e+03
9.729984914253449460e+03
5.012568810454313279e+03
1.756835857169447263e+04
4.688100455020043228e+03
6.787697057829873302e+03
1.209652904687286173e+04
5.508623398819496288e+03
4.606477311178266973e+03
4.518855035683413917e+03
3.965610487881007430e+03
9.808721824672284129e+03
5.477983009512103308e+03
5.709608858805791897e+03
6.897856295812222015e+03
4.924256454651647800e+03
5.467386939766341129e+03
5.180696527854440319e+03
4.328176174870786781e+03
4.203719911152596978e+03
1.137203541741104527e+04
4.928010875198893700e+03
5.848978011426575904e+03
3.981033526431594510e+03
8.046754092909175597e+03
4.811720316797876876e+03
4.542181903862181571e+03
1.595333664919988041e+04
4.995588834950201090e+03
8.930666677610530314e+03
1.040508657504004623e+04
8.098759214619643899e+03
4.536781773766909282e+03
5.028596064011735507e+03
5.403438217830713256e+03
5.942577454128233512e+03
1.200044406473100207e+04
1.204352268731072581e+04
6.577552813900507317e+03
4.537095100348324195e+03
6.153169563504484358e+03
4.848420432377633006e+03
5.359936615411193998e+03
4.816834588006724516e+03
9.822198152590073732e+03
1.119219119707609570e+04
3.999531054589418545e+03
5.911592950995204774e+03
4.592733471692412422e+03
5.725949252363046980e+03
4.958997495246290782e+03
1.232968788896840306e+04
3.986410144612109889e+03
4.494560861763571666e+03
8.227036048360179848e+03
4.744243906817338939e+03
4.749987382002447703e+03
4.144441276198094783e+03
5.105717381818907597e+03
5.272417583781950270e+03
7.670627529368418436e+03
5.078274254214948996e+03
6.635083700174494879e+03
4.327915821966304065e+03
4.131913626830503745e+03
4.343582226866607925e+03
4.442844736455901511e+03
6.930331507585075997e+03
4.950448682174041096e+03
6.195468806211642004e+03
5.505173629116650773e+03
6.841252760195709925e+03
4.885221266503604966e+03
5.521800751795872202e+03
5.001342622498371384e+03
7.515496420804144691e+03
9.403783584104126930e+03
1.156296851404851441e+04
7.103101809791792220e+03
5.104770287694241233e+03
4.860062343097848498e+03
5.845925251231527000e+03
4.131995011302327839e+03
9.967732485142874793e+03
7.668025817965653914e+03
7.737150479321085186e+03
1.148156914111928563e+04
