1.797205484322385746e+04
4.895948749086062890e+03
7.230354998540072302e+03
1.223070379451125154e+04
5.195803395077974528e+03
1.047861871233442798e+04
5.862605909323271590e+03
4.098764214805331903e+03
4.267006580820087038e+03
2.123328874847935003e+04
9.676243645791886593e+03
8.510659930828796860e+03
7.085101040028602256e+03
4.143067593846942145e+03
4.794859997968926109e+03
8.385246533481787992e+03
5.722254861513191827e+03
6.673428891156752798e+03
9.738348554109647012e+03
4.833808516785920801e+03
4.570532232117623607e+03
5.488348036342741580e+03
4.269701802494303593e+03
4.155285570153350818e+03
1.219275889633132829e+04
4.232392705869142446e+03
6.151346565895377353e+03
5.157035794974788587e+03
4.316536470313534664e+03
4.728154637810602253e+03
5.590263514145145564e+03
6.809606823984492621e+03
6.376245516346563818e+03
5.761845445092707450e+03
3.913272885448141096e+03
7.133352490747774027e+03
4.673801167567580706e+03
4.895769318061331433e+03
6.311129011506232018e+03
5.756465021374073331e+03
9.403549909226752789e+03
4.742339092096657623e+03
1.299191355738507991e+04
4.356671804457591861e+03
4.609953537882129240e+03
5.753009728074121085e+03
4.407348118961173896e+03
3.801236286363488944e+03
7.075842706152820938e+03
1.022028428313484619e+04
7.390308554021864438e+03
1.120183990991174142e+04
4.406926367293679505e+03
5.565507135592029954e+03
4.124037419066049551e+03
5.140624973841791871e+03
5.634006415919643587e+03
1.313478873411370114e+04
6.395528481043251304e+03
1.359128729020174615e+04
4.418176875954583920e+03
5.511660388424230405e+03
4.176504842828007895e+03
5.377284442432451215e+03
8.412454696860539116e+03
4.721491384066102000e+03
7.102194902295880638e+03
5.110027198879064599e+03
4.034636274479450094e+03
4.236113689793718549e+03
4.297165233182216070e+03
3.969239978102684290e+03
7.715162338756113968e+03
5.178386152357768879e+03
7.914555319067459095e+03
4.378281645904214201e+03
4.404739974250425803e+03
4.652364014023255550e+03
3.912522091408226970e+03
4.752414839211302024e+03
6.412664842598325777e+03
1.108678144114103270e+04
4.743297841632727796e+03
1.619189457582055729e+04
4.258919545136290253e+03
6.456611668997096785e+03
5.253773994830495212e+03
4.858128738859344594e+03
7.716247205772768211e+03
1.025546491594166400e+04
1.225821036855118109e+04
7.992095217049642088e+03
3.433887154228506915e+03
6.617920271720191522e+03
4.943680669186469459e+03
9.028553287651682695e+03
5.517144746672792280e+03
1.601119143801058635e+04
9.274464421650594886e+03
9.926013487051121047e+03
5.556342233890901298e+03
4.082329486053601613e+03
3.859544099719850237e+03
5.896107489373393037e+03
8.038231427952906415e+03
8.417400859350927931e+03
4.814682162971434991e+03
1.758527983617799327e+04
4.282330807244482457e+03
8.502122016838908166e+03
4.700200779037680149e+03
5.630245668684087832e+03
1.604811810519547544e+04
4.676511187974696441e+03
5.186730273671191753e+03
6.232133651209452182e+03
5.483186163757929535e+03
4.289283092772451710e+03
6.484361154952528523e+03
5.775998875435991977e+03
4.019090572416604573e+03
1.004894460003410313e+04
9.954209963710585725e+03
4.126426748661001511e+03
8.367614584419638049e+03
1.002518647597525887e+04
3.825859616259535869e+03
4.561212895918320100e+03
5.441695040875947598e+03
5.808703492246157111e+03
4.438867408286650971e+03
4.443044452762754190e+03
7.764715863320931021e+03
4.883123652679058068e+03
1.094653382287505701e+04
4.122568034538821848e+03
3.884419694207317661e+03
4.124738553825893177e+03
3.840477777313397382e+03
4.341981729824036847e+03
9.052104766489706890e+03
5.013768308020959012e+03
5.370276943308772388e+03
6.483961483143950318e+03
4.151846584291047293e+03
5.287519039855464143e+03
4.491883325396628607e+03
5.599407453274552608e+03
5.540448969356179077e+03
1.454751251890125059e+04
5.422384173113294310e+03
1.483396590330670915e+04
3.755017673192562597e+03
7.761054924057420976e+03
3.841760703346278660e+03
6.641169254073163756e+03
9.066838750190137944e+03
8.444733773554384243e+03
9.289621291728115466e+03
9.160230647118016350e+03
5.679294912244784427e+03
4.734540806476654325e+03
4.612248877148746033e+03
1.004028560266120985e+04
5.017932853275298839e+03
2.074089442467067056e+04
9.900669371875359502e+03
8.614010607234129566e+03
4.336385356867747760e+03
8.695095605957698353e+03
7.078822997151803975e+03
4.217509353968437608e+03
1.309225614600638801e+04
5.797540353885588956e+03
5.128974732903485346e+03
1.633881270187550945e+04
4.371368028889045490e+03
3.888118817959610169e+03
5.353717251656109511e+03
5.121406590695167324e+03
1.316009521178431169e+04
5.155407247987675873e+03
7.113150037814388270e+03
5.286499459871243744e+03
6.304177983990941357e+03
7.520031233759028510e+03
5.298210522144565402e+03
4.336824853962481029e+03
5.003184934279242043e+03
8.353719984824432686e+03
6.871452061682949534e+03
4.806847821451716300e+03
4.847084290258047986e+03
1.087061861654986933e+04
4.116731385303734896e+03
5.601533306302959318e+03
1.195555148814017957e+04
6.793161280031437855e+03
6.632527471130785671e+03
1.429548511993210195e+04
6.510564558080220195e+03
4.249553185651826425e+03
4.622197669987771405e+03
6.686637346960331342e+03
4.907587386064617931e+03
1.652597965446616217e+04
8.633676982792352646e+03
9.083426368974949582e+03
6.117284394702070131e+03
8.236295373798820947e+03
3.875170523607129326e+03
4.765947264869560968e+03
5.574372693006559530e+03
7.241238653235458514e+03
1.466779185723709634e+04
4.620756934636861843e+03
4.837615660420464337e+03
3.728892030434554272e+03
7.206654346416824410e+03
6.674452247982102563e+03
1.655927064454974607e+04
4.800720664759798638e+03
5.420510999651547536e+03
5.934099594820998391e+03
5.225925639841920201e+03
6.297154603768673041e+03
5.269156200442083900e+03
6.444558148901550339e+03
6.096039279828462895e+03
5.454137448071499421e+03
6.490278924085370818e+03
5.022069632705164622e+03
4.334582412765614208e+03
4.490940134117678099e+03
4.532732752873946083e+03
4.363926379129435190e+03
9.519354506169451270e+03
3.785585334511501060e+03
7.808870567684060006e+03
4.857428519226779827e+03
5.345801595006756543e+03
4.977094744287510366e+03
5.114520057828578501e+03
6.476444650695450036e+03
5.719796706828306924e+03
1.305683066581150706e+04
8.575861352751962841e+03
1.005456985191403510e+04
4.573871813432890121e+03
6.530935570778870897e+03
4.269294547501087436e+03
4.051475318952279395e+03
7.354830232402746333e+03
1.022759565517897863e+04
5.660009791671782295e+03
1.560021328884737341e+04
