1.561141735104613690e+04
5.331366584589271952e+03
6.442926939520153610e+03
1.308380121468208017e+04
5.786889328217058392e+03
1.177889814932402987e+04
5.022380849449868947e+03
4.078590931612223358e+03
4.411074117137146459e+03
2.326881495400454151e+04
8.806423191908150329e+03
1.000707493708298534e+04
5.858024289573242640e+03
4.741548020846041254e+03
5.316417841415801377e+03
9.249230493340171961e+03
6.315892455880963098e+03
6.045141272477601888e+03
1.138562260354541286e+04
4.221245427370962716e+03
5.222009154004019365e+03
6.145234694751323332e+03
3.962204171562368174e+03
4.271044428157411858e+03
1.376457226770481975e+04
4.049669995710080002e+03
6.966924440097549450e+03
4.442500976475519565e+03
4.359373327491967757e+03
5.150764179725234499e+03
6.091288878801442479e+03
7.024612903553941578e+03
7.225425201602193738e+03
4.750070598684911602e+03
4.674261981116180323e+03
6.750894463729059680e+03
4.695143962584076689e+03
5.621257080457672600e+03
7.298426713745720917e+03
6.233592867033492439e+03
9.999170273730949702e+03
4.612490051081166712e+03
1.553546445326041794e+04
4.153834165423246304e+03
5.171504303776485358e+03
6.354961444255008246e+03
4.248284440701373569e+03
3.946506670115999896e+03
6.517431613314267452e+03
1.113074708485096016e+04
6.793871703337463259e+03
1.289179195063675797e+04
4.650167195133777568e+03
6.566453394235097221e+03
4.328195159731860258e+03
5.566133634785888717e+03
5.020452144187394879e+03
1.488854065242358229e+04
6.363322736925726531e+03
1.489372058040759293e+04
4.350081384082555815e+03
6.170776659890476367e+03
4.174171763694279434e+03
6.146495664719448541e+03
9.435604605959137189e+03
4.852715679075125990e+03
8.404326428407061030e+03
4.658000086333921899e+03
4.098261024518811610e+03
4.798039462758477384e+03
4.869398015568149276e+03
3.959779960659646349e+03
8.865911342570556371e+03
4.812589076819104775e+03
9.282013215872095316e+03
4.047863056454504658e+03
4.476334617327256638e+03
5.141424834944929898e+03
4.415065198758780753e+03
5.143729317988929324e+03
5.542410173094176571e+03
1.296373989620546854e+04
4.245492960433894041e+03
1.780758863660013594e+04
4.097573041787417424e+03
7.819729899665878293e+03
5.204267545532983604e+03
5.108579405523652895e+03
6.780553245912877173e+03
1.212787781977476334e+04
1.172500180512733277e+04
8.124028302266693572e+03
3.892470980941816379e+03
7.789766922987557336e+03
4.999952464906048590e+03
1.020913603022416646e+04
4.868784750122948935e+03
1.816455149619987060e+04
8.959706286559590808e+03
1.070898232526969696e+04
5.360847600142431475e+03
4.325606125715122289e+03
4.694322200833178613e+03
6.880037789821692968e+03
7.745268179807159868e+03
9.713117549304297427e+03
4.929172578483736288e+03
1.986064411592300894e+04
4.540584275545265882e+03
9.936154268055572174e+03
4.642007291696231732e+03
5.540976224195788745e+03
1.763656890522534013e+04
5.398323875767038771e+03
6.524823881784046534e+03
5.070611333168897545e+03
5.160362299105925558e+03
4.132962918612033718e+03
6.305256596388275284e+03
6.660698425851343927e+03
4.091197159287402883e+03
8.601762890926860564e+03
1.091813668365827834e+04
4.104622776072120359e+03
9.189502124710386852e+03
1.141110628124916548e+04
4.197023663801890507e+03
4.099488018526548331e+03
5.115952892421577417e+03
6.339913833136133690e+03
5.235397333545384754e+03
5.023656572126606989e+03
9.235487495634126390e+03
4.843735619707012120e+03
1.219951216025561916e+04
3.863494924662195444e+03
4.000261514708342474e+03
4.379026018292666777e+03
4.057630571282555138e+03
5.378142278165058997e+03
9.824608511705067940e+03
4.847265521409402936e+03
6.327044981778370129e+03
5.371560903654783033e+03
3.767179868319759407e+03
5.951290309455895112e+03
4.527718442462728490e+03
5.869358319196935554e+03
5.017012029089548378e+03
1.607173839650197078e+04
5.746991023310290984e+03
1.700262751977904554e+04
3.869355527824959609e+03
8.324896503704407223e+03
4.329174804836201474e+03
7.800351951004826333e+03
8.157273865384681812e+03
9.754042245626247677e+03
8.506473376268975699e+03
1.010660279233728943e+04
5.244481691618704644e+03
4.656482900641210108e+03
5.428736410545360741e+03
1.109225133479377109e+04
4.898086269692377755e+03
2.324934270908921826e+04
9.324840773344345507e+03
9.039106152850161379e+03
4.416042560436273561e+03
1.002131506505105426e+04
6.767699207452917108e+03
3.882327404594046129e+03
1.217819800632271654e+04
6.262744082349267046e+03
4.591392550540067532e+03
1.858555637376217783e+04
4.266453281623620569e+03
3.949203326973566618e+03
5.557811437798645784e+03
5.679152621988994724e+03
1.488948943224637696e+04
6.184522676607672111e+03
8.617480041629556581e+03
4.827835342321192002e+03
6.935226076341196858e+03
8.830812090811788948e+03
5.409511149828220368e+03
4.344637040505660480e+03
4.727791108358351266e+03
7.065411457231318309e+03
7.554278581722503077e+03
4.139173025685870016e+03
5.082159576916912556e+03
1.220667263875874960e+04
4.144488327247936468e+03
6.433465499338655718e+03
1.048819868355757353e+04
7.552162821168209121e+03
6.172240533380435409e+03
1.522037714237140972e+04
5.257631600099037314e+03
4.774760232148185423e+03
5.085373523739735901e+03
7.131612359046506754e+03
4.138853695973711183e+03
1.848383216135248222e+04
8.052176783512260954e+03
1.029732207397152888e+04
7.099119924005296525e+03
9.070889403046354346e+03
3.565756754530892067e+03
4.710129336185506872e+03
5.850641881788158571e+03
6.720529538979277277e+03
1.709402386657654279e+04
4.699663340472764503e+03
4.190471013033829877e+03
4.128511178216254848e+03
8.614802921911228623e+03
7.641820808876110277e+03
1.864233328376715508e+04
5.104508134136855006e+03
5.699038663120851197e+03
5.002091193141628537e+03
6.003034064335386574e+03
7.287443031435019293e+03
6.093953192128876253e+03
6.871809821635226399e+03
7.142562957608060970e+03
4.954333137267825805e+03
7.486094618420464030e+03
4.550182745389815864e+03
3.744949980727560160e+03
4.681965517112053931e+03
4.650499890890378083e+03
4.937925451919936677e+03
1.058691931311794178e+04
4.074332482312997399e+03
9.269471311101173342e+03
3.997215493439450256e+03
4.856485233609410898e+03
5.830174814601721664e+03
5.811701812534131022e+03
6.970145337191279395e+03
5.443528039290884408e+03
1.469187451889017939e+04
7.527042137700644162e+03
1.119569183229584996e+04
4.362629381515482237e+03
7.208596905011304443e+03
4.095767348358787785e+03
4.619664847646225098e+03
6.400570120464833963e+03
1.207382864322154273e+04
5.841229171484492326e+03
1.702737126692098900e+04
