2.462147645148489391e+04
4.916208125188846680e+03
1.085656586847339531e+04
8.001099558854002680e+03
4.518419347989449307e+03
6.450893597416354169e+03
9.089999688224484998e+03
4.586696550444051354e+03
5.091105612640934851e+03
1.427917434859014247e+04
1.502950475287387781e+04
5.810233411857268948e+03
1.118507408202599072e+04
5.036064420875618453e+03
4.492793998294341691e+03
5.585784420540257997e+03
4.797014659504735391e+03
1.015108032888867274e+04
6.092544045905945495e+03
6.011441588287498234e+03
3.799002178428837851e+03
4.310205049279265040e+03
5.766403073685856725e+03
5.063697406118297295e+03
7.861624763965860438e+03
4.636290397924063655e+03
4.363924595533116189e+03
7.131713997563867451e+03
5.239259642310914387e+03
5.536035968592806967e+03
4.194891252584930044e+03
5.414656024629226522e+03
4.117661295001087638e+03
7.713978261605620901e+03
3.812489041631392865e+03
1.048502691366151339e+04
4.726394575279093260e+03
4.782223411214388761e+03
4.802100179357688830e+03
4.168388700062423595e+03
6.368903469218212194e+03
6.068598405210275814e+03
8.508146835981937329e+03
4.046611814170501020e+03
3.684656718613451631e+03
4.337357327907835497e+03
4.807551183410139856e+03
4.342782897480989959e+03
1.127478507814067962e+04
6.998517909714948473e+03
1.145842247879116439e+04
6.991627674495292013e+03
5.907168367604508603e+03
3.887242683933171065e+03
5.889650421130740142e+03
4.394838450120385460e+03
8.386815755922234530e+03
8.169567628834753123e+03
9.555762122722895583e+03
8.671253267495580076e+03
5.933754923910097204e+03
4.111569615946804333e+03
5.345760322752125830e+03
3.818287936739542147e+03
5.679386417408097259e+03
6.609983455894560393e+03
4.969442311904013877e+03
6.919735248467525707e+03
4.824580869985682511e+03
4.380198629316657389e+03
4.466753294729951449e+03
4.384926819113125021e+03
5.182796325921550306e+03
6.617243338249212684e+03
5.280221598958250979e+03
5.925068483441737044e+03
4.152307745786160012e+03
4.540243348842597698e+03
3.922371846628393541e+03
4.303076222722963394e+03
1.022169234941602190e+04
7.126321556525500455e+03
7.451453198386701843e+03
1.079694549355441632e+04
5.233913286481201794e+03
4.388437610576506813e+03
7.182544981281338551e+03
4.418303311713957555e+03
1.187655123183189971e+04
6.597106636705121673e+03
1.773941287808508059e+04
5.935052392033281649e+03
4.547629845597250096e+03
5.160299130463760775e+03
4.210038788810664300e+03
5.567242060301492529e+03
7.957964565146914538e+03
1.034619283490466842e+04
1.428487628144536575e+04
6.932221956693026186e+03
8.612681679542467464e+03
4.232916430473560467e+03
4.577621944796563184e+03
3.887718141378470136e+03
1.312414241228867468e+04
5.469554622471863695e+03
7.347242204405825760e+03
1.140765167110408765e+04
4.551189934168731270e+03
5.487025245610078855e+03
6.540736900413057811e+03
5.207276586576459522e+03
1.068177954167385724e+04
4.278889443462680902e+03
4.048940098577965728e+03
9.382723382458847482e+03
7.362199946574221030e+03
6.101333861090306527e+03
4.395688720471511260e+03
4.008675851210112796e+03
4.411164530904813546e+03
1.547614065775758172e+04
6.438125163902461281e+03
4.780153910977747728e+03
5.463412067862210279e+03
6.669118957283544660e+03
4.447386922606530788e+03
4.801793856160307769e+03
4.503943326395398799e+03
4.614897341492495798e+03
4.842829486345885016e+03
4.948018246204558636e+03
5.395178156363936068e+03
6.947586072978565426e+03
7.201828572622561296e+03
4.197330256394485332e+03
5.180203287783025189e+03
4.702220520913566361e+03
3.447355958118094350e+03
4.389863763383931655e+03
6.174007547214116130e+03
6.506638087631901726e+03
4.456486204200664361e+03
9.969709201278004912e+03
6.167366731601135143e+03
3.723026028561693238e+03
5.321670668735949221e+03
4.459308301019381361e+03
7.727439726653383332e+03
9.486551580361572633e+03
8.553344877398829340e+03
9.717412058598840304e+03
4.157311584128427057e+03
5.126703513396115341e+03
4.905088221980102389e+03
4.166306229650369460e+03
1.413772016552291461e+04
5.421282055356641649e+03
1.432166748146587088e+04
6.321251958040773388e+03
9.272239178201516552e+03
4.387347695457800910e+03
3.941327674189882600e+03
6.674789357870153253e+03
5.843652671005694174e+03
1.395528433285661231e+04
1.492302065107405178e+04
5.813489339083378582e+03
4.540935625121496741e+03
5.384650833985451754e+03
1.074504268310816406e+04
5.252324497046940451e+03
1.930931062986961115e+04
4.309244949293268292e+03
7.919340221437979380e+03
1.082333219037748859e+04
5.952266782512189820e+03
4.999593112782071330e+03
4.411211868585548473e+03
3.777711779825913254e+03
8.311416642451151347e+03
5.106997364413229661e+03
4.857943037362703762e+03
7.862691548999970109e+03
4.593817027473458438e+03
5.234880345782989025e+03
5.286090964225859352e+03
4.725970686550563187e+03
4.297651966572546371e+03
1.301506236313628324e+04
4.818064002608090959e+03
6.579488074129671077e+03
3.989441270771966629e+03
7.245771927884000434e+03
5.398858853533217371e+03
3.807808880292264803e+03
1.800373189465270116e+04
5.110391048758085162e+03
9.875052181145634677e+03
9.901885751417759820e+03
9.593664465810932597e+03
4.454702429013892470e+03
5.117228317655692081e+03
5.318143528540980697e+03
6.865126966244346477e+03
1.080162979465907483e+04
1.391753133846952005e+04
5.612916966290555138e+03
3.935520293585975196e+03
5.667903819429818213e+03
5.435468595137204829e+03
5.538344302551329747e+03
4.414603566211280850e+03
1.099294082407651149e+04
9.336577396134636729e+03
4.149296570170327868e+03
6.906371882183150774e+03
5.073909588158157931e+03
5.138321914473408469e+03
4.554879774119995091e+03
1.075140047693195083e+04
4.101682567745332562e+03
4.214287580115291348e+03
8.827483145517107914e+03
3.929062858532621249e+03
4.016206472215242684e+03
3.715592934237754889e+03
5.256733501608676306e+03
4.343108954931210974e+03
8.438541248497851484e+03
5.360061579179166984e+03
7.264983941162940937e+03
4.663815612526112091e+03
4.929116304324832527e+03
4.809973712091490597e+03
4.537554097408745292e+03
6.074144681448937263e+03
5.420295756330528093e+03
5.210751816523291382e+03
6.580015099324292351e+03
7.852334378837899749e+03
4.507155736676182642e+03
5.603415774462911941e+03
4.379336790105886394e+03
8.502692814623202139e+03
8.270082406053237719e+03
1.321992820287605173e+04
6.560208693218861299e+03
5.367323801390597509e+03
4.439264527435113450e+03
6.998997991047081996e+03
3.833883721684235752e+03
1.143890125012442695e+04
6.899343234811895854e+03
8.384425760596972395e+03
1.046897435216966915e+04
