2.330236041306508923e+04
4.776822572892257085e+03
1.026117026659541261e+04
8.762589075807874906e+03
4.416415210289313109e+03
7.295668092090189020e+03
8.158985840500863560e+03
3.728150086355023632e+03
4.723452006062465443e+03
1.557842274789776457e+04
1.364523481901535160e+04
6.488986670080250406e+03
9.686132043090630759e+03
4.235469424109223837e+03
4.065792753474450365e+03
5.566314287486243302e+03
4.080017036941702827e+03
9.426932093824523690e+03
7.536968271874155107e+03
4.803721784961859157e+03
3.745334488340075950e+03
4.202627841778380571e+03
4.649789112981378821e+03
4.737507709619466368e+03
8.619088487192764660e+03
3.963886510366984112e+03
4.175808938610112818e+03
6.406864790275786618e+03
4.853130208456201217e+03
5.497692924347395092e+03
4.902975186486814891e+03
5.036260543545015025e+03
4.324985001386621661e+03
7.303845257264677457e+03
4.343680697530075122e+03
1.017685186710059861e+04
4.239480769139929180e+03
4.336000624234320640e+03
5.166142717052853186e+03
4.141314750662082588e+03
6.635351002927588524e+03
5.394076673082169691e+03
9.998125620288079517e+03
3.982097724103513428e+03
3.806006916848607489e+03
4.358416548772123861e+03
4.259669204797064594e+03
3.699724914789342620e+03
1.003858438670194664e+04
6.772910940621148256e+03
1.060380952310333305e+04
8.121243009979712042e+03
5.083106488442139380e+03
4.449054593424546511e+03
5.693034699591307799e+03
3.607385722938430263e+03
7.814878534715715432e+03
9.570703174731635954e+03
9.355324757702484931e+03
9.275382038659830869e+03
6.256918898935617108e+03
3.572582155899252939e+03
4.619389646926172645e+03
4.688622677734863828e+03
6.291793418031988949e+03
5.306236089363050269e+03
4.898078731818588494e+03
6.526322281749663489e+03
4.431979460628737797e+03
4.328551326327695278e+03
4.762690603160343016e+03
3.815339846665117875e+03
5.380051948026466562e+03
6.549147185597918906e+03
6.145444945547742464e+03
4.820292417113553711e+03
4.321954239120824241e+03
3.915905819912460629e+03
3.435552327736394091e+03
3.991528200750382894e+03
9.195674105935255284e+03
8.106001521612835859e+03
6.614939020679087662e+03
1.165154546397705417e+04
4.937639946093948311e+03
4.934089216898396444e+03
7.205296596441639849e+03
3.896295689336976920e+03
1.012175946883379947e+04
7.508690429883051365e+03
1.715960960777511718e+04
5.880904283821657373e+03
3.887960267608710637e+03
4.659797254299315682e+03
4.297400960418049181e+03
5.884066925204608197e+03
6.552222295210518496e+03
1.189861283394810016e+04
1.358879695896944577e+04
6.491524681588284693e+03
8.098912988733661223e+03
3.430545260909576882e+03
4.135313831991968073e+03
4.444602404558097987e+03
1.197884647244696498e+04
5.509696763496416679e+03
7.103580905693306704e+03
1.306217175523791775e+04
4.449065621057248791e+03
6.378940717663924261e+03
6.777939988356616595e+03
4.006666798833617577e+03
1.106658065587570673e+04
3.798431028302102277e+03
4.679398364876316919e+03
8.807688298820477939e+03
7.037705986979223781e+03
5.506764567851992069e+03
4.347277997206140753e+03
4.175511804262241640e+03
4.024392058264079424e+03
1.399790792207337472e+04
7.059643905222612375e+03
4.050435571946673008e+03
5.611970822625961773e+03
7.262361875057100406e+03
4.449046419459983554e+03
4.409989482895660331e+03
4.264417051485847878e+03
4.159864508085647685e+03
4.684810160089323290e+03
4.571812026421574956e+03
5.780043413834473540e+03
6.481462889776037628e+03
7.640772590725722694e+03
3.634522078386511566e+03
4.650477486695383050e+03
4.717091788998317497e+03
3.464121456769298675e+03
3.960263524912439607e+03
6.064624120237494935e+03
5.565929399714779720e+03
4.757769471467066978e+03
8.327014652912810561e+03
5.513580535965654235e+03
3.944173141474438125e+03
5.505268646931852345e+03
3.676249069445018904e+03
7.115672572923362168e+03
1.005800541776927821e+04
7.443092589110648987e+03
1.092257066164352909e+04
4.162029454691924911e+03
5.011770730147719405e+03
4.487602894632924290e+03
5.033009978247355320e+03
1.274713430923912165e+04
6.238384212125207341e+03
1.337016117488117197e+04
6.039005810598589960e+03
8.649711721576855780e+03
4.589147016387161784e+03
3.548680991158811594e+03
6.866319568923554471e+03
5.416080377198519272e+03
1.475262022514461933e+04
1.446128728963931098e+04
5.978632667715204661e+03
4.605043388713474087e+03
5.884615169129876449e+03
1.040665964414111295e+04
4.533555428468507671e+03
1.846778836634112668e+04
4.863159754680094920e+03
6.897178119192421036e+03
1.189833796017816894e+04
5.045141868817178874e+03
4.265719528009964051e+03
3.975811024399953567e+03
4.310566144094983429e+03
9.528343102117831222e+03
5.867846420413174201e+03
5.623316550482517414e+03
6.327205869496952801e+03
4.233841451564213457e+03
5.897229119563361564e+03
5.217144453451125628e+03
3.738676561095729539e+03
4.109282165569034078e+03
1.152646885153018593e+04
5.370292251444458088e+03
6.187513196560455981e+03
4.319485944706943883e+03
7.527612212975678631e+03
4.713138833728822647e+03
4.029814463743033230e+03
1.612010789719244531e+04
5.270535994506723000e+03
9.157879232848959873e+03
9.988575347341944507e+03
8.230574909037164616e+03
4.326936212994537527e+03
5.474460623157664486e+03
4.573824955232180400e+03
6.163688875240191919e+03
1.227232081015222138e+04
1.266060804933210602e+04
6.590615587713675268e+03
4.194017018312481923e+03
6.008236190445614739e+03
4.869284972025002389e+03
5.071689132989098653e+03
4.517168237968227004e+03
1.027241121094243135e+04
1.104840119080284967e+04
3.764281138644050770e+03
5.887985661790393351e+03
4.524714922304119682e+03
5.555383656475167300e+03
5.122470555194966437e+03
1.188572237207259786e+04
3.543703582472794096e+03
4.247038905299862563e+03
8.025797928204751770e+03
4.105907096412344799e+03
4.864161571769853253e+03
4.119691865207155388e+03
4.363620864806440295e+03
4.813204231683746912e+03
7.583492159617141624e+03
5.235003599754632887e+03
6.905406306566944295e+03
4.570666389059895664e+03
3.793776230457674501e+03
4.157897938955400605e+03
5.040458187560770966e+03
6.728656946731947755e+03
5.081732844695950917e+03
5.801009766870527528e+03
5.231009894410928609e+03
6.611834685573010574e+03
3.857875762127858707e+03
5.827376835456132540e+03
4.279059816355820658e+03
7.631471891864041936e+03
9.113114938792918110e+03
1.200149707543353725e+04
6.730041431166483562e+03
4.900121354011274889e+03
4.726272533046501849e+03
6.090162612291358528e+03
3.937615937786791619e+03
1.040146237728874985e+04
7.396232233165655089e+03
8.116117968457889219e+03
1.093080368740291306e+04
