2.231056395227235043e+04
3.681119961842556222e+03
9.402577850893598225e+03
9.305242871479511450e+03
4.537646876839309698e+03
7.813845084388646683e+03
7.812179330151518116e+03
4.477059805307477291e+03
4.666283153711778141e+03
1.645028208401156007e+04
1.261208832489638007e+04
6.390057779468360422e+03
9.303168564825075009e+03
4.400711187308084845e+03
4.112880303536721840e+03
6.334931192145835666e+03
4.879057272882439975e+03
8.805248089329741561e+03
7.355641019284720642e+03
5.579750415038181018e+03
4.075174029480745503e+03
4.552382149106579163e+03
4.836395135496566581e+03
4.693838172120952549e+03
9.229730272289980348e+03
4.379219613961331561e+03
4.792463638308565351e+03
6.172142422406082005e+03
4.929172223306949491e+03
4.976268729515091763e+03
4.476185749012141969e+03
5.736344491159004065e+03
4.709601167064329275e+03
7.090014086475352087e+03
3.893097363946269979e+03
9.489709160579619493e+03
4.570057089361178441e+03
4.684827360184913232e+03
4.976239792163465609e+03
4.510729402588105586e+03
7.151623608865313145e+03
5.469195780073594506e+03
1.010023279610236204e+04
4.055521330617411877e+03
4.146368203694912154e+03
5.110431427423247442e+03
4.530683482591553002e+03
3.891190257040101187e+03
9.483211449645208631e+03
7.690415036670793597e+03
1.010743680302350549e+04
8.618119750178871982e+03
5.493802877606456605e+03
4.441484029590812497e+03
5.296976135075640741e+03
4.460769838176038320e+03
7.268432371449180209e+03
9.721846950364655640e+03
8.234932326677830133e+03
1.028347266696957013e+04
5.449855450330431268e+03
4.490861440305565338e+03
4.582158873774624226e+03
4.366325988829418748e+03
6.260374460924496816e+03
5.499739472438169287e+03
5.512318286769764200e+03
5.785077640142444579e+03
4.492027298794069793e+03
4.351493796460976228e+03
4.447969411545684125e+03
4.085731240903629441e+03
5.809863451264209289e+03
6.226954183489489878e+03
5.996778484022319390e+03
5.204684864334509257e+03
3.974313718336968122e+03
4.150294333283729429e+03
3.780359937087320304e+03
4.445340148416783450e+03
8.652581771272452897e+03
8.667293885981805943e+03
6.211823752205506025e+03
1.264143782859731982e+04
5.000981140331523420e+03
5.099556902078014900e+03
6.462342110030159347e+03
4.388976388765529919e+03
1.000021026289464498e+04
7.893905049506660362e+03
1.578075034149729072e+04
6.165039429620020201e+03
4.040483867219230888e+03
5.502963062305498170e+03
4.568690690755381183e+03
6.620488639506703294e+03
6.640855686200446144e+03
1.236142525905326329e+04
1.258421573243801504e+04
7.599779533266562794e+03
7.490921165885472874e+03
3.884395813400179577e+03
4.422132292182013771e+03
4.453281551201932416e+03
1.132745441165544798e+04
6.447195253953177598e+03
6.084032034452478001e+03
1.338052631572360042e+04
4.324661213304705598e+03
6.666688467805664914e+03
5.662373466625966103e+03
5.000164462198639740e+03
1.240087112658696606e+04
4.751554223718959292e+03
4.581256235835863663e+03
8.047100504615674254e+03
6.709050294819367991e+03
5.249520901300834339e+03
4.965263412967574368e+03
4.585747697272665391e+03
4.062326034061783503e+03
1.313489832510099222e+04
7.523699494829193100e+03
4.221021683297814889e+03
6.153535766408545896e+03
7.705577962763912183e+03
4.143009664870163760e+03
4.437984368320857357e+03
4.786394447588451840e+03
5.413971517361605038e+03
4.386204102823471658e+03
4.152370155400694784e+03
5.938027229017779064e+03
6.163914582656580023e+03
8.321954417529366765e+03
3.836422382602727794e+03
4.538201581628350141e+03
4.523777647871418594e+03
3.434561240181312314e+03
4.436106670105602461e+03
6.884517108689241468e+03
5.713493578917607010e+03
4.486610508149997258e+03
8.241041917514496163e+03
5.169341117078834941e+03
4.477021233932178802e+03
4.815546393942855502e+03
4.636664210321878272e+03
6.615589307485817699e+03
1.118426408157257538e+04
7.355732900831175357e+03
1.140976711090953540e+04
3.856235143076582972e+03
5.755699597454204195e+03
4.524147477101847471e+03
5.289060269420897384e+03
1.224655042303129267e+04
6.693712810410976090e+03
1.236363687517496146e+04
7.112037160366379794e+03
7.832151735241193819e+03
4.346088171779702861e+03
4.114008374941347029e+03
7.194013376410694036e+03
5.285531380475686092e+03
1.633103961418538893e+04
1.314259728250380431e+04
6.689497672302368301e+03
4.096814699973004281e+03
6.642666821133645499e+03
9.374182526084803612e+03
4.831623080985091292e+03
1.685929159134578367e+04
4.816239782640432168e+03
6.715760959682706925e+03
1.241141199365213106e+04
5.247265146325968090e+03
4.358560211836731469e+03
4.661354223279521648e+03
4.164705342869774540e+03
9.971067004835033003e+03
5.269603432158485703e+03
5.983663231239785091e+03
6.733154533855085901e+03
5.113149513446897799e+03
5.586666255511023337e+03
5.096310339977398144e+03
4.251211408212565402e+03
4.453818650086507660e+03
1.102708591796482870e+04
5.320789123971280787e+03
5.679437940141337094e+03
4.323885395104289273e+03
8.100032794623629343e+03
4.603346117056499679e+03
4.453669030185463271e+03
1.549183021932284646e+04
5.487435517044355947e+03
8.615678131670170842e+03
1.106581605498859244e+04
7.977858726711936470e+03
4.321862758721446880e+03
5.144761384090858883e+03
5.306617852853480144e+03
6.016724728078246699e+03
1.238425919205909486e+04
1.181859125104064151e+04
6.587652119164200485e+03
4.528341604799978086e+03
6.484013937565661763e+03
4.714060257582392296e+03
5.153674585890985327e+03
5.074534010818177194e+03
9.478450520710990531e+03
1.117615019511151513e+04
4.046100768824831448e+03
5.752730348565362874e+03
4.439107306111339312e+03
5.921025428453527638e+03
5.087326109381750939e+03
1.278534179580090495e+04
4.271097156856489164e+03
4.616083678862241868e+03
7.558105387227974461e+03
4.553380374955421757e+03
4.837029022498643826e+03
4.351532464597822582e+03
5.254792311982038882e+03
4.933209498684443133e+03
7.292645938058800311e+03
5.444975097682459818e+03
6.236207672177462882e+03
4.553052309150471956e+03
3.986112713766276102e+03
4.384030843381259729e+03
4.331452841250795245e+03
7.195501847845523116e+03
4.809594652856096218e+03
6.138661493923809758e+03
5.650823024230055125e+03
6.622608879275923755e+03
4.393277909691921195e+03
5.527431772471128170e+03
5.155626931763790708e+03
7.326662840694527404e+03
9.836896566796036495e+03
1.129755834852175940e+04
7.407645770974094376e+03
4.771830247939300534e+03
4.939621789876444382e+03
5.679856890199719601e+03
4.063638560970271101e+03
9.710675450124032068e+03
7.828456963703068141e+03
7.460371958243305926e+03
1.183752868841689815e+04
