2.579084844976737804e+04
4.599833480780633181e+03
1.087673335424787729e+04
7.833280607998081905e+03
3.557945822095536187e+03
6.817307764662512454e+03
9.134718675049309240e+03
4.635227152941519307e+03
5.084290967232367620e+03
1.410238030399739000e+04
1.515182313991395677e+04
5.458671134079095282e+03
1.108897369325768523e+04
5.307823091229991405e+03
4.316262224237734699e+03
5.387849798421813830e+03
4.778722884495487961e+03
1.023242934262135896e+04
5.716893820197216883e+03
5.993899704997596928e+03
4.238005287283134749e+03
3.886445458475415762e+03
5.471533849877392640e+03
5.124257427221820762e+03
7.876665312352568435e+03
4.161294375169654813e+03
3.878327472850894992e+03
7.203337466589052383e+03
5.457978705323767826e+03
4.943673636568695656e+03
4.038480310351001208e+03
5.306502525829076149e+03
4.130097698558926822e+03
8.188048880833183830e+03
3.472417215882110213e+03
1.143609592650657760e+04
4.931164067322062692e+03
3.900679940557774898e+03
4.867354568601254869e+03
3.865339256464965729e+03
6.214790065927512842e+03
5.724415762421305772e+03
8.421936723805982183e+03
4.633934513823531233e+03
3.913470242987792517e+03
3.818667183049496089e+03
5.158806128653914129e+03
3.986816622815365008e+03
1.165787596971139646e+04
6.470391510029440724e+03
1.194065402448575514e+04
7.036309065192882372e+03
5.470563206188617187e+03
4.097919727700433214e+03
6.228935343279636072e+03
4.511879102471391889e+03
8.691291900167645508e+03
7.965043664047693710e+03
1.015549988627351922e+04
8.680567561926938652e+03
5.583876777521429176e+03
4.716644435693701780e+03
4.975230702424587435e+03
3.692912720518739206e+03
5.271822260230046595e+03
6.844704962925829932e+03
4.551434413284488983e+03
6.812504347926050286e+03
4.703123325566218227e+03
4.220636864011215948e+03
5.144668764568631559e+03
4.039301645551321599e+03
5.313218916949366758e+03
7.056491842951082617e+03
4.961122369107861232e+03
6.037666295968207123e+03
3.834424385364866339e+03
3.675762737523713895e+03
4.363784535881472038e+03
4.139178580912460347e+03
1.041678724095497273e+04
6.699887006469978587e+03
7.440487174838350256e+03
1.124736169339781191e+04
5.304650047579647435e+03
4.504930191492167069e+03
7.350570644164466103e+03
4.564981754494521738e+03
1.182826347776242073e+04
6.433831551773584579e+03
1.767949008289422636e+04
5.073852035358776448e+03
4.627166068982583965e+03
5.545888470205331032e+03
3.964422047207189280e+03
5.875352696744515924e+03
7.917729320168973572e+03
1.010408683900888718e+04
1.443374173086734845e+04
6.934157768042722637e+03
8.630560071081537899e+03
4.164419984875643422e+03
4.240790920312561866e+03
4.016508392497702516e+03
1.285475975532536177e+04
5.109133499007910359e+03
7.170280716151675733e+03
1.139696221396946567e+04
4.445888711213859096e+03
5.446598506381445986e+03
7.050151112116613149e+03
5.278990713884035358e+03
1.049834571851654437e+04
3.988052995361139438e+03
3.907264189118821378e+03
9.416011867577115481e+03
7.712803249686720847e+03
6.053203124982937879e+03
4.604884639226380386e+03
3.618423254863685543e+03
4.088040244837739010e+03
1.564555426141631506e+04
6.479305864888153337e+03
4.967774096012512928e+03
5.390713648214727073e+03
6.354390334500949393e+03
5.122695289863297148e+03
4.305454031542840312e+03
4.737516869966348168e+03
3.925920742475920633e+03
5.042310742120553186e+03
4.583951578288187193e+03
4.919624136361400815e+03
6.745306598942139317e+03
6.970906147273427450e+03
4.392361736865894272e+03
5.594668291067250721e+03
4.645523168201898443e+03
3.635918911296385886e+03
4.181860560267282381e+03
6.478204413708894208e+03
6.560250306177946186e+03
3.752530319137008519e+03
9.968997768323726632e+03
5.830258132785000271e+03
4.121676426380217890e+03
5.206477114052534489e+03
3.990833305725320315e+03
7.894486196223338993e+03
9.121365080990250135e+03
8.954173080347598443e+03
9.380295306250118301e+03
3.797547472466207182e+03
5.110277295877387587e+03
4.457617105849316431e+03
4.581408816982966528e+03
1.422784985077201964e+04
5.437865299318719735e+03
1.472322304754255492e+04
6.063571880974381202e+03
8.916230557076738478e+03
4.882305061792758352e+03
3.666567900180059496e+03
5.941354310183074631e+03
5.819048742300434242e+03
1.368530016690477169e+04
1.526637850690596679e+04
5.337786108249963945e+03
4.014593142907107449e+03
5.701360742403066070e+03
1.091977345730399065e+04
5.191690894942733394e+03
1.978173065423507433e+04
4.387551732405372604e+03
8.093431595805059260e+03
1.087384410082465001e+04
6.166312518983736481e+03
4.729107323941970208e+03
4.064176454253241445e+03
3.631945311367647264e+03
8.303886045998378904e+03
4.995900958793111386e+03
5.078784541732996331e+03
7.973298639690072378e+03
4.896030584885356802e+03
4.791108526683085074e+03
5.179749374118505330e+03
4.517190364420168407e+03
4.427697204742618851e+03
1.310033747143069741e+04
4.189895877589350675e+03
6.781059087156774694e+03
3.759502194229492488e+03
7.187859188764164173e+03
4.780871469552243070e+03
4.292068163285412993e+03
1.806229599789057102e+04
4.227529272614077854e+03
1.002757282814044993e+04
9.966954476039241854e+03
9.405461668612861104e+03
4.437928560312266200e+03
4.870609812295464508e+03
4.988686626250928384e+03
6.899960956670828637e+03
1.044605836685223403e+04
1.400838958766288124e+04
5.620982366770790577e+03
3.799876621940639325e+03
5.497877123984233549e+03
5.834912063389179821e+03
5.439710942744596650e+03
4.088800661999553085e+03
1.107718302361504175e+04
9.461938955970497773e+03
4.202002214914400611e+03
7.090869031053650360e+03
5.127278358257668515e+03
4.986751970860574147e+03
4.041166358967782799e+03
1.078602905500943234e+04
4.454847498808787350e+03
4.178032564813681347e+03
9.138071303814285784e+03
4.045952220313824910e+03
4.018030230208272769e+03
4.455219237613285259e+03
4.718063590596050744e+03
4.424591453763387108e+03
8.643502064422060357e+03
4.575220876021292497e+03
7.473388260046276628e+03
4.720740370128190989e+03
4.540162512381107263e+03
5.250613692056904256e+03
4.105742398578544453e+03
5.893165718230225139e+03
5.300969627520655195e+03
4.864274647788595757e+03
6.335885519540801397e+03
7.838651211281328870e+03
4.260851500521987873e+03
5.427102237083620821e+03
4.681376284425695303e+03
8.876169107348203397e+03
7.934385453663451699e+03
1.331777108816236068e+04
6.239555256769786865e+03
4.860003341812451254e+03
4.927560207642390196e+03
6.637896264473189149e+03
3.991674385285821700e+03
1.170804727191887105e+04
6.432611579007569162e+03
8.693291993757895398e+03
1.070655263366190775e+04
