9.206552911755479727e+03
8.490072354070834990e+03
3.973264506288534903e+03
2.309564232814459683e+04
9.845177750127153558e+03
2.007259377058819155e+04
4.157063670736975837e+03
6.599385067497836644e+03
5.924662078980618389e+03
3.573196720603927679e+04
4.394207041026003026e+03
1.735772329711565908e+04
3.906835210743451171e+03
5.750287760851022540e+03
8.312049379084874090e+03
1.703316168473780999e+04
1.162604051697682189e+04
4.027658869682138629e+03
1.868615903268691181e+04
6.260936422920922269e+03
9.570536623655341828e+03
1.136975448215480901e+04
4.986803752608275317e+03
5.446287376264439445e+03
2.361944981804455165e+04
6.284230441026607878e+03
1.287067284484633092e+04
3.979066067497577933e+03
5.285733421723222818e+03
6.659638752484899669e+03
1.101742740839001817e+04
1.306904630124927280e+04
1.382882463165587615e+04
4.462906714568349344e+03
8.222551014747727095e+03
4.556168236424945462e+03
7.639994004821816816e+03
9.061011382142074581e+03
1.161529207264006982e+04
1.225857753393598796e+04
1.840004429361242001e+04
4.756831886567346373e+03
2.406190228525185375e+04
7.710909056283987411e+03
8.886407204488983552e+03
1.075830747495553442e+04
6.567194006802279546e+03
6.830702004417951684e+03
4.614164474205574152e+03
1.958476924024701293e+04
3.722806891371717029e+03
2.124867593311499149e+04
5.615183187787825773e+03
1.153346641127662406e+04
4.518684640861576554e+03
1.031760746093156922e+04
4.125056294901814908e+03
2.398359440638150409e+04
4.014233413156299775e+03
2.518631190237127157e+04
5.133759732953119965e+03
1.113376992703008909e+04
5.859195563585735727e+03
1.175557318780399874e+04
1.755153927586353529e+04
4.811853629590249511e+03
1.453996795359210955e+04
5.199228107887786791e+03
6.095344404883157949e+03
7.451124900016583524e+03
6.703292746828063173e+03
7.375174017912194358e+03
1.601730409540617256e+04
4.402350221203050751e+03
1.589160454929642583e+04
5.377339344049469219e+03
7.518779564858752565e+03
8.995973582864025957e+03
7.843266711580062292e+03
8.342375987771338259e+03
3.968222720626392857e+03
2.153873720133488678e+04
3.847494697379616809e+03
2.985557640427356091e+04
5.776820606450098239e+03
1.329715076117833996e+04
4.588064269944357875e+03
8.727861684946561581e+03
4.684738150996132390e+03
1.993479337248436059e+04
6.209748407788642908e+03
1.558477097544153185e+04
5.595016892277066290e+03
1.327660138567497415e+04
9.504365828701560531e+03
1.839793119720697723e+04
5.197267872586224257e+03
2.893422055459312105e+04
4.931826957737169323e+03
1.896299230091850404e+04
3.988892172034397390e+03
7.218245153406834106e+03
6.376280052256801355e+03
1.285120211028960875e+04
4.801911986180471104e+03
1.693732018511909700e+04
4.069919186086618538e+03
3.115092647016944102e+04
7.441098259638024501e+03
1.668218482657027562e+04
5.123011868919431436e+03
1.003423381124935077e+04
2.904708120758763471e+04
8.595259452398804569e+03
1.039790657078027289e+04
4.126905399877993659e+03
4.806031166521828709e+03
4.470069890434839181e+03
1.221869843411270085e+04
1.251021685214728495e+04
7.369047276886566578e+03
4.576402505559955898e+03
1.880889335530460812e+04
6.035400991533110755e+03
1.664670351569457853e+04
1.958731203315109087e+04
6.088314987911013304e+03
6.937964254543206152e+03
9.902485337533031270e+03
1.131350908912777049e+04
6.973717685067827006e+03
7.804337256343400441e+03
1.621654928286402719e+04
4.539452495849152911e+03
2.135638506570418758e+04
6.634865367280352075e+03
5.248540361750515331e+03
6.120913284627392386e+03
7.608983471525830282e+03
8.690785707689537958e+03
1.770799084148924885e+04
4.721232375933296680e+03
1.093328830057452797e+04
4.726719140931807488e+03
4.750680859295812297e+03
1.074486804853022841e+04
5.410997352946285901e+03
1.136384418082661614e+04
3.979783278651088949e+03
2.494523375554589438e+04
3.820080939178880726e+03
2.721306410463646898e+04
6.969079142735678943e+03
1.545166710889638307e+04
6.290831866185051695e+03
1.346737580842461648e+04
4.763427212672367205e+03
1.650758581090012740e+04
4.393936059946840032e+03
1.809470193501897302e+04
3.892039341986049749e+03
6.971079909519879948e+03
9.881826397567232561e+03
1.917406650436444033e+04
5.997589004686707995e+03
3.203663263128877225e+04
5.231964779948331852e+03
1.728181157323611842e+04
8.134022765567834540e+03
1.727858324311108299e+04
3.876856798657483978e+03
5.396910444054172331e+03
6.792948230533546848e+03
1.142561512681026579e+04
4.380100871237598767e+03
2.993900511607512090e+04
4.924926006807603699e+03
5.660449037852316906e+03
9.906730244512804347e+03
1.051787185470300210e+04
2.427683817200815247e+04
8.039925450784180612e+03
1.413032478902496769e+04
5.343803891578751973e+03
1.298097053990027416e+04
1.537303620546282400e+04
7.147774787420927169e+03
7.501081985846944008e+03
8.710779106037536621e+03
3.863269232984895098e+03
1.435461375609243987e+04
5.101017797930726374e+03
9.970933043403570991e+03
2.124199801880803716e+04
5.541239930856023420e+03
1.135465832063015660e+04
5.773188977759458794e+03
1.304806944431430202e+04
3.688912662706361061e+03
2.599022316724646953e+04
4.424297059790954336e+03
7.336634784048748770e+03
6.244783441692625274e+03
1.307607345402762076e+04
4.395565125371494105e+03
2.951538505383628944e+04
4.247396966656679069e+03
1.820799143051000283e+04
1.353650616503723359e+04
1.610003643756559723e+04
4.750457251085112148e+03
6.297749625639902661e+03
1.012761990803133449e+04
4.028918588282357177e+03
2.578156004635737918e+04
8.427502298099347172e+03
4.758041833367562504e+03
5.159743782501956957e+03
1.377916431674590785e+04
1.418998016031046063e+04
2.938378918145709758e+04
8.722703463858651958e+03
1.094191358765922450e+04
4.534142887751522721e+03
1.113216056918563845e+04
1.317640038330257084e+04
1.100179363731670128e+04
1.306720951827728095e+04
1.248416390022589258e+04
3.458858218146371655e+03
1.315707883123703868e+04
4.981515147230074945e+03
6.272626235802592419e+03
7.528954117077252704e+03
6.675091074554638908e+03
7.349877337525262192e+03
1.891095637186719250e+04
4.780945763235750746e+03
1.599394117683625154e+04
5.464355870967418014e+03
5.005987984068906371e+03
9.564996802545627361e+03
7.346985514622677329e+03
1.334877152443691739e+04
3.981883038348974878e+03
2.387744518665366923e+04
4.239950257402997522e+03
1.984155236579238408e+04
6.109164282759416892e+03
1.284674064584439657e+04
3.891718864037395178e+03
8.084009632722541937e+03
4.117445452984516123e+03
2.015320630606279883e+04
4.099467564842172578e+03
2.813291079103841548e+04
