1.632397213644165458e+04
4.508623077164938877e+03
6.673002790570466459e+03
1.286242659261756853e+04
5.156375736862065423e+03
1.121205479365065185e+04
5.502052272975415690e+03
3.305010202515456513e+03
3.777674409953409850e+03
2.233382843531360413e+04
8.915826511022345585e+03
9.383528950873822396e+03
6.314714127771880158e+03
3.516193593489007526e+03
5.085107577705852236e+03
8.247327419539142284e+03
5.956056310130768907e+03
5.941281626622215299e+03
1.052158010878553796e+04
4.020936330518405612e+03
4.571469941357101561e+03
5.960539935171813340e+03
3.602185875249885157e+03
3.667854144557561085e+03
1.326259136063321057e+04
3.426576353018215286e+03
6.354988204796091850e+03
4.196428199606993985e+03
3.481750964624905464e+03
4.795496727330344584e+03
5.750764897517123245e+03
6.802710924779026755e+03
6.649997737717368182e+03
4.493699355659201501e+03
4.408751479385977291e+03
6.478938444789821915e+03
4.324684316659197066e+03
5.270011408342201321e+03
6.332500751008302359e+03
5.619058044476173563e+03
9.879634695774831926e+03
3.714353079100386367e+03
1.456441235327621871e+04
3.941864268497152807e+03
4.519902535879172319e+03
5.384778779655266590e+03
4.111070368895518186e+03
3.648293847370073308e+03
6.197635872391812882e+03
1.084215311191884030e+04
6.951303340886012847e+03
1.204953454538676488e+04
4.189354281691976212e+03
6.014084865887019987e+03
4.670445612371720017e+03
4.693515335842603236e+03
4.831133764357457949e+03
1.384390614449310488e+04
5.948994545183182709e+03
1.390102273605383925e+04
4.112228035704686590e+03
5.331349482298315706e+03
4.636027020151133911e+03
5.495327956459248526e+03
9.043193322265926327e+03
3.873263967850536574e+03
7.601983224905988209e+03
4.436778988795960686e+03
3.498372270261351332e+03
4.531604923154285643e+03
4.215677419513102905e+03
3.747675606464405973e+03
8.202262578594822116e+03
4.302114858843367074e+03
9.059846159117580100e+03
3.704784296617292966e+03
3.888380501180761712e+03
4.768149929847990279e+03
3.959670590900079333e+03
4.306224502627438596e+03
6.024762232528033564e+03
1.225094949124699269e+04
4.034410152274705979e+03
1.772986368349817349e+04
4.402442706487828218e+03
6.822645593673551048e+03
5.574344803476629750e+03
4.289148276905925741e+03
6.636445137078819243e+03
1.096749437238341307e+04
1.179346601055091378e+04
8.045123871339788820e+03
3.546820655676990100e+03
6.945894311688658490e+03
4.921941691162523057e+03
9.092795766644467221e+03
4.461253510854278829e+03
1.692659592825216532e+04
8.861326675838277879e+03
1.013546579379640389e+04
5.256480124717459148e+03
3.674232524939714949e+03
4.448159817534845388e+03
6.234760392352680356e+03
7.429635537016245507e+03
8.881640949712858855e+03
4.741492851288658130e+03
1.885013299344377810e+04
4.625125436350214841e+03
9.141732115858481848e+03
4.820315767357356890e+03
4.775530407185251534e+03
1.698193163665814791e+04
4.264022045808453186e+03
5.846779626834924784e+03
5.093689039707880511e+03
4.558179501633971995e+03
4.865091176298501523e+03
5.937440530400004718e+03
6.005483454270139191e+03
3.724099123165078709e+03
9.013000992437788227e+03
1.044402383550458762e+04
3.420616862682809824e+03
8.310853048110553573e+03
1.103900119685366553e+04
3.950116350416638852e+03
3.577485710814885351e+03
4.748714180870616474e+03
5.629261100156103566e+03
4.693731287293242531e+03
4.478871556614369183e+03
8.677875478200312500e+03
4.252155133374093566e+03
1.164628356037316371e+04
3.420359809431479789e+03
3.654375851710243751e+03
4.670685243820931646e+03
3.776895260368295567e+03
4.429456773385099041e+03
9.454614604444192082e+03
3.929537010397258655e+03
6.012600608131939225e+03
5.485666024865895452e+03
3.651666793755426625e+03
5.186502608063039588e+03
4.632361614918161649e+03
5.242641644961001475e+03
5.063236765696075963e+03
1.543255225247761700e+04
4.771065995585322526e+03
1.605155822365779932e+04
3.661910483651493450e+03
7.764085610129606721e+03
4.624751524876531221e+03
6.729167200088180834e+03
8.026873913167936735e+03
9.093601816951970250e+03
8.857015475796708415e+03
9.453502903603526647e+03
5.367145854096435869e+03
3.950212486438046199e+03
5.600233972564035867e+03
1.020149873038060105e+04
4.133380872937561435e+03
2.113989738688147918e+04
9.494258655567653477e+03
8.727912831918729353e+03
4.382490269146966966e+03
9.204406128368053032e+03
6.976584619302885585e+03
3.243718782109520362e+03
1.244929330460567326e+04
6.306969329390809435e+03
4.716716421818948220e+03
1.771253399227185582e+04
3.390504271999772300e+03
3.585020774585957952e+03
5.123686059319393280e+03
5.588115818453158681e+03
1.436690694391234865e+04
5.490469566049267996e+03
7.747052880190574797e+03
4.534805235548857127e+03
6.249148171361599452e+03
8.390107115248638365e+03
4.647996515495549829e+03
3.863538946284564645e+03
4.370198437151430880e+03
7.205085072504021809e+03
7.275914394880061991e+03
3.951421544114430617e+03
4.926889188088735864e+03
1.139398976723045052e+04
3.906242625726949882e+03
5.371856713680506800e+03
1.081124570640326056e+04
6.953801390609095506e+03
5.966266241303634160e+03
1.495617052284963574e+04
5.326537242264168526e+03
4.163822355882395641e+03
5.342081257952691885e+03
6.357347477451199666e+03
4.462410660522673425e+03
1.748921861899957730e+04
8.101087087870403593e+03
9.647650927904342097e+03
6.169994493648397111e+03
8.420350393583921687e+03
3.506848532406826052e+03
4.282623182119186822e+03
5.715169420370744774e+03
6.682703571008967629e+03
1.610672323030984080e+04
4.168163064982655669e+03
4.169354611014189686e+03
4.124762373732337437e+03
7.577286736509538969e+03
7.057345173668066309e+03
1.771687722952322292e+04
4.504552111520120889e+03
5.309959300524938953e+03
4.773094828747155589e+03
5.140202130851765105e+03
6.946583442817897776e+03
5.530545039913087749e+03
6.170885323557929041e+03
6.528214905623364757e+03
4.781729702246519992e+03
7.103308501705252638e+03
4.303839961023499200e+03
3.564209310403541167e+03
4.585339753608668616e+03
4.134727046257722577e+03
4.549747972910314274e+03
1.021369687308534776e+04
3.635358307265751137e+03
8.265179031930229030e+03
3.816737481809144811e+03
4.877978212776887631e+03
4.754120959340030822e+03
5.453567872977291699e+03
6.145689257231375450e+03
4.885916515489339872e+03
1.380846073791068920e+04
7.571680133293526524e+03
1.040638707642833833e+04
3.767227281256652986e+03
6.470758520075765773e+03
4.810052864045210299e+03
4.163808969457733838e+03
6.700207688901231450e+03
1.121457348494445796e+04
5.112703537752278862e+03
1.600328335207616146e+04
