1.262714669248762109e+13
3.617515360393168449e+09
7.724009040711335754e+10
1.830344461096677696e+06
1.968282517502539977e+07
8.468705158003815918e+11
1.763370713850267792e+10
1.042322384445238495e+10
3.794261248693676293e+07
6.377311737923017578e+11
2.332388611520309746e+08
1.843692056527228057e+08
1.608780201104426384e+09
6.440936757094608154e+11
1.256444943130403519e+09
1.747207505939174805e+11
3.253847912063175440e+08
2.798484469405261230e+11
2.922577886641380191e+07
2.898816177673098564e+09
9.532645156558673859e+09
1.800267236325982056e+11
5.310157807140122070e+11
1.337829539729094267e+09
2.771732770248145294e+10
9.986316625914968262e+11
9.492844786920762939e+11
3.621920727960824490e+09
5.657958746245632935e+10
5.983543661892671138e+06
6.761187548711888428e+11
6.686502450175006866e+09
2.378939256191596375e+11
1.253096327403482628e+10
2.163334450731778717e+10
1.102127614028319367e+05
1.103885056799792528e+09
1.386775316356956482e+11
6.770385052200582504e+09
5.068494259429367781e+08
2.680400912351061249e+10
4.785558295515212402e+11
1.243037787563528290e+11
2.033185441653071976e+10
8.605438449284078369e+11
1.274045894966688080e+11
2.011650343992418528e+09
4.300037708514727783e+10
4.077562132689625244e+11
5.096904760233174805e+12
9.245751777648093262e+11
1.405815430901647210e+08
1.038419273482791710e+10
2.616347829890499878e+10
7.548822212189229012e+09
7.002000372188812256e+11
9.514419523466549814e+07
2.428719684788435974e+11
7.259213284571591066e+04
3.644176490089573975e+11
2.374038623250897217e+10
5.859832891211053467e+11
1.652649861916869164e+10
5.993999137533792295e+06
3.069777711382477417e+11
4.236048917366651001e+11
6.908805905953551025e+11
5.753230348763188813e+05
3.107793123166717148e+10
5.222413396634277306e+05
7.907295184230352783e+10
7.257969880811669922e+10
6.455690056119923592e+09
2.711292329906338501e+11
3.344057315418758392e+10
3.843340430831616974e+10
2.207437792513650954e+08
9.427986419276394043e+11
2.806479098430871201e+10
2.472030724881306839e+10
1.849197626287343979e+10
4.473985193004472351e+10
7.286466659888981628e+10
6.650633173041279297e+11
2.607278910218224823e+08
4.646931096931345825e+11
5.783472595576357841e+09
2.434723589107419128e+11
7.291387389195964050e+10
4.634676203336657227e+12
1.443883266384012461e+09
2.587071489996306896e+09
1.455110823245421634e+05
2.873709711899317627e+11
8.797500282283288240e+07
2.847756067469282227e+11
2.551825382972218933e+11
8.187797831814534962e+06
9.958172226556231976e+08
1.394738135776461426e+12
6.375646821001125500e+04
1.536130235013330566e+12
1.284474209507676506e+10
1.809754256995224357e+08
1.643864659859978943e+11
5.358708098517553711e+12
9.499432456837380981e+10
2.334338132021294403e+10
1.790546487707655132e+07
6.924233803667170715e+10
3.918584978206398773e+10
6.797843979811146240e+11
3.123345866407513809e+10
8.471527257614648438e+11
4.822513363849217445e+07
5.826510303486945152e+09
5.377840879134248495e+08
2.407464857495658845e+07
7.986890372090150452e+10
1.240451672039415039e+12
9.579266058536114502e+10
1.478114734888719177e+11
4.738791849105441284e+11
1.038675511753838348e+10
4.628158950776697397e+08
1.373647758992685303e+12
9.213864268683505058e+08
4.265120784642776489e+10
1.922632573814965010e+09
7.567808889738586426e+10
2.374995436061633587e+09
2.063803450518263280e+08
3.144157800628764927e+07
1.579289615436500549e+11
1.164086547145691490e+10
3.709152313753649139e+10
1.656112022838034153e+09
6.572262881087297201e+07
1.557663854442086792e+10
8.694680248936459351e+10
6.412716394284656525e+10
2.147457494978099609e+12
5.897327128740732574e+10
1.625398672885344505e+09
1.706947626790073395e+09
4.001230192339936066e+10
1.952218404988302994e+10
2.973319065779727051e+12
5.619925035000994873e+10
3.198592849330222656e+12
3.007300117873547554e+09
2.038844882135970306e+10
2.151231081374271240e+11
1.280827321382616455e+12
3.799660881910369263e+11
1.448404810061749878e+11
3.779512310398891449e+10
4.913980206309157715e+11
1.123267062568614632e+08
1.179808372043843985e+09
5.186193788272942352e+10
1.470288513531574607e+07
2.070403365434310150e+10
3.739908011873040771e+11
4.623308610704879761e+09
1.341071696589031445e+13
2.835511376225212216e+08
3.553766975433333777e+06
5.796876499564858246e+10
1.374956570984006104e+12
9.788099732250299454e+08
1.061695033080583215e+09
9.597787637522514648e+11
4.466395711880014801e+10
2.109115904610867004e+11
3.760173687347206116e+10
1.054832016649536937e+08
1.193431956853121033e+11
4.866765870964568853e+08
1.830994322884880938e+06
5.002312935322218254e+04
2.212700853702257538e+10
4.184220193204559386e+06
1.218639613113770599e+11
3.596374673593787942e+06
1.217323594603595120e+05
1.283456146896050873e+11
2.979957017642675781e+12
6.461779474496819305e+10
3.636373959515223633e+12
9.800033779855905533e+09
6.694236980840975342e+11
5.081684433668792725e+11
3.286308157915960083e+11
2.237221821307768822e+09
1.378700890523854494e+09
5.577386855824240297e+07
2.223737024858694336e+12
7.126781213073364496e+08
5.181664523001934052e+09
1.307873279045485878e+10
3.705519860641841888e+10
1.285344164393217316e+11
2.300700275130479980e+12
6.910905159819903564e+11
3.497815019383021240e+11
1.192538796475007324e+11
2.007469230220130980e+08
1.287327927840355158e+09
3.905286383809041595e+10
4.385167743600701913e+06
2.890269943963781043e+04
1.330867873223677063e+11
2.466432646470035156e+12
2.348508835318431396e+11
3.936732588453140259e+08
4.928952641739981079e+10
5.850198612921540916e+04
1.817461279953905945e+11
5.222969336202949829e+11
2.937589075626933575e+09
7.537675038823397217e+11
4.276274578437088348e+04
2.966883682188004255e+06
6.314029364894616604e+08
3.447528744288031101e+09
3.833825251547708362e+07
1.791309028254137268e+11
3.557559809929824829e+11
2.490306978613448242e+12
9.138394107241131592e+10
4.363882352516846313e+11
4.415321304339535534e+06
1.164605530131899567e+11
3.952396257469274139e+10
1.905605531417457461e+08
1.411102063024769127e+08
3.071923875924731445e+10
1.233065563276152611e+08
1.278114985548916473e+11
6.586054972711290741e+10
7.274583625780654297e+11
6.312309717710701227e+08
1.889421758605435791e+11
4.611750149017155491e+04
2.995159295855887207e+12
2.292516045440539310e+05
1.728898098644103706e+08
7.772496187655918300e+07
1.004431085181699038e+09
6.029894619944518805e+08
1.737242341545984131e+12
6.343739985503264618e+10
1.030802504323425293e+12
8.161210889721072197e+09
1.633899855582689285e+10
