9.830837496795113281e+12
1.672163696138412476e+10
1.693887259017997131e+11
3.640889432127264142e+07
1.071457049632284999e+09
1.328791588680900635e+12
3.909551533134192467e+09
3.543730721910818481e+10
1.700182384920141893e+06
1.032335010442103516e+12
4.900085873921796883e+04
2.841104174665609360e+09
5.455696519557370245e+07
1.041462073247620239e+12
2.988426850320934504e+07
3.351700885531227417e+11
1.705543594105021039e+05
5.018728884865922241e+11
1.244835333988698483e+09
1.439656437566535759e+10
1.540483890825846910e+09
3.438042762764688110e+11
8.780075132272819824e+11
8.722133605733350754e+09
7.437935094279828072e+09
1.540136579798851074e+12
1.471710554539168701e+12
1.673543503377371597e+10
1.313957279713839417e+11
1.794583942528229952e+07
3.943230157921013184e+11
2.567944164753212738e+10
1.163450545251443481e+11
4.061789903250193787e+10
6.144057642154727173e+10
2.930553317197745442e+08
2.131488037512018904e+07
2.756651806836054077e+11
2.590922412042728043e+10
4.886691191799007416e+09
7.099062287657325745e+09
8.011645454827595215e+11
2.514472213498397827e+11
5.857807866011499023e+10
1.347948501041158203e+12
2.566989115920183411e+11
9.011957008303231001e+07
1.053584968446655426e+11
2.198432984562332458e+11
6.834842518643217773e+12
1.437344857816570801e+12
5.161231088815067051e+04
1.761588598198036671e+09
7.118782673573197937e+10
1.059321889740430355e+09
1.121626624690280518e+12
1.021509143961034133e+05
4.441596787542412109e+11
2.492287913860746622e+08
6.311422189800804443e+11
5.987913225204260826e+09
9.578048630917115479e+11
3.555740952792381763e+09
1.793535247708155587e+07
1.575247585713812866e+11
7.198454855641329346e+11
1.108349551709865723e+12
3.940020493253389001e+08
8.144934201112397766e+10
3.908907046519793868e+08
2.992770158686304092e+10
1.609553773546580200e+11
8.177352588382666111e+08
4.883388177642239990e+11
8.628719976684756470e+10
9.633947685312712097e+10
6.183537403154132335e+04
1.462696882655899170e+12
7.519229636807775879e+10
6.338873245103496552e+09
4.189138943781536102e+09
1.087548958865360565e+11
1.614731007763835449e+11
1.071489617600920898e+12
6.138044176342793071e+04
7.807345867888336182e+11
6.789094851921699047e+08
4.451037533866554565e+11
2.698028294000963974e+10
6.257399251749199219e+12
9.150044328267375946e+09
1.527791446513926685e+08
8.934067760702015460e+07
5.135149617113041992e+11
1.302248897536743316e+05
5.095018505512679443e+11
1.265082991789501953e+11
1.386289202160227485e+07
7.269269009668508530e+09
2.081129780716344727e+12
1.152654362497640997e+08
2.271356112307093750e+12
2.442008720633657932e+09
2.814460241989171505e+09
7.447102937214215088e+10
7.160650941951872070e+12
2.009367627122120667e+11
5.846996957365258217e+09
5.957706986234313808e+06
1.548712183734336853e+11
1.194086338784318924e+10
1.092521679948364868e+12
8.772160690670900345e+09
1.329187223503387451e+12
1.526389675860748529e+09
6.875643315854128599e+08
5.054260422720226288e+09
3.911550977305198554e+06
1.741155672301679077e+11
1.871968159418017822e+12
3.815906632894168091e+10
2.908983934069625244e+11
7.942785208410450439e+11
3.534597921502657318e+10
4.642219124462622643e+09
2.052640900815181396e+12
1.291831771529316902e+07
1.337794499501916313e+10
1.098617854140881729e+10
1.665700211701003723e+11
1.282312453238379359e+08
3.008873457066066265e+09
1.281621999463517666e+09
3.076443295019627075e+11
3.845259921372457886e+10
9.365892407720852661e+10
5.833015096426908672e+07
3.952083426877658349e+05
4.782130573869431305e+10
1.867420764226428223e+11
2.286724446191724014e+10
3.081285869604856934e+12
1.358854446802563477e+11
5.583673948260296881e+07
1.017649885126542854e+10
9.947509715169955444e+10
4.530534899789957047e+09
4.152359169301666016e+12
1.926117337492889023e+10
4.441122513653818359e+12
1.475577212619419098e+10
4.822281074086410522e+09
1.031254156666894989e+11
1.926877636212276611e+12
6.545686592195245361e+11
2.859559689370635986e+11
1.137313959403473663e+10
8.200426520100187988e+11
6.982913558466098038e+04
8.066175860324026108e+09
1.733612622303792953e+10
7.601079793392884545e+06
4.929567458563768387e+09
6.455769171199129639e+11
1.979902735972425842e+10
1.691520188657633789e+13
3.551058599653184414e+09
6.178020980608793497e+08
2.005664145810310364e+10
2.054409750558266113e+12
1.533126622785643488e+07
7.559148234657944679e+09
5.873488910377196045e+11
1.086071125314541016e+11
3.935291860228377075e+11
9.467989071607775879e+10
2.164131158944821835e+09
2.430124889810935364e+11
4.775638046618451118e+09
3.688262496253524721e+07
1.799993578795159161e+08
6.251847407605431366e+10
2.299270094543184713e+07
2.473039020336239014e+11
6.204465308076649904e+08
9.305489537347917259e+07
2.582895894683218384e+11
4.160886146082641602e+12
2.309382650143731308e+10
4.998942600237923828e+12
3.386748750536214828e+10
3.898572848020769043e+11
2.839137926043027344e+11
5.768472676251236572e+11
1.212549068329201698e+10
8.888201137529409409e+09
1.624308479938288212e+09
3.181175748663162598e+12
5.834932522736843675e+06
2.143949533078585434e+10
4.193576146320307159e+10
9.358614839299847412e+10
5.506153859294985199e+10
3.281738192241893555e+12
4.043266995055557861e+11
6.090022944480817871e+11
2.428602165252390747e+11
2.966357197020908833e+09
8.514920972694473267e+09
9.757202955301898193e+10
2.242634620016768575e+07
1.754547529210064113e+08
5.747950614842252350e+10
3.497573299782145508e+12
4.315234199218486938e+11
5.202610455714325653e+05
1.621199239246136093e+10
1.069714848735225201e+08
3.465960179528480225e+11
8.652850804940653076e+11
1.452525056595372581e+10
1.197664217053012939e+12
1.266634024171239138e+08
2.851425550191782787e+07
5.543930440634488106e+09
1.618257708504866028e+10
1.387922862122777939e+09
3.423485863441044922e+11
1.874003102516643372e+11
3.528588408803687012e+12
1.945886150169176331e+11
2.379355349189031372e+11
2.231597074206558242e+07
2.380914110749059753e+11
9.850735167882696533e+10
2.888672442998818398e+09
2.031475410001136333e+04
8.070980219021095276e+10
2.330707195074821949e+09
2.573869124648391113e+11
2.366947792705104828e+10
1.160376948872747070e+12
5.542851981807174683e+09
3.582484874949571533e+11
2.350261154377247393e+08
4.180410390568149902e+12
7.680127718012830615e+07
2.245582082484034254e+04
2.079832348195391241e+05
7.307518681146672249e+09
3.259612358756967355e+06
2.539856844652648926e+12
2.254932895889794159e+10
1.584604457040060059e+12
2.963821486646749878e+10
4.958175760596529388e+10
