1.009937221328512305e+13
1.460390372685739899e+10
1.570960793548494568e+11
1.864062912987847626e+07
8.148382396067258120e+08
1.270516981088721680e+12
4.713642463857548714e+09
3.168551386220439911e+10
3.691225977561912150e+05
9.841648493021751709e+11
2.488415376311318832e+05
2.296162066554631710e+09
9.188304947747087479e+07
9.929709476519858398e+11
5.446252477064764500e+07
3.145712001380721436e+11
1.057941255528422538e+06
4.739264709753506470e+11
9.566059345023057461e+08
1.250737515901626015e+10
1.947901697438831806e+09
3.228055504366727295e+11
8.353774385170887451e+11
7.433815836743898392e+09
8.726782731538270950e+09
1.475000784733698486e+12
1.408769077442520752e+12
1.461637145866618729e+10
1.212538367146754608e+11
7.986617497365121730e+06
4.186939922568971558e+11
2.274302477433658600e+10
1.261805321854961090e+11
3.645604554512942505e+10
5.574151035597870636e+10
1.996682683418392241e+08
4.077628010537244380e+07
2.578960536190589294e+11
2.295282430570911407e+10
4.060046596071555614e+09
8.344507895647440910e+09
7.613816228493216553e+11
2.348718320687856445e+11
5.308171210654493713e+10
1.289041398407555908e+12
2.398623265990510864e+11
1.432473853092908859e+08
9.677929308216358948e+10
2.356234720667244873e+11
6.634682644564556641e+12
1.375514921500146729e+12
5.030861911062146100e+04
2.210800188942880630e+09
6.481495073906942749e+10
1.369707099239699125e+09
1.070345439846043823e+12
4.202994654838429415e+04
4.186768797732429199e+11
1.670043161914342940e+08
5.979150411764176025e+11
7.087019174668497086e+09
9.122826066886064453e+11
4.305899052502182007e+09
7.973365123087039217e+06
1.698423282620899658e+11
6.831501500704116211e+11
1.057526989114920288e+12
2.762359784726508856e+08
7.439107505071401978e+10
2.738569068430677652e+08
3.352447117581661224e+10
1.491289085096750793e+11
1.075026341789835691e+09
4.609635710400815430e+11
7.891322678630757141e+10
8.832290875209030151e+10
1.954843945135019894e+05
1.400046322360399902e+12
6.854925944583419800e+10
7.484901067358140945e+09
5.034953257087414742e+09
9.996688493202285767e+10
1.496178410382829895e+11
1.021947402965333984e+12
4.101036189089738182e+05
7.417197697828427734e+11
9.038242488562550545e+08
4.195800381183333130e+11
3.031171784366600418e+10
6.070107649490418945e+12
7.813684972526637077e+09
2.299814715330531001e+08
5.285545441115019470e+07
4.850802560683822021e+11
3.188507333292056137e+04
4.812351463038612671e+11
1.369747161610073090e+11
5.807664558530733921e+06
6.148603431622548103e+09
1.999399494675886963e+12
7.056471309348730743e+07
2.184056320817492188e+12
3.012024222597234249e+09
2.273463155275920391e+09
8.153492728213511658e+10
6.953350178740095703e+12
1.869477664161979675e+11
6.927051000371511459e+09
1.995345955291220220e+06
1.433848022997242432e+11
1.376663813348804092e+10
1.042247577708060669e+12
1.022720513806240273e+10
1.270899537514329102e+12
1.188922030782531977e+09
9.145142966424616575e+08
4.205968402719111919e+09
1.148965940303242300e+06
1.615640964184396667e+11
1.796509692421193359e+12
4.246389594677840424e+10
2.723916496829559021e+11
7.547539531237653809e+11
3.160154644399399185e+10
3.847491117054198742e+09
1.971755360169619629e+12
2.671403354310522974e+07
1.536314307891493034e+10
9.449321764216724396e+09
1.544325272247164612e+11
1.964087186063422859e+08
2.439339619657532692e+09
9.868173232640432119e+08
2.883376018166914673e+11
3.446048739544232178e+10
8.581203782003361511e+10
9.746279177194048464e+07
7.387466017623520747e+04
4.310976716553524780e+10
1.735075683689057007e+11
2.581550008633069992e+10
2.971432015097163086e+12
1.254821477288011475e+11
9.378696869626423717e+07
8.726977009345075607e+09
9.126151362715411377e+10
5.426321979211182594e+09
4.014824834143585938e+12
2.185858489024072647e+10
4.296445142181248535e+12
1.283073448968705368e+10
5.759978099544192314e+09
1.121186428831927490e+11
1.849756601574583984e+12
6.204144984300179443e+11
2.676874723075105896e+11
1.313457882604226494e+10
7.795542445963479004e+11
6.336070165423930302e+04
6.852634990528117180e+09
1.973937267697125626e+10
2.710326801002502907e+06
5.882529739720882416e+09
6.117775655160549316e+11
1.739024721670300293e+10
1.651936409839661523e+13
2.904151529637440205e+09
4.504807664815299511e+08
2.273280759768024445e+10
1.973471671828982422e+12
3.086575456749240309e+07
6.404418167053789139e+09
6.201376796114418945e+11
9.982815708122769165e+10
3.702733868885217285e+11
8.676824187728182983e+10
1.722253383412091017e+09
2.268593943737742310e+11
3.963452551515074253e+09
1.895928064485124871e+07
1.163798081146498919e+08
5.674367413817812347e+10
1.078226075219370984e+07
2.309354996923310242e+11
4.525813842432611585e+08
5.534744557693335414e+07
2.413741622158454590e+11
4.023139169196325684e+12
2.606363005799749374e+10
4.840782669334995117e+12
3.024277103691878510e+10
4.140225197614749146e+11
3.029997426178061523e+11
5.458020888632626343e+11
1.046834315592465591e+10
7.581155517556132317e+09
1.270220596188710928e+09
3.068649492946983398e+12
1.390521117335035838e+07
1.888010076547675705e+10
3.767169074034530640e+10
8.574387824147329712e+10
6.070904102231234741e+10
3.166542456953128906e+12
4.291564272506688843e+11
5.766590638660146484e+11
2.267147842739099121e+11
2.403027196316195965e+09
7.250071735021540642e+09
8.947784090297682190e+10
1.047071846676039509e+07
1.130937344166030735e+08
6.330969499779146576e+10
3.376715355816579590e+12
4.065903139295711670e+11
2.209441581645522267e+06
1.849928394716632462e+10
6.484560678980807960e+07
3.254685418770558472e+11
8.231219997578382568e+11
1.262319613636667442e+10
1.143781868381452881e+12
7.847435483378982544e+07
1.395145319256699458e+07
4.633301666066096306e+09
1.411711272010159874e+10
1.074368048114506960e+09
3.214170905369370117e+11
2.014144691190477600e+11
3.406924035196531738e+12
1.809353705917997437e+11
2.546714342376896667e+11
1.039936513871228136e+07
2.221863693037553406e+11
9.035441781354261780e+10
2.336728871913289070e+09
2.537046148886954688e+04
7.370019539197496033e+10
1.862850401387120247e+09
2.405162050716049805e+11
2.669378924669346237e+10
1.107764894623849121e+12
4.632376951157496452e+09
3.365862818555005493e+11
1.565037871511513293e+08
4.042176888676444336e+12
4.444651192389480025e+07
5.145769026822836895e+04
4.338634609029959393e+04
6.182324628707658768e+09
8.757333554061697796e+06
2.444887938937216309e+12
2.546726354746855927e+10
1.518055595162321533e+12
2.636325434365917206e+10
4.473904219418215179e+10
