1.023309082010810938e+13
1.364194966763344002e+10
1.513168781072660522e+11
1.282058133869445324e+07
7.073500712324749231e+08
1.242642507632877197e+12
5.150570417787953377e+09
2.995812877927425385e+10
1.591371615912966081e+05
9.611618548298105469e+11
5.935847850120278308e+05
2.059544301903586388e+09
1.159850134121316224e+08
9.698133034078607178e+11
7.094602912626048923e+07
3.048212198426534424e+11
2.064086430335774319e+06
4.606526526834277954e+11
8.351295900379691124e+08
1.165182928726120377e+10
2.174983397125264645e+09
3.128640093850834961e+11
8.150428890865802002e+11
6.856817603127621651e+09
9.416963103801679611e+09
1.443815664954603516e+12
1.378642971123943604e+12
1.365379691152385139e+10
1.164993026469963684e+11
5.020524718230457045e+06
4.310534920127852173e+11
2.139840569504495239e+10
1.312269497464690552e+11
3.453566943583581543e+10
5.309558318897888947e+10
1.630607850171717107e+08
5.415162502148438990e+07
2.495007187522059326e+11
2.159886187933237839e+10
3.695265376723277092e+09
9.012098701795637131e+09
7.424176061162078857e+11
2.270474567545199585e+11
5.053161310443805695e+10
1.260861839212151611e+12
2.319130508170665894e+11
1.765698974055267870e+08
9.276787982481536865e+10
2.436675530097628479e+11
6.538120491101621094e+12
1.345925186835263428e+12
7.458027724554412998e+04
2.460169539441638947e+09
6.185016493490741730e+10
1.544745187077332497e+09
1.045843181145825562e+12
5.229282315837113856e+04
4.065854783471472778e+11
1.351089052759341300e+08
5.821042701566766357e+11
7.678364144239202499e+09
8.905552522785723877e+11
4.714471761682901382e+09
5.017578283059020527e+06
1.761419432806526489e+11
6.656716905086265869e+11
1.033245777025465332e+12
2.292708568215658665e+08
7.110155599790591431e+10
2.271853187438962758e+08
3.540282744438591003e+10
1.435719572174771729e+11
1.221404044267119646e+09
4.479639605737694702e+11
7.547397590913850403e+10
8.457871417256242371e+10
4.843544872186153661e+05
1.370060592373575195e+12
6.545652291916203308e+10
8.100723368918160439e+09
5.493791562642874718e+09
9.585625316781332397e+10
1.440471738572447510e+11
9.982832501946975098e+11
9.151039820206935983e+05
7.231253917028201904e+11
1.032615870155453086e+09
4.074690084291235352e+11
3.205429369237585068e+10
5.979787327677356445e+12
7.214499820950182915e+09
2.770794997076137662e+08
3.975534165276646614e+07
4.715719838469917603e+11
2.682959198375386040e+04
4.678075536834537964e+11
1.423399537132066040e+11
3.509903173087493982e+06
5.648907464326150894e+09
1.960199814843147217e+12
5.416282683843911439e+07
2.142164816719629150e+12
3.325543976519488335e+09
2.038639791646257401e+09
8.517815193601206970e+10
6.853323648786062500e+12
1.803591573112134399e+11
7.508444025851100922e+09
1.041380794204265345e+06
1.379899293074436646e+11
1.473513395260828018e+10
1.018230713189570923e+12
1.100372356928993225e+10
1.243018759293275635e+12
1.045552435036617279e+09
1.044428527396684170e+09
3.831297283392596245e+09
5.407616365976883098e+05
1.556614588467552185e+11
1.760340183558650635e+12
4.470395667222982788e+10
2.636433811978470459e+11
7.359142610838387451e+11
2.987760877056031799e+10
3.497305029149135590e+09
1.932963877155624756e+12
3.656268742240893841e+07
1.641398065425195122e+10
8.757367818362197876e+09
1.487272983132222900e+11
2.383750953844924569e+08
2.191583124532032013e+09
8.624204985216846466e+08
2.792064067331258545e+11
3.262002694038012695e+10
8.214840532576918030e+10
1.226330835820656717e+08
4.952798015838732681e+04
4.093029228253591919e+10
1.672790802584137878e+11
2.736170356202887344e+10
2.918631801282438477e+12
1.206031745021745148e+11
1.182543471623731554e+08
8.075461680395587921e+09
8.742378501935223389e+10
5.911351481545283318e+09
3.948622600271217773e+12
2.322467070800061035e+10
4.226782472644143555e+12
1.195851740739277267e+10
6.266970868409062386e+09
1.167391426444603424e+11
1.812783954970899414e+12
6.041580820525364990e+11
2.590532292828100891e+11
1.406982230044404221e+10
7.602506814270222168e+11
7.932454690847924212e+04
6.310133076954011917e+09
2.100562466769164276e+10
1.464630896731484216e+06
6.397495900645432472e+09
5.956917467552567139e+11
1.629249528631821251e+10
1.632775191433227930e+13
2.621313059961545467e+09
3.821343894319382310e+08
2.413935738687733841e+10
1.934654811183719238e+12
4.179431819656192511e+07
5.889039075561908722e+09
6.367144631340093994e+11
9.572182717072906494e+10
3.592501098908027954e+11
8.307386187584609985e+10
1.532134875633895874e+09
2.192369073855972900e+11
3.605279195021803856e+09
1.308148386191825382e+07
9.222994868389788270e+07
5.406193852194308472e+10
7.018938727034097537e+06
2.232100817641072998e+11
3.840063580279851556e+08
4.175372602897867560e+07
2.333871924106943970e+11
3.956833923569053223e+12
2.762088585441833496e+10
4.764586535274916016e+12
2.857512093915000153e+10
4.262788289230453491e+11
3.127061832388279419e+11
5.310399506344444580e+11
9.720593918881175995e+09
6.995515798310861588e+09
1.119431711401209593e+09
3.014555982364325684e+12
2.007167239213493839e+07
1.771195569054916763e+10
3.570315832091915894e+10
8.208243803332054138e+10
6.363295451982464600e+10
3.111156927430783691e+12
4.417459945532387695e+11
5.612731593921868896e+11
2.190959724571752930e+11
2.158089685381730556e+09
6.683921752667189598e+09
8.569679249937092590e+10
6.796147521205713041e+06
8.947055343732438982e+07
6.632649792239825439e+10
3.318588894367588379e+12
3.947626231361054077e+11
3.886262047086002305e+06
1.970585776274941635e+10
4.947597245696298033e+07
3.154653325211649170e+11
8.030122785584136963e+11
1.176166493653711128e+10
1.118025614942400635e+12
6.066235292785875499e+07
9.333793172833830118e+06
4.230087683266593456e+09
1.317950163482325745e+10
9.416414107401365042e+08
3.115077673982656250e+11
2.085693106485022278e+11
3.348407159153375977e+12
1.745070335836881104e+11
2.631963860289079590e+11
6.750981096116086468e+06
2.146824434541346436e+11
8.654548053625915527e+10
2.096944925055282831e+09
4.947470221533125732e+04
7.043373089359086609e+10
1.661034095127672911e+09
2.325506203777800293e+11
2.827900058333124542e+10
1.082621082472484619e+12
4.229222917983035088e+09
3.263268703778267822e+11
1.261531842385047823e+08
3.975635972221549316e+12
3.298972649951646104e+07
1.383779843331625452e+05
4.895247211344494281e+04
5.680540615001117706e+09
1.317518668123337068e+07
2.399288468667983887e+12
2.699791473611118698e+10
1.486188390055644043e+12
2.485989289793176270e+10
4.249766714151942444e+10
