1.036449128554198438e+13
1.275220776620973969e+10
1.458472891453274841e+11
8.585262256567604840e+06
6.132980243880207539e+08
1.215958964802407715e+12
5.604269602924523354e+09
2.834583832568487930e+10
6.478983223515062855e+04
9.391656756837623291e+11
1.200726665861525573e+06
1.847304099388055801e+09
1.436964305796865821e+08
9.476683667289606934e+11
9.031714094584731758e+07
2.955522336045113525e+11
3.604226382307609543e+06
4.480046942611035767e+11
7.283752295758157969e+08
1.086213111881875038e+10
2.414462704429232597e+09
3.034114993786312256e+11
7.956127022678571777e+11
6.328188811486534119e+09
1.012714349024173927e+10
1.413944803977252930e+12
1.349791811507055664e+12
1.276347437581108093e+10
1.120079396911143494e+11
3.016006144071877003e+06
4.433420326035021362e+11
2.014800104034099579e+10
1.362817863772095642e+11
3.274065025794365311e+10
5.061220248502465820e+10
1.324950077824265063e+08
7.006432339854317904e+07
2.415291419290488281e+11
2.033959874628722763e+10
3.364424078354846954e+09
9.699466823165954590e+09
7.243048195037512207e+11
2.196223479815679626e+11
4.813926978137194061e+10
1.233884596925982910e+12
2.243684335224432678e+11
2.142588643057801723e+08
8.898511872810321045e+10
2.516917802173425598e+11
6.445165602681931641e+12
1.317590437144854736e+12
1.553474938720013597e+05
2.722527401856160641e+09
5.906375589284355164e+10
1.730675244293276310e+09
1.022404749331610474e+12
4.685685303077969729e+04
3.950718908182988281e+11
1.086564523153064996e+08
5.670209245011182861e+11
8.288610025044944763e+09
8.697858921067979736e+11
5.139350781629428864e+09
3.010554216756687034e+06
1.824391729287492676e+11
6.489864307856582031e+11
1.010020002957193115e+12
1.895575817727291584e+08
6.800622504501582336e+10
1.877569394906073809e+08
3.730547330110466003e+10
1.383146745008944092e+11
1.377708849651146173e+09
4.355791029773332520e+11
7.223617348238420105e+10
8.105056183011254883e+10
9.851600567917983280e+05
1.341344607269176025e+12
6.254841279748949432e+10
8.735730662278724670e+09
5.969729966393900871e+09
9.197893867821786499e+10
1.387767766794049988e+11
9.756511094613043213e+11
1.769631238369677681e+06
7.053678584427569580e+11
1.170693253704580545e+09
3.959365933106286621e+11
3.382118591880848694e+10
5.892862406147029297e+12
6.665107903262009621e+09
3.295225855685470104e+08
2.949450332372995839e+07
4.586990496723521118e+11
3.127311500548771801e+04
4.550120266667376709e+11
1.477110260047785950e+11
2.004755378408471122e+06
5.192456427643991470e+09
1.922608363296332275e+12
4.111504439467800409e+07
2.101979009578127197e+12
3.653535811568410397e+09
1.828031676691449642e+09
8.883949169692269897e+10
6.757021552017111328e+12
1.741160763717480164e+11
8.108642024014833450e+09
4.873360595066490932e+05
1.328874093126186371e+11
1.572583389628928757e+10
9.952592620334659424e+11
1.180105487160780334e+10
1.216329133646849854e+12
9.188457374012756348e+08
1.183674503838310719e+09
3.491244567028696060e+09
2.353257952121160633e+05
1.500739752732507935e+11
1.725668447250249023e+12
4.696784079807845306e+10
2.553338621391513977e+11
7.179209764591870117e+11
2.826860128133295441e+10
3.179992279433005333e+09
1.895765789279493652e+12
4.851789770696800947e+07
1.748748692623441315e+10
8.121144681052844048e+09
1.433283978925952148e+11
2.853154021094472408e+08
1.969082607444861174e+09
7.530163408631529808e+08
2.705301698746106567e+11
3.090070652904212570e+10
7.869695537683531189e+10
1.514890712256892622e+08
4.974859946718372521e+04
3.888967841045088959e+10
1.613802231712055054e+11
2.893209799545915222e+10
2.867927281626606445e+12
1.159930842865772247e+11
1.463770284438107312e+08
7.477108703097064972e+09
8.380650090583467102e+10
6.413894030475611687e+09
3.884986466653824707e+12
2.461460433286810684e+10
4.159806109845460449e+12
1.115313591469832039e+10
6.791783324014594078e+09
1.213713253014922333e+11
1.777338443941245117e+12
5.886467318878472900e+11
2.508528781350378723e+11
1.502704393692565536e+10
7.418115557820811768e+11
8.598542682497632632e+04
5.813760149644042015e+09
2.229542300069000244e+10
7.195603114333536942e+05
6.930410820513188362e+09
5.803442303051372070e+11
1.527491043396070290e+10
1.614288734041754883e+13
2.366373630121157169e+09
3.233943944258730412e+08
2.556984504090824509e+10
1.897432255472339111e+12
5.497272074417533726e+07
5.417960574711323738e+09
6.531632583132386475e+11
9.184861307587509155e+10
3.487607786011666870e+11
7.959313737257243347e+10
1.362641167633826733e+09
2.120050040938034363e+11
3.280564492784317970e+09
8.788082443579893559e+06
7.253264615879176557e+07
5.154452746711100006e+10
4.386183779473599978e+06
2.158796950438358459e+11
3.250343786382139325e+08
3.109957423528731614e+07
2.258064779244432068e+11
3.893098364706463867e+12
2.920234582568029785e+10
4.691302443181883789e+12
2.701936990919071960e+10
4.384654988207305298e+11
3.223742036417637329e+11
5.169634875535118408e+11
9.032089664404550552e+09
6.458805610093379021e+09
9.859637632155450583e+08
2.962603936592782227e+12
2.782019974761179462e+07
1.662804897409839821e+10
3.386251669521265793e+10
7.863307775540698242e+10
6.657856400560018921e+10
3.057958502391830566e+12
4.542616459767697144e+11
5.465977940696205444e+11
2.118675572629630127e+11
1.938175395426126480e+09
6.165411714106028557e+09
8.213352714900346375e+10
4.241823396861695684e+06
7.022150358678397536e+07
6.936460470671075439e+10
3.262746074621966309e+12
3.835019489209540405e+11
6.298111919965997338e+06
2.093576759356509781e+10
3.731545914235889912e+07
3.059536971441255493e+11
7.837982493648587646e+11
1.096634423729435349e+10
1.093380649336748535e+12
4.641378440506033599e+07
6.037154090053396299e+06
3.863513252901757717e+09
1.231268045925911903e+10
8.246577155753298998e+08
3.020861184159843140e+11
2.157134868904687805e+11
3.292187638247371582e+12
1.684171731342972107e+11
2.716962911816297302e+11
4.201350692219375633e+06
2.075639877874936829e+11
8.295563375415075684e+10
1.881782859641247034e+09
1.328896283050155907e+05
6.736036295456871033e+10
1.480799595270688057e+09
2.249903837224236450e+11
2.988842962652777100e+10
1.058565403694275513e+12
3.862711395444802284e+09
3.165697223827084961e+11
1.010663358017596304e+08
3.911672944373651367e+12
2.411239760850007460e+07
3.537829482689517899e+05
3.918384245577928959e+04
5.222163598920695305e+09
1.891426627044609562e+07
2.355528099284654297e+12
2.855272908862562180e+10
1.455660714675666260e+12
2.345948423229855728e+10
4.039835580008184814e+10
