1.404396310717507812e+13
1.429914405989774942e+09
5.150684261597072601e+10
5.859297984125964344e+07
1.033372240003775805e+05
6.812732443708394775e+11
2.971710640430084229e+10
5.215410980807731628e+09
2.790862332357417941e+08
5.046510639347993774e+11
9.243425708740684986e+08
1.872840078824371845e+07
3.972981730983217716e+09
5.099904315541263428e+11
3.266060521711649418e+09
1.259566179853334961e+11
1.173743768495961428e+09
2.094956423582776794e+11
3.587064564577394631e+05
1.079174111167997837e+09
1.741183008775600433e+10
1.301118124472156219e+11
4.154801815682179565e+11
3.892675619927297235e+08
4.431468115476139069e+10
8.106359545081180420e+11
7.684772005575815430e+11
1.432116697326154470e+09
3.644429599840428925e+10
1.005066762867669165e+08
8.408014875393101807e+11
3.058568942558159351e+09
3.150159908346738281e+11
6.486080258944716454e+09
1.225592365539369774e+10
1.412154329852787545e+06
2.950555076991049290e+09
9.796125011312643433e+10
3.105282916776961327e+09
9.707674930056029558e+07
4.301430773254586792e+10
3.719442404297170410e+11
8.692675788412654114e+10
1.140902892206280899e+10
6.928916823976835938e+11
8.930002668685519409e+10
4.753109188893179893e+09
2.679426162867611313e+10
5.217274123652447510e+11
4.441931019399668945e+12
7.474004304406217041e+11
6.499640789092465639e+08
1.874371497046809006e+10
1.524694684189317513e+10
1.425734048931905556e+10
5.571744336308453369e+11
5.000890268446005583e+08
1.798539936833544006e+11
2.498913426788922399e+06
2.780753218333933716e+11
3.862415639726715851e+10
4.613166365413041992e+11
2.807458360034154510e+10
1.005812966139498800e+08
3.997320104444229126e+11
3.265913070854891357e+11
5.493250167692955322e+11
4.194728851438990678e+05
1.855593569414394760e+10
4.164180027392336633e+05
1.140026555069170837e+11
4.807627053401937103e+10
1.248117080102693367e+10
2.024846467067862244e+11
2.016686696966731644e+10
2.360799557629991150e+10
8.889988779638862610e+08
7.629426645360073242e+11
1.651995491393756676e+10
4.003330304177454376e+10
3.098377318426791382e+10
2.801652206477363205e+10
4.828555471252294922e+10
5.276047271373892822e+11
1.000644122343245625e+09
3.604773338482019043e+11
1.137212049348559570e+10
1.803333012189221497e+11
1.058775761199067993e+11
4.025523625620203613e+12
4.317703030889642239e+08
5.829488234521349907e+09
2.136197902673522383e+07
2.155543415920826111e+11
4.750007687729904652e+08
2.134629918626188660e+11
3.363191072489176025e+11
1.179105484563927650e+08
2.589829885257738829e+08
1.151721906853547363e+12
1.439729978475668840e+07
1.274421555608804688e+12
2.253301375045149612e+10
1.813497053433639556e+07
2.234490141118755188e+11
4.678229362472104492e+12
6.471883270060944366e+10
3.805184374308179474e+10
1.799030216899578869e+08
4.563056246006123352e+10
6.038178024813037109e+10
5.399851670941972656e+11
4.928904795849845123e+10
6.815129316573651123e+11
1.197026101557237795e+06
1.144353987850668335e+10
1.061565068848029375e+08
2.130013573253576756e+08
5.344933238020047760e+10
1.018356772978034058e+12
1.358611498977373047e+11
1.050145392788436432e+11
3.680740295696976318e+11
5.193721813089331627e+09
8.456938033212178946e+07
1.133457563681574707e+12
2.563415189637833595e+09
6.515878310291642761e+10
6.329387407544121742e+08
5.035511023952019501e+10
5.437122053504878044e+09
2.278650527146365121e+07
3.925316409725135891e+05
1.128613845692225800e+11
5.945589307309403419e+09
2.267854895286182022e+10
4.066038993031769753e+09
3.931843688059899807e+08
8.372483577237938881e+09
5.870401250191255188e+10
9.420512451347349548e+10
1.809124391436856689e+12
3.816848290937565613e+10
4.005717969829948902e+09
5.405088502292538881e+08
2.470567127011469269e+10
3.249722747378746033e+10
2.539327826818730957e+12
8.357882966464637756e+10
2.739682754195649414e+12
1.131105727981140137e+09
3.376427270296168137e+10
2.868359158329077759e+11
1.053200473825609497e+12
2.907836100529983521e+11
1.027170021081631622e+11
5.845568239812331390e+10
3.825815088348682251e+11
5.584539016986168623e+08
3.277007901692825556e+08
7.772116591602011108e+10
1.612636239772824049e+08
3.422467063283282089e+10
2.858965045056164551e+11
1.943727371771894217e+09
1.204271664244398047e+13
3.895323045730818808e+07
4.865131222671153955e+04
8.595923638512417603e+10
1.134590710073671875e+12
2.686495452170116901e+09
2.831947879202872515e+08
1.172459848830659668e+12
2.796310846980967331e+10
1.544443872342996216e+11
2.303156699465766144e+10
6.572496785372265615e+06
8.313866423759899902e+10
9.130937484666204453e+07
5.801652324742347747e+07
6.008604095848279074e+06
1.257868688746651459e+10
8.471461642994186282e+07
8.506224039391627502e+10
3.900767551808012649e+04
2.014252431054665148e+07
9.002109154521949768e+10
2.545225163611310059e+12
9.485962131180783081e+10
3.130205356481956055e+12
4.846301471639600754e+09
8.329157028839926758e+11
6.419228901629093018e+11
2.489360831817767334e+11
7.721747245664973259e+08
4.055278657267119288e+08
1.650043053674910683e+06
1.876238775901958984e+12
2.104158755697443008e+09
2.238308257249860764e+09
6.821311671866626740e+09
2.265343165016857910e+10
1.780136838518387146e+11
1.944030715745095947e+12
8.584247365819241943e+11
2.661386469012971191e+11
8.307056486195793152e+10
2.175396299103232846e+07
3.693836341717259288e+08
2.403815344877856445e+10
8.638468721807320416e+07
6.304791128325787373e+06
1.838195796105444946e+11
2.090258410706497803e+12
1.734571878679500122e+11
1.348930280890061140e+09
7.423058295426342773e+10
1.624658654015612230e+07
1.314599789174087219e+11
4.082296168488790894e+11
1.097726066259100437e+09
6.023795830983815918e+11
1.222805601491105556e+07
7.200063822571611404e+07
1.347144521821877658e+08
1.345592433266518116e+09
6.875281564607026521e+05
1.294097020658671875e+11
4.589794610432567139e+11
2.111349339677648193e+12
6.201537597681341553e+10
5.561204027537377930e+11
8.665228561469620466e+07
8.094249672552189636e+10
2.436572507053497314e+10
1.986135367339576408e+07
6.517145999089994431e+08
1.831242172008137894e+10
8.944594491738429293e+06
8.961176729529785156e+10
9.651594396675407410e+10
5.801593438189476318e+11
1.347066319220767319e+08
1.371109590440959778e+11
2.954033036979199387e+06
2.558732825577949707e+12
2.625024074428920820e+07
7.493870829721068144e+08
4.380704425862246156e+08
2.621275811963101029e+08
1.853465544187301397e+09
1.449635735556224609e+12
9.328436681642695618e+10
8.381658737829466553e+11
3.892345931942599773e+09
8.852466297319084167e+09
