1.784613718497435547e+13
3.159821939651946351e+07
1.622438068877354050e+10
1.835307702945302725e+09
1.157969880046299249e+08
3.875584505798818970e+11
8.173649516326045227e+10
4.960524227190228105e+08
3.828339840331715107e+09
2.737707683290193787e+11
7.456964234915830612e+09
8.413996793172141537e+06
1.885490432486181641e+10
2.771480656108163452e+11
1.652844050186098099e+10
5.144027612729829407e+10
8.607363294674196243e+09
9.628378956575108337e+10
8.793586199061363935e+07
1.456578001474049315e+07
5.431221252656514740e+10
5.356959297247847748e+10
2.180683973779021912e+11
2.407376366642507492e+05
1.118533839837023621e+11
4.731471959699815063e+11
4.450755536851127319e+11
3.174507874648029357e+07
1.015266782981661987e+10
2.326077431113396168e+09
1.345806611682657471e+12
1.790469444519985616e+08
5.694097594217655029e+11
7.285941704020276070e+08
2.067238562415552139e+09
5.596881575101782084e+08
1.545039127621399117e+10
3.746567022795525360e+10
1.846723747400026321e+08
2.053598855297835835e+05
1.092433881084443359e+11
1.914148166624027100e+11
3.216354577102389145e+10
1.847619406411128044e+09
3.951762030971192017e+11
3.329266882757746506e+10
2.130879940361758041e+10
6.605672647699508667e+09
8.830479956104946289e+11
3.150288334975324219e+12
4.311039929433630981e+11
6.073565062051259041e+09
5.741697366663290405e+10
2.891944297088999271e+09
4.677200188002574158e+10
3.071774800298360596e+11
5.238907763605679512e+09
7.993736945222434998e+10
6.392694632577196360e+08
1.354649152272577820e+11
1.003375534856916962e+11
2.465292206755764160e+11
7.821178341121548462e+10
2.326771091761154175e+09
6.998295183540665283e+11
1.640971558079905090e+11
3.021596688431749268e+11
4.272138042603836060e+08
3.880254454895732880e+09
4.304997821353939772e+08
2.408807732660828857e+11
1.479431527438319969e+10
4.238728099693436432e+10
9.238097660800102234e+10
4.385955424159584999e+09
5.512641754421847343e+09
7.286759574570055008e+09
4.414026331370465698e+11
3.263558528063559532e+09
1.032127689243903046e+11
8.443233027964245605e+10
7.036326953491737366e+09
1.488084813873711014e+10
2.883202994737523193e+11
7.817837700247250557e+09
1.844621658606181030e+11
3.958735725834959412e+10
8.019831639931748962e+10
2.265742501074205017e+11
2.829531323893097168e+12
4.988992311934191384e+05
2.454525696995644379e+10
1.234329911964389324e+09
9.967347583108840942e+10
5.091523662729490280e+09
9.850166051987239075e+10
6.025067503235865479e+11
2.503747128918627739e+09
8.638225855875782145e+04
7.053915513441304932e+11
1.074216650192808867e+09
7.907649132340994873e+11
6.604198154214661407e+10
8.764391580898912624e+06
4.241940393836926880e+11
3.333226736699879883e+12
2.194374190459932327e+10
9.916505230140853882e+10
3.065583290042434692e+09
1.379055294327381897e+10
1.432464519088383179e+11
2.962003480598971558e+11
1.217321348337061615e+11
3.877154631271497192e+11
5.735155316717913747e+07
3.976925935964915466e+10
1.552798769541178772e+05
3.334325300617629528e+09
1.704491095228963280e+10
6.136074698827813721e+11
2.787547008862459717e+11
4.092042187073648834e+10
1.890648910208288879e+11
4.923518733115473986e+08
3.615797037584090140e+05
6.927565120148521729e+11
1.408622606379212189e+10
1.523270747286401672e+11
2.385116728559361771e+06
1.574146830278753853e+10
2.338277578712240982e+10
6.504792192433314398e+06
8.300796218445095420e+07
4.481850039828847504e+10
6.261658293537256718e+08
5.202471978001028061e+09
1.915330169441495514e+10
4.591405878114686012e+09
1.121434581887227535e+09
1.930107791974059677e+10
2.057663545180329590e+11
1.171025363312995361e+12
1.081817764222731018e+10
1.896020995352983093e+10
1.243874879497120623e+06
5.884135327203336716e+09
8.762957151563984680e+10
1.705923172848731689e+12
1.865230810519689636e+11
1.855041726292871826e+12
1.673143485241043381e+07
9.028734307031230164e+10
5.252686243670910645e+11
6.374778268049394531e+11
1.428998137730105896e+11
3.978977505545410919e+10
1.395559689603004761e+11
1.978904527630554810e+11
5.572478313204469681e+09
6.886717977308113768e+04
1.757747614550781860e+11
2.906119979726370811e+09
9.124907436255712891e+10
1.400348860739806824e+11
6.703484327168897539e+07
9.237491912626869141e+12
2.782246079987415578e+06
2.600882245391730666e+08
1.908611644817003479e+11
6.935398256979438477e+11
1.452536753638299561e+10
6.072193195574186393e+04
1.811112131039221191e+12
7.017379547488176346e+09
6.628007606990514374e+10
5.319780917837745667e+09
2.265131679070411995e+07
3.037485719751400375e+10
2.791787891491507180e+05
1.827074913933007479e+09
8.123854257872041464e+08
2.152660114196210861e+09
2.153611438488523960e+09
3.128098383369227219e+10
2.587135470794571340e+08
1.208316321066755295e+09
3.363698775306988144e+10
1.710299687048771973e+12
2.069417434064618835e+11
2.148051228948405029e+12
4.342276514684034586e+08
1.334580461959447021e+12
1.059676046083448364e+12
1.186107503854084930e+11
5.022353661509247497e+06
2.940232094457731582e+05
4.959798872818648070e+07
1.219534368887462646e+12
1.239588632006891251e+10
9.230370815169218183e+07
7.945387218962422609e+08
5.194168454558499336e+09
3.497972535251656494e+11
1.268683588547565430e+12
1.370863519128605957e+12
1.285270321656627808e+11
3.034284584565427780e+10
6.958898288321063854e+06
1.963995770680313581e+05
5.657557015071804047e+09
2.171899860333686829e+09
8.265827281037625074e+08
3.594150730473305664e+11
1.375184895713594727e+12
7.646591411049446106e+10
9.372076578148546219e+09
1.693169413256438293e+11
1.120370278145152569e+09
5.426319517602024841e+10
2.136025512310171204e+11
1.532297109165899828e+07
3.362369980432299194e+11
1.016749491871646285e+09
2.004838173893171549e+09
5.489445767315107514e+04
2.696397909638599679e+07
7.056303957214774191e+07
5.320888027808802795e+10
7.893891468756102295e+11
1.390598261861974609e+12
2.074840678748318863e+10
9.339326496710493164e+11
2.175153496874255180e+09
2.934574279581695938e+10
5.768512381633372307e+09
7.867423954729697667e+06
6.082925443071427345e+09
3.805143850938050270e+09
1.784083720141959935e+07
3.344144263374106598e+10
2.099115162814811096e+11
3.219193122522283936e+11
1.139347572848876152e+05
5.718469056511271667e+10
6.691233823489842415e+08
1.720326871958609863e+12
1.332086741412990332e+09
6.592883064556190491e+09
4.869840695726536751e+09
6.579157351356628351e+04
1.143184399085519791e+10
9.140200957804046631e+11
2.041109373987348633e+11
4.915641591070762939e+11
2.881402493734756112e+08
1.229106965077162504e+09
