9.370158314111523438e+12
2.100961085596064377e+10
1.928191765164548645e+11
9.523868785913844407e+07
1.666340082667873621e+09
1.436467388791996338e+12
2.746898403967262745e+09
4.285727143189472198e+10
1.061313391995617561e+07
1.121608568298019775e+12
6.644208107080915943e+04
4.032178669094768524e+09
1.769676912817243859e+07
1.131320752515443115e+12
7.817399251807751134e+06
3.739601062504983521e+11
1.808190998560271692e+04
5.541713153363112793e+11
1.906349554216474295e+09
1.824186328469712830e+10
9.814008110406401157e+08
3.833309885218544922e+11
9.571742505279550781e+11
1.139477397425102806e+10
5.518327467744935036e+09
1.660288916625822266e+12
1.587874211693452881e+12
2.102597554916176224e+10
1.508247286410873413e+11
5.514978731814627349e+07
3.539377472338195801e+11
3.154258213501807404e+10
1.004076156578204041e+11
4.881744816943014526e+10
7.254780424253305054e+10
5.331954331594840288e+08
4.833652270302988589e+06
3.092357526671027222e+11
3.181063172458270264e+10
6.645224987809638023e+09
5.247799957698315620e+09
8.751316041502448730e+11
2.828123239477308960e+11
6.930300100083276367e+10
1.456775041525349609e+12
2.885467368471475220e+11
3.392507413052758574e+07
1.218707300078761292e+11
1.939506837148786011e+11
7.198991185823744141e+12
1.551487515285621582e+12
5.503355488985439297e+05
1.140026101658025265e+09
8.356372467192170715e+10
6.438245259787180424e+08
1.216569935766067871e+12
1.861523562787706964e+06
4.919348634695964966e+11
4.639461298452628851e+08
6.931194775274490967e+11
4.366327174975835800e+09
1.042249541758096191e+12
2.476259150672167301e+09
5.510231024261470884e+07
1.374408817993359680e+11
7.881688631154876709e+11
1.202457329614548340e+12
6.888238015478965044e+08
9.511287704645539856e+10
6.841221308388315439e+08
2.429681371614272308e+10
1.835195826773947144e+11
4.796010547578210235e+08
5.395890582537840576e+11
1.005429813936473389e+11
1.117991029154451904e+11
8.638358910766651388e+04
1.578331630427548340e+12
8.807608179233497620e+10
4.643751682402545929e+09
2.961981729223994255e+09
1.256573744086469269e+11
1.840908134527073669e+11
1.163264181544900391e+12
4.281589420434682688e+04
8.532981118010643311e+11
3.874921202328089476e+08
4.929540951896132812e+11
2.178113787258165359e+10
6.598370026973106445e+12
1.191706450386868668e+10
6.578665639526670426e+07
1.961055205200729072e+08
5.667092696307374268e+11
2.260294924805771094e+06
5.623879307633995361e+11
1.095185151153213196e+11
4.542754274704242498e+07
9.611674326419452667e+09
2.231407518780192871e+12
2.420529974318379760e+08
2.431731305539898926e+12
1.638109473695350647e+09
3.997522353390059471e+09
6.313915298345935059e+10
7.537657108236400391e+12
2.275146403737786255e+11
4.255209247916353226e+09
2.469359771796647832e+07
1.768031968686285400e+11
9.169570972995840073e+09
1.185630007048309570e+12
6.590100113029333115e+09
1.436886843472526123e+12
2.290930274913932323e+09
3.931507224977262616e+08
6.856050500689624786e+09
1.841723061173486710e+07
1.980266322545689697e+11
2.010867615023462646e+12
3.137195811985636139e+10
3.258305842506730347e+11
8.677735511008266602e+11
4.275194957090245819e+10
6.336927366472352982e+09
2.201386611449816895e+12
2.331919277993444819e+06
1.035189719972725105e+10
1.414564648037139511e+10
1.897122025021343079e+11
5.296944274041985720e+07
4.249949630802035332e+09
1.956949894907831669e+09
3.440523883613663940e+11
4.632967846407376099e+10
1.088008572042954102e+11
1.932459733588048816e+07
4.319382010864233598e+06
5.706300865950340271e+10
2.119208828123503418e+11
1.828991265517979813e+10
3.282496969353272461e+12
1.558015506724701843e+11
1.821649727623549849e+07
1.316526305041036987e+10
1.153034628210652161e+11
3.225924545051824093e+09
4.403593959770489258e+12
1.525112302575949669e+10
4.705252659091438477e+12
1.867063768445769119e+10
3.452524938453214645e+09
8.859069418395478821e+10
2.068794122392169922e+12
7.182429469257215576e+11
3.204484276265502319e+11
8.704433806698026657e+09
8.952985013606499023e+11
1.184993212468345184e+06
1.059169595211114120e+10
1.363906589194911003e+10
2.933623592308662087e+07
3.536097537627233505e+09
7.086016947380856934e+11
2.464866986333565521e+10
1.763088177766884375e+13
4.948774355070964813e+09
1.021452479430338979e+09
1.591944463631069183e+10
2.203250733535299805e+12
3.009536381026680116e+06
9.968743006284250259e+09
5.326902610528517456e+11
1.254926781202902069e+11
4.372105420814098511e+11
1.099431094791041565e+11
3.144533629560935974e+09
2.735967844596264343e+11
6.505301707592826843e+09
9.619365596883004904e+07
3.517172270342604518e+08
7.376844275319483948e+10
6.664988497459504753e+07
2.782863035073583374e+11
1.025332628120764971e+09
2.027641758911173344e+08
2.902831286364230957e+11
4.412504937488365234e+12
1.848158598672497940e+10
5.287399842870843750e+12
4.104546228227751160e+10
3.498201101213195190e+11
2.524557982734214172e+11
6.348277988702362061e+11
1.551965202004528236e+10
1.159759860415733719e+10
2.423409951972675323e+09
3.387220438281045898e+12
6.628397265179271344e+05
2.657901179650399399e+10
5.032938750775169373e+10
1.087194172922347412e+11
4.606929137053593445e+10
3.492610231394486816e+12
3.631651212541183472e+11
6.693608851575482178e+11
2.734303591787351685e+11
4.194820828594016552e+09
1.114140638059278107e+10
1.131769759706541443e+11
6.534054087239240855e+07
3.442063880999308228e+08
4.818613897530374908e+10
3.718681641655117676e+12
4.782886374368358765e+11
1.852909462316961071e+04
1.270144558396547699e+10
2.275269296060272157e+08
3.863599095303812256e+11
9.435992332441408691e+11
1.839551551935850143e+10
1.297345315135422607e+12
2.618033935226641297e+08
7.865303798612856865e+07
7.469957564322046280e+09
2.036944418880429077e+10
2.102514539324268103e+09
3.817514295807512817e+11
1.644733613008080750e+11
3.751154316629443848e+12
2.205440666666879883e+11
2.104356628448133545e+11
6.509405650488650054e+07
2.682169543956341248e+11
1.142222512961655121e+11
4.093990143614003658e+09
5.163002488673447515e+05
9.428200954548210144e+10
3.364452876743299007e+09
2.892977845852586670e+11
1.896892853570361328e+10
1.257744637390071777e+12
7.468611327804841995e+09
3.989970479733010254e+11
4.412481958615744114e+08
4.432907627261875000e+12
1.732504087644783556e+08
2.162568869061853620e+05
3.033535173791673500e+06
9.658811469496917725e+09
2.554691722440418671e+05
2.714126757816947754e+12
1.802111862571446609e+10
1.707324696162496338e+12
3.614897249893920135e+10
5.907173269927174377e+10
