1.978773826663988672e+13
2.208470048404044064e+05
8.444341072133868217e+09
4.621784110745198250e+09
6.150843197743173838e+08
2.922490629817433472e+11
1.199053526947899780e+11
8.314058309092600644e+07
8.373537696897591591e+09
2.010176772797109070e+11
1.460174714714282990e+10
1.337571189055607319e+08
3.241569040290400696e+10
2.036975378734274902e+11
2.890108720985451889e+10
3.185912913176153183e+10
1.649015745238677979e+10
6.415862984950598145e+10
5.140488770840006471e+08
2.891604107305389334e+04
8.285359683692549133e+10
3.334859691090965652e+10
1.571299749046443787e+11
1.225822651155041065e+06
1.596100839971544495e+11
3.618943098096462402e+11
3.389713800877908325e+11
2.720458949668834684e+05
4.833310639597300529e+09
5.584648678324734688e+09
1.635281382730025146e+12
1.473046445168346539e+07
7.239937085458370361e+11
1.493236382820017040e+08
6.467669941111489534e+08
1.856216239446002245e+09
2.725640909506447983e+10
2.224527787935744476e+10
1.561559605684446357e+07
3.004717406696275994e+07
1.561999118517448120e+11
1.363707056162882538e+11
1.868702328676177979e+10
5.562082654011620283e+08
2.984167083713909912e+11
1.943984084225469589e+10
3.607843121836206055e+10
2.863777119293576241e+09
1.095832432096689331e+12
2.671775993555191895e+12
3.275904803714365234e+11
1.228494210983283997e+10
8.710641812727987671e+10
1.007107560203773856e+09
7.244598201893066406e+10
2.276088615894096069e+11
1.085669673487169456e+10
5.219087970869768524e+10
2.049189102517257690e+09
9.346374935849317932e+10
1.445233510987960815e+11
1.794770155282352295e+11
1.151999954412296753e+11
5.586031741675873756e+09
8.794418340618472900e+11
1.152935284879039917e+11
2.236033728942485962e+11
1.522167216482597589e+09
1.470538355371397734e+09
1.530685924919888020e+09
3.237700302403842773e+11
7.573362808082439423e+09
6.633500455660437012e+10
6.128495035259767151e+10
1.717977100501714945e+09
2.288776088409774780e+09
1.431966102412297058e+10
3.359776744879822998e+11
1.177862420837333679e+09
1.483001823598040466e+11
1.234948021456205902e+11
3.095118496519018650e+09
7.625730284977217674e+09
2.125765167902054138e+11
1.519752431825339699e+10
1.309858247118753815e+11
6.240675100929144287e+10
5.238041106441359711e+10
3.058818200738550415e+11
2.388777091452915039e+12
8.206961782040690305e+05
4.085061380118962860e+10
3.384282836241620064e+09
6.666206334126534271e+10
1.060167549669632721e+10
6.579586081323076630e+10
7.635742646149888916e+11
5.925483772868427277e+09
4.701531529234739952e+06
5.538834404738449707e+11
3.039202204658507347e+09
6.252892259354906006e+11
9.883471381543037415e+10
1.365008264766982198e+08
5.490221272401975708e+11
2.833595366378496094e+12
1.202165761648328781e+10
1.429812155099625854e+11
6.981593443944841385e+09
6.968796357802134514e+09
2.002681223122863464e+11
2.188513969070720215e+11
1.724727196294485474e+11
2.923761156791862793e+11
3.924789476291534901e+08
6.266263155242577362e+10
2.656299453871361166e+07
7.476883107757110596e+09
8.948777710648679733e+09
4.775683599913195801e+11
3.708624356861721802e+11
2.459290850329795837e+10
1.345491831113310699e+11
8.218989565109644830e+07
3.588242931734810024e+07
5.433484503093416748e+11
2.515872982537941742e+10
2.119215611187541504e+11
8.040592042686120840e+04
8.149022440865781784e+09
3.914349103871561432e+10
1.179084761310901195e+08
4.955092359530689120e+08
2.726609473671135330e+10
1.189543416733884513e+08
2.129224036175357342e+09
3.286340207036528397e+10
9.729178672034582138e+09
2.790080956918419003e+08
1.035184310226978302e+10
2.797535886490400391e+11
9.470892143495332031e+11
5.216608763565037727e+09
3.257380716696343994e+10
2.289405586955106701e+05
2.482095752913010597e+09
1.277417832772608032e+11
1.406893655219584473e+12
2.554594136016383362e+11
1.536145372707256836e+12
4.262141640422825003e+04
1.312642242902593079e+11
6.710472821668603516e+11
4.973663296396328125e+11
9.910320172492462158e+10
2.382227141473990631e+10
1.955194513492397156e+11
1.413978821673958130e+11
1.143059781585186005e+10
2.277699322234315798e+06
2.418289612093625183e+11
6.684900239487939835e+09
1.325370719557283478e+11
9.692756053947291565e+10
1.834691269902868662e+06
8.149741196052602539e+12
7.910937630558560789e+07
1.067331999103771329e+09
2.609479330618186646e+11
5.440013014447886963e+11
2.583610952136766815e+10
3.624945307233646978e+06
2.170883293415240479e+12
3.084897441896098614e+09
4.234800304511813354e+10
2.189367278779142857e+09
2.268200461040088236e+08
1.750038383750966644e+10
3.256337807172401994e+07
4.605306212628684044e+09
2.454477303119730473e+09
6.827139529891053438e+08
5.250119016307336807e+09
1.810057724524579620e+10
1.063333880571898222e+09
3.328802723867163181e+09
1.966995301783114624e+10
1.410681364469207520e+12
2.812332634849896851e+11
1.791184863356941162e+12
6.738729154089306295e+07
1.622287109674007568e+12
1.302749401273287842e+12
8.076565170919377136e+10
4.506577003461553977e+04
1.031601403539611725e+06
3.590350895470530987e+08
9.884941686983455811e+11
2.253040853751017380e+10
3.858911731460426934e+06
1.697165086872628629e+08
2.124961063364817619e+09
4.583441941852246094e+11
1.030513539056236084e+12
1.664270961444498779e+12
8.822159361556756592e+10
1.747918530610630035e+10
1.217635708216433674e+08
1.486598898692582734e+06
2.363917892319103718e+09
5.285734296894593239e+09
2.486999893716878891e+09
4.701153498801783447e+11
1.121785050961654053e+12
4.967415824216827393e+10
1.772944035525788498e+10
2.336166424429008484e+11
3.139536319346532822e+09
3.383500365941101074e+10
1.536396764576900024e+11
5.987729531843623408e+04
2.508786721890025635e+11
2.913222778048190594e+09
4.958338698657735825e+09
1.847271149098687991e+07
1.928387848925475264e+05
4.468635547063684464e+08
3.309586474526169205e+10
9.854706070174979248e+11
1.135017905310937012e+12
1.126308507813039207e+10
1.155594465020847656e+12
5.292117729611356735e+09
1.682112060172457695e+10
2.421666995568290234e+09
1.290950893221236616e+08
1.230078863623401260e+10
1.434372709325376987e+09
1.984495672827582061e+08
1.953921073612095261e+10
2.849697375385737305e+11
2.393984307908621521e+11
1.854641497969202697e+07
3.589005877443463135e+10
2.120482537966668129e+09
1.419360844580598877e+12
3.591218784416730404e+09
1.316135361673833084e+10
1.021636424721252632e+10
4.553682352259295993e+06
2.101497794860148621e+10
7.289878446614633789e+11
2.776688171216527710e+11
3.769721812408880005e+11
3.435079673515199870e+07
3.175048545057115555e+08
