2.444933993837302734e+13
7.593981868660582602e+07
1.265170836836071253e+09
1.983432436542741013e+10
5.475456953060336113e+09
1.484440688557159729e+11
2.442325071754269104e+11
1.577531679794815718e+05
3.025005708786850357e+10
9.491134847554655457e+10
4.562134919452104187e+10
2.432112793061982632e+09
8.431355027792147827e+10
9.643935422145751953e+10
7.704962370452644348e+10
8.992160602321943283e+09
5.000871812394078064e+10
2.283744271460879517e+10
4.939853681745298386e+09
1.289355382222436965e+08
1.796654209891802979e+11
9.572648291766185760e+09
7.037571666928625488e+10
4.713501724949249625e+08
3.107285107047626953e+11
1.909819603283431396e+11
1.768487434151385193e+11
7.571218544375421107e+07
4.946132908970242143e+08
2.264262778402295685e+10
2.405472038519052734e+12
7.737601357335068285e+06
1.156299390270421143e+12
4.383338976975868718e+04
4.180520998871317599e+06
1.076477166563533211e+10
7.360192571522718811e+10
5.445969174618717194e+09
7.220458000052941032e+06
1.263895163889654160e+09
3.051011383232170410e+11
5.914228973026340485e+10
4.240752511004571438e+09
2.365553720730529167e+06
1.521603517085696716e+11
4.489938568430249214e+09
9.175099494205430603e+10
1.860814209274006784e+08
1.675282918886504883e+12
1.835460248254489014e+12
1.698780549654544678e+11
4.008991367550114441e+10
1.872398818730803528e+11
1.643041802328958921e+07
1.609039143566307678e+11
1.102051777697148438e+11
3.658133410549261475e+10
1.744459797465657425e+10
1.147639902549742889e+10
3.693052491648768616e+10
2.857224887434562378e+11
8.274815817028141785e+10
2.361902884179557190e+11
2.264661963058955002e+10
1.375343596377552490e+12
4.803948834725100708e+10
1.078832957970076294e+11
9.483443089250362396e+09
4.370622128859062493e+07
9.517034315722488403e+09
5.699239065665325928e+11
1.060556376551155806e+09
1.497198564199238892e+11
2.151980066939209747e+10
6.294593778764962405e+07
1.178727925158539116e+08
4.495722626564290619e+10
1.750120492213214111e+11
2.505449855103586614e+07
2.920098481280458984e+11
2.503414449897394714e+11
2.167314888944037557e+08
1.072569610656649351e+09
1.015238198866387634e+11
4.701617790673056793e+10
5.627453116560783386e+10
1.424558615440347290e+11
1.752794680824150085e+10
5.425103225064555054e+11
1.622785591355281006e+12
4.260661688477631211e+08
1.012676053509634857e+11
1.601436195580003357e+10
2.399597553306602859e+10
3.594564394164093781e+10
2.359397581794181442e+10
1.212407039900728271e+12
2.361012220861256790e+10
6.711418719899098873e+08
3.132908251820285645e+11
1.489295322143633842e+10
3.601918630617952881e+11
2.078877555610715942e+11
2.456004403814643860e+09
9.049238395430042725e+11
1.957833369643446045e+12
2.200419059914601326e+09
2.831496160493814697e+11
2.653480008214940643e+10
9.248462923661801815e+08
3.768526266070882568e+11
1.051367717337906647e+11
3.318328100914328003e+11
1.485205103683826599e+11
4.247341728758984089e+09
1.429310053147277222e+11
1.204953304230394125e+09
2.787306704662774277e+10
1.388264002269290447e+09
2.639329932664029541e+11
6.414044056158704834e+11
6.276188176814325333e+09
5.816996418251513672e+10
1.654939462156830705e+05
1.356716393544774771e+09
3.064272150598319702e+11
6.915398128870565796e+10
3.955173189188938599e+11
2.786270010430313349e+08
1.194619747690832376e+09
9.788396485487527466e+10
2.289233058697557926e+09
4.838222881889996529e+09
7.251357778639431000e+09
5.740303154211267974e+04
1.010995361935308725e+08
8.522949050686410522e+10
3.374709105283050537e+10
1.436364564700076007e+05
1.746584547697066784e+09
5.021757949604706421e+11
5.780743801094771729e+11
5.655511529505758286e+08
8.463728414195805359e+10
3.354693622259125710e+08
1.394465559746098518e+08
2.575416815230046387e+11
9.020250377922768555e+11
4.643264079041240234e+11
9.949961765558671875e+11
1.189173522075455636e+08
2.634916649206384277e+11
1.080843143682881714e+12
2.766540669943984985e+11
3.975733556699037933e+10
6.000791620977760315e+09
3.692131785865548706e+11
6.183740751103881073e+10
3.800130507620810699e+10
5.517031639123190641e+08
4.429285955252417603e+11
2.572347264288955688e+10
2.656370051353574219e+11
3.866295074446578979e+10
3.673429283320695162e+07
6.154520202976768555e+12
1.901956335170088053e+09
7.603171010736631393e+09
4.729086239737332153e+11
3.068521015114772339e+11
7.059681629065264893e+10
6.245533946148884296e+08
3.113754604252350586e+12
2.153375790331244171e+08
1.322158164630447960e+10
1.072871859065323770e+08
3.168802400396741390e+09
3.854860789881068707e+09
1.305002540821228027e+09
1.978503055755781937e+10
1.291677903981832504e+10
5.007719384854089469e+06
2.168031150699853134e+10
4.048965429112383366e+09
7.585695143572514534e+09
1.583600924368799973e+10
4.566758711072222710e+09
9.047392349386922607e+11
5.044699265225461426e+11
1.180371833740267090e+12
4.002608253784913104e+05
2.388110897471008301e+12
1.957886258370819336e+12
3.069092193363637161e+10
2.151915974227939546e+08
4.531269639031124711e+08
4.044917404847675800e+09
6.067270713044694824e+11
6.349169162511837769e+10
2.444872178529559448e+07
5.371042638343274302e+04
1.007065147391232699e+08
7.719806559806143799e+11
6.359246429722492676e+11
2.444169671475118652e+12
3.433261689709885406e+10
3.848062814451015949e+09
2.324286631030830383e+09
4.952514283102772236e+08
1.260710637260983288e+08
2.178341474681710434e+10
1.302963503587660980e+10
7.893636852443294678e+11
6.997339478021141357e+11
1.634467481203305817e+10
5.283789995489279938e+10
4.299755054873789673e+11
1.522199152898748779e+10
9.763751844669017792e+09
6.846839971016661835e+10
1.252737590068110526e+08
1.238110661438449554e+11
1.447590806386821747e+10
2.082970968174658203e+10
1.051530038046166420e+09
8.599108892484399676e+07
4.564885566292627335e+09
9.473627713842468262e+09
1.522947292235625000e+12
7.090270194614257812e+11
1.990817278901728392e+09
1.757281882350768555e+12
2.180194694947944260e+10
3.637927409845322132e+09
1.325560399003406763e+08
2.390389827652909756e+09
4.012851396900137329e+10
4.116707402798738331e+07
2.958656102861634731e+09
4.523094496813847542e+09
5.102574897087213135e+11
1.170742707115633240e+11
1.051906488415711641e+09
1.057943823962409782e+10
1.173482609688267326e+10
9.109612629902753906e+11
1.667365911717638206e+10
4.220376257728314209e+10
3.497935107813176727e+10
6.647570268656800985e+08
6.017603826841580200e+10
4.293512711970175781e+11
4.989414911954979248e+11
2.003425421055411072e+11
2.135513146744668018e+06
1.541142573737345811e+05
