4.776399522209566406e+13
6.180153049725357819e+10
2.203599155004014015e+09
3.711641611750812988e+11
2.104085533691967468e+11
2.155083169123809338e+09
1.508505698213970215e+12
3.241762372631848145e+10
4.572114104967464600e+11
5.035074769273887873e+08
5.661164992835554199e+11
1.548721826349213867e+11
7.945020603041519775e+11
5.340229573038123846e+08
7.548685249688200684e+11
8.973620396303221583e+07
5.946574717835346680e+11
1.330537103097502259e+05
2.019502925272394409e+11
6.861630874138883972e+10
1.244976583072781982e+12
7.312137075503285229e+07
1.454057896261111498e+08
9.324615037466247559e+10
1.760393261357165771e+12
4.282701677946476460e+09
3.500124328109966755e+09
6.176489912622133636e+10
4.303703745615485191e+09
3.957799605913906860e+11
7.423325617548097656e+12
4.395768453116401672e+10
4.326490668821085938e+12
2.805595275647175980e+10
1.685782978072108269e+10
2.798995835158992920e+11
7.356339731293177490e+11
3.186404532879354358e+08
4.361597171745124054e+10
1.243278856351380310e+11
1.739678822376611816e+12
5.969745969551838934e+07
5.072437586169997454e+08
1.798994025056887436e+10
2.313271904899021626e+09
4.594107345430582762e+08
8.339586623216810303e+11
6.924716194091339111e+09
5.667557280720309570e+12
3.313456933215576172e+11
3.141415329464190960e+09
5.287180272199401245e+11
1.277134170024549561e+12
1.362636730160247612e+10
1.163578949099105469e+12
8.533920793723620176e+08
5.040404023253737183e+11
3.135960185469369870e+06
2.879839214786189575e+11
1.246298532049540430e+06
1.667552883572011719e+12
2.953079683925113082e+08
1.476852235209698730e+12
3.958143608210697021e+11
4.904948563260093750e+12
1.568990588170046359e+07
7.939245131847928762e+08
2.647543038886367493e+11
1.101660720889854240e+10
2.651618903525590515e+11
2.635397888966937500e+12
2.553830441904319763e+09
1.113740014291540039e+12
2.850076325582500431e+05
9.998209819694988251e+09
8.216674076733304977e+09
5.617144762333858643e+11
3.403830754490700245e+09
1.252615086855373955e+10
1.691092793066460693e+12
1.532359052655079834e+12
6.499232738559247971e+09
2.530803951137465000e+09
6.426632465453516245e+08
5.752900400171960449e+11
4.482218684090984613e+07
1.080780040365731201e+12
2.983611293788592331e+06
2.548445811226767578e+12
2.738673068667454224e+11
9.078642707795292664e+10
8.829936892770803223e+11
3.353630588948139648e+11
3.282785499999969034e+04
4.994796941269491577e+11
7.024935234993438644e+04
4.476681582306034180e+12
4.039845784174831543e+11
1.027764387640363159e+11
1.382397337930162811e+10
3.242259682287210083e+11
1.862949815549164963e+10
1.362975820736629395e+12
1.554097597421851196e+11
3.632924055477509277e+12
3.656799946076419067e+11
1.267291796507164955e+09
1.657880332928021484e+12
4.280425473607089233e+11
2.841175566680434227e+09
1.997005365835481201e+12
7.265154924593576193e+08
1.837218698702751221e+12
2.158267487124482155e+09
1.903698248082138672e+11
1.082951049471728638e+12
1.224640889740218353e+11
4.387148387294790649e+11
2.028852983149231911e+09
9.415899367864006042e+09
2.857613612783834961e+12
2.349009946888061464e+08
5.437920879593449086e+07
3.250319271621781921e+10
1.271750220011350861e+11
1.316962496644732857e+10
7.103754682196413574e+11
2.061791450753484131e+12
8.158610201899307251e+10
2.314886929089890480e+09
8.657328960379692383e+11
1.516041826064120178e+11
2.002998659526228638e+11
1.656699481773853302e+08
2.976824950898054123e+10
8.652641665440116882e+09
7.994200026662988281e+11
4.834761159904003906e+11
2.326861513021670914e+10
1.626633399388514042e+09
2.418553075322838867e+12
4.744240631464894104e+10
3.972414760805994511e+09
7.962423943822219238e+11
8.539873044878147888e+10
7.738557474237477303e+09
1.560270428079985107e+12
1.050398787577095642e+11
2.294330084967656738e+12
1.240679714439379425e+11
6.747554375617066956e+10
1.583175470158122070e+12
4.122051489153513672e+12
1.048443957969666290e+10
2.939451584833117202e+06
2.596472558129757941e+08
1.970253581055089355e+12
7.620528074976563454e+07
5.141257204961324463e+11
9.730320306683328247e+10
2.223001474425523438e+12
4.214740341733843994e+11
1.591399470200619873e+12
2.147613563127001282e+06
5.446217349681703949e+10
1.872673330789043213e+12
1.422056442966651611e+11
2.408470641302776184e+11
2.322708630205937988e+12
1.320976046319051170e+10
7.186258726661735840e+11
1.007094813778638153e+11
9.032888990764029297e+12
6.517137362680186272e+09
1.922743882722895220e+07
8.483489857858596802e+09
1.704229793965242920e+11
5.935469859219192266e+08
1.256014527873929443e+11
3.707202824898358154e+11
3.037376010384144287e+11
1.645550686995558929e+10
3.874853436960186768e+11
5.480960247386242151e+08
2.406140109815405273e+11
3.336132360820760498e+11
4.457689298182498813e+08
1.055813599324949799e+11
2.426007277922772461e+12
1.647250652309920349e+11
3.393706321126952744e+10
7.382875861439589844e+12
6.361621486617622070e+12
5.764131674840528285e+04
7.675960789237916565e+10
9.227511190486625671e+10
1.868242336784316406e+11
5.190581155558975220e+10
6.774266333391627197e+11
5.114093241794352722e+10
2.708228635125524521e+10
8.664851882818897247e+09
3.249317866591456055e+12
5.659428400259693146e+10
7.513294858180675781e+12
4.380037933452263242e+05
5.952304078908410072e+08
1.524150551652877808e+11
9.448864426010418701e+10
8.024766795169507980e+09
3.883804663384821777e+11
3.049408410298514404e+11
3.300270722630739746e+12
6.730763097580772400e+10
5.233762465917777270e+06
6.126014076049416504e+11
2.179407491779508545e+12
3.275278561492115479e+11
6.835864529468701780e+07
1.276249466337484121e+08
6.820368145880099487e+10
1.247383927485013485e+09
3.199987050149223022e+11
3.800344347889624634e+11
1.173812807427176971e+11
6.326920812240730286e+10
1.957798142079130859e+11
7.572385895909833908e+07
5.284004267613363281e+12
6.891907762816583252e+10
1.417306706455402374e+09
5.871137966004866211e+12
3.885413800574315796e+11
6.499317255689911842e+08
7.882595591605344772e+09
1.539267824243894348e+11
5.289850722739620361e+11
1.118306838294740105e+10
1.661812526913766174e+11
4.534707341588092446e+08
2.444775920367916992e+12
1.042606136859052658e+09
1.173922965581412048e+11
5.113845294585318863e+07
2.908682115614572144e+11
1.068259595979501038e+11
3.417650817249212036e+11
5.432132039611755981e+11
4.924911537552687378e+11
1.024984476888802032e+11
6.576767270195816650e+11
2.669756881543526459e+10
2.408029791346616699e+12
4.840802886367323875e+09
3.861066614300053406e+10
2.227320719095864868e+10
