3.307599561910188672e+13
5.147281356725801468e+09
1.158898957311923150e+05
9.136483207910061646e+10
3.975612224955099487e+10
3.964017784945552063e+10
5.929131315798543701e+11
1.404203140520502567e+09
1.224536355513329468e+11
2.096983242628561020e+10
1.643054831471865540e+11
2.473570764321728134e+10
2.589707368527196960e+11
2.146356418375794983e+10
2.419787199492684937e+11
3.170394316140037179e+08
1.756671195268214111e+11
2.106538199692816734e+09
3.735128912265673065e+10
6.240363624874102592e+09
4.645121730635210571e+11
3.657137934396960735e+08
1.344991424598263168e+10
1.073044794189509583e+10
7.198912413775080566e+11
5.604732971420824432e+10
5.046968932111334991e+10
5.141629484498195648e+09
4.797648176354700117e+05
1.000551409077168884e+11
4.064533758050574219e+12
2.661917030399987221e+09
2.154109120023226562e+12
1.015745733562397242e+09
2.820481187218838334e+08
6.082506991279936981e+10
2.338104378786318054e+11
8.911030211220484972e+07
2.620348951508337498e+09
1.737399499590294266e+10
7.093100716048819580e+11
1.030822955169741058e+10
4.246601798064924031e+07
3.370220602823355198e+08
4.102573333793389130e+10
5.068075999633298814e+07
2.760924631483577881e+11
1.118524801491351239e+07
2.964774508937016602e+12
9.584498440816674805e+11
4.776298281440673828e+10
1.496533764789574585e+11
4.799051838778790894e+11
1.514101488345294893e+08
4.259264084661246338e+11
2.602800788330400085e+10
1.401402382430659180e+11
1.273861271565109730e+09
6.341101547156122589e+10
4.847784392973293304e+09
6.726546353932678223e+11
1.714050394472649765e+10
5.772330629855015869e+11
1.000674057229855194e+11
2.500088930931398926e+12
7.436467334785502434e+09
2.524411570977644730e+10
5.605095932336334991e+10
7.560800141141396761e+07
5.617818317975064850e+10
1.185129235193229980e+12
7.825060004060770734e+04
4.025814312676190186e+11
1.889953253625127792e+09
5.345144338035385311e+07
2.448493052309659123e+07
1.625666983175972290e+11
4.975357831345006561e+10
1.161284078479323536e+08
6.845855036425737305e+11
6.047723225241807861e+11
8.074894901873350143e+06
8.466652714249836572e+04
2.312567461087961578e+10
1.679408428229961548e+11
9.542479970273929596e+09
3.872661610265060425e+11
1.285539329572715044e+09
1.137511952462439209e+12
8.288566037077910156e+11
1.024795585543851662e+10
2.976407878440734863e+11
7.905008757904377747e+10
2.303357462910696030e+09
1.383962046505895996e+11
2.234421985806771755e+09
2.243347959216241211e+12
1.029895484716156616e+11
1.266365411409599686e+10
1.082811933548301392e+11
7.530315047349058533e+10
1.297653959172422028e+11
5.213851869154846191e+11
2.487169455311968231e+10
1.748043913631106445e+12
1.033944758366590454e+12
3.184975919316594023e+06
6.677615281135134277e+11
1.116978563039994354e+11
7.375872047298551479e+04
8.423454527019522705e+11
2.432395997463586044e+10
7.593366351276427002e+11
3.966858758787075043e+10
3.412283809199061203e+10
3.882718215349725952e+11
1.694951267546920967e+10
1.156087684450634613e+11
1.436413250072215742e+05
8.645725216039579773e+10
1.307985729125561279e+12
1.309525613919295073e+08
1.004683674219148827e+10
1.412306114174813986e+09
1.802824867104709244e+10
1.051950900349293213e+11
2.231646876221181946e+11
8.763526264681657715e+11
8.507166437806136131e+09
4.239255548177519813e+04
2.900225108123034058e+11
2.391389565887518692e+10
3.688651253160088348e+10
1.894454265256371796e+08
1.162005245115107298e+09
3.044476897698217258e+07
2.610938316354693298e+11
1.323124934227573090e+11
6.524594638794537783e+08
8.587216371869964059e+05
1.066888399277349976e+12
2.366207391798038025e+11
2.583798213915288507e+05
2.597216413715094299e+11
9.215957921665462494e+09
1.887082893102136999e+07
6.186950924605539551e+11
4.096872724007802124e+11
9.999488189029121094e+11
4.615416000727603149e+11
6.052433925697635651e+09
6.301569846799112549e+11
2.033350743044572754e+12
9.199684594700798035e+10
5.475714719310992241e+09
1.162711788792302310e+08
8.283606105134118652e+11
1.104194618020844269e+10
1.440126873411662292e+11
1.154122892180191422e+10
9.617921076007171631e+11
1.093051654848477478e+11
6.342802470583980713e+11
5.229967753907331467e+09
4.054560104330233574e+09
3.847713505055653320e+12
2.159426193460305405e+10
4.871292736091274261e+10
1.015187399364925903e+12
1.053856757004133453e+11
2.266317466417819519e+11
1.223601493873127747e+10
5.101557620558923828e+12
8.204683749532976188e+06
7.338677407389286757e+08
2.805072771219876409e+07
2.874801993982313156e+10
3.114610392088628188e+07
1.766574018620000839e+10
9.120979824398300171e+10
6.852172060434526825e+10
2.636657431627496779e+08
9.710751253805073547e+10
3.655177868416831642e+07
4.864267911169188690e+10
7.845861117091273499e+10
5.337753235507860035e+07
4.111893072735599365e+11
1.070924240882281128e+12
5.671774372105418701e+11
1.551443063338819742e+09
4.038795441387725586e+12
3.394988515776200195e+12
3.547286756508186817e+09
7.636670946696288109e+09
1.053912637633169937e+10
3.314975015195956039e+10
2.513505274722144470e+11
2.094209225409529114e+11
3.591256497282228947e+09
9.362882716295557022e+08
3.061420992571861669e+07
1.528261198067418213e+12
2.664932645713302917e+11
4.121842685713415527e+12
4.291389161094260216e+09
3.096882282852537930e+07
2.411712825996477127e+10
1.097681186847997665e+10
2.212917257659225538e+07
9.742466087880773926e+10
6.891585790107698059e+10
1.557234541429706543e+12
3.000209998255413818e+11
1.122778503370844364e+09
1.828859170813111267e+11
9.385763867531527100e+11
7.640967546592001343e+10
3.824251289803084135e+08
1.290153903817007637e+10
6.172159598523219109e+09
3.072653903130732346e+10
7.389194485885987854e+10
9.447630385208137512e+10
1.580779450062148476e+10
5.376587690417613983e+09
3.562154624718127441e+10
3.571982356527444124e+08
2.729932001226189941e+12
3.049508344283778687e+11
1.864089914392290404e+06
3.090289898160874512e+12
9.748170110239552307e+10
2.555805396858741343e+07
2.045770290454675257e+07
2.449724729278770065e+10
1.497569611975543823e+11
7.965761751300838590e+07
2.763744010243582153e+10
5.180471755020178854e+07
1.081095394429231201e+12
2.837829021763825607e+10
1.581024979089434624e+10
4.569805862478096485e+08
6.433968921153687286e+10
4.146353118429961548e+11
8.122250433506866455e+10
1.552995560814117432e+11
1.357326124326739655e+11
1.260585651256368637e+10
2.012636677929982910e+11
1.625556258400353088e+11
1.061194460152244873e+12
5.980376814169902039e+10
2.040444517867098570e+09
5.858398707928800583e+08
