1.318853072896233643e+12
1.256152308611353271e+12
3.230018788544974609e+12
3.639890450576000366e+11
5.996702232640822754e+11
9.875622898026751953e+12
4.065013427612464905e+10
1.647540431900944580e+12
2.917938032400868530e+11
8.491667009498096680e+12
2.264780971440812988e+11
7.478620743556683350e+11
1.413448046912411499e+11
8.535938415980948242e+12
1.527399978207099304e+11
4.543102265057678711e+12
2.127104482464439697e+11
5.635495576221801758e+12
6.187330256702802734e+11
1.194616881174872314e+12
6.298133032178742981e+10
4.603817796970326172e+12
7.723493751620649414e+12
1.018815767269073608e+12
2.701070487096929169e+10
1.080612402102438477e+13
1.050919945846920312e+13
1.256503460109714111e+12
2.866112436090990234e+12
3.408833728623392334e+11
7.607727379470473528e+07
1.460801064127657959e+12
1.752652658412805498e+08
1.736875311856776123e+12
2.052513322542918213e+12
4.743662098312059326e+11
1.586839341482353516e+11
4.108012970246242188e+12
1.465550214478283691e+12
8.616734985733223877e+11
2.792924519392475510e+10
7.325347470567880859e+12
3.921217948862400879e+12
2.012321812112826172e+12
9.961669848887693359e+12
3.962271894378255859e+12
1.310272085182303467e+11
2.591610960375275391e+12
1.093167759798107727e+05
2.876928773597302734e+13
1.035856424090708398e+13
2.464007726471366882e+11
5.965192599059710693e+10
2.183598614896570557e+12
7.236860482417053223e+10
8.919836183688443359e+12
2.608790236249850769e+11
5.274124937906957031e+12
4.625970562395277100e+11
6.397506259043945312e+12
3.138361831932123947e+10
8.125504149325382812e+12
4.281407467465818024e+10
3.408526400082891235e+11
2.283976238574306294e+07
6.890481526168162109e+12
8.856846796746628906e+12
4.977544262340749512e+11
2.313470699290689941e+12
4.971006643814290771e+11
6.427378189964805603e+09
3.152294332706803711e+12
7.888713963948272705e+10
5.552089700142324219e+12
2.372264112006898926e+12
2.490150646802314941e+12
2.287071060067534790e+11
1.046978996841919727e+13
2.235177419151318848e+12
3.021063962159801865e+10
3.909583606790307617e+10
2.628879137970623047e+12
3.157111192062213379e+12
8.680758107831504883e+12
2.219260615603122559e+11
7.217482321855097656e+12
8.356416457197581482e+10
5.280161893741154297e+12
7.449527948977416039e+09
2.705547103299330469e+13
1.033828804887687744e+12
1.194555585805535431e+11
4.020289721690470581e+11
5.706631304387351562e+12
2.636827127441875305e+11
5.682172776560174805e+12
1.112445194731079936e+08
3.336624158972392578e+11
9.647263888461679688e+11
1.303644191435250391e+13
4.151068871468187256e+11
1.378054579311326172e+13
5.167140500734223938e+10
7.461148696644600830e+11
9.745146304284402132e+08
2.972167603702888281e+13
3.508295970505848633e+12
3.187915069369454956e+10
3.137317331570670776e+11
3.095222336400139160e+12
1.844071369420041275e+10
8.781455280337822266e+12
2.386267284889797592e+10
9.877403748520714844e+12
6.466063058477578125e+11
8.324648574869343567e+10
8.697077939527198486e+11
3.054391865829949341e+11
3.272919985864559570e+12
1.219618581227677539e+13
4.369012415572730064e+09
4.222407615308412598e+12
7.289090165680758789e+12
1.645913614161716797e+12
8.496780990820937500e+11
1.292342452346068359e+13
1.669403408100310059e+11
1.660652546176941299e+10
1.094456148790355835e+12
3.204213379028797363e+12
1.233820235663050995e+11
7.586507513923654785e+11
6.225756874438625488e+11
4.345662806610338867e+12
1.700213816802645264e+12
2.459241030337061035e+12
1.400055988579716797e+11
2.738596958459794617e+11
1.852855179496431885e+12
3.385352602166503906e+12
9.259483387159841537e+09
1.678094123102441016e+13
2.911121683176950684e+12
1.408690473658631287e+11
1.068422779468487427e+12
2.525855501931084473e+12
3.735586963673991394e+10
2.045090858461855859e+13
1.136883095254162979e+10
2.139765649532256250e+13
1.204431317418797607e+12
3.598856215162259674e+10
3.072172335900893807e+08
1.241919658333016797e+13
6.529788484558635742e+12
4.185538398189318359e+12
1.925481388354218292e+10
7.424242166345916992e+12
2.548239563538638306e+11
9.950332833823101807e+11
1.277794921911975288e+10
3.189979743582774048e+11
3.551038204699533081e+10
6.479201798869833984e+12
1.331408513981536133e+12
5.530818295013161719e+13
7.913712618371225586e+11
5.387186580809849854e+11
1.085035192618546295e+10
1.293045424416413281e+13
1.641848405294292603e+11
9.759440744840380859e+11
9.676191465705622435e+08
2.627267570145038574e+12
4.943481383874477539e+12
2.471057054768169434e+12
7.001918553758695068e+11
3.854605831793097656e+12
8.562669484092835693e+11
3.644269680242551880e+11
4.409563376201350708e+11
2.067434046223929443e+12
3.484198767623495483e+11
3.888602830539778320e+12
5.391452244350373535e+11
4.040413615126526489e+11
3.974644787602127441e+12
2.047909238957807031e+13
9.145411592436210632e+09
2.318546122939308984e+13
1.619297019800865967e+12
6.902114621097540855e+07
9.625564847577101318e+05
6.084496662053741211e+12
1.129477266925152344e+12
1.024687061056396240e+12
6.555862305514232178e+11
1.713557894399220312e+13
1.785511945640359192e+11
1.369184643575876709e+12
1.758752347183175293e+12
2.458396614706221191e+12
2.123480841600665569e+09
1.748971719242045703e+13
9.361284161159476638e+07
6.270992811279076172e+12
3.853395429668538574e+12
7.559469897369836426e+11
1.011406359687664673e+12
2.504242654623747559e+12
3.475948606780503540e+11
4.393693657366298828e+11
1.923857039684370756e+09
1.824058727583359766e+13
5.192890700622571289e+12
2.046210934026762695e+11
1.371972605768366051e+10
4.111619528969278564e+11
4.623332015534855469e+12
7.658360481564218750e+12
1.198145974332708008e+12
9.276338857952041016e+12
4.202435537265934448e+11
3.554020407701793823e+11
8.923909410863101807e+11
1.242284427060450684e+12
6.333163054042124023e+11
4.593620141231312500e+12
2.930308548286406789e+06
1.834750278225456250e+13
3.453740832115833496e+12
1.211741069683476380e+05
3.474468111661219482e+11
3.815343061691356934e+12
2.514886793659392090e+12
7.509536824499074707e+11
2.462501531483028259e+11
2.304353942526463379e+12
7.126305905105484619e+11
3.967626925436177246e+12
8.863978268602190018e+09
9.102399025642574219e+12
8.923406666885322266e+11
4.704184090368967773e+12
4.585106021818228149e+11
2.054357116265964062e+13
3.947955750553499146e+11
2.384067141857911377e+11
2.680608434874650269e+11
9.662196081088063965e+11
1.860111461232646179e+11
1.480269156774953906e+13
9.422811464841617584e+09
1.099703797934321094e+13
1.540007933537802490e+12
1.879973167054434326e+12
