1.259473733695658789e+13
3.689481374053851604e+09
7.795210714400668335e+10
1.596951921226432780e+06
2.115475244687194377e+07
8.511539740864527588e+11
1.740051937022126389e+10
1.058210448326999283e+10
3.565489372643204033e+07
6.411943235868015137e+11
2.242307290324718654e+08
1.921519809423854649e+08
1.570226518200458050e+09
6.475826789410019531e+11
1.224448962986239910e+09
1.760332045573642273e+11
3.138167692109141946e+08
2.817164734534216919e+11
3.119906358856084943e+07
2.959792310367633343e+09
9.385753230803989410e+09
1.813689457225860291e+11
5.340347838116892700e+11
1.372030523790642023e+09
2.738980694322896576e+10
1.003478437519541260e+12
9.539506043573361816e+11
3.693948802605668068e+09
5.714351470455713654e+10
5.419261666453178041e+06
6.725149829881650391e+11
6.800462806699379921e+09
2.362485443627452393e+11
1.271332607141753769e+10
2.190781944478217697e+10
1.370024269767352671e+05
1.074853047808667898e+09
1.397813753387886353e+11
6.885413897732541084e+09
5.233996776222180724e+08
2.648463483124719238e+10
4.813484206379879761e+11
1.253207422907391663e+11
2.059386378353771973e+10
8.648790310374310303e+11
1.284404865759466095e+11
1.966041792261162281e+09
4.345952647301695251e+10
4.052906021158637695e+11
5.113352821397006836e+12
9.291499646920324707e+11
1.344361694266841412e+08
1.022755168636972618e+10
2.647994489892962646e+10
7.425563213121196747e+09
7.039144310500963135e+11
9.056198501478777826e+07
2.445517974149967346e+11
7.961700584607388009e+04
3.666944382370220947e+11
2.344883528802468109e+10
5.892336095741816406e+11
1.630440443227800560e+10
5.423974428091219626e+06
3.049853499852366333e+11
4.261535318243678589e+11
6.945578818865284424e+11
6.671980838290033862e+05
3.143795160516487885e+10
6.161936496151032625e+05
7.835326951406158447e+10
7.325927416866232300e+10
6.346104150912193298e+09
2.729534776526909485e+11
3.382090322618145370e+10
3.885550151146028137e+10
2.120981005629274249e+08
9.474408521437357178e+11
2.839833830323731232e+10
2.441976243084267426e+10
1.825031641750025940e+10
4.521283762841254425e+10
7.354623574482772827e+10
6.686371203943328857e+11
2.509347425588726401e+08
4.674248461086722412e+11
5.682583961144430161e+09
2.451552952969698181e+11
7.223669770699920654e+10
4.649992780304786133e+12
1.480094790569548845e+09
2.531964720321084976e+09
1.324931142837679363e+05
2.892765134528839111e+11
8.365253810554943979e+07
2.866682390850381470e+11
2.534481843190151978e+11
7.469972244854106568e+06
1.023243099281197667e+09
1.400964076599808105e+12
5.820199179379270936e+04
1.542823520427297607e+12
1.266096782333725166e+10
1.886523441052294672e+08
1.631397402590232544e+11
5.375785563060804688e+12
9.582570748455117798e+10
2.305550256476755524e+10
1.662110841032049246e+07
6.989836117856524658e+10
3.876104828076448822e+10
6.834173175395002441e+11
3.087520202016516876e+10
8.514372566099987793e+11
5.109614800156630576e+07
5.725033047187026024e+09
5.550849040906941891e+08
2.245746637873414531e+07
8.059898665814537048e+10
1.246153862803247314e+12
9.496148710198332214e+10
1.489693434485103760e+11
4.766513024083627930e+11
1.054522542736313057e+10
4.782839356471743584e+08
1.379802997094998779e+12
8.960458826145888567e+08
4.219848885572315979e+10
1.967480315850291491e+09
7.637928377158520508e+10
2.323333953317254543e+09
2.148487462712236643e+08
3.352633662380865216e+07
1.591457238301444397e+11
1.181344420924643707e+10
3.750253891243264771e+10
1.616714818965573788e+09
6.226108601492998749e+07
1.579125791056533813e+10
8.772484387301068115e+10
6.351224280824466705e+10
2.156061575059482422e+12
5.955498054378376770e+10
1.586541602595222473e+09
1.747986916696537256e+09
4.044732670559834290e+10
1.927048000213465881e+10
2.984300044597228516e+12
5.564233181867169952e+10
3.210191812909592285e+12
3.069979338244773865e+09
2.012839617725570297e+10
2.135974111782165833e+11
1.286668075420211182e+12
3.823153092587666626e+11
1.459808734704864502e+11
3.738169865235791779e+10
4.942465853390393066e+11
1.071389376342309415e+08
1.210940594758760214e+09
5.133761894135976410e+10
1.358368195809881017e+07
2.044096798761299515e+10
3.763122748004361572e+11
4.709772141326916695e+09
1.344468817897165039e+13
2.942861825125379562e+08
3.954378267039960250e+06
5.739873955829753876e+10
1.381116203033485840e+12
9.522947868030911684e+08
1.090456714603097677e+09
9.550912613856026611e+11
4.513633872647304535e+10
2.124228774456558228e+11
3.801698613011266327e+10
1.106076629478825927e+08
1.203295923511244965e+11
5.027393018181202412e+08
1.608739923061391339e+06
6.018534639755736862e+04
2.240615779947448349e+10
3.761046282967473846e+06
1.228659169723416901e+11
4.017122898326071445e+06
9.819903892040788196e+04
1.293872402754682159e+11
2.990956382565764648e+12
6.399933588189594269e+10
3.649143702663886230e+12
9.951751514284416199e+09
6.658467404751912842e+11
5.052598638518359375e+11
3.307379026879048462e+11
2.287455731636118412e+09
1.413674616469543457e+09
5.897029747457857430e+07
2.232569206977852539e+12
6.917839363018236160e+08
5.275830349114707947e+09
1.326704224016336060e+10
3.746590458838899994e+10
1.274979545761975403e+11
2.309760628938798340e+12
6.874270151479173584e+11
3.519894261986912842e+11
1.202397194006685181e+11
2.090407291637146473e+08
1.320554773369375229e+09
3.948005662626431274e+10
3.939776705683968961e+06
3.279587835389015527e+04
1.320228779845898132e+11
2.475977974327468262e+12
2.364889840604045410e+11
3.803074802959970236e+08
4.878486287758064270e+10
5.649949390624849184e+04
1.830979493489048462e+11
5.252787070186326294e+11
2.999175255375796795e+09
7.576929058221882324e+11
3.595113150141960796e+04
2.630405639488470275e+06
6.509151393794262409e+08
3.516944567034427643e+09
4.075193798439590633e+07
1.804681122722348938e+11
3.535303532983886719e+11
2.499921494555395508e+12
9.219154255869004822e+10
4.337937859619915161e+11
3.961990998745348305e+06
1.174290460708070831e+11
3.995501023288253784e+10
1.985320236646112800e+08
1.349490407793548703e+08
3.107613690143382645e+10
1.290783472428676039e+08
1.288498699130587616e+11
6.523319075457357788e+10
7.312806154560197754e+11
6.507411986158453226e+08
1.903338882791405945e+11
4.781078934703154664e+04
3.006200693672023926e+12
1.845385242872949457e+05
1.657131966137042046e+08
7.379428370797660947e+07
1.032027714629789829e+09
5.845700257096921206e+08
1.744582275503730957e+12
6.282744870822444153e+10
1.035765849274554688e+12
8.293508300205677032e+09
1.656144163726708984e+10
