2.342378603192077135e+05
1.071999052111086712e+04
1.106464257194313541e+04
5.409751047654706053e+04
1.055977482013799636e+04
2.036918601038684938e+04
8.349213209905459371e+04
2.728214042485531536e+04
2.960097258484170015e+04
6.815243453565553864e+03
4.596803972842706571e+04
1.271920232539513381e+04
4.130635899080186937e+04
6.808158868270121457e+04
1.616252635865067532e+04
2.744630966842693306e+04
1.742650942661660156e+04
5.383158904601245013e+04
8.863310561561065697e+03
3.797234058676418499e+04
3.243166480070208854e+04
1.533281388114569017e+04
2.475483490468308810e+04
1.085753820488021665e+04
3.667333640535861196e+04
5.499598873791883307e+03
6.513444966839704648e+03
3.620893644768260128e+04
5.775482932172638357e+03
3.543124820253161306e+04
7.224009670810341777e+04
4.524013571846218110e+04
3.586376629027204035e+04
2.327585536610403506e+04
2.696545818021347077e+04
4.023724992957938957e+04
1.125949976514916489e+04
1.379650450033514790e+04
9.780038825749987154e+03
5.884259080516065296e+04
2.492977484426802766e+04
1.081156275464710234e+04
1.626239006351541548e+03
7.791983407286839793e+04
3.888977402977822203e+04
2.038758673287847705e+04
3.208886996247848583e+04
1.720783042528307851e+04
9.518656925380455505e+04
5.541664355987092677e+03
1.306148903722809337e+04
1.613128977070543260e+04
1.896313298395911988e+04
9.014428282720896823e+04
1.818136909388108324e+04
3.804088025415808079e+04
2.140685163269017721e+04
1.739314192921697031e+04
1.454166400578193679e+04
3.389194899233180331e+04
1.894145111576736235e+04
1.408970720398452431e+04
3.856117197918402962e+04
2.904409368715855089e+04
7.745685988139930123e+04
1.859856917770704240e+04
3.289251783543579222e+03
1.890893471738875087e+04
5.096872859696713022e+03
3.919993199428787193e+04
1.659608240658240902e+04
2.527867364130901842e+04
9.263286741326466654e+03
2.634509317285312136e+04
2.313853668313163871e+04
7.199325881046615541e+04
1.980079134487593910e+04
5.630822490081837714e+03
4.070747217732262652e+04
2.678656986329670690e+04
4.958132787045036821e+04
6.299192833972764674e+03
3.642837891893538472e+04
7.552169042843040188e+03
2.036371056110043355e+04
3.157431482670211335e+04
1.999156331523589688e+04
4.259150933280891331e+04
5.085425737373209995e+04
1.706472644179459166e+04
2.473515387168692905e+04
2.804684457603294140e+04
3.827116124630864942e+04
1.867576893967489741e+04
1.037475334368881740e+05
2.049688626466839560e+04
3.883619682427870430e+04
3.773788859055873763e+04
7.228768128800333216e+03
2.508048781518509713e+04
2.822857320196348155e+04
1.495394837237347201e+04
9.590251813498891352e+03
1.868413247317811692e+04
5.289193185622388410e+04
1.853391523757653886e+03
2.165103111387266108e+04
2.889244339450180269e+04
7.326719793568578098e+03
5.107868649835894757e+04
5.744361861868426786e+04
9.622754081881127786e+04
3.255738969619169438e+04
1.888913639152956603e+04
7.632884136049996414e+03
1.027376643614052591e+05
2.010440200280451245e+04
3.452210798012252053e+04
5.986766537796258490e+04
1.069595746957534357e+04
3.518011064522762899e+04
3.177672962412351262e+04
1.736940462560511151e+04
3.099775834215376744e+04
1.297608468024085778e+04
1.163490206622276673e+04
3.411640977117346483e+04
5.992938763605690474e+04
2.590268304764802815e+04
1.773989234745378417e+04
3.149822127172769615e+04
1.567789414244513500e+04
1.111442823377560308e+04
1.167515130439694258e+04
2.204237633175743758e+04
3.145723857874123496e+04
2.638406349937082632e+04
4.124057920354293310e+04
1.352820491858360474e+05
1.168118750458522118e+04
2.510926009782312394e+04
2.678446758693585798e+04
3.516465131326048777e+03
6.476098738442501053e+04
7.091811409285847731e+03
3.792492028881123406e+04
4.085966819039967231e+04
3.715282503620421630e+04
7.307139182544416690e+04
7.339678366837028989e+03
1.689389415409624780e+04
3.047109784018656501e+04
7.839551153713191161e+04
1.878196756339306012e+04
1.001732613063186909e+04
1.136147945921063729e+04
4.941347287289246015e+04
2.502967782568382609e+04
1.157693307135939722e+04
3.902040120759538695e+04
4.863233965846876526e+04
3.734581833584367268e+04
5.478727036526766460e+04
6.354933286461969146e+03
1.918359983069981899e+04
1.992722283855788919e+04
1.280000939782019304e+04
6.534121127674707532e+04
2.236694056459359854e+04
3.117390674264825066e+04
2.785944490962387135e+04
4.609815689494166872e+04
7.371445775118321762e+04
1.337169987776307971e+04
5.078120105150008021e+04
1.151482920768196891e+04
2.413260928632003197e+04
1.254368488650060863e+04
2.706920174642868733e+04
2.291412081324814426e+04
8.620272527296163389e+03
1.399317053264001515e+04
6.421016416065243902e+03
7.636834540914440004e+04
1.413098808226803521e+04
5.095749163696296455e+04
1.359631108853546175e+04
1.836733761944531943e+04
5.719304348216443032e+04
3.319341437400858558e+04
9.191268886946270868e+03
4.086013818613231706e+04
3.963874564659462339e+04
9.104594752845840048e+03
3.329301865047308820e+04
3.561208450342297874e+04
4.355254021629569615e+04
1.347115550762305975e+04
3.210691896301903034e+04
3.476912503141455090e+04
1.251145752425468891e+04
5.666361937889373075e+04
2.249730685725269723e+04
2.623623740424004427e+04
8.271999963746905269e+04
2.044320271799561851e+03
7.140580488268522458e+03
2.526750771691764385e+04
4.763187102062073973e+04
1.141618187381655116e+04
9.557338286741144839e+04
6.761792856694458351e+03
5.379268068407988176e+04
3.179923462643132370e+04
3.537947884992293439e+03
4.946265978439320315e+04
2.740263349842888420e+04
2.407646132043102989e+04
6.228411757193167432e+03
1.429163684853924315e+04
2.031791327149296922e+04
1.483792799982444012e+04
4.432462307279818924e+04
3.692611586101160356e+04
9.248640219706119751e+03
3.718353686585905962e+04
3.468630395999782922e+04
3.132699067223422389e+04
3.640312847702946601e+04
1.442366385938571329e+04
1.526335257305764753e+04
7.101549678438110277e+04
5.073745889322949370e+04
1.543702832848279832e+04
1.679807546283453121e+04
3.965294646727399959e+04
1.784701741495440729e+04
4.738003349980193889e+04
1.914936029996837078e+03
2.542439056295566843e+04
2.255808112350452575e+04
2.173358612227694539e+04
1.822689132037066156e+04
4.265120323546915461e+04
5.459091377409538109e+04
1.522347177557777468e+04
4.903825083674398047e+04
1.671822152710526279e+04
2.421332248295051613e+04
3.478105273341262364e+04
6.693284719716897234e+04
1.806671606663181592e+04
4.089748559049914184e+04
2.526864498972098772e+03
1.485376109101269321e+04
5.185591032036513934e+04
