4.183649639050759142e+05
4.235109487830661965e+04
3.687971113245691231e+04
1.236793619046094827e+05
4.166473465147093520e+04
3.427237673680266744e+04
1.901630529871776234e+05
4.607370573113396676e+04
9.420687874157703482e+04
1.077751851114165402e+04
9.627014785771924653e+04
5.264914233594022517e+04
1.500953159687030420e+05
5.422812908666217118e+04
2.536502309172199602e+04
7.440866525686599198e+04
6.505201295845920686e+04
1.064624789074155706e+05
3.120913473577503100e+04
6.580903828846212127e+04
7.266804081705547287e+04
4.301374500563083711e+04
3.594196724172816175e+04
5.665539509786522103e+04
1.539938672493823688e+05
1.075348479360371857e+04
9.874789514090396551e+03
6.698831112314092752e+04
3.896793493628846772e+04
9.441911483214818873e+04
1.659039733047513000e+05
2.120929703673518088e+05
1.011204189054382587e+05
5.865950212517808541e+04
8.492782374989698292e+04
6.641758829164734925e+04
3.295266181825194508e+04
4.373465589050059498e+04
2.582604424225155162e+04
1.087753000568492862e+05
1.044923251836821437e+05
2.045956872970562472e+04
6.111761047808683543e+03
1.446670614014100574e+05
9.430970768960149144e+04
6.162443462761814590e+04
8.141024336715659592e+04
1.015937940165729378e+05
2.057515910596518661e+05
1.945637618949610987e+04
2.744534416785363283e+04
5.304105238845214626e+04
5.450058500430832646e+04
1.305714210606184643e+05
7.667360679747091490e+04
4.283797152716059645e+04
1.124403939404101111e+05
5.114707183811991854e+04
3.330990902013530285e+04
7.848620687339613505e+04
1.034643061999958591e+05
7.324263891854199755e+03
1.086177498569795571e+05
1.268192434213635279e+05
2.261182386659228068e+05
2.127801940732791627e+04
1.158822396171986475e+04
6.993345202274284384e+04
3.669168234146095347e+04
7.194896067079888599e+04
5.107777181622010539e+04
8.557772961784008658e+04
3.458343796071408724e+04
5.184132833070223569e+04
7.139597436352485965e+04
1.304718906669308781e+05
5.869429969666487887e+04
2.507106200010070461e+04
4.758239174167028978e+04
6.232779144544171868e+04
1.823243783979173168e+05
2.658335179340251852e+04
6.777825568137608934e+04
4.150861359735632868e+04
7.147594507658536895e+04
4.103399963732265314e+04
3.310465234217270336e+04
1.200150395783559361e+05
1.299594919365547394e+05
4.370170965274367336e+04
2.954017939302319428e+04
8.169249482272946625e+04
1.018411413634009950e+05
3.736383283840326476e+04
2.228663961333059706e+05
3.908372653460020229e+04
1.209049745550335210e+05
8.918489879590559576e+04
2.246447157168637932e+04
5.472838283424499969e+04
1.570949057214190834e+05
1.362269412941691189e+04
3.586464755920434982e+04
9.939549640777564491e+04
1.057315221045913931e+05
6.860808758335285347e+03
5.482734795976385067e+04
9.147992192358437751e+04
5.190151593419805431e+04
9.438193404636204650e+04
1.415453152901316353e+05
9.721408452344687248e+04
1.164178670516155398e+05
2.948283013564007706e+04
1.172070714239944391e+04
2.157661221775095328e+05
5.887491553838466643e+04
7.729872569244079932e+04
9.105639609153430501e+04
7.576519057202168915e+04
1.042137993284357071e+05
6.911386264938623935e+04
3.137953560166273382e+04
3.239579718749975291e+04
4.107438298886602570e+04
4.206288690425324603e+04
8.594385045169328805e+04
1.672337518508229696e+05
1.049951727996608679e+05
4.933949205435296608e+04
2.555657452981195092e+04
1.079561677204647567e+05
7.148211435786368384e+04
3.632616057405537867e+04
5.646086776275202283e+04
7.436451755704688549e+04
1.022153676878376427e+05
1.191884617743857962e+05
2.045308964823696879e+05
2.975590426279321400e+04
7.313867861272805021e+04
2.644002724063191272e+04
3.861102797919922159e+04
1.490113979988993087e+05
6.302369359557348071e+04
4.229975927943173883e+04
9.962812828976404853e+04
6.688674035753381031e+04
1.924931674840132182e+05
4.460486613673934698e+03
2.788816996049273075e+04
9.684760296111005300e+04
1.796038782541374094e+05
3.196157439949723630e+04
4.157036626420871471e+04
2.235789163584063135e+04
7.579770556590575143e+04
6.304029418302153499e+04
6.530367816997291084e+04
7.963323956954514142e+04
2.197000202651938889e+05
7.918579508699911821e+04
1.243036429000064963e+05
2.321263942343169037e+04
6.033989037178130093e+04
1.334043613196537081e+04
1.953782753066026635e+04
1.677644698347832309e+05
7.027626912258876837e+04
3.543044043669410894e+04
4.388458588445751229e+04
8.088493975567164307e+04
1.389436558788035472e+05
4.310098578966512287e+04
1.242905529011437902e+05
5.347171713626567362e+04
8.968526575677754590e+04
2.896330328527422535e+04
5.757094370342537877e+04
1.381761252445103019e+05
6.228413597819701681e+04
3.874314896350220079e+04
2.557406590736424187e+04
1.099213551447897771e+05
3.973672490694165026e+04
1.425820728560058924e+05
2.966197834741698898e+04
3.622008591809559584e+04
1.523663697608984949e+05
3.707649621478168410e+04
4.421395327610011736e+04
1.093032063514168112e+05
1.467387246607597335e+05
2.888174702737400366e+04
7.878650699882498884e+04
5.246386104168190650e+04
3.888369718082078907e+04
2.242103728018697075e+04
1.052856658353892853e+05
8.895208517597799073e+04
8.605199112694706128e+04
9.068561480582560762e+04
6.136992986512766220e+04
3.260781327632315151e+04
2.290673924367054133e+05
9.375149096722547256e+03
2.121985433182704946e+04
1.601230613246633438e+05
7.367058512143848930e+04
4.426735466761227144e+04
1.623512130916916649e+05
2.982153682773308174e+04
1.312424553176438203e+05
4.158972116085798189e+04
2.745035810758973821e+04
1.049948802724269772e+05
8.589511029738339130e+04
4.018854476788771717e+04
8.275092027014374253e+03
8.221303039309965970e+04
1.081392180226915079e+05
2.333260660235681644e+04
9.976140973077704257e+04
1.113187481773579930e+05
3.766834855935968517e+04
1.480002088412074372e+05
6.069157300217097509e+04
5.531566888503090740e+04
9.109798717964044772e+04
6.067674174585246874e+03
6.551818280037607474e+04
1.602432032517902553e+05
1.525597275393540040e+05
2.584598329735395600e+04
2.852061575653313412e+04
1.168609228999158804e+05
6.729859702967123303e+04
6.003801390715554589e+04
1.683857695706565573e+04
7.925752003688359400e+04
7.204337530848410097e+04
3.199247444607950092e+04
3.750454034158241848e+04
5.485022612824439420e+04
8.701718556377344066e+04
3.050603943609834459e+04
1.223380301457045571e+05
3.880102805755425652e+04
1.483780321754875185e+05
8.549575873960845638e+04
1.482121787039852061e+05
1.013403109807106084e+05
1.256244071309520659e+05
1.065506164404340598e+04
2.215860079631170447e+04
1.342616393649034726e+05
