2.521794066306271998e+05
1.370755859484750545e+04
1.483504235124495972e+04
6.121236920745871612e+04
1.282896557387025859e+04
2.652493221885117237e+04
9.183322790706086380e+04
3.264717250937627614e+04
3.564154899850473885e+04
8.088132259759172484e+03
5.332650423603319359e+04
1.497131988826599991e+04
4.424701268690657889e+04
8.564728087782776856e+04
2.076761487834262516e+04
3.386008820437796385e+04
2.161508849996103163e+04
6.794065276397817070e+04
9.892887802697972802e+03
4.713236818413006404e+04
3.920195354512923223e+04
1.806961601215959672e+04
3.336868956342180900e+04
1.363227140874236648e+04
3.815294846556512493e+04
6.590879994065593564e+03
9.695716694585869845e+03
4.719920368314625375e+04
7.025144055944145293e+03
4.062505302084931463e+04
7.869155301730056817e+04
4.520867659630681737e+04
4.040165413642051863e+04
2.986188445167151804e+04
3.008784970135145340e+04
5.016354334804367681e+04
1.279675862524636432e+04
1.675004766213868425e+04
1.274278943183384217e+04
6.813119712634217285e+04
2.632350906239085089e+04
1.462095447952236646e+04
2.101284585908454574e+03
9.301710578116183751e+04
4.699141725510197284e+04
2.406260544791862412e+04
3.786921991462884762e+04
1.791157867729960344e+04
1.068167354327266075e+05
7.952844725125371951e+03
1.797014665308825352e+04
1.870887955146552849e+04
2.250645939491625904e+04
1.070384794310170691e+05
2.159886622052039093e+04
4.852077147275373136e+04
2.401378150689859467e+04
2.025245031549303894e+04
1.890793619699907140e+04
4.114860463586800324e+04
2.005747090847368599e+04
1.983017849827239115e+04
4.329275675011651765e+04
3.212362844644507641e+04
8.287127082653551770e+04
2.526346778369137974e+04
4.732575292217393326e+03
2.389012361564990715e+04
6.984236555381662583e+03
4.461512673395760794e+04
1.918476768911744512e+04
2.894732297360794473e+04
1.070841501167906790e+04
3.446858724457107019e+04
2.526762975382120931e+04
8.625337575293669943e+04
2.355724410128943782e+04
7.656749874035511311e+03
5.177693132774427795e+04
3.111911307525445227e+04
5.386286403775131475e+04
7.358307432542394054e+03
4.485533223686547717e+04
9.928359228411032745e+03
2.285289906105826230e+04
4.103089914306809806e+04
2.520817176991777524e+04
5.098053728846999729e+04
5.910976679861353477e+04
2.282682482985396200e+04
3.074436530138896705e+04
3.212115332911277073e+04
4.149135823205469933e+04
2.420131668697677742e+04
1.131452946053617052e+05
2.648777824713739756e+04
4.484636864577343658e+04
4.302561381101108418e+04
1.003226680364455751e+04
3.301925387285042234e+04
2.816727124150977033e+04
2.125690990596632764e+04
1.088633433306233019e+04
1.926786624872695029e+04
6.420923093901031098e+04
2.879617754749907817e+03
2.643820821042586249e+04
3.136223370285487181e+04
6.640927918555658835e+03
6.155706217290570203e+04
6.388190688009376026e+04
1.171579329107415106e+05
3.511456209057660453e+04
2.530039540261850198e+04
7.574522055711628127e+03
1.152293276682941505e+05
2.572630098300549798e+04
3.976210252243067953e+04
7.351791794777665928e+04
1.209479217111615981e+04
3.985645473182811111e+04
4.044201842064951052e+04
2.185909630348434803e+04
3.903150150614036829e+04
1.574073844122718401e+04
1.550600755593507347e+04
4.155320162304127734e+04
6.642158260219849763e+04
2.959582489974589771e+04
2.230570783042393305e+04
3.844713691952214867e+04
1.589570348027524960e+04
1.230906228856176676e+04
1.485224478925609947e+04
2.668343627249849305e+04
4.023806091628019203e+04
2.975622822020684544e+04
4.672654808427846729e+04
1.566298125736276852e+05
1.535164959113962141e+04
2.830605186189143205e+04
3.628173318689027656e+04
3.266986183622636872e+03
7.592364306673507963e+04
6.787858747774488620e+03
4.917350604229805322e+04
4.469500565294954140e+04
4.787692500286432914e+04
8.003164371204926283e+04
7.488445390593407865e+03
2.357580971607128595e+04
3.351418060382152908e+04
8.677893188772076974e+04
2.511908882649620864e+04
1.338073503685226206e+04
1.457070376492857758e+04
6.056055203510582214e+04
3.159464250414146954e+04
1.398448727382057223e+04
4.531633881089334318e+04
4.847940104362046259e+04
4.508910330020848050e+04
5.930191692333821993e+04
7.812896460241233399e+03
2.316967773457593648e+04
2.566057295780361528e+04
1.732379736625559235e+04
7.226142714311789314e+04
2.514838851184640225e+04
4.143348431008310581e+04
3.375047020186903683e+04
5.624419553246758733e+04
8.606276584079120948e+04
1.569693846379981551e+04
5.985970737840220681e+04
1.324772998824903698e+04
2.913988404596778491e+04
1.609976620193746021e+04
3.365782358467997256e+04
2.182191940695290032e+04
7.936123881295508909e+03
1.677047664825017273e+04
7.491054917150444453e+03
9.576649789493359276e+04
1.677645651946080034e+04
5.603858374674565130e+04
1.789181645143232527e+04
2.440647075587186191e+04
6.553646333535152371e+04
4.493528921976401034e+04
1.040435319338525551e+04
4.791697133402447798e+04
4.166933736973975465e+04
1.191956195128160107e+04
3.900582281905355194e+04
4.390063184384275519e+04
5.428400007220949919e+04
1.828938446619800379e+04
3.635787826966093417e+04
4.252793114587174932e+04
1.367613564929779386e+04
6.928234417613671394e+04
2.463664805784184864e+04
3.495570319825932529e+04
8.962458937843100284e+04
2.525810240599102599e+03
1.046344809869263736e+04
2.320858211692036275e+04
5.437272119951569039e+04
1.373692193925924403e+04
1.123363034610508039e+05
8.879452175101596367e+03
5.857149787430650031e+04
4.249872386678730982e+04
4.110803528162216026e+03
5.748235538915168581e+04
3.041939369359540433e+04
2.949257661522609487e+04
9.056468563843945958e+03
1.694816515130660991e+04
2.133457149223907982e+04
2.010944055985903469e+04
5.138654688237469236e+04
4.407483507268106041e+04
1.091338162141543216e+04
4.074219794762095989e+04
4.401841301076675882e+04
3.841694579598108248e+04
4.058619575204276771e+04
1.908164133457285061e+04
1.791542363687218676e+04
8.148633613824564964e+04
5.829124758492450201e+04
2.148020005565153042e+04
2.264021210026957488e+04
4.498073928476262518e+04
1.948532673370685006e+04
5.537622608269611374e+04
1.953515758590571750e+03
3.138828249327400408e+04
2.433645858491978288e+04
2.964907402138446196e+04
2.275819646360187107e+04
5.426492466935496486e+04
6.912989863581869577e+04
2.036935308846191765e+04
5.526296224946268921e+04
2.063720684283032824e+04
2.358631529670295276e+04
4.038296022157632251e+04
7.071942636730754748e+04
1.935557031468116475e+04
4.713159270023234421e+04
3.720807401484639286e+03
1.967417897973921936e+04
6.162413052460646577e+04
