2.450845053911346768e+05
1.075597607853935733e+04
1.197108180002120207e+04
5.898592611245666194e+04
1.617100547567439935e+04
1.671236355870819534e+04
7.834233028527697024e+04
3.945085789750198455e+04
3.656030829533172800e+04
7.987171554448418647e+03
4.281284323219452926e+04
1.352785143846083702e+04
4.231290906567107595e+04
5.920989684694237076e+04
2.259278686195793853e+04
2.935376694898207279e+04
2.381293041622565579e+04
5.422448164268748224e+04
8.349101914428702003e+03
4.772857847975728509e+04
3.126821618142812076e+04
1.574593818066847598e+04
2.232788124030330073e+04
1.908249288275778599e+04
3.351428189055003895e+04
8.900303832525576581e+03
7.271600305668682267e+03
3.755765574144866696e+04
6.235577778000750186e+03
4.274376201283086266e+04
7.049327630030267756e+04
3.965376720733058028e+04
4.421718944724559697e+04
2.336735842635130030e+04
2.539375058345728394e+04
5.243603760790909291e+04
1.271221048547168903e+04
1.621924407254157268e+04
9.015072050707693052e+03
7.763333426512054575e+04
2.335016013064028812e+04
1.620069578304895367e+04
1.261544520295849907e+03
6.855076155322436534e+04
3.329952940770127316e+04
2.411502467664406868e+04
3.348540598796178529e+04
2.105220950031938992e+04
1.023572759952010674e+05
3.835177179693595463e+03
1.127533471400899361e+04
2.226039547255583966e+04
2.543033508584700758e+04
7.988230097574037791e+04
1.772320833778374435e+04
4.198713188477041695e+04
2.130064523151968388e+04
1.622492581561195402e+04
1.238619755984970288e+04
3.243481788956108721e+04
1.842293838239838078e+04
1.472277663266560376e+04
4.082822551465053402e+04
3.008802542937014368e+04
7.757810491307629854e+04
2.392429874831304187e+04
2.400937458715507091e+03
2.053964231678398573e+04
4.358947567650953715e+03
3.682951120039565285e+04
1.634708071161076805e+04
3.745495920949128049e+04
1.167110429045803903e+04
2.212340883867783850e+04
2.034003170658533782e+04
7.241365797995816683e+04
2.276968636708212216e+04
8.996527822835634652e+03
3.468389253585031111e+04
3.950317989565969765e+04
5.131848786498560366e+04
7.514078911437164606e+03
3.502192134334034199e+04
6.367096471404370277e+03
2.103622728179624028e+04
3.165208144663973144e+04
2.617833450056112633e+04
3.606133998589509429e+04
5.040099014931924467e+04
1.316513491751434049e+04
3.185434247975115431e+04
2.993904547427344733e+04
4.963316369728936843e+04
1.583022155087736974e+04
1.012180839603288914e+05
2.460565079399661772e+04
4.190949560922976525e+04
4.497362786560602399e+04
9.935837391728829971e+03
2.101839579945104197e+04
2.326860694834290916e+04
1.560373853325862183e+04
1.058673872597353329e+04
1.401945716320958309e+04
6.667849243737086363e+04
3.352479788777287013e+03
1.964977448302519406e+04
2.818296066540699394e+04
7.091800277548535632e+03
4.473163516454694036e+04
5.794044092497589008e+04
1.042477293313865375e+05
3.146484893592071603e+04
2.160666034624993335e+04
7.314477697068428824e+03
1.049459928470921441e+05
1.954099349189819986e+04
3.499015026631259389e+04
5.420698660358013149e+04
1.658549651184153845e+04
4.216348006077939499e+04
2.900370465347489881e+04
1.407448332829935316e+04
4.296682659753067855e+04
1.638564102693003224e+04
9.772763200586945459e+03
3.488421574414795032e+04
6.618553080941700318e+04
2.354716693076048978e+04
2.260233056092662810e+04
3.980450310252873169e+04
1.404692357377988992e+04
1.228762079338307740e+04
1.838626416161983798e+04
2.183401128288995096e+04
3.151425313941207423e+04
2.643206164877266201e+04
4.247975247589570790e+04
1.252861622195766104e+05
1.682287632017000578e+04
2.574269200176882805e+04
2.542361490984213015e+04
2.922603003428021111e+03
7.439358318820242130e+04
8.625527754480235672e+03
3.612026123240783636e+04
4.025165270601374505e+04
3.360951517624772532e+04
7.064154704668493650e+04
6.194088799011656192e+03
1.845307415623476481e+04
3.047928058004370178e+04
8.973361688682548993e+04
1.577820528420356459e+04
9.050492094549572357e+03
1.031169883577226210e+04
6.079802377619196341e+04
1.977377898056387130e+04
1.132543469559904952e+04
5.294847840888381324e+04
4.852665176775590226e+04
3.494011441489858407e+04
5.430235423270836327e+04
9.669234911428800842e+03
1.850669980355394364e+04
1.910786101086961571e+04
1.711356029327346550e+04
6.412515879951505485e+04
2.428357525246927980e+04
2.769429962127411272e+04
3.228465060049029125e+04
4.989990885610536498e+04
8.756273606077856675e+04
1.251672512592765634e+04
4.119168356097953802e+04
1.646887340105558542e+04
2.418424805027130787e+04
2.181889959944106886e+04
2.470883244784714407e+04
1.845458053277044019e+04
6.646855491250576961e+03
1.431933555828501449e+04
6.994545226194126371e+03
7.456946713872588589e+04
1.923871671464871179e+04
4.922381725556778838e+04
1.221972591683776409e+04
2.614379167952412899e+04
5.695984994434602413e+04
3.494812271622692060e+04
8.797822254210354004e+03
4.768455318074561364e+04
4.309875157508972188e+04
7.575842028508212024e+03
3.499667762502544065e+04
4.449154431303629826e+04
5.613527325876920077e+04
1.145924021687650384e+04
3.021301088012876062e+04
3.705676216473997192e+04
1.398883994362296471e+04
5.750534605431543605e+04
2.184262659747719590e+04
2.288944353276375114e+04
7.930331478577519010e+04
2.329786691650273497e+03
1.020698354182273215e+04
1.963224069937440072e+04
6.644640519370572292e+04
1.077964265829454416e+04
8.770408886576634541e+04
1.190461738102011441e+04
5.319786782332861912e+04
2.838944437249927432e+04
4.033349137993779095e+03
5.926205175201150996e+04
2.847363114618435065e+04
2.955150321837869342e+04
7.243046085739182672e+03
1.798335912423872287e+04
1.802263773732985646e+04
1.303037009567804307e+04
4.432528106906786707e+04
4.231242574421917379e+04
1.401197812892458387e+04
3.531207541049825522e+04
3.025577371997607770e+04
4.220205322401406738e+04
4.020162893612559856e+04
1.552733645841948237e+04
1.166462887063174821e+04
8.223678058587419218e+04
4.514050979745967925e+04
1.684270606588012015e+04
1.503890039763925415e+04
5.338705808423161943e+04
1.790364098984904922e+04
4.893787164655777451e+04
1.614644046845103276e+03
2.610165247032587286e+04
2.974412611537802877e+04
2.036033058299968252e+04
2.218804679535924879e+04
3.974303681800387130e+04
5.765876159952041780e+04
1.387092817564839061e+04
4.819893940919310262e+04
2.559261277918113410e+04
2.291206088562724835e+04
3.401131008541745541e+04
6.477473472369511728e+04
1.331732058455610058e+04
4.328143156809099310e+04
4.421137984188206246e+03
2.220903906000584902e+04
4.980287726588185615e+04
