2.101704182715855713e+05
1.054047110938230981e+04
1.269882282704036879e+04
5.190546676423391909e+04
1.282567623986467879e+04
2.046308729765782846e+04
7.360192837358251563e+04
3.414386492500394525e+04
3.340559333115771733e+04
7.235290727513636739e+03
4.011836060314436327e+04
1.193821100371970715e+04
3.446208416866913467e+04
7.206688798765276442e+04
1.819711135922120957e+04
2.912227614343798996e+04
2.127118812719355992e+04
5.773404984789943410e+04
7.236657546741650549e+03
4.363598186323665141e+04
3.183514608945720101e+04
1.388541506763759207e+04
2.604737298594050662e+04
1.488461487868482800e+04
3.446333459039478475e+04
4.764130462291876938e+03
7.943108161024425499e+03
3.867785583310953371e+04
5.957436288771757063e+03
3.538323393231695081e+04
6.321154826507444523e+04
4.734279344333626068e+04
4.071032269565301249e+04
2.267559533086154988e+04
2.378284529050897618e+04
4.575354433385226002e+04
7.737341968215345332e+03
1.370213214390800022e+04
9.141899264697931358e+03
6.627051292578745051e+04
2.177386978906742661e+04
1.441159969594822724e+04
1.404898177027923794e+03
7.627252884308378270e+04
4.349997366988707654e+04
2.014761548321390364e+04
2.988343362044782407e+04
2.194008308109577047e+04
9.057472150075736863e+04
6.001344721893947280e+03
1.289627703442587335e+04
1.808511960585980341e+04
2.048827069394598584e+04
9.052424197764378914e+04
1.718551441210096164e+04
4.395543151156469685e+04
2.051302657372360409e+04
1.697038332908975644e+04
1.403297817827077961e+04
3.349366668543181731e+04
1.860510651839224374e+04
1.504870066666216735e+04
3.481861162824918574e+04
2.831306082157408309e+04
7.318249515804981638e+04
2.195326724452185590e+04
3.820741465861463894e+03
1.905672510654406506e+04
5.782496959534402777e+03
3.563692809130556270e+04
1.438959282732285283e+04
2.932346875230798832e+04
9.599387881976148492e+03
2.753551728263688710e+04
1.988265455046830903e+04
7.038039306969559402e+04
2.000695934954563563e+04
6.353383068843094406e+03
4.251736892613110831e+04
3.233969443908419271e+04
5.321797753179076244e+04
5.938819744930714478e+03
3.462172705507920182e+04
9.055423903073071415e+03
1.637096592466125185e+04
3.295327839791250881e+04
2.102169467708729644e+04
4.607921284838396241e+04
4.562143258749809320e+04
1.827306764438876780e+04
2.718760483356007899e+04
2.629885092302460544e+04
4.478248867532356235e+04
1.816923564458566034e+04
9.215006916203883884e+04
2.490092338243851191e+04
3.650442001819099823e+04
3.892282844582226244e+04
6.925462016131204109e+03
2.733623615488962605e+04
2.891270697061772808e+04
1.611234464315815239e+04
8.555679929816638833e+03
2.017977174183968964e+04
5.791957797269486036e+04
2.532214313573922482e+03
1.987695579133564388e+04
3.021285551506952470e+04
6.124596034360408339e+03
4.904174604502875445e+04
5.059380940613419807e+04
1.082821030260886328e+05
2.879290529152685485e+04
2.255879377876829676e+04
6.645507747449732960e+03
9.582683021383198502e+04
2.128808225365927137e+04
3.039717044467672167e+04
5.907999309359657491e+04
1.392386825541363396e+04
3.669791762122949876e+04
3.063645097547745536e+04
1.649075393385394273e+04
3.608610948479447688e+04
1.356148986012085152e+04
1.423989416657774018e+04
3.547165187029491790e+04
5.740276458980610187e+04
2.476858846162685222e+04
1.964450581947846149e+04
3.346961742070849868e+04
1.616954104571505013e+04
1.318946905305853397e+04
1.486316198299333155e+04
2.030572822941716367e+04
3.450553201246245590e+04
3.077588033436868864e+04
3.671157419494818168e+04
1.288974057707900065e+05
1.502247455092160999e+04
2.167766260978085847e+04
2.957981788151071669e+04
3.910077854530349214e+03
6.768247151950035186e+04
8.120919919146846041e+03
4.135673907349796355e+04
3.460055604657415824e+04
3.912080119463431765e+04
6.485863880374709697e+04
5.623215432899616644e+03
1.883600092386603501e+04
2.835839584949742130e+04
7.636963612619011838e+04
1.894452692593728716e+04
1.083679987949723363e+04
1.175053516773060801e+04
5.122401538168228581e+04
2.644253370797384196e+04
1.069119977534986901e+04
4.491564405598438316e+04
5.285704521375457989e+04
3.522494035605189856e+04
4.733169322800180089e+04
8.317918127294353326e+03
1.665641626110646757e+04
2.180858481699309050e+04
1.414526328680074403e+04
5.868524318340337777e+04
1.942187463324904456e+04
3.384766507794185600e+04
2.776258480731738382e+04
4.839173125436044211e+04
7.428948978516161151e+04
1.146551947605364876e+04
5.082645808223428321e+04
1.540191516310827865e+04
2.724234892521360962e+04
1.589752351996421567e+04
2.548929282732607680e+04
2.320118362593937854e+04
8.185281145912666034e+03
1.258167685667133810e+04
5.828031967790125236e+03
8.221588980406432529e+04
1.741724597612538128e+04
5.041737159011711628e+04
1.298218092148148207e+04
2.368689282702640776e+04
5.397125699221569812e+04
3.587404411827676086e+04
8.192620126538322438e+03
4.072385087450774154e+04
4.030480370183198102e+04
8.774008023996544580e+03
3.053358364023353352e+04
4.151078569659804634e+04
4.538882165791434818e+04
1.384801410208320158e+04
2.825062226177948833e+04
3.593054111394687789e+04
1.477379555923876251e+04
5.850113905263692868e+04
1.862544085866088062e+04
2.871947538107814398e+04
7.521003033218593919e+04
1.821154614360967798e+03
8.463842826071231684e+03
2.876840831032344795e+04
5.766600874685798044e+04
1.007293245400310298e+04
9.061491174073809816e+04
8.736697543334659713e+03
4.686686926485955337e+04
3.449334103716253594e+04
4.484156292116382247e+03
5.108253263957989839e+04
2.127582651182879636e+04
2.462014070201147842e+04
6.926211287603419805e+03
1.497671997253869813e+04
2.282894530713399581e+04
1.534064337750304912e+04
4.020860032423330267e+04
3.718331534378338984e+04
1.148560883453903989e+04
3.746535185316866409e+04
3.435146407686994644e+04
3.759248052533486771e+04
3.408852251817502110e+04
1.350976852270001837e+04
1.478227444006872793e+04
6.979001030269979674e+04
5.011815505261396174e+04
1.637287083282945969e+04
1.697816507751335666e+04
4.305134165363731881e+04
1.553222340552507558e+04
4.724154186200417462e+04
1.762172553328250615e+03
2.711618166147979719e+04
2.078700595348362549e+04
2.372686738506145412e+04
1.790696851518157200e+04
4.527828300980837230e+04
5.977546742676856229e+04
1.522519916142757756e+04
4.252409761562567292e+04
2.085837598221090593e+04
2.766237916455722734e+04
3.128527798683473520e+04
5.750799991727190354e+04
2.112979196031179526e+04
3.711804927485458029e+04
3.625093186721644088e+03
1.924257905895010481e+04
5.518409426069125766e+04
