1.971253922681464173e+05
6.600918037544223807e+03
1.468753013563780769e+04
4.180342492222719011e+04
1.135837430049054637e+04
1.138905008907681804e+04
5.778549851402117201e+04
2.615572379130586341e+04
2.883656247084665301e+04
4.454228548912169572e+03
2.850264262371500081e+04
1.219279878567663582e+04
3.380517344533122377e+04
4.140060119698252674e+04
2.710803121958287011e+04
2.015019007628186955e+04
1.886269431456662278e+04
4.864039416015688766e+04
7.447996795541250322e+03
3.025445499469837159e+04
1.940005016248901666e+04
1.528412827164640112e+04
1.750860376986072879e+04
2.241715066666373241e+04
2.682586922443603908e+04
1.003922245026649762e+04
3.439703011931679612e+03
3.545338102213658567e+04
4.046711358041591666e+03
4.223407962666806270e+04
5.426601748510276957e+04
3.467267906433617463e+04
3.271265727216246887e+04
2.249020080015167332e+04
1.959183689319431505e+04
5.378338274424217525e+04
6.773312417166412160e+03
2.046620461380806591e+04
6.387158692622910166e+03
5.553118022117884539e+04
1.691126686719684221e+04
1.218594355337200977e+04
1.478446910979795121e+03
4.816719685986588593e+04
2.357768575987391887e+04
2.876175183715498497e+04
2.246953614063540590e+04
2.292077391786859516e+04
7.779231907194285304e+04
2.268856534631851900e+03
9.044654636005561770e+03
2.187287055201882686e+04
1.824437571521993959e+04
5.923817548103792069e+04
1.577583429241067461e+04
2.603676111992914230e+04
1.914369358729555825e+04
1.297541410103354065e+04
7.969642580615306542e+03
2.190309972381113403e+04
1.301045168147510776e+04
1.159646086459660364e+04
3.225792455990673625e+04
2.585883310850361158e+04
6.015557747690219549e+04
1.800885984475564692e+04
1.578354370266292790e+03
2.311412170024989246e+04
2.446194614569400983e+03
2.669007613356302681e+04
1.064683600460596972e+04
3.874169099591565464e+04
7.173093367697116264e+03
1.687534341455638423e+04
1.436306548265872880e+04
5.337866039158865897e+04
1.547116149760850931e+04
1.720224190376606566e+04
2.499688020985354888e+04
2.803513882241103784e+04
5.433458182533411309e+04
8.875170495084877984e+03
2.145003075252329290e+04
3.596515905531322915e+03
1.681611933708917422e+04
2.211997171340034402e+04
3.183985272539511789e+04
2.418669321609508552e+04
3.371775643180955376e+04
7.865719542207445556e+03
4.266136807746335398e+04
2.025538524394298656e+04
3.629321477926638181e+04
9.831413302347042190e+03
7.904315507161655114e+04
1.532713167754864662e+04
3.298737762043646944e+04
3.128996010068006581e+04
1.149623157074181836e+04
1.225123747512267619e+04
2.084796594659703624e+04
1.509421811003882431e+04
7.892796668451084770e+03
1.294277625800717215e+04
5.161093127517834364e+04
7.587712018608783183e+03
1.489270096750538323e+04
2.427817215263234903e+04
4.340525492266961010e+03
3.083541541231444353e+04
4.743255782663157152e+04
7.044043508501395991e+04
2.326803482282926052e+04
1.354531717753414341e+04
5.351674422467426666e+03
8.124915439993310429e+04
1.364327639735016783e+04
3.189026745645288611e+04
3.612482919254707667e+04
2.408753657399897565e+04
2.901577053248429729e+04
2.194592437333413545e+04
8.790086921310892649e+03
4.188890844899361400e+04
1.006619014636907923e+04
8.786548752166425402e+03
3.758349080153516115e+04
5.060996386776537838e+04
1.548546777227525854e+04
1.660061544386602327e+04
4.816502426792764891e+04
1.124268124710044503e+04
9.057819823962287046e+03
2.249521408286307269e+04
1.434226809685127046e+04
2.861512229065026622e+04
2.268571075957318317e+04
3.733115350900583871e+04
9.296168213055435626e+04
1.050653352827085109e+04
1.705739474355937637e+04
2.288121034616429097e+04
3.858350072127813291e+03
5.089654685774027894e+04
6.663315454426420729e+03
2.298369120566314450e+04
3.357157674591266550e+04
2.281294036996294744e+04
5.480508195505961339e+04
5.410738408386888295e+03
1.065411406999983046e+04
2.273433797634937582e+04
6.969743707206564432e+04
1.073392858460559364e+04
8.723551425669198579e+03
9.547715764096525163e+03
6.173161320143621560e+04
1.240274384408293008e+04
1.230300433231895113e+04
3.548968715462811087e+04
4.083068042151728150e+04
2.246773068761377726e+04
4.004098197418916243e+04
7.761870371492442246e+03
1.141136319126989656e+04
1.068001005437252388e+04
2.091260148315630067e+04
4.848869414998377033e+04
1.718464946330665407e+04
2.140563150674289136e+04
3.722197767015255522e+04
3.158976366848928228e+04
7.706593717689209734e+04
1.171961366505448132e+04
2.754166591361756946e+04
1.125955820738066541e+04
1.470303130201944259e+04
2.697945099917407788e+04
1.635227707509358152e+04
1.886290280758595691e+04
5.390286947751283151e+03
1.407693914491418582e+04
4.242555147699720692e+03
5.634006962248542550e+04
1.122479962234348932e+04
4.051550239291758044e+04
1.071825804082328796e+04
1.877936015468414189e+04
4.155508725386148581e+04
3.919760442081418296e+04
6.533236375167263759e+03
3.671647144946673507e+04
3.053956911435602888e+04
4.308744136332781636e+03
3.003819316866873851e+04
2.980961428531619822e+04
5.318197100453556050e+04
9.333506196295569680e+03
2.209086853400981272e+04
2.362971708757904707e+04
1.609295142059188402e+04
4.144193106606538640e+04
1.752814262626351774e+04
1.283422572810743441e+04
6.171204967149028380e+04
1.594818031102209034e+03
7.374119415267356089e+03
2.151024443026087101e+04
4.674393727267056238e+04
8.140021039591146291e+03
6.295301796096665203e+04
1.156066072201482893e+04
4.012701171723307925e+04
2.619160302252867768e+04
6.034221570699102813e+03
4.404207416279147583e+04
1.785771514046723678e+04
2.644923502027801078e+04
8.904753611505999288e+03
2.303180728587228077e+04
1.649637628458676045e+04
1.232457629694817479e+04
3.007689658257929113e+04
3.533409449805808981e+04
8.501070499497749552e+03
3.420717359462782770e+04
2.235985329048098356e+04
2.683810830702455860e+04
2.774884141675156206e+04
1.405511669158769837e+04
7.422832890501422298e+03
7.058356514714301738e+04
3.276720282641117228e+04
1.748175518423457470e+04
1.009955181322334829e+04
7.830679187332498259e+04
1.313288249245855332e+04
3.406227242630613910e+04
1.022645682831719569e+03
1.759654490139923291e+04
1.723996470881316054e+04
1.335211307295470942e+04
2.634211162311675798e+04
2.472300902925439004e+04
4.229124707908660639e+04
1.307474589155110152e+04
3.565059114336223865e+04
2.054191709334554616e+04
2.002800321220752085e+04
2.547229085354385825e+04
5.229812898891319492e+04
1.199487875687573433e+04
3.792898675337836903e+04
3.976567505144621464e+03
1.852795582221576115e+04
3.371277348755195999e+04
