2.782537246797118569e+05
2.008715018345478529e+04
9.401724093926648493e+03
8.250223635281292081e+04
2.731426966848167649e+04
2.726690410570978565e+04
9.443676553133543348e+04
6.458135237637862883e+04
5.034307557217280555e+04
1.329212268447084534e+04
5.704082833804468100e+04
1.897146417928173105e+04
4.810287059854579275e+04
8.993733103948686039e+04
1.619033435401963106e+04
5.528026227148965700e+04
3.544037655493055354e+04
8.008488157338669407e+04
9.460326424915176176e+03
7.843735277852750733e+04
5.032477817673746904e+04
1.759660649704319076e+04
3.564506824716958363e+04
2.779298203466023188e+04
4.125675888407359889e+04
1.147516877549626406e+04
1.757056921583307485e+04
4.474767178562381741e+04
9.767282036955562944e+03
5.620826909354927921e+04
8.656192819054859865e+04
5.170666398781024327e+04
6.402822455600622925e+04
3.414348826454898517e+04
3.188569150927636292e+04
4.885076841141302430e+04
1.587481538446839477e+04
1.429871405303699794e+04
1.658700536480804294e+04
1.132209386272097909e+05
2.948323228561580981e+04
3.092654756185389851e+04
1.790341109493331942e+03
9.754003013103456760e+04
5.396590581724474032e+04
3.170546385359676424e+04
5.034642526267182984e+04
2.504569769499869653e+04
1.326760214909082861e+05
9.325664881947255708e+03
1.671175182643686276e+04
3.346615523641904292e+04
4.115486802200849343e+04
1.123975808362767129e+05
1.910717210427912141e+04
7.356306587645354739e+04
2.835470726050972735e+04
2.087384833743763011e+04
2.205709823618748123e+04
5.694617168701932678e+04
2.839754214825142481e+04
2.014377369107938284e+04
5.184664813034718100e+04
4.587415654880547663e+04
9.929696447660731792e+04
3.826757353674553451e+04
6.672254445691840374e+03
2.396594986595603041e+04
1.117048807879866399e+04
4.210234687083218159e+04
2.578711028349221669e+04
5.204187064111868676e+04
2.325712413785279205e+04
3.814814735155054223e+04
2.124105461970576289e+04
1.035463443050358037e+05
3.742007624854761525e+04
7.478597137784487131e+03
5.182127640331231669e+04
6.213538738913073030e+04
4.641242579229233525e+04
1.098717747547709769e+04
5.360268126574366761e+04
1.392201440277970323e+04
2.669718942794873874e+04
4.807504695600504783e+04
1.773313454301023012e+04
5.833609953840886010e+04
6.886569901825093257e+04
2.486509529390448006e+04
1.522402570192923667e+04
4.510524828985665226e+04
6.715438498507777695e+04
2.668261734050900486e+04
1.228968372524116276e+05
4.560270124439110077e+04
5.213847937647978688e+04
6.522914928842208610e+04
1.332940770798595804e+04
3.854653808189572010e+04
3.062364101283679702e+04
1.806386579912839807e+04
1.576802558253961070e+04
2.062310710168775040e+04
8.971859216520054906e+04
5.469823178637909223e+03
2.858250402627900257e+04
3.952540417301076377e+04
7.988524719898878175e+03
6.411025272411652259e+04
6.886732651314364921e+04
1.596742790868660959e+05
4.170885241545307508e+04
3.894304575814065174e+04
7.641776594252072755e+03
1.378409348502889625e+05
3.202915626415026418e+04
3.815420248500375601e+04
8.174930606606582296e+04
2.559769970182230463e+04
6.349860485994723422e+04
4.289009256306193129e+04
1.868049757460128239e+04
4.406182368894463434e+04
3.080146991079483269e+04
1.844280858539271139e+04
2.904885597265564138e+04
9.010746885908399418e+04
3.445078887242928613e+04
3.753648073830830981e+04
2.150154486570202062e+04
2.189687913649064649e+04
2.158424132219640887e+04
2.887271464389525499e+04
3.284933674593457545e+04
3.854105501966321026e+04
3.817285274476485210e+04
4.855692569080566318e+04
1.645357072886409005e+05
3.218897601273818873e+04
3.659940934437418764e+04
3.992038298209694040e+04
3.958435959288337472e+03
1.108662618894090992e+05
1.297698450449733537e+04
6.174895589404662314e+04
4.450141832275204069e+04
6.205947280562187370e+04
8.851038731049797207e+04
3.153329662506292152e+03
3.411841610876296909e+04
4.322272873298644117e+04
1.195321698715550592e+05
2.739949343364135348e+04
1.168168601205709456e+04
2.045571923971919750e+04
5.320932415436168958e+04
3.326594661253160302e+04
1.238989461827168452e+04
8.260664156930292665e+04
6.668747566776693566e+04
5.430244500143342884e+04
6.721048086662455171e+04
2.513319648231875544e+04
2.869420569904902368e+04
3.255310825370862585e+04
1.163878644704084400e+04
8.534812450083473232e+04
3.472191650653776014e+04
3.966525509808373317e+04
1.696086991376583319e+04
7.899044563711389492e+04
9.696422748064927873e+04
1.530740877518309026e+04
5.848385561530568521e+04
2.976110820579201391e+04
4.225388225618834258e+04
2.648388830484349091e+04
3.902075726600398775e+04
2.135889556708279997e+04
8.649680623049638598e+03
2.109578170202632828e+04
1.310677396841625705e+04
1.035452263179093861e+05
3.457391195741785486e+04
6.639915025271440390e+04
1.731267269482418487e+04
4.703970252103477833e+04
7.897033105724495545e+04
4.110913053734368441e+04
1.369962901785250870e+04
6.617936402567119512e+04
5.777497537594842288e+04
1.783086010803049430e+04
4.203564049238026200e+04
7.315636796517408220e+04
5.142203222405909764e+04
2.033191836699187115e+04
4.094890900927422626e+04
6.037110924226661882e+04
1.422398646019915032e+04
8.460074873144058802e+04
2.602599675040214788e+04
4.084174725777070125e+04
9.934877553646422166e+04
4.926808588248071828e+03
1.722905625105500076e+04
2.354920194214851654e+04
1.010267169762231206e+05
1.765544748002576671e+04
1.188744073986120347e+05
1.897687358194213084e+04
6.687542784273411962e+04
4.146845498594735545e+04
1.987896074481117012e+03
8.385715768720762571e+04
3.517831358824556810e+04
2.983867760723025276e+04
6.654172490717128312e+03
2.393280399384918928e+04
2.653314942627609707e+04
2.209833894290963144e+04
5.893436025171427900e+04
6.231946595537169196e+04
2.977516236976389700e+04
4.617658862708284141e+04
4.405052181570450921e+04
7.046919984870078042e+04
5.750374905688243598e+04
1.707081438985645218e+04
1.795131438041734145e+04
1.042451036604140827e+05
6.581450246766650525e+04
1.769361361605861384e+04
2.529590086001651071e+04
5.413777964457415510e+04
2.511255459238656113e+04
6.488547386695753084e+04
3.171396357502932005e+03
5.555343774771337485e+04
4.060640035660318244e+04
3.509856941116882081e+04
1.364833226649110657e+04
6.695298023540864233e+04
8.465634351046342636e+04
2.125113102483812690e+04
6.357206057116864395e+04
3.624780047432050196e+04
3.366362082725202345e+04
4.965011950889803848e+04
7.302540148503521050e+04
2.017328518716696999e+04
4.276005484479832376e+04
9.738456232443233603e+03
3.357885640094033442e+04
7.676761077968544851e+04
