2.205670679423142865e+05
8.551316615748599361e+03
1.200065029239523392e+04
4.582211591175296053e+04
6.249728594906504441e+03
1.745545427151763579e+04
8.314003871924377745e+04
1.494180200206997688e+04
2.173004551867027476e+04
7.381348399005296415e+03
4.410579165297741565e+04
1.334449702687654280e+04
3.620541177953741135e+04
5.954300136692039814e+04
1.930980734164382739e+04
2.083037978432673845e+04
1.264276794104821238e+04
4.236052347294385254e+04
9.258908105193371739e+03
2.364542759376275717e+04
3.106593636150878592e+04
1.995590899212152362e+04
2.253562627716690986e+04
4.923620796866057390e+03
3.411383821477802121e+04
2.679355937126644221e+03
5.610138914727766860e+03
3.389945575445040595e+04
3.761203418275129025e+03
2.852938372323966905e+04
6.896815992117660062e+04
4.016022612667826616e+04
3.382297925022756681e+04
1.855878343525499804e+04
3.000888995948104639e+04
3.917813287147672963e+04
9.571989160187595189e+03
1.936470415795182271e+04
7.743463098554037060e+03
4.001063249971283221e+04
2.553358528142144496e+04
5.442154911577013991e+03
1.669600285396102890e+03
6.945931630315895018e+04
2.944401388083014172e+04
1.473975102505806717e+04
2.843350618794717957e+04
1.243582086032137886e+04
8.420848590532469098e+04
6.685635296342103175e+03
1.365963807931938572e+04
1.122183103109750300e+04
1.350032252505235374e+04
8.350139464873888937e+04
1.810911360083373438e+04
2.491075169162641396e+04
1.944060569034914079e+04
1.970429474173880953e+04
1.306814026883030965e+04
3.043388808920490192e+04
1.598481492469730074e+04
1.306695982973197351e+04
4.259145775207223778e+04
2.337425484450551812e+04
7.020692363514246244e+04
1.307240673039893954e+04
4.518664676964272985e+03
1.718401719563264123e+04
3.809162230023470329e+03
4.376435553914440243e+04
1.564968061329210650e+04
2.018894051996431517e+04
8.914262767978469128e+03
2.232509714930014161e+04
2.564672374534553455e+04
6.373495892682324484e+04
1.556979999637164292e+04
5.421004372243971375e+03
4.211301883607714990e+04
1.541696751672432038e+04
4.653533881772981840e+04
5.641014513411351800e+03
3.229059884174149920e+04
5.174382645502397281e+03
1.888391577394434717e+04
3.141889747822948630e+04
2.461025656013549451e+04
3.431002999476560944e+04
4.390108149830398906e+04
1.372764667297979940e+04
2.968914215823390987e+04
2.428735796361754910e+04
2.999320479572114709e+04
1.568229345001476941e+04
1.002609463752194133e+05
1.233849388885307053e+04
3.612802484052336513e+04
3.112170537957047782e+04
5.503976393882898265e+03
2.094858423429259710e+04
2.501935045463360439e+04
1.699240532136603724e+04
1.392777471233041433e+04
1.035367357591237851e+04
4.230573560626113613e+04
1.522596675972147978e+03
2.157314879427943742e+04
2.931787969212620374e+04
7.610447109015184651e+03
4.373115538636193378e+04
5.531369202952753403e+04
6.921505617937038187e+04
3.109587031293749533e+04
1.361109113231718948e+04
1.199440645706234318e+04
9.248788161081825092e+04
1.619948643982485191e+04
3.733068803664271400e+04
5.140750314322712074e+04
5.204973283480781902e+03
2.720043104069756009e+04
2.594969496212769809e+04
1.848667036228470533e+04
2.862393812510794305e+04
9.503424407804812290e+03
1.302815426977418792e+04
3.257762531998445411e+04
5.077555868238175754e+04
1.953920440526875973e+04
1.307854122159599501e+04
4.005361250121063495e+04
1.419937039583818114e+04
9.299520748186982019e+03
5.444459265747522295e+03
1.985522397884694146e+04
2.874454257756259540e+04
2.496138767652197930e+04
4.059524664745714836e+04
1.231567780176442320e+05
6.631999862657005906e+03
2.411808629543166899e+04
2.183319911931756724e+04
4.230418176700892218e+03
4.846483352128353727e+04
4.534306936166850392e+03
2.791239749718788153e+04
4.372010845476575923e+04
3.154795521883334732e+04
6.898612790493371722e+04
1.095312675032660991e+04
1.307553832851945299e+04
2.885544437820997337e+04
6.488976020791190967e+04
1.631914215867797611e+04
1.214161210360439327e+04
4.966503493983936096e+03
5.213095593043393455e+04
2.123685413443311336e+04
1.161971801539052103e+04
2.414095107702883615e+04
3.606304601202904450e+04
3.255568241674680394e+04
5.769012481218017638e+04
2.935686351920984634e+03
1.676039733352690382e+04
1.760197620625491982e+04
1.484601344889910433e+04
6.085478048671057331e+04
1.974449592219728220e+04
2.736898170342388039e+04
3.534646468494932924e+04
3.575262431882166129e+04
6.892703384145445307e+04
1.329213325710680510e+04
4.655325719607455540e+04
6.694940641698789477e+03
1.553341584366676580e+04
7.797562023030626733e+03
2.531301151853520423e+04
2.052330680382792707e+04
1.159845489482371704e+04
1.215526074335887097e+04
6.189108014496782744e+03
6.577902527881607239e+04
1.196236878816001808e+04
5.069759627799314330e+04
1.225095807798572059e+04
1.145345220507417616e+04
5.076581117819513020e+04
2.968926222150147078e+04
1.027614780058737415e+04
3.218023158373428305e+04
3.486998332046280848e+04
7.254901615326843967e+03
3.664708800884099765e+04
1.922832292521343334e+04
4.066630330422198313e+04
1.186583758316911735e+04
2.964053148805781893e+04
2.898982003013728536e+04
1.317582399743155838e+04
4.869248428486283228e+04
2.509382936013648214e+04
1.969989084625190662e+04
7.701058086435914447e+04
3.751553661701162582e+03
4.454143121126791812e+03
1.783530585333144700e+04
2.923433369728005346e+04
1.080782980562122430e+04
8.599872619866211608e+04
4.300823914664535550e+03
5.123425975472504069e+04
2.807756292974849566e+04
4.773482519505447272e+03
3.916927222974356846e+04
2.340838320818147258e+04
2.754979977802821668e+04
7.391033891757505444e+03
1.128354959905297073e+04
2.003990592208868838e+04
1.231135936818772643e+04
4.205984212706475955e+04
3.106770871661742785e+04
4.598447474052962207e+03
3.516970098801876156e+04
3.145844837149892192e+04
2.010044817599809539e+04
3.301984577002051810e+04
1.186983725917482298e+04
1.441933685463174697e+04
5.961010513856424222e+04
4.271971737960926112e+04
1.719225900959318824e+04
1.536614019060044848e+04
2.244497546110180701e+04
2.001894238611073524e+04
4.650720502745310660e+04
3.789814331740789385e+03
2.195776038553926992e+04
1.549797129361323823e+04
1.684608374252550129e+04
2.165873353560591568e+04
3.357462236028289772e+04
4.442236275100721105e+04
1.257995731621908817e+04
4.712030588182553765e+04
1.201192867519184074e+04
1.680658233078733974e+04
3.163346763742393159e+04
7.663525972479721531e+04
1.295958191474323939e+04
3.996547540434469556e+04
1.641848149474327556e+03
9.632161536362800689e+03
4.155069747606907185e+04
