2.377439810807430767e+05
1.082036185681514507e+04
1.093790148838080313e+04
5.667196609071720741e+04
1.346005771111959439e+04
1.906659856647968627e+04
8.127244241907692049e+04
3.376039900996320648e+04
3.291764730704257090e+04
7.533314537548182670e+03
4.454093425668176496e+04
1.272848313089008661e+04
4.098379289265999250e+04
6.450843645749801362e+04
1.788601737316265644e+04
2.857398655356744712e+04
2.035010409573443394e+04
5.324250259162241127e+04
8.741534700410662481e+03
4.353808600486257637e+04
3.245598310547093206e+04
1.471515725608614594e+04
2.357563954276512959e+04
1.386539258705289103e+04
3.509882978903209732e+04
6.523213240065781065e+03
7.237654519357064601e+03
3.640483307289895311e+04
5.833752137065864190e+03
3.764978301260828448e+04
7.157002727934783616e+04
4.231287984708926524e+04
4.023125836459959100e+04
2.306341734188994087e+04
2.586959779822167184e+04
4.449356670998408663e+04
1.166812727397387789e+04
1.368085240252836593e+04
9.849474411072329531e+03
6.865688830540359777e+04
2.406822847616101353e+04
1.377395353622929360e+04
1.688785664781398509e+03
7.410454041852637602e+04
3.686275820549352648e+04
2.097165452192566954e+04
3.283294036166442675e+04
1.854582547339662051e+04
9.853015510385367088e+04
4.722323865563203071e+03
1.216916287561019271e+04
1.839290545579329410e+04
2.214813663299646578e+04
8.603231175619523856e+04
1.776007987821001370e+04
4.063265610365528119e+04
2.088777579960423100e+04
1.710070661976422343e+04
1.400006888614818854e+04
3.328108221990308812e+04
1.875766280180625472e+04
1.409980485789622617e+04
3.883481275715966331e+04
2.942128181292471709e+04
7.732467140022187959e+04
2.103549177213532676e+04
3.066861978905786600e+03
1.961074039824175634e+04
4.775149930589056567e+03
3.833480735487947095e+04
1.684759640216644766e+04
2.957060352416542082e+04
1.054857133786808117e+04
2.479186775031173602e+04
2.228973384499039457e+04
7.233850775480916491e+04
2.151310893877315539e+04
6.057037423267085614e+03
3.836132243604759424e+04
3.333425419343733665e+04
4.908688034371469985e+04
6.538552174845495756e+03
3.608261652986827539e+04
7.121769461780693746e+03
2.020528026630509703e+04
3.188092045520566535e+04
2.152693353941951864e+04
4.005418929643258889e+04
5.052459307017249375e+04
1.567243927441299820e+04
2.625247528216314458e+04
2.897983371324672771e+04
4.482131772955413180e+04
1.759042350059386081e+04
1.022854249791337497e+05
2.303072559545059266e+04
3.969769328635647980e+04
4.124755772569720284e+04
7.860199301559315245e+03
2.351263636456857785e+04
2.599663059792414788e+04
1.497098535753932811e+04
9.852523040748665153e+03
1.836197592128628457e+04
5.907477847075400496e+04
2.146200816897442110e+03
2.072287581532569311e+04
2.834031128982903465e+04
7.102748620735912482e+03
4.922639880843512947e+04
5.713351164532118128e+04
1.018872681962247298e+05
3.188712405778908578e+04
2.054809257363469078e+04
7.788248521509004604e+03
1.036286435607102176e+05
1.997097964311002579e+04
3.400171891749905626e+04
5.767180388488190511e+04
1.243334661361678809e+04
3.901000566071522189e+04
3.026135024429682016e+04
1.610962204717302120e+04
3.562306872498692246e+04
1.452593349360194770e+04
1.065948528580552193e+04
3.446512205717227334e+04
6.271729377020330139e+04
2.478990995308345373e+04
2.022159254683398103e+04
3.348847272136391257e+04
1.500752830394792545e+04
1.184153621993933302e+04
1.392198660233028750e+04
2.193861626908262042e+04
3.132721836281166907e+04
2.650907656968018637e+04
4.105371000206391182e+04
1.310570847001790971e+05
1.436334006534891341e+04
2.521217979778107110e+04
2.595000868401739717e+04
3.235401957577249050e+03
7.023171322287764633e+04
7.697655067443419284e+03
3.830767502251088445e+04
4.021617661093458446e+04
3.597620217173042329e+04
7.174571514322365692e+04
6.925554687428007128e+03
1.783891043592809365e+04
3.034961593789185645e+04
8.384633203019261418e+04
1.755039449698871977e+04
9.180622678179595823e+03
1.265222033683343398e+04
5.280915169707243331e+04
2.296341006240520073e+04
1.124365505629097424e+04
4.673179474330979428e+04
4.900499991457079159e+04
3.661504765440616029e+04
5.454425526368553983e+04
7.982093284718411269e+03
1.887661605308795333e+04
2.029241683551821916e+04
1.384133032411667591e+04
6.472299930653033516e+04
2.306525852508479875e+04
2.948600933944803182e+04
2.863089296864248172e+04
4.846349134953536850e+04
7.882707461842433258e+04
1.304006893869745545e+04
4.695044911584068905e+04
1.407604229246431169e+04
2.487068759099712770e+04
1.580383249122070629e+04
2.615506478206980319e+04
2.092864213638222282e+04
7.838415241202762445e+03
1.403122692282036769e+04
6.712311808230188035e+03
7.570599141990112548e+04
1.696360927454347984e+04
4.989026973090160755e+04
1.317375777584089701e+04
2.239632639273766472e+04
5.697344304589330568e+04
3.252364815808048297e+04
8.951249828024981980e+03
4.470576830303195311e+04
4.148654402955712430e+04
8.538083719761028988e+03
3.317504605064566567e+04
4.205525623456919129e+04
4.767878161907497270e+04
1.265561860227554826e+04
3.123451997110784941e+04
3.622774387816115632e+04
1.251452010428160975e+04
5.722672069880774507e+04
2.202954058720286048e+04
2.513282687049341985e+04
8.091950887280916504e+04
2.243232186225358419e+03
8.486098611709681791e+03
2.302936714944549385e+04
5.780244920697100315e+04
1.108648245264376783e+04
9.228941010782685771e+04
8.754354744971886248e+03
5.331992515576397273e+04
3.002362033516037991e+04
3.519398054932965351e+03
5.417701393144230678e+04
2.770020759210142569e+04
2.624353979842664194e+04
6.373905255652563937e+03
1.500714220600845329e+04
1.903961675141355590e+04
1.387671108385776824e+04
4.439428649242537358e+04
3.896140050870001869e+04
1.159698592991780606e+04
3.559914890139944328e+04
3.328258912803101703e+04
3.734264974129114125e+04
3.832989127881689637e+04
1.446433044952319324e+04
1.389818506865711424e+04
7.588835842254798627e+04
4.842126669493129884e+04
1.540751681685876974e+04
1.605045956071643923e+04
4.206497277397818107e+04
1.759072565139347716e+04
4.888526999515299394e+04
1.794824933794189064e+03
2.583604608378977719e+04
2.603936522526923727e+04
2.141365937200095505e+04
1.898711891487586399e+04
4.226007996892224764e+04
5.604236803203930322e+04
1.446689899614968817e+04
4.834783735997722397e+04
2.077305457459169338e+04
2.371598245264999059e+04
3.475910366419849015e+04
6.494712969021688332e+04
1.601306317939176370e+04
4.086683267232785875e+04
3.468992454875934982e+03
1.849632808016138006e+04
5.126062716197598638e+04
