4.512098082428629859e+05
2.745300589746837068e+04
2.646219531331201870e+04
1.067678631818042195e+05
2.018649784074941272e+04
3.727796762160805520e+04
1.633659392531299382e+05
2.759723875658586621e+04
5.617468913207369769e+04
5.323427026543123247e+03
9.984908280874311458e+04
3.780588316487499105e+04
1.236636413074496086e+05
6.083913035209157533e+04
3.331420709744877240e+04
5.097422992514984799e+04
3.408952237841660099e+04
8.077313413573968865e+04
2.918973694449958202e+04
4.854715365110775747e+04
6.299016421037101100e+04
4.001941334497868229e+04
3.620000596239577135e+04
2.901563358664530460e+04
9.555121774972570711e+04
2.276961856964602339e+04
6.505937103845792080e+03
7.112249474403499335e+04
2.166761849382014771e+04
8.337121491645216884e+04
1.625944996180497110e+05
1.065818212640314887e+05
5.909397508132462099e+04
6.287496162194682984e+04
6.376848439046733256e+04
6.560990334133064607e+04
4.535081524592823553e+04
3.734192992024130945e+04
3.186974454294968382e+04
7.518081758877624816e+04
7.026202411356764787e+04
1.208773059165297855e+04
9.482955424383548234e+03
1.236537476420412859e+05
4.814589070959620585e+04
5.584063749242511403e+04
7.342410291010272340e+04
4.031461905014780496e+04
1.809141379920061736e+05
6.456366400593307844e+03
2.220846180327855109e+04
4.071631905603928317e+04
4.278275133328164520e+04
1.297484313420441031e+05
5.611542130150245066e+04
3.365340355682092195e+04
6.749535321202591876e+04
3.237960541154308521e+04
4.090296787482385116e+04
6.377408445090484747e+04
5.524330690760193102e+04
1.989582193411784829e+04
8.971765067302912939e+04
8.334933872497928678e+04
1.633116986532892915e+05
2.274335605426378243e+04
3.118273561203659028e+03
6.434072056601505756e+04
1.744765253016124552e+04
6.026461398978993384e+04
5.520445345070994517e+04
5.188529565204842947e+04
2.349493659204796495e+04
4.236126853058996494e+04
4.772443448122456903e+04
1.247527808707334625e+05
5.191677699192608998e+04
2.053260524178031119e+04
4.509669733874870872e+04
3.942277361739695334e+04
1.129069792235597852e+05
2.190603531513874623e+04
7.172402133323485032e+04
1.363401133246729296e+04
6.528803011404014251e+04
4.312372648732934613e+04
4.351176542129942391e+04
6.380917335089189146e+04
1.241496529851382511e+05
2.157552051198916524e+04
4.679631731327016314e+04
6.445373183996444277e+04
4.167395885505122715e+04
3.424932411016594415e+04
2.063181879631827469e+05
2.489594946733561665e+04
9.715532160823750019e+04
7.207582967691242811e+04
3.632801604781351489e+04
3.039621509108712780e+04
7.435304143470669806e+04
2.276522055861587796e+04
2.704107281943228736e+04
6.935960811236509471e+04
9.069425705003752955e+04
5.561302253616102462e+03
4.758569608276642975e+04
6.494516806850585272e+04
2.709058400156951393e+04
9.756945218057102466e+04
1.307804641051401122e+05
7.860616618693291093e+04
8.380078674549458083e+04
1.460590993714722208e+04
9.090884555180995449e+03
1.943944717700498295e+05
3.860414150246600184e+04
7.999019747742915933e+04
8.950397667185719183e+04
3.093362373534990184e+04
6.725207462911277253e+04
6.654345250348733680e+04
2.373973162675671119e+04
4.331737942543875397e+04
3.607247759290475369e+04
1.794178401308835237e+04
8.800816777653466852e+04
1.264346143712321791e+05
7.459959720157057745e+04
3.566532842255253490e+04
5.570499393622339994e+04
4.729428528443861433e+04
2.899247907326545828e+04
2.885336050760799117e+04
5.313342960245780705e+04
5.943121059800335934e+04
4.902960958174688858e+04
1.026302047176923224e+05
2.106309740429099184e+05
1.234571710724009790e+04
6.844877725848583214e+04
2.949774531301082970e+04
1.047473633969860202e+04
1.094582868384790199e+05
2.716104767401696154e+04
5.283005847131557675e+04
9.049725706306620850e+04
4.976031217985300464e+04
1.608121707646192226e+05
6.812021228807533589e+03
2.771781889119997504e+04
7.525024750850872078e+04
1.483414545502365800e+05
2.979632992926575025e+04
2.141368352471775142e+04
4.383705729075666750e+04
9.693002862957731122e+04
3.714937531110674900e+04
5.022092315638058790e+04
5.199705992267826514e+04
1.086624184655061254e+05
7.920922650547957164e+04
1.147459967442426569e+05
1.036267293719702320e+04
5.298520102413550921e+04
1.064604975553897566e+04
3.525939047592432325e+04
1.399330483232403058e+05
6.415511143775116216e+04
3.456139594262556784e+04
5.306720834097491752e+04
7.499312824382692634e+04
1.413246143364000309e+05
3.787020612621607870e+04
7.798058069432126649e+04
1.693059139920681264e+04
5.541676490734807885e+04
3.059979803978382188e+04
5.380734540342706168e+04
6.818682914899269235e+04
2.701621881938567458e+04
4.071278612164709193e+04
2.033337080722937026e+04
9.308503501363453688e+04
1.851939403527132890e+04
9.947830034262467234e+04
3.592444565793472430e+04
1.720073696350075261e+04
1.197110902946211718e+05
5.095504486606726277e+04
2.806263865412665109e+04
1.054028873716313246e+05
8.263173092087512487e+04
2.303769430745530190e+04
7.743714638238772750e+04
6.122061309821865871e+04
7.874680694983467401e+04
1.722357950020014687e+04
8.476286265804445429e+04
6.405663902037240041e+04
4.037627590772812982e+04
8.720027507694387168e+04
5.743950340101785696e+04
2.488505682565199822e+04
1.796578464372747985e+05
6.887161089735465794e+03
1.792748734868940301e+04
7.622412797300855163e+04
3.904804223892813025e+04
3.135850632994536136e+04
1.641071747175615164e+05
1.826076505318475029e+04
1.220529927255801158e+05
3.493672806812996714e+04
1.184776450795891469e+04
8.824309745476637909e+04
9.112759102059414727e+04
3.819296033761303988e+04
1.395787108380278187e+04
4.640546275899108878e+04
4.836923157037737838e+04
2.716800584259517564e+04
9.276860282738068781e+04
8.251173806452102144e+04
1.905110497522075093e+04
8.645184514353053237e+04
6.830450521706983272e+04
3.470456213066945202e+04
8.096175935941147327e+04
3.073912918965396602e+04
3.121674863532189920e+04
1.566261140245181450e+05
1.028737048269545776e+05
3.178839494843728971e+04
2.900351748944606152e+04
9.304928107624674158e+04
4.799048061395475816e+04
4.975344862413352530e+04
9.884994634834691169e+03
5.148486942604623619e+04
6.027670662767723843e+04
2.469337547029647249e+04
4.568658222427033616e+04
5.882112541913990572e+04
7.113579476520452590e+04
3.073621977451608473e+04
1.183746939812486235e+05
2.553493498492489380e+04
6.158763035392078746e+04
8.918698334544265526e+04
1.328176612351304502e+05
3.677173087693865818e+04
1.109684577686916018e+05
5.348333847588050048e+03
2.607546874585861588e+04
8.372496604583489534e+04
