1.498576970735738869e+05
2.379512353465063825e+03
1.312952597197164323e+04
2.115993459113263816e+04
8.242156712333819087e+03
7.764126260397679289e+03
3.256955122998504885e+04
2.394776205753916656e+04
2.137906342841976220e+04
4.011082783053883759e+03
2.129838875918129997e+04
4.515293289483085573e+03
3.652636676296345831e+04
3.680910502865595481e+04
1.816664354445647041e+04
1.323965636778990847e+04
1.953504832368918869e+04
2.500419083793902973e+04
2.619719550487559900e+03
2.287611764824315105e+04
2.498819773815636290e+04
6.166228922817514103e+03
1.068375872276805421e+04
7.906117617365723163e+03
2.324606218645656190e+04
1.873431452380763221e+04
4.668925760259566232e+03
2.403795865577019140e+04
1.499436650772687426e+04
1.151619210230432509e+04
3.288380565146874869e+04
2.612706781143205808e+04
5.143232622245644598e+04
8.787431734647732810e+03
7.543739918358915020e+03
3.745767543078520248e+04
2.700012482812370581e+04
8.379910181770017516e+03
4.309461811960080013e+03
3.801379772532753850e+04
1.927597870976789272e+04
7.088835705629791846e+03
4.046299997001498468e+03
3.426342816310578201e+04
2.243981080088327508e+04
3.409919544194592618e+03
1.397218997586368096e+04
1.812347102415104746e+04
4.132881374755515571e+04
4.210467001725390219e+03
1.560179997146584901e+04
5.549326647076116387e+03
8.553176777950899123e+03
3.999514509718375484e+04
9.494722429262281366e+03
2.849992376029998195e+04
9.458882924100831588e+03
8.202728762255628681e+03
5.325535146430975146e+03
1.265024904760526260e+04
7.786949441215441766e+03
2.028861704059723706e+04
1.416370184597378829e+04
1.105774222728592395e+04
3.524173415978997946e+04
1.950728352578086560e+04
1.050666842273512157e+04
1.152097296473452661e+04
1.048227637934313498e+04
1.516918817797210249e+04
5.283035182890318538e+03
1.372472196054360029e+04
1.328216570795739062e+04
1.198320687807820104e+04
8.229344643497617653e+03
2.873287654043435759e+04
6.551092434583625618e+03
3.304292103177104764e+03
4.665408840248462366e+04
1.936156752642388528e+04
3.866325065416637517e+04
9.387198343008221855e+02
1.921525989143602783e+04
3.337098424445931869e+03
1.276509619923941318e+04
2.078541221762033456e+04
1.865772937015107891e+04
2.327386193310622912e+04
3.193487598640608485e+04
8.708490166652745756e+03
2.585869774586407220e+04
8.868300293798934945e+03
3.481248527227221348e+04
4.992846634852547140e+03
4.105941548501393845e+04
1.411466574939110615e+04
2.352871188342342066e+04
1.690516732161579057e+04
1.303421866613588099e+04
1.112040610847032440e+04
1.457358321903488104e+04
1.210183708225335431e+04
6.570363413886304443e+03
1.800548951314555234e+04
3.249125390255939055e+04
1.827519495739398280e+03
5.112868262903558389e+03
8.360739177361912880e+03
1.998742706120791991e+04
2.089794635380749605e+04
2.018278630899770360e+04
6.493293263553355064e+04
1.448395374191691735e+04
1.123315560607835141e+04
7.506562173569418519e+03
4.155491854945282830e+04
7.638114268017107861e+03
1.197433137578980131e+04
2.289936464385801082e+04
5.578987252505445213e+03
2.603161117251502583e+04
2.889747648645310255e+04
1.049570127722904544e+04
2.884665044234129164e+04
9.907392947857189938e+03
3.621164169942402623e+03
3.243325844057825816e+04
2.423595301686536914e+04
2.762279485074678814e+04
8.012351409595648875e+03
4.367554082483953971e+04
8.232302951047382521e+03
1.706421828169107539e+04
5.157859245298196583e+03
5.628997696317255759e+03
2.175618866662736764e+04
3.912107764693176432e+04
1.433388117090162450e+04
5.936535361884161830e+04
7.793183533813622489e+03
1.658828754178420422e+04
1.379317328110000199e+04
3.691970835958106363e+03
3.262323469415036743e+04
1.738620297421162104e+04
2.001200834257713359e+04
1.301229053494350592e+04
1.700267032287662369e+04
2.603439024243749009e+04
8.066919083400500313e+03
1.755746500928611204e+04
1.083423740798612562e+04
3.496126737700967351e+04
6.628417834037396460e+03
5.975406041112730236e+03
9.133751646248761972e+03
4.032106114505531150e+04
1.063485301190816062e+04
1.387822214444233032e+04
2.548404425569745945e+04
2.959588643845879415e+04
1.184003246570888587e+04
1.990488154952476179e+04
5.984934907357751399e+03
9.210666065928457101e+03
1.017185770147392759e+04
2.043901359316423623e+04
2.401253967079339782e+04
1.166904122115785140e+04
1.562841557332376578e+04
2.397058185421645976e+04
2.163853011458245237e+04
4.328011513867896429e+04
3.609273120751901843e+03
2.803748189331463800e+04
7.921814198985712210e+03
1.832861033311237406e+04
1.244739614595721832e+04
1.573847463770849572e+04
1.304719595617065534e+04
1.930454146167560612e+04
4.102729686687214780e+03
3.042535107104234612e+03
4.345971748849134747e+04
3.223663115227212984e+04
1.569724698369229191e+04
5.081208908174126009e+03
1.487859730320432755e+04
2.384042381569274221e+04
2.348657674346683052e+04
3.457187578336300248e+03
1.947541115039619763e+04
2.250440955836440844e+04
3.048065987554100957e+03
1.322869054367482931e+04
2.511854874773780466e+04
6.309105901840717706e+04
6.038337017283324712e+03
9.391020889184261250e+03
1.958555778076526622e+04
1.600265454298067561e+04
2.638923068147860613e+04
6.767000911467564947e+03
1.712587302969959637e+04
3.461897903350470006e+04
2.787012761093910285e+03
1.516091924960587858e+04
2.024237566302809137e+04
4.634575174334527401e+04
1.972415079751279563e+03
4.506652264362675487e+04
5.897608729697240051e+03
1.874714844590806388e+04
1.754024076882270310e+04
8.459256772987781005e+03
2.367304133699341764e+04
3.143525801947748187e+04
1.548712940227328727e+04
9.518607017831618577e+03
3.204386619998805145e+03
1.101270252725098362e+04
7.648829235965297812e+03
1.654028123179842441e+04
1.523163027833710294e+04
1.131716799438806083e+04
1.151402912158213803e+04
2.657665718488033963e+04
2.031428854524117924e+04
2.058309391729630806e+04
2.736808091354950011e+04
5.937870214613534699e+03
3.240760787607006932e+04
2.126859203878737026e+04
1.077159667937141603e+04
6.278192722635987593e+03
7.217659439713902430e+03
8.598470918322176658e+03
2.375731461956849671e+04
8.991610400947693051e+03
1.366282448228132853e+04
4.254226806278547156e+04
1.022628774092366984e+04
1.449066252194584195e+04
2.090772323044294171e+04
2.978899818748546750e+04
4.451029702893501963e+03
2.015271404052634171e+04
1.609541583163615906e+04
1.615432977338176897e+04
1.192635985650465773e+04
2.591456100844694083e+04
1.443044883978724101e+04
2.856956031218394855e+04
2.343474183636745238e+03
1.399753655000618710e+04
2.352886080179354030e+04
