3.021693518525429536e+05
1.827324215019596159e+04
2.308944128029754938e+04
8.255094452752529469e+04
2.603491511639087184e+04
2.747218236808637448e+04
9.896484379331149103e+04
4.896135116313990147e+04
5.193378055184203549e+04
9.439252721651071624e+03
5.532984645859145530e+04
3.069974121249613381e+04
5.799408430146196042e+04
4.993640829510253388e+04
4.244688393828102562e+04
4.104528606658722856e+04
3.635848528148876358e+04
7.707472315727215027e+04
1.966086992347455089e+04
5.951923086000630428e+04
4.333718951806672703e+04
2.914325944205798442e+04
2.846972330469890949e+04
4.309701084723739768e+04
4.675759154709699214e+04
1.490259444777345016e+04
9.205204361198455445e+03
6.569546259637273033e+04
6.153109899817533005e+03
8.221347456755784515e+04
1.034402513737094123e+05
4.569526274527596252e+04
6.260585324614825367e+04
5.223420637994648860e+04
3.652281259959926683e+04
8.018767721028070082e+04
1.299567085043440238e+04
3.928685567694949714e+04
2.173054026017097567e+04
9.918246543880927493e+04
3.409860134678146278e+04
2.702088066993235770e+04
7.375919068243400034e+03
7.809100953731410846e+04
2.718860156087552605e+04
5.354703115218321182e+04
4.926940421032726590e+04
3.244668072511431455e+04
1.374425465414730425e+05
2.989216662969707613e+03
1.484314093298940497e+04
5.011727078208245075e+04
4.316128259381238604e+04
1.050138686762431753e+05
3.451774212385540159e+04
3.906484329281638929e+04
3.948701419143525709e+04
3.132762133877718588e+04
2.728791071564063168e+04
4.443757884895015741e+04
2.835507355516303141e+04
1.592984222695402241e+04
6.255971744999053772e+04
5.656204230353640014e+04
1.077224372467194189e+05
3.152262133085922324e+04
2.738543947650316568e+03
5.446447391220363352e+04
6.784170711567560829e+03
4.877891654900081630e+04
3.568189024399565096e+04
6.779200868630201148e+04
1.928452862950013514e+04
3.353984159189942147e+04
2.920519714139746065e+04
9.842655197783390759e+04
4.132934084729586903e+04
2.976578983938176316e+04
3.492076126657135319e+04
5.743613663171054941e+04
7.386510330318532942e+04
1.988967707593065643e+04
4.417843830220955715e+04
9.962903600872608877e+03
3.727548310443539958e+04
4.476563477347203298e+04
4.999308133763671503e+04
3.295263269224848045e+04
6.648828988062214921e+04
1.342225112131131027e+04
6.058781884562342020e+04
4.642204123240135232e+04
5.715184555847153388e+04
2.166243618226585022e+04
1.340935313976074685e+05
3.153708026998564674e+04
6.419706437272160110e+04
6.753094286662388186e+04
2.744284420634819617e+04
1.954193980258481679e+04
3.122358639840946853e+04
2.529850156396489911e+04
2.000062380451433637e+04
3.928925058159064065e+04
9.412961997605601209e+04
1.348598562200868764e+04
3.050951660335945053e+04
6.581340216051916650e+04
4.305119355898183130e+03
6.591396841124273487e+04
8.811088236253547075e+04
9.827274756366517977e+04
4.697267474608023622e+04
2.391224012292914267e+04
1.000975177683443508e+04
1.418014348942009383e+05
2.697350388240997563e+04
6.072921035190050316e+04
5.897139097720647260e+04
4.020309216735175141e+04
5.652988412601204618e+04
3.753912395550499059e+04
1.366968306581032630e+04
6.471255022364835168e+04
2.546800227227672804e+04
2.730329712083596678e+04
7.018386017523017654e+04
9.560763342462974833e+04
2.593450542673232121e+04
4.178124071031959465e+04
6.605870148073304154e+04
2.231177626051758853e+04
2.117842014492882663e+04
4.199203982755880133e+04
3.275567347609508215e+04
5.095354114306892734e+04
3.300634149814321427e+04
7.260523227685980964e+04
1.401633026703146170e+05
2.299837172345194995e+04
3.922895715149868192e+04
3.540348352270374016e+04
5.074331193772522056e+03
9.742249755454242404e+04
9.988358226646323601e+03
4.806673103554753470e+04
6.343516529547798564e+04
3.960262651056929462e+04
9.978244640024383261e+04
5.581017858843083559e+03
2.337313197923222106e+04
5.488191469441771915e+04
1.263745938430110837e+05
2.246909722971986412e+04
1.378518588034006461e+04
4.118213857997128071e+04
9.713827572378817422e+04
2.456744494825151924e+04
3.072445097928119139e+04
7.035391222568771627e+04
5.988275100492623460e+04
5.079814052007343707e+04
7.524042761032069393e+04
1.638319873854699654e+04
2.869730049460459122e+04
1.744765316381652519e+04
3.511685629809584498e+04
8.977547792965278495e+04
4.011637715897700400e+04
3.383185597771615721e+04
5.387604354358810815e+04
6.230245549272044445e+04
1.290784871995790745e+05
2.888373162987295655e+04
3.731453881014417129e+04
2.880982446766819339e+04
3.374948325756991835e+04
4.776219893231459719e+04
3.346396003294782713e+04
3.254106931243380313e+04
1.039691235160083306e+04
3.213221138075941417e+04
1.310169179986168820e+04
8.133596987540855480e+04
2.205493193545404938e+04
9.002656791903678095e+04
2.700650910409751668e+04
3.768670988666234189e+04
7.821710961945103190e+04
5.835060759024615254e+04
1.562769749738677456e+04
8.932750021162920166e+04
5.395496556514806434e+04
1.273071161698744982e+04
5.668495650846563512e+04
7.603745354149323248e+04
6.929079922266602807e+04
1.704798216988754575e+04
4.984704277718312369e+04
5.037944720320140186e+04
2.467958992121744814e+04
7.738958962802257156e+04
3.748153638149290055e+04
1.648726817914939602e+04
1.060202845075310615e+05
5.426727332899981775e+03
1.553717947989385357e+04
3.459295949022388231e+04
7.378362547373646521e+04
2.210753131667691196e+04
1.044212677976787818e+05
2.542000737810699138e+04
7.608111252006844734e+04
3.710337836901498667e+04
1.203889577466494666e+04
8.577864132263373176e+04
3.719126870814432186e+04
4.637934292988682864e+04
1.540960127555075815e+04
4.358417002859226341e+04
4.063031568322621752e+04
2.497957451565136216e+04
5.958310025824158220e+04
6.989416615072693094e+04
1.899176512891674793e+04
7.131447401156829437e+04
4.795505747391687328e+04
5.249368610255175736e+04
5.784998609370594204e+04
1.777907522248690293e+04
1.283888389962474321e+04
1.404389159779971815e+05
5.517669566411686537e+04
3.040551017124302598e+04
2.021780085949773274e+04
1.163676048773831717e+05
2.916619249341251998e+04
5.459150115374820598e+04
4.799472435708494231e+03
3.658888153340276040e+04
2.664950096199370455e+04
2.195812203068108283e+04
4.429680305874262558e+04
4.673711522649385006e+04
6.683885031009202066e+04
2.695496415360012543e+04
7.191007940952727222e+04
4.166263538075581164e+04
2.821500517822568872e+04
6.112915601676294318e+04
8.500759608191247389e+04
1.115014412166397415e+04
6.698414296045506489e+04
1.234105836477674529e+04
4.080076206222097971e+04
5.854545295734339015e+04
