2.929863073078345624e+05
1.767923789062132710e+04
1.599941179375268985e+04
8.562434090602348442e+04
2.434973658198079647e+04
2.601914941192170227e+04
9.909363936742817168e+04
4.376232648213335051e+04
5.060042949631467491e+04
1.017733825157353931e+04
5.432800167568388133e+04
3.254201023724806873e+04
5.662840974781373370e+04
4.693266013345100509e+04
3.319763758128173504e+04
4.195301771024710615e+04
3.496189890047685913e+04
6.118669230268402316e+04
1.586432407622809842e+04
5.641974022177208099e+04
4.098648641802214115e+04
2.675693424303099891e+04
2.475054740449611199e+04
2.904165031939241453e+04
5.529985167736927542e+04
8.444820809367318361e+03
8.608109495411816170e+03
5.026821308950634557e+04
6.198343681819553240e+03
7.268661585553450277e+04
1.020179497368851153e+05
6.259442924731664243e+04
6.488396817447817739e+04
3.703049497334306943e+04
3.683541883091680211e+04
6.370030795216387196e+04
1.269775836748516122e+04
3.454424666727602016e+04
1.815466443855902980e+04
9.108328181662141287e+04
3.838549885069315496e+04
2.110904814753040773e+04
5.929718534728861414e+03
7.816570033056581451e+04
3.102742270413798178e+04
4.144094833288845257e+04
4.876758482870674197e+04
3.220404384001856306e+04
1.329087761199325614e+05
3.119630253423765680e+03
8.654031927627036566e+03
4.423579853897611611e+04
3.873461887049680809e+04
1.099969029025486961e+05
3.068425075643957098e+04
3.906858261381225020e+04
3.726895208521311724e+04
2.777132674648739339e+04
2.184091737863102753e+04
5.186295335946795967e+04
3.226052769012989302e+04
1.166126098914043723e+04
6.089559409111948480e+04
5.432503352133988665e+04
1.199779694963161019e+05
2.419120616484334096e+04
2.347903415656216112e+03
3.955574993998015998e+04
7.651196303114931652e+03
4.772643914358461188e+04
3.138253682621009648e+04
5.150316590426061157e+04
2.010179049444429620e+04
2.496962025299962625e+04
2.778173177317728550e+04
9.140726428994734306e+04
3.659970345791082946e+04
1.654728201782287215e+04
3.070243099896643616e+04
5.030270664906910679e+04
7.435534515941087739e+04
1.575819982441119646e+04
4.273370220889709890e+04
1.495093395879771197e+04
3.256992970020358553e+04
4.139141755274882598e+04
3.703726448795668693e+04
3.900141390701213822e+04
6.499461542904059752e+04
1.524849027683557142e+04
4.002847124336918205e+04
4.987972567582898046e+04
5.471970648687135690e+04
2.194484956706322191e+04
1.356283343751620559e+05
2.908259136209699500e+04
6.105350696880921896e+04
7.248970316515400191e+04
1.705177059963419015e+04
2.173439496089662134e+04
3.988456746214647137e+04
1.754038696748410075e+04
1.793348097309968216e+04
3.613818247914566018e+04
8.364251944433469907e+04
6.500411903143321979e+03
2.759643529169667818e+04
7.643794596962453215e+04
7.326545293554012460e+03
6.528251734037305141e+04
8.338125990543632361e+04
9.509646432313242985e+04
5.193724246773398772e+04
2.120696312089717685e+04
5.675322135023471674e+03
1.351340446028650040e+05
2.415365501922929980e+04
5.068250435586579260e+04
5.969155492989398772e+04
2.984975873366504311e+04
5.680634892538281565e+04
2.886905876855199313e+04
1.267081028178841007e+04
5.060314979100027995e+04
2.637461927340889451e+04
3.373282947263155074e+04
5.553846490079947398e+04
9.206672350040641322e+04
3.107687041060555930e+04
4.044527544268739439e+04
4.876160838897658687e+04
2.699037097107493537e+04
2.829801265253527527e+04
2.815629015602867366e+04
3.281417732589902880e+04
4.161982515104330378e+04
3.514972402036110725e+04
6.678783518586256832e+04
1.393789182032103708e+05
1.984732747303685755e+04
4.011685637603735086e+04
2.413469883672635478e+04
4.705668044241320786e+03
9.418067991730078938e+04
1.192929722376800964e+04
4.232622670480274974e+04
5.795691622628047480e+04
3.762208056308914092e+04
9.924401314387025195e+04
3.030670193356233085e+03
2.077178105346677330e+04
6.134470548765234707e+04
1.193095856656105461e+05
2.049549969547314686e+04
1.215151596158671600e+04
2.765818517827130199e+04
7.806053623135936505e+04
3.115330634792724595e+04
2.134383980893013359e+04
6.892785724906719406e+04
7.321328944614549982e+04
4.851814970724263549e+04
7.560007720546647033e+04
1.791357178562328409e+04
2.789176153343310216e+04
1.860879715014092289e+04
2.291445361832162962e+04
9.396530603316120687e+04
3.828580239380709099e+04
3.370744789646666322e+04
3.916765380945176730e+04
5.981516985392232164e+04
1.128508364560268965e+05
2.137722836252842171e+04
4.152881396621262684e+04
3.470403137634509039e+04
3.368658285211560724e+04
3.169778690774036659e+04
3.301562897270340181e+04
3.627538899178454449e+04
1.481974174433054577e+04
2.451719790894772086e+04
1.343749107140926571e+04
7.486896750929208065e+04
2.187380010377150029e+04
1.027717492249932984e+05
1.979741863753857251e+04
2.949231912722327252e+04
8.135096469484840054e+04
3.578088201285409014e+04
1.609501495843124030e+04
7.573577365773568454e+04
5.831536200879453827e+04
1.445070712211511818e+04
5.293303528481272224e+04
6.361738888915502321e+04
5.387681177349915379e+04
1.231306823476079080e+04
4.767506040627609764e+04
5.235966750299499108e+04
2.309644543682529547e+04
7.656223669608218188e+04
3.404257134016329655e+04
1.690416357125931609e+04
1.106855306760324165e+05
5.474767275643340326e+03
1.128503864132034869e+04
4.535930218621205859e+04
7.062960698770116142e+04
2.177032372749188289e+04
1.019039722297394037e+05
1.819477605105567272e+04
7.662910807672092051e+04
2.497249546294453103e+04
1.309362150825170465e+04
8.187882551583919849e+04
3.629578201459936827e+04
3.720574143405714130e+04
1.155990857461759151e+04
3.292393200894944312e+04
5.606384407212224323e+04
1.642947824646392110e+04
5.827464085706897458e+04
6.130512529419972998e+04
2.021640901735838634e+04
7.642945440542453434e+04
4.168835053233811050e+04
4.996726010688415408e+04
5.761844785367351142e+04
9.735249702844539570e+03
1.640156115350751497e+04
1.206961174731277424e+05
5.982083187666933372e+04
2.415561522576314746e+04
1.859108315934136772e+04
7.791838466957693163e+04
3.126743129609406242e+04
4.514224192330845835e+04
4.186908271504126787e+03
4.061560931361693656e+04
2.834841235593211968e+04
2.053644256023317939e+04
3.307025755809880502e+04
4.282990275460155681e+04
6.123901926399612421e+04
2.022176869449648075e+04
6.971848328481806675e+04
3.955640917308350618e+04
3.843875424103503610e+04
5.537330696731992794e+04
8.271817240868174122e+04
1.791027107689922923e+04
6.083073771023369045e+04
1.292676704850328679e+04
2.937751504071212184e+04
6.683338759969575040e+04
