3.611954690845768200e+05
2.645063958788925811e+04
5.903261351522610494e+04
8.572980119081884914e+04
4.133686265346270375e+04
2.244670794771704095e+04
1.330271945900908613e+05
5.908672166834163363e+04
9.984884535664472787e+04
2.003850474606568969e+04
7.226435166976093024e+04
4.839086792663690721e+04
7.471624625030027528e+04
4.180417571535245224e+04
9.213491398774131085e+04
3.905389897220216517e+04
8.297786619667281047e+04
6.150914895790390437e+04
2.022041247223922619e+04
7.254793972671708616e+04
6.948651556435163366e+04
4.865944967638911476e+04
4.762754877842687711e+04
4.561131433209152601e+04
8.925308920701856550e+04
8.950647368451835064e+03
1.467690605960229368e+04
9.313530466078637983e+04
2.778952507744177274e+04
7.105746413672871131e+04
1.168735858491567778e+05
1.039297417173555878e+05
1.442120084053036990e+05
3.604455461422771623e+04
4.824568428451492946e+04
1.522337995675494894e+05
2.717533963423900423e+04
5.974844237103337218e+04
2.510131783171606367e+04
1.106185320143540011e+05
6.534629005104148382e+04
3.164097675219189114e+04
1.368572929078149173e+04
7.838828987414458243e+04
4.322352736808519694e+04
2.845848693747859943e+04
6.370024092976545217e+04
8.263371570417772455e+04
1.735642003332725726e+05
9.923845618646131697e+03
3.196031890448909326e+04
3.580797252797184046e+04
5.222295625218214263e+04
8.328210267892724369e+04
7.435276282265332702e+04
3.881922391073084145e+04
7.303666965459867788e+04
3.945808702993139741e+04
2.982743166803135682e+04
4.279944318031611328e+04
5.048110944663387636e+04
3.648166015855994920e+04
1.010120704265350214e+05
5.993995217474462697e+04
1.373085296588459751e+05
4.823313005035430979e+04
2.413369238710883656e+04
7.353109590058440517e+04
2.688629602683255871e+04
8.882933148145776067e+04
3.947948949896179693e+04
5.113551358372376853e+04
4.361036758695412573e+04
2.498593201216264060e+04
5.186824162619350682e+04
1.022043953823743796e+05
3.655986891662413109e+04
2.441509321501008526e+04
8.513376865884533618e+04
6.696259185867522319e+04
1.746188874641788134e+05
1.073293175813924790e+04
4.369730223417410889e+04
1.851062428029027433e+04
3.797337658763255604e+04
4.781739450484516419e+04
1.017929265678933298e+05
5.135937177416230406e+04
8.362396897645111312e+04
1.331683375450829226e+04
1.107929759570902388e+05
5.686667297350881563e+04
1.294500105859898322e+05
2.280758034733605746e+04
1.447807734282588935e+05
3.974455146728114778e+04
1.135843888676082424e+05
7.122290689295333868e+04
2.938219381686427732e+04
2.588001454407819620e+04
8.525699338071889360e+04
5.093816707785003382e+04
4.807927382554079668e+04
4.242159689066711144e+04
1.426496880227239162e+05
7.161365081013716008e+03
3.998838659258369444e+04
5.748670796000736300e+04
3.594765423536567687e+04
4.535073994411821332e+04
1.082281383076052589e+05
8.896971672046340245e+04
6.670399633301483118e+04
3.928980201256775763e+04
3.491290215495078883e+04
1.420065075867086416e+05
4.536253265768291749e+04
9.069515775553052663e+04
4.914989450040273368e+04
3.095545833354612478e+04
9.422096048568334663e+04
3.178535564345779494e+04
3.124451733015642822e+04
1.177272695137464762e+05
2.877963418809617724e+04
2.933597384952452558e+04
1.226827522953385633e+05
1.038592922770797159e+05
4.786365421965604764e+04
4.694179905138398317e+04
1.477416609974410967e+05
5.817102946091697231e+04
6.012705812208751740e+04
2.216800640705256228e+04
3.559971946965251846e+04
8.833838778511001146e+04
1.124108591287985037e+05
9.483522797042447201e+04
1.227198524856624717e+05
3.339076380920232623e+04
5.594412671248887636e+04
2.970106453244323347e+04
2.205288538258548215e+04
1.192625609486495669e+05
3.725182713596762915e+04
3.477802843310048047e+04
9.077125383355561644e+04
2.820206795180359768e+04
1.170215495687613438e+05
1.796192500215201653e+04
4.579680432540515903e+04
5.899414451260036731e+04
1.267317718120630598e+05
2.361603962339386635e+04
4.359116794274299173e+04
9.391025375643708685e+03
1.784242097058475192e+05
2.677730533775213917e+04
5.413076918220127845e+04
8.044743103122520552e+04
1.204423720136264164e+05
4.874142014805609506e+04
9.987193470772383444e+04
1.897266540185259873e+04
3.380114701249894279e+04
2.477898021633079770e+04
7.120082697887426184e+04
9.654353082725981949e+04
4.300999532255604572e+04
4.427723014433128992e+04
1.284938851904733601e+05
5.892066217671404593e+04
1.952631677525185223e+05
2.498301991310152880e+04
6.191154022040814743e+04
3.788072916560208250e+04
4.480136221458130603e+04
4.898673347658739658e+04
5.042102817155898811e+04
6.790059995036617329e+04
5.252028451820843475e+04
2.130052576010123084e+04
2.118550538882082401e+04
1.106468562566103647e+05
6.505355408171088493e+04
8.712368804116139654e+04
3.266878275479770309e+04
4.076783513118662813e+04
1.076631694112562109e+05
5.719083372330413113e+04
2.283225025293717772e+04
9.836475261017368757e+04
1.031095290144771134e+05
1.418211152025270894e+04
8.429406527482821548e+04
5.843207458839952596e+04
1.383331470114403928e+05
1.029592228699628504e+04
5.598486472201967263e+04
6.706369619030677131e+04
7.263947327115930966e+04
8.298351449015414983e+04
5.942897984117683518e+04
1.273712901468401287e+04
1.457567388868097914e+05
5.990640376002831545e+03
3.090622214098169570e+04
7.617292311465860985e+04
1.027914256733656512e+05
2.288452303702061181e+04
1.049610727589635208e+05
3.553445147255645861e+04
8.326907191604822583e+04
3.958399543146407814e+04
3.906182157743746211e+04
1.047654685404393822e+05
4.841844052558680414e+04
1.035953191505818832e+05
4.275747510462466744e+04
3.140373244701202202e+04
6.227398144359108119e+04
1.400989297593739866e+04
7.563255541121780698e+04
9.248262251181123429e+04
2.749872529862407828e+04
7.692898154745045758e+04
6.767134316032305651e+04
6.107340935661737603e+04
7.561819339311207295e+04
2.710412055612786571e+04
3.467599853372327925e+04
1.443051924262405664e+05
7.694960546269582119e+04
6.281809350771579921e+04
3.504160419158564764e+04
3.188066633255950001e+04
4.637271672404364654e+04
8.330496933119058667e+04
1.955255935676405352e+04
4.888341014045152406e+04
5.838575322232094186e+04
3.371154335728900332e+04
8.450301737025591137e+04
2.894699920396809466e+04
9.924526911713181471e+04
1.300342542506418977e+04
7.759698302485777822e+04
7.179258411210931081e+04
7.704980245824702433e+04
5.017259773790978943e+04
1.129904709256510687e+05
4.610970509963686345e+04
1.212861887372009369e+05
1.445637665717809614e+04
5.439834495556331240e+04
6.965644320984388469e+04
