1.061936520936963461e+03
7.200132743933100983e+02
6.816925044183354885e+02
9.053273884299892416e+02
8.022166424276329053e+02
7.698003691431596280e+02
8.674846346681110845e+02
7.381057212517019934e+02
7.931870564128730621e+02
8.992193864160274188e+02
8.144223327486286053e+02
8.042595194318596441e+02
8.274931257976793404e+02
8.194837083929044184e+02
8.081735420311291591e+02
8.386988510299646578e+02
8.095607035029306644e+02
7.570341010935172790e+02
7.640501840882947135e+02
8.643179945821817682e+02
8.355041064627883998e+02
7.427353783176755542e+02
7.756378955950095815e+02
7.808526698408802531e+02
8.258780285090083453e+02
8.002882049484770732e+02
8.277255695300564184e+02
7.635355042468078182e+02
7.299323029047250202e+02
7.993163089770756642e+02
8.572115148238888196e+02
7.583356403716568366e+02
7.941769646662670539e+02
7.206288432636731613e+02
7.623417810806344050e+02
6.881680236732429421e+02
8.066111124195896309e+02
8.138881658665909526e+02
7.491646285101223839e+02
8.951827358982147871e+02
8.134261835163847536e+02
7.542236424342488590e+02
7.743258383807049086e+02
8.157445481641701690e+02
7.563191590407950571e+02
8.431477614593690078e+02
7.814393538451967061e+02
8.332191454640710617e+02
7.611708891131775090e+02
7.738976329038661106e+02
7.377295689935169776e+02
8.804581972136134027e+02
8.617391298973570883e+02
8.385646484316894202e+02
7.334347011918905537e+02
8.462152146287880896e+02
7.222911595814832708e+02
8.268963769333062146e+02
7.411077632798435388e+02
8.541892861058144035e+02
7.631173159931204282e+02
7.580178080233907849e+02
9.118017688159306999e+02
7.773820963372727419e+02
8.113978621844778445e+02
7.879920102401731583e+02
8.018962361028504802e+02
7.459944757765547365e+02
7.417859442979494133e+02
7.929574512582277066e+02
7.547645852066763155e+02
9.512697930649992486e+02
8.932013408865097972e+02
7.168093508684155495e+02
7.345689809506069423e+02
8.445431346221629383e+02
7.814731143327250038e+02
7.507462564777513307e+02
8.635109083240618020e+02
7.735909886272658014e+02
7.946824299362888269e+02
9.031794092301176988e+02
8.479801974307224555e+02
8.298623597662682414e+02
7.807249048683163437e+02
9.616684542254204189e+02
7.663154688821267655e+02
8.042310886519369433e+02
7.907508937521763528e+02
7.442011940676027280e+02
7.850394862396635745e+02
8.428570388048401583e+02
8.342714574227373987e+02
7.879612513624692838e+02
8.254097042048840649e+02
8.391372939079479920e+02
7.203244102337738468e+02
8.556258811727698230e+02
7.888021930533312798e+02
8.319882996876881407e+02
7.315806654786429135e+02
8.209968842326151162e+02
8.011568740832001367e+02
7.732620251359292070e+02
7.975628627167228615e+02
7.906142354726719077e+02
7.982366186010715410e+02
8.631582264793701142e+02
8.106202749818671691e+02
8.043586656228767424e+02
7.520880847349708347e+02
9.276723170019158715e+02
9.036202251137573285e+02
7.729077196904775064e+02
8.076095907652540973e+02
8.599147539525345110e+02
7.309847947622110951e+02
8.713718066119362220e+02
8.066212180572396164e+02
8.817755765057854660e+02
9.069149634006257656e+02
7.493571605979922197e+02
8.453645066612353958e+02
8.006146981733024859e+02
8.369060209588138832e+02
8.462833447040269448e+02
7.372421066448248439e+02
8.594340726011803326e+02
7.356733871928798862e+02
8.226017920207433463e+02
8.389331442080606394e+02
8.244517514945878247e+02
8.203495326592740184e+02
8.419119949491895341e+02
8.360764878894229923e+02
7.267391303732574670e+02
7.913003554280745675e+02
7.836285490178967166e+02
7.949361558822369034e+02
7.353420424971725424e+02
9.548472468450613633e+02
7.292212338817200816e+02
8.089647804826395259e+02
8.075690753140894458e+02
7.947965501768235299e+02
8.018835586546225613e+02
7.642050617706668163e+02
8.202536531152327370e+02
7.724932471242000247e+02
8.657008953619426848e+02
8.235004482289808720e+02
7.794142814111481812e+02
8.934025612522417532e+02
7.511886329804694924e+02
6.856306626507517876e+02
8.090451626917455314e+02
7.890896304586747192e+02
6.946975892804899786e+02
7.351477139634268951e+02
8.546227146618786037e+02
7.635048825403936235e+02
7.520037192969415401e+02
7.835434390375852445e+02
8.248852895743102636e+02
7.319792678446182208e+02
9.318523729691598874e+02
7.162966637584820546e+02
7.924357063154562866e+02
8.080960417634395299e+02
7.467430149844675498e+02
7.481108915693293966e+02
9.082866761122320440e+02
7.595407393229537547e+02
7.539302638013261912e+02
7.742908341568744390e+02
8.842179455982368381e+02
7.503754158527104892e+02
8.174006527744917321e+02
8.451988683287798949e+02
7.598654316717498887e+02
8.261567835821850849e+02
7.409126057281547446e+02
7.595365566679706717e+02
9.298948011425485447e+02
8.382690229226805059e+02
8.804692117486132474e+02
7.427528762276593852e+02
8.627769485121192474e+02
8.120298135691625703e+02
8.418315543676025072e+02
7.818719362095660017e+02
7.764298189859869126e+02
8.640007159325524526e+02
8.060838700220230066e+02
8.399572882106291445e+02
7.903974895359120865e+02
8.725944083531020397e+02
7.580204763035318365e+02
7.082216217616796712e+02
9.191981423627690901e+02
7.789455315995953697e+02
8.115947762077927337e+02
7.431687908882057627e+02
8.070542370603719746e+02
7.491510027275091943e+02
9.316110824202908134e+02
7.389559625267078218e+02
7.667193626255476602e+02
8.759878868567298014e+02
8.005667874789936604e+02
7.624958442593211885e+02
7.613710938809101663e+02
8.325018591027577486e+02
6.897767453634269259e+02
7.814976895958354817e+02
8.509999036928999203e+02
7.799413488081813739e+02
8.827567628301687819e+02
7.407286854576223050e+02
8.138222322179232151e+02
8.192195877471444874e+02
7.746708352978536141e+02
8.830773957367189269e+02
8.190053150837288740e+02
7.947150082526674169e+02
7.570310963791271206e+02
7.973878717180361946e+02
8.762862900655181875e+02
7.887320955679560939e+02
7.648475936327341742e+02
7.294300000630737486e+02
8.130428407143916729e+02
7.468433959180507600e+02
8.183607199806577910e+02
7.563507238262919827e+02
9.060597195752934567e+02
8.527608625889307632e+02
7.566014367041118476e+02
7.874227317383879381e+02
8.700962568416703107e+02
8.784540358587873925e+02
8.278187311023111761e+02
7.496582812366712005e+02
8.588883440498616437e+02
7.710758239837323345e+02
8.715151655392130579e+02
8.141829086184148991e+02
8.905417734847501379e+02
6.994069258480477629e+02
8.744934068882080282e+02
8.859590276415407288e+02
7.190919727423931818e+02
7.716808141058476167e+02
8.083714283865849666e+02
6.906563706199042372e+02
8.522410137969841344e+02
