9.956760095975630520e+02
7.214296979019804894e+02
6.852145853149438608e+02
8.440827107417032948e+02
7.713226956715457163e+02
7.637347675190893597e+02
8.299248151345103679e+02
7.392982123079747225e+02
7.971653261464534808e+02
8.928535423946401579e+02
8.456917219529377689e+02
8.274847398932971601e+02
8.177418659368966019e+02
7.589435484324631034e+02
8.098473095099853936e+02
7.751934355796339560e+02
7.524793710854179380e+02
7.974732116743584811e+02
8.240850361749154445e+02
7.962312317749355088e+02
8.491067974325627574e+02
7.743003005775382235e+02
8.257586047759724579e+02
7.952075347594945924e+02
8.080282569964673485e+02
8.407236318766622389e+02
8.386778089897012478e+02
7.546084446287379706e+02
7.187983609012405850e+02
7.945560537946507793e+02
8.767807196818241664e+02
8.638793894784487293e+02
8.952118442039251249e+02
7.790974330067224400e+02
7.960912674811518173e+02
8.268464556971543971e+02
8.589235389607476918e+02
7.842356114744918614e+02
7.337280688176151671e+02
8.951963979730378469e+02
8.144520355338925128e+02
8.554732013550120655e+02
7.337420224883612718e+02
8.057512187824654575e+02
7.531579497711991280e+02
7.478826456255686708e+02
8.321413576950269544e+02
8.448635814911400530e+02
8.007973142366728325e+02
8.420765970526872479e+02
7.757178275403623502e+02
9.236423300277772341e+02
8.408135273556023321e+02
7.772006221602628102e+02
7.546674416326991377e+02
8.933822855847161009e+02
7.702487990131147626e+02
7.742878040132343358e+02
7.487181551698485009e+02
8.753420530666918467e+02
8.209767365542255675e+02
8.943186181506318917e+02
8.932100745624882165e+02
7.982323997120203103e+02
8.089194358906888738e+02
8.093990867365228041e+02
7.822040551507348027e+02
7.610065018181276173e+02
7.530359235907199036e+02
7.955395594496476406e+02
7.913603708627082369e+02
8.634117387547144062e+02
8.790813628496107413e+02
7.147415123772985908e+02
7.391205767760329763e+02
8.944023885755859737e+02
7.442227595804027942e+02
8.092895579934161105e+02
8.232954046941051729e+02
7.685004551496181193e+02
7.966790700297189005e+02
7.918660219238239506e+02
8.712354513188272449e+02
8.055909160804345674e+02
7.617680787650169805e+02
8.331932789249979123e+02
8.922651541248530975e+02
7.520704819708264495e+02
7.551805507851022412e+02
8.163815273785792215e+02
7.696346519819612695e+02
8.116420828153492266e+02
8.158631022666068020e+02
7.529560229789062760e+02
8.145907705345026670e+02
8.361145054010949025e+02
7.552007826629862848e+02
8.956247710245309008e+02
7.808194986342780339e+02
7.753991794490849543e+02
7.285855660933017361e+02
8.176120278892060469e+02
8.640135214621541309e+02
7.408309397809082384e+02
8.325524798729272788e+02
8.749048012693117471e+02
7.936902633662300559e+02
8.692191414146600437e+02
8.335668952131298965e+02
7.794226683627575767e+02
7.532670035417738745e+02
9.565687736550084992e+02
8.745218092305151458e+02
7.840371234234335134e+02
7.894080424189018004e+02
8.641572374616497427e+02
7.169819690347014784e+02
8.025862518286842260e+02
8.806771693606362987e+02
9.114637956276283148e+02
8.478637156466470515e+02
7.483877237739739030e+02
7.681428543768573718e+02
8.781589094234354889e+02
8.379107847749796747e+02
7.795263061264042790e+02
7.448252816082516574e+02
8.172349473233543904e+02
7.718697775268402665e+02
7.685655196540521956e+02
7.976100178865348198e+02
8.390527214017968163e+02
7.708984551551345703e+02
7.810826314230135949e+02
8.075163966992963651e+02
7.222348593229091875e+02
7.603616179543392946e+02
8.195011883126539942e+02
7.655582766532187406e+02
7.400738956905126997e+02
8.804566004954197069e+02
7.628095736757416034e+02
7.741819694175944733e+02
8.032078573568589945e+02
8.432055133275415528e+02
8.021441575393687344e+02
7.981877475285015180e+02
8.556628389236719840e+02
7.567513831655965078e+02
8.790038604374058195e+02
8.430942900527599022e+02
8.440242890340640542e+02
7.927123607080083048e+02
8.023378549361360683e+02
7.682661067049383519e+02
7.802790027349677757e+02
8.030900200419796420e+02
7.546368895006453386e+02
7.470687383552866550e+02
8.742772556777915725e+02
8.074273124115260316e+02
7.618987548471067157e+02
8.714842306426796767e+02
8.513582294702304125e+02
7.550279670705255057e+02
8.837276777507081533e+02
7.572742041283476055e+02
8.427648910187089086e+02
9.291094729776941676e+02
7.654731537580493068e+02
7.599563221000227031e+02
8.337113577574240253e+02
8.296677455047611147e+02
7.007143136996470503e+02
8.203619371607594530e+02
8.165969790201427259e+02
7.484397385922177364e+02
8.724371094835439635e+02
8.026396334047676646e+02
7.863662174223125021e+02
8.356669406823118607e+02
7.329289800080657642e+02
7.791131460800058903e+02
8.126478796051301288e+02
8.633651657355367206e+02
7.947385334569814859e+02
6.806568642193532241e+02
8.897906714277032734e+02
7.975402046762873169e+02
8.057596410923401891e+02
8.247191330727731611e+02
8.314380916881794974e+02
7.843377576625570100e+02
7.870558446792504128e+02
8.313992105797032082e+02
8.151261566947908932e+02
8.263043682890980790e+02
7.557897254431456986e+02
7.281571422704702172e+02
8.952091548804806962e+02
8.134852251245263233e+02
7.948986645648888043e+02
8.249648315623826420e+02
8.024129155687708135e+02
8.160448751178780640e+02
7.657823108272353920e+02
7.993409781933446538e+02
8.228890749626565366e+02
8.989237892802252645e+02
7.994333249409817199e+02
8.299772196679153922e+02
7.913391713936940732e+02
8.753261057732179324e+02
6.989224423007424321e+02
7.950911848554253538e+02
8.204508643168480830e+02
8.574261142884090532e+02
7.515497402298518637e+02
6.821343434890320623e+02
8.630359520315698774e+02
8.345094866878005178e+02
8.110586461299589018e+02
8.979661867612287551e+02
7.726188971340899343e+02
8.012948015918012743e+02
8.226652319607468371e+02
7.567641322091469647e+02
8.556634889794330547e+02
8.221435634002821189e+02
7.566968327089814466e+02
7.205200051631604765e+02
7.972609200369498694e+02
7.265211433859072940e+02
8.203743866248895529e+02
7.232657479690246873e+02
8.707455147545081218e+02
8.417006813145334263e+02
8.221496676185466868e+02
8.357157100791608855e+02
8.795458142496461278e+02
8.905852305242137845e+02
8.521884895172806864e+02
7.582647660597274353e+02
8.436307211947353153e+02
8.089571277189569400e+02
8.423245777508500396e+02
8.268325532030203249e+02
8.276684574832830776e+02
7.115213585975094475e+02
9.162743527509180694e+02
8.093722795689426448e+02
7.609885105434701700e+02
7.945162555080702305e+02
8.286257337233319049e+02
7.632246582297586883e+02
8.567314040473881960e+02
