1.019457987058367280e+03
7.473948357668124345e+02
6.645348709804586633e+02
8.525465812062549276e+02
8.156545258653636665e+02
7.546429988324531450e+02
8.718431253408753037e+02
7.575988462897579439e+02
7.839050972828454178e+02
8.427187875857354129e+02
7.865882397267538408e+02
7.999159904218283828e+02
7.971165541074259409e+02
7.425089584800418834e+02
8.244253926338805059e+02
7.435943007206362836e+02
8.065839975403113158e+02
7.601356597288823878e+02
7.623111876199360495e+02
8.814253260395053076e+02
8.316034762306533139e+02
8.316469762385755757e+02
7.947150258323831622e+02
7.477512930722837154e+02
7.894917442489526138e+02
7.684938830628033202e+02
8.477886518408164420e+02
7.930750206819162713e+02
6.832663675277012771e+02
8.105422630456562274e+02
8.611951080917799572e+02
8.040967576706250384e+02
8.689947954545591529e+02
7.885809314208162277e+02
8.944692991722024544e+02
8.104814498738950306e+02
8.518228087787601908e+02
8.445589984932412335e+02
7.252364956249747365e+02
9.293836215578514839e+02
7.690432388243929154e+02
8.023262071988799562e+02
7.708069304830540887e+02
7.361250551614712094e+02
7.233033796972654272e+02
7.928432154702534262e+02
8.136240566498089493e+02
8.214426085431881575e+02
8.380198372767167712e+02
7.871852078464567057e+02
7.303885588854561774e+02
8.217051085680578808e+02
7.959933427109742752e+02
8.308264737793946324e+02
7.255504208671499100e+02
8.899296276713213274e+02
7.816858919794173062e+02
8.077713439944150196e+02
7.171455328024370601e+02
9.295460449047150178e+02
7.689721943581679398e+02
8.174170852703319952e+02
8.676745763003367529e+02
7.726202004839610709e+02
7.787731165982138464e+02
8.012487557103620475e+02
7.537234939879831472e+02
7.325557484712265932e+02
7.484248214745288124e+02
7.788083747957114156e+02
8.200087050360449439e+02
9.272573428794669326e+02
8.294393461696739678e+02
6.949988964712766801e+02
6.912763032906601666e+02
9.062860283513821287e+02
7.964365281687553306e+02
7.521235122606954064e+02
7.743699661766621603e+02
7.559474886461799770e+02
8.226398965923942797e+02
7.951988892990029854e+02
9.049134392755288445e+02
7.701504372468009478e+02
7.683643786438567531e+02
8.802513090514819396e+02
8.075656652385565621e+02
8.014667695430385947e+02
8.127019484405301455e+02
7.877021369766748649e+02
7.264952373510118377e+02
7.304703189100730469e+02
8.629709460312387819e+02
7.267186144071071112e+02
8.857077902240915819e+02
7.672240295365843394e+02
8.008242744990276378e+02
8.612754710256106137e+02
7.515245122989040283e+02
7.989995416847775687e+02
8.012290817517924779e+02
8.195958131691285189e+02
8.241471257705087510e+02
7.884136134228377841e+02
7.994174061374227449e+02
8.134904963183398650e+02
8.318864905106603373e+02
8.826863766869115580e+02
7.836233523441563875e+02
7.937871593921491922e+02
7.749000255116585549e+02
8.618108419648791596e+02
8.460335794219652144e+02
7.729187100316389660e+02
7.400215405546205147e+02
9.051527032932679049e+02
7.432894369356553170e+02
7.926513141466309662e+02
7.644454593655885901e+02
8.022927377812467284e+02
7.765713495917312912e+02
7.766720879090157723e+02
7.799283284458401795e+02
7.916189730473988675e+02
8.697519149894244492e+02
7.724638960659327722e+02
7.217160814856783873e+02
8.460929205261921879e+02
7.379569893270651164e+02
8.504038984049727787e+02
7.716077517128735508e+02
8.050819386206485433e+02
7.964804697999659311e+02
7.829469451653613987e+02
8.205048615557020639e+02
7.198485461544501050e+02
8.000474607445836455e+02
7.445053853060442179e+02
8.713402222368251842e+02
7.614590657853893845e+02
8.591768665910715299e+02
7.489175224399944000e+02
8.563955756454536186e+02
9.320724969592288289e+02
8.428523562383223862e+02
8.055984250117683132e+02
7.910152556847733649e+02
8.404412409318344999e+02
7.353054262940012222e+02
7.670808960940082670e+02
7.701102874221754746e+02
8.364138728077250562e+02
8.257278755575370042e+02
7.894990951241993571e+02
7.714776223561398183e+02
7.596320385604221883e+02
8.087986647422042097e+02
7.117267441232436340e+02
7.368377922205078221e+02
8.192223513049655139e+02
8.890441365624990340e+02
8.141330579267477106e+02
8.773287121835469407e+02
7.959487015476498755e+02
7.202958949085954146e+02
9.362924084835880194e+02
7.211688410210798565e+02
8.412568265707488990e+02
8.382633684567623504e+02
7.376114466208695148e+02
7.625879222505517419e+02
8.620923951053183600e+02
8.240339546534130477e+02
7.357505178384591318e+02
8.088014776207868408e+02
8.273840891286054102e+02
7.665403267268666241e+02
8.330825907263983936e+02
8.248942676200177857e+02
7.572145059512403122e+02
8.127464295299749892e+02
7.522223336675140217e+02
7.233715347130131477e+02
8.065834209263366574e+02
7.941918018124741820e+02
8.421803653170395592e+02
6.940447767385243196e+02
8.622268274988174426e+02
7.485640965349830367e+02
7.747369788379319289e+02
8.852998680740679447e+02
7.317020085524767410e+02
8.098476551946234849e+02
7.875699916207976230e+02
7.995442980215652824e+02
8.332184227714160443e+02
8.572989494147050209e+02
7.491484014794568793e+02
7.311541014356614596e+02
8.809106979634595973e+02
7.811392437640532762e+02
7.987051642855262799e+02
8.307773019847043088e+02
8.307263014627429811e+02
7.823564881849872563e+02
8.128837131032368006e+02
8.036652627572175334e+02
7.220584976028965229e+02
8.840355698165224112e+02
7.291378943040497234e+02
8.147564821088647022e+02
7.606068967714286373e+02
8.398096086038757448e+02
7.078306748432667064e+02
7.751549867945564074e+02
7.431416762273232735e+02
7.956864097881081079e+02
7.743192047930218678e+02
7.050016447822901000e+02
8.033192443665253677e+02
8.254616140762263967e+02
7.482241541794833211e+02
8.541117431182697146e+02
7.645544537064921542e+02
7.641535433061908407e+02
7.650752566719835386e+02
7.405264292280184009e+02
8.650767308574368144e+02
7.819848167884434815e+02
7.499696292013412631e+02
7.689636238662272945e+02
8.407342092279276358e+02
8.285773131520774086e+02
7.903503534773891488e+02
7.767170427104039163e+02
9.102281159370209025e+02
8.213383581370925413e+02
7.751414041363188971e+02
7.751901318229664639e+02
7.757292507715899319e+02
9.190585312166542735e+02
8.084270594095462457e+02
7.719977483904347082e+02
8.425666447517228335e+02
7.573740785876817654e+02
8.621032648597347361e+02
8.126006977979809562e+02
8.279916989922626271e+02
6.861523649762243622e+02
8.814389836464720247e+02
8.889840005771749247e+02
7.299372621294735382e+02
7.801444439676995444e+02
7.550496838780310327e+02
7.462420581034427869e+02
8.337334847891838763e+02
