9.895719727454701342e+02
7.247384512216549410e+02
6.370925076452228950e+02
9.126222666541386843e+02
7.685842751841686322e+02
7.852582150997324106e+02
8.202709157833834297e+02
7.418078360383080962e+02
7.889851304908213478e+02
8.452582320184735636e+02
8.233642540741964240e+02
7.739904499281560675e+02
8.129688246901919229e+02
7.303983055409566987e+02
7.653249708542509779e+02
8.188719388625522697e+02
7.761482947821316429e+02
7.838240382812292637e+02
7.951713701726548607e+02
8.802150228874927507e+02
8.363891945024007555e+02
8.010423506285575286e+02
8.050854549735680621e+02
7.942455619689505966e+02
8.070778341567452117e+02
7.806649411526105951e+02
8.025109707081541046e+02
7.642531373999989910e+02
7.407053337656527674e+02
8.324561852923147853e+02
7.926026553335647122e+02
8.384141759014763693e+02
8.418147006585700183e+02
7.873051656750534448e+02
7.874956989914334144e+02
7.430656230913864420e+02
7.918725081100614034e+02
7.795584137376108629e+02
7.505871716716320634e+02
8.742387934601590587e+02
7.990110412960868871e+02
7.682392462381144469e+02
7.584169351766363434e+02
8.148892285844051457e+02
7.491507208710324903e+02
9.079709135085050775e+02
8.436692399681594452e+02
7.376660534240523930e+02
8.260500895282306146e+02
8.237465968465204469e+02
7.110835767483955578e+02
8.311172488727463588e+02
8.559699221911837412e+02
8.088080041829680340e+02
7.464904613778521707e+02
8.951788060107725187e+02
7.155412190052308006e+02
8.270165712874447763e+02
6.745615377118929246e+02
8.755082573929435057e+02
8.264861834491622403e+02
7.936071980688634540e+02
8.673805187441159887e+02
7.956412315364843835e+02
8.474668861105047881e+02
7.581671688425992670e+02
7.979865873436474430e+02
7.629791734783534594e+02
7.686568349467762573e+02
8.262982745149223547e+02
8.030427977101630859e+02
9.109046063322408600e+02
9.425581009322036152e+02
7.175331139953872253e+02
7.278949392115956698e+02
8.581781918575204600e+02
7.957985728847954761e+02
7.920929288337522394e+02
7.760113947019807483e+02
7.841621980754968035e+02
7.651863489852667044e+02
8.386257321272441914e+02
9.418227179597049599e+02
7.257923525851907698e+02
8.292061381355740650e+02
8.456080946314704079e+02
8.350349341126434410e+02
8.192759489116007217e+02
8.011667301459408463e+02
8.022677579945728894e+02
7.413758687001140970e+02
8.438472294925667256e+02
8.896815373515742067e+02
7.265102221738748085e+02
8.396228477725612720e+02
8.003072914366907753e+02
7.196468219676826266e+02
8.822726712013864017e+02
7.409681871387650745e+02
8.436094504401584118e+02
7.612602326986594790e+02
7.382014635167951155e+02
8.598497501828185250e+02
7.488350929970567904e+02
7.715905106126868986e+02
8.084378001648326517e+02
7.776514890947488539e+02
8.543864464852433684e+02
7.674332540408606746e+02
8.113656779143146878e+02
7.739438213090556928e+02
9.026961635121849667e+02
7.979733039649582906e+02
7.130474809950671897e+02
7.872516700556227534e+02
8.633971259913371341e+02
7.308435998323444664e+02
8.255721018737536951e+02
8.745460965655443033e+02
7.651913611826743136e+02
7.771314758927576349e+02
7.186798336649055727e+02
8.146632874306853864e+02
8.270122813281083154e+02
8.401988040571791316e+02
7.503060476300348682e+02
7.209322135147035624e+02
8.512054717785384810e+02
7.831795482052567650e+02
8.140990923563359729e+02
7.929128785636310113e+02
8.112973908650668591e+02
8.159980747991778571e+02
7.948591295922319659e+02
8.653020189655655940e+02
7.381318702311061770e+02
8.144915317492241229e+02
7.845027237982008046e+02
8.789280766235326610e+02
7.256032515319918730e+02
8.563791800547458024e+02
7.168277600481076206e+02
7.998262283046240100e+02
7.874100999140657677e+02
7.916274331636948318e+02
8.074951794273367796e+02
7.815209755510762761e+02
8.982399596865072908e+02
7.703929786636126664e+02
8.883124370862838077e+02
7.234592615085671241e+02
8.083045662380253589e+02
9.150890462498729221e+02
7.765121233919910537e+02
7.225872703671911950e+02
7.927081615928667588e+02
7.949759968124004672e+02
7.929145951858375838e+02
7.167963268467226499e+02
8.885625190530357713e+02
8.517680908656154770e+02
7.822246967160010627e+02
9.211244614438630833e+02
8.093690461951964608e+02
7.586033232486980751e+02
8.750348759816249640e+02
6.898222383013462604e+02
8.761229781456875116e+02
8.438956272005538040e+02
7.703891492890273867e+02
7.551347504857803870e+02
8.329774475448135718e+02
8.410877230908985211e+02
7.217636352139041946e+02
8.050029333477534692e+02
8.477357870124714054e+02
7.528201279349087827e+02
8.532667238988404961e+02
7.798821395526175593e+02
7.941644268294589892e+02
7.735142959961884799e+02
7.879834678258579288e+02
7.717933387963986434e+02
7.536068794781181168e+02
7.791133485459213261e+02
8.504912637368352080e+02
6.904101189096854796e+02
8.903867118849673261e+02
7.690615444298553030e+02
8.093589193951962670e+02
7.924736813770093704e+02
7.968318832612752658e+02
8.514702335517622487e+02
8.026365270371500173e+02
8.267812280412570090e+02
8.598010385988948201e+02
8.323050917391594794e+02
7.740559883887863180e+02
7.693579628726452029e+02
8.002016795538297629e+02
7.136364046714895721e+02
8.783490822523372117e+02
7.932067234063450769e+02
7.944218466252303870e+02
7.595108141716532373e+02
8.212928399664173185e+02
7.183238621099203556e+02
7.871385498974620987e+02
8.830682188857999790e+02
7.578607406166306646e+02
8.632092854535947026e+02
7.714261391132249628e+02
8.215029879128658195e+02
7.087566414228136864e+02
8.327520509618393589e+02
8.332622611405507769e+02
8.201254619421927146e+02
8.276996808078062031e+02
7.326048677513500706e+02
8.167755815177379191e+02
8.004934102787705115e+02
7.787176429915364224e+02
8.398897961967747960e+02
7.908568176379965280e+02
7.667649355715138881e+02
8.793978280551918942e+02
7.131882409910665501e+02
8.661744010763442247e+02
8.240753806902039287e+02
7.458956212223650937e+02
7.654492930061695688e+02
8.213276890906686276e+02
8.501360078907250681e+02
8.044755061225846475e+02
7.045989050150465118e+02
8.742566658023781656e+02
8.767864875670289848e+02
7.742530589967175274e+02
8.562964134937503786e+02
8.742647627379392361e+02
8.097763246215047275e+02
7.572391514703389248e+02
7.395242474979770577e+02
8.485829058775915428e+02
7.291040869812309211e+02
8.067375604411203085e+02
7.920252747103443198e+02
7.989975677928438245e+02
7.040294868633488932e+02
8.745458374099507637e+02
8.689134399215105304e+02
7.508569754446017441e+02
7.981312958888845515e+02
8.454946137023844130e+02
7.259266938647652978e+02
8.823363056238742956e+02
