9.837018036676124666e+02
7.280785011413260008e+02
7.028326066153243801e+02
8.749403480678323604e+02
7.787697306535486632e+02
7.844084311596506041e+02
7.941013040097391240e+02
7.701000458880444057e+02
7.536011861283661801e+02
8.588500897961685041e+02
7.908471194772438366e+02
8.399645957561051546e+02
7.690223616807797953e+02
8.031573373226544845e+02
8.208172342049159624e+02
8.243424126405307106e+02
8.699232166339068044e+02
7.612852059767949413e+02
8.069965825138929176e+02
8.651926393594920910e+02
9.203499208034953654e+02
7.719458642164855746e+02
7.707305951402510118e+02
7.101850651751833539e+02
7.998011555308928564e+02
8.234156053096152164e+02
8.391016224046619527e+02
7.359509548243585186e+02
7.298579528298133710e+02
8.071949891097521004e+02
7.740267567974901795e+02
8.240055380909653877e+02
8.394976629491301310e+02
7.684261640870843166e+02
8.279837829163700462e+02
8.075591413011660507e+02
8.477789555704756594e+02
7.863845809926255015e+02
7.017609053865735405e+02
8.763933033167868416e+02
8.710604826539201895e+02
8.605103255183335023e+02
7.251596280887297326e+02
8.065195933906293249e+02
7.905907828984331900e+02
8.935206588866458333e+02
8.379746006426161102e+02
8.015105340650327435e+02
7.931837653986636951e+02
8.716183295074216630e+02
7.620686303217594286e+02
8.770979501414190054e+02
7.687570855132364613e+02
8.806623127580892287e+02
6.973100087722114040e+02
8.795236069126251550e+02
7.007675952115018845e+02
7.540086719816722507e+02
7.089445864679167926e+02
9.527492981106954630e+02
7.709008051197703253e+02
8.515428100972816310e+02
7.864236080791517907e+02
7.881071409478940950e+02
7.829222687463260399e+02
8.530276993882473562e+02
8.098949453391802535e+02
7.674121054280010412e+02
7.291367304349878395e+02
7.363063608845434374e+02
7.562665923582691221e+02
9.083446371243696831e+02
8.351435846147728626e+02
6.736783016484827158e+02
8.320456305586538974e+02
7.813809137007024219e+02
8.215019040385326434e+02
7.605825696066210639e+02
8.351314139559041223e+02
7.609966681757246079e+02
7.143366177173954839e+02
8.826843487382843705e+02
7.817543013169433834e+02
8.596319035634492138e+02
7.959443459758105064e+02
8.366189845339977182e+02
7.716117339569238993e+02
8.410788352282595497e+02
8.080069084158990336e+02
8.137954001071034327e+02
7.616392811179055116e+02
8.807696792383712818e+02
1.001550602892120423e+03
7.629636900386675507e+02
7.602371816390096910e+02
8.540246929817235468e+02
7.191240180316688111e+02
8.684885280379685355e+02
7.692329271732061216e+02
9.021473082220911692e+02
7.619442912193405846e+02
8.120043215058400392e+02
8.002321785733347497e+02
8.087121443703078967e+02
7.601692660175142464e+02
7.996755936576328168e+02
7.615936739082936811e+02
7.687878308822932922e+02
8.126750743466818676e+02
7.505574165265264810e+02
7.415038877818391256e+02
9.480565921168986279e+02
9.360049386293026146e+02
8.004829377244930129e+02
7.561079519127382582e+02
8.129406640256501078e+02
7.181345551830593195e+02
7.991955702292683554e+02
9.652305020082546889e+02
8.148459320347866424e+02
8.058908664106486412e+02
6.925309123640928419e+02
8.542998038752631373e+02
8.128983088812580036e+02
8.419685846624109899e+02
8.270671199811627048e+02
7.628382299971608518e+02
7.942016351959616713e+02
7.869305750247046944e+02
8.285101247919657226e+02
8.271163952975597340e+02
8.352002938603684470e+02
8.765167328281752361e+02
7.612202299171334516e+02
8.234696834723091570e+02
7.947033839928353700e+02
8.658286981308754093e+02
7.942311572214382522e+02
8.479805246479003245e+02
7.612763264249840631e+02
8.784093131885454113e+02
7.358607250690907904e+02
7.532903578543961203e+02
7.647558127761748210e+02
7.743392338350926138e+02
7.597294006849559764e+02
8.236251678929264699e+02
9.018041963279636093e+02
7.379193939053258191e+02
9.964464179365178325e+02
8.687524516894959561e+02
8.923555328933516648e+02
8.629822455411986084e+02
7.659129468370522318e+02
7.655860283790492531e+02
7.751082450624414832e+02
8.012328595254077754e+02
7.368522918665656789e+02
7.395021396020964630e+02
9.074689061683707223e+02
8.190543703061995302e+02
8.109930954467979518e+02
7.992295786496330265e+02
8.206935753666019764e+02
8.097688763651286763e+02
9.474830926098265991e+02
7.413885749246409205e+02
8.167044048213293763e+02
9.035010492122817141e+02
7.830599698692817583e+02
7.218701007200535287e+02
8.716728584213972226e+02
7.658115383038474420e+02
8.007139428309950517e+02
7.899272632188199168e+02
7.861830955888323160e+02
7.953257339234659185e+02
8.718566642337232224e+02
8.050903458354950999e+02
8.528024062934985068e+02
8.106516285963838300e+02
7.615749614784004962e+02
7.969449439844293011e+02
8.650167296966756112e+02
8.463716740437602084e+02
7.648939700808796260e+02
7.213681631782197883e+02
9.178852526891040498e+02
8.335068786119526294e+02
8.351038009748285731e+02
8.473066633108641099e+02
8.361799960909675065e+02
8.458373665801019570e+02
7.735797113657163209e+02
8.158017868626086511e+02
8.653278699965063652e+02
8.718385344990292651e+02
7.772366511586606066e+02
7.141738367076035274e+02
1.007599502983690513e+03
7.380796340408111291e+02
8.108278765241821020e+02
7.648928359166743576e+02
8.211759135426395915e+02
7.450443615173089711e+02
8.937771473831688809e+02
7.615650181154193206e+02
8.034609072030632433e+02
8.105903854011775138e+02
7.966560638026485321e+02
8.367434629784709159e+02
7.462483830286978446e+02
7.981112556108123499e+02
7.667504032919501924e+02
8.014289856516959389e+02
7.751905312419560232e+02
8.445916731938217481e+02
8.452248912533079874e+02
7.744790624969621149e+02
7.867159541925811936e+02
8.828960625042407173e+02
7.868611919257955378e+02
9.461772485434776172e+02
7.714862567987797775e+02
7.874620246308070364e+02
7.861899448145297811e+02
7.614949624548969496e+02
9.140817953726468659e+02
8.829804651349127198e+02
7.740658415050972962e+02
7.683790936788282124e+02
7.822588282079777855e+02
8.260344719107760056e+02
8.174515155184921014e+02
7.605704826166180510e+02
8.195591858346432446e+02
8.217354780436392048e+02
8.180983428417500818e+02
7.492146425409392805e+02
9.015770676920719779e+02
7.986575831302938013e+02
8.388682170563856744e+02
7.503883829959494278e+02
8.367368257344347739e+02
8.298898702843728188e+02
7.534264526159901152e+02
7.732846299976434921e+02
8.913857636463915242e+02
7.204506854906441049e+02
8.877057888308956990e+02
7.977439756393977177e+02
8.582127173427120397e+02
7.962041690066045021e+02
8.483475720345311402e+02
7.671541687653937061e+02
8.776319390425102256e+02
