9.271763292220829271e+02
7.451807386294706248e+02
7.065296002563634374e+02
9.768217721377527596e+02
7.597461624254793833e+02
8.624489688346523053e+02
7.743646199505830054e+02
8.380615612949603701e+02
8.001875197228238221e+02
9.708800977910730126e+02
8.230118344545380751e+02
7.977324266456294026e+02
7.799039557298845011e+02
8.336999538770276104e+02
8.001629836084471208e+02
8.330459992482655025e+02
8.985340741200407138e+02
7.486727573455973470e+02
7.840182013909117131e+02
8.479138600785748849e+02
8.728595873452700289e+02
8.136689160070768594e+02
8.756448312046877618e+02
7.261326919672843587e+02
8.278929749695051896e+02
8.155876741739696172e+02
8.783812678032438725e+02
7.864529871078088945e+02
7.391365949766529866e+02
8.036798109044696048e+02
8.214397124610964056e+02
8.724749029454161473e+02
8.211578283158914928e+02
6.996443813930269471e+02
9.182596898027072712e+02
8.058103009594284458e+02
8.815540840464731218e+02
7.452785518085356671e+02
7.122146688501979952e+02
8.619674295824485171e+02
9.167667661711286655e+02
8.432549120842031698e+02
7.295515172550284433e+02
8.693441844115864114e+02
8.376204052985196995e+02
8.574881096140259160e+02
8.884530254178590667e+02
8.239254196335742790e+02
7.882483783660475183e+02
9.748484271449556218e+02
7.893883520157886551e+02
8.356324256983152736e+02
7.772610120367568243e+02
8.472317451776973485e+02
7.346400777953317629e+02
8.649456614518620654e+02
7.066479501081078070e+02
8.525166570353106863e+02
7.235996492546261152e+02
9.177155391794719890e+02
7.539481795132978732e+02
8.639264117905522653e+02
7.798713121707212395e+02
7.519420215303042596e+02
8.620661413466038994e+02
7.855340446914568702e+02
8.477862739899495637e+02
7.161599524954395974e+02
8.582227317505873998e+02
7.948853827484431349e+02
7.939766177576057089e+02
9.322348693336398355e+02
8.336197277466960713e+02
7.005404832180877293e+02
7.800100716031670345e+02
7.478711720962705840e+02
7.967801698892376407e+02
7.590290516913312331e+02
8.766158748138888086e+02
7.864173287222944282e+02
7.848022138651554087e+02
8.734707686642856288e+02
8.670959683219243743e+02
8.780010550017429978e+02
7.344585190649078186e+02
8.293587287481758494e+02
7.942361715422068755e+02
8.695501040435868845e+02
7.943976110319863437e+02
7.805668306465239539e+02
7.243078958180392419e+02
8.612165830974884102e+02
8.873228152643564499e+02
8.151178062672486249e+02
7.748324027405208199e+02
8.225615299595721126e+02
8.520510560784157406e+02
9.247609824444496098e+02
7.314395671038146247e+02
8.947036376035664489e+02
8.201361210698044033e+02
8.754207403119601167e+02
8.644977771097899222e+02
8.353370217103321238e+02
8.308339838626530991e+02
9.108900106700639299e+02
7.819602213991003055e+02
7.819562852186352302e+02
8.101283230895253382e+02
8.435139859522986399e+02
7.946517019031084601e+02
1.017492663991901054e+03
8.223791216984708399e+02
7.988929250085268450e+02
7.600585000565288283e+02
8.075509789759299792e+02
7.296716441679061518e+02
8.460732813727304347e+02
8.812002481244497858e+02
9.110840197013274064e+02
8.842768794088590312e+02
7.691083498512526830e+02
8.288976744992482963e+02
7.910862906262268552e+02
8.090017807134711347e+02
8.113707753179355677e+02
7.278530645303219444e+02
7.975999236167908748e+02
8.031238231874989424e+02
8.566877407848844541e+02
7.922473318162874421e+02
8.386778049376390527e+02
7.772262210618961262e+02
7.757923815928625118e+02
8.126981080904349710e+02
7.716133225612658180e+02
8.293636621940462419e+02
7.167621868673003291e+02
8.889380263649377412e+02
8.090653331071729326e+02
9.091546924710829671e+02
7.855729549244301779e+02
7.837836775618623051e+02
8.400378741721908682e+02
8.307373760071147899e+02
8.428838128453376157e+02
8.272585526166532190e+02
8.741013852657843017e+02
7.292819855658998449e+02
1.008443311626719492e+03
8.831459264018620843e+02
8.693590889948654876e+02
8.604186089336603800e+02
8.370603549203856346e+02
7.842618729631391261e+02
7.175001138855216141e+02
8.987364392059341753e+02
7.456522487285299121e+02
7.375268538695146390e+02
9.225218685004372219e+02
8.084882425437253914e+02
8.763834797099041225e+02
8.019334615559592976e+02
8.381015015047844372e+02
7.984773779778101925e+02
9.674687063725343705e+02
7.037087004842233000e+02
7.991013614647333725e+02
8.774857076438968306e+02
8.417939316980629201e+02
7.205420831753575612e+02
8.220574980327276080e+02
7.602554543079702398e+02
8.047182001609511417e+02
9.347812640372021633e+02
9.269277332143591366e+02
7.530026442569077290e+02
8.667086110137765900e+02
8.515933874358975118e+02
8.400589714850024166e+02
8.524016947560520521e+02
7.633521025721902333e+02
7.685141840011083332e+02
9.162994621834320697e+02
8.416127614629083382e+02
8.013466397568618049e+02
7.153841720568622122e+02
8.745963637094673686e+02
8.700577737370065279e+02
8.220970189578438294e+02
8.179215259012147499e+02
7.803369334111087028e+02
9.161850157558124010e+02
8.435421309524150502e+02
7.692978668534829012e+02
7.783864538710919305e+02
8.334914551297739536e+02
7.880491990865671141e+02
8.026784392587891261e+02
9.844455080471432211e+02
8.350944928319486280e+02
8.546269144550044530e+02
8.015840824179764468e+02
7.861986826179045238e+02
8.180703366696596959e+02
8.589125810206890037e+02
7.645293665421321521e+02
8.437575476609239331e+02
9.093401297322861865e+02
8.099585875582532708e+02
8.474251203940575579e+02
7.065658909594565102e+02
8.557808624087576845e+02
7.192729960295422416e+02
7.510789421452764145e+02
8.211405442796506122e+02
7.969745960655762929e+02
8.917506112764508543e+02
7.474961662875369939e+02
8.184341056425582792e+02
8.866448386430596429e+02
8.317802773574220510e+02
9.076518561644054444e+02
7.248571316911957183e+02
8.135775488420983947e+02
9.461546863973175050e+02
7.597960192616577615e+02
8.930471793200827051e+02
8.718418047094507983e+02
7.840768884580626263e+02
8.962099485496480611e+02
8.257241897602295921e+02
8.457850169641924367e+02
8.389829854567338998e+02
8.282213459682948269e+02
7.477558973068482828e+02
9.112941577118317582e+02
7.822602303968189972e+02
8.448077492256741152e+02
8.122007494349176113e+02
8.772064151450101690e+02
7.825793254752833263e+02
7.099488540526754150e+02
8.922453457684714522e+02
8.702322828704542417e+02
8.011753666852359856e+02
8.568766779995644356e+02
8.776198108533736786e+02
7.528516553069632664e+02
7.747118896336833131e+02
8.059810150551460310e+02
8.413403850994130835e+02
7.818105037811774309e+02
8.678653717631199243e+02
7.488930590154627680e+02
9.726666987294559021e+02
