9.878651825058911982e+02
7.795670404869828189e+02
6.681297101277386901e+02
8.921403838162261764e+02
7.941286593298983689e+02
7.762198071790404583e+02
8.375352476254582825e+02
7.898935328067007049e+02
8.003533108541158754e+02
9.502437726283467327e+02
8.389505947458387709e+02
7.915018339447389053e+02
7.799294825543496472e+02
7.894469481594624085e+02
7.719479922787650139e+02
9.327340337937208687e+02
8.300454637122533086e+02
7.595439074091183329e+02
7.567671349985582765e+02
8.047308108703487051e+02
9.021097313409682101e+02
8.307802639078674929e+02
7.914315218607453062e+02
7.845302520672889841e+02
8.400757868307226772e+02
8.025786029006117133e+02
8.800917044963725857e+02
7.471133139947448853e+02
7.734812427592560198e+02
8.779071445003035024e+02
8.100921830585917860e+02
8.289868428419920292e+02
7.918639516145648258e+02
8.168272917403035080e+02
8.819838445942666567e+02
7.739124096706324281e+02
8.215837616273335016e+02
7.595867564231598408e+02
7.371286775736633672e+02
9.596889993245788446e+02
9.264054562833591717e+02
8.592227860630678151e+02
8.264303545531256532e+02
8.566263358746284666e+02
7.482662901515002432e+02
9.480094798799527780e+02
8.394357192305265016e+02
7.761968339091373537e+02
8.669708694738410486e+02
8.286593877654585185e+02
7.786729734683268589e+02
9.246451387244562738e+02
8.440273081559473667e+02
8.224062227511033143e+02
7.289706704982195333e+02
8.678484248130653214e+02
7.308346285968369784e+02
8.452892601600344733e+02
7.260984756106208806e+02
9.488235605960845760e+02
7.679599635682001235e+02
8.241856026071233146e+02
8.857987297856016085e+02
7.741273076608182464e+02
8.274162251730758726e+02
7.883671772714460531e+02
8.327411461241622419e+02
7.780330453797845394e+02
7.701768087760261778e+02
8.291481927859819052e+02
7.760678496341297432e+02
9.843597474125635927e+02
8.369944868523988362e+02
7.425630993602945864e+02
8.350107992536865140e+02
8.159434627440703025e+02
7.944616833810997605e+02
7.362842635435164311e+02
8.252503608601568885e+02
8.246835892261036633e+02
7.168459234137243357e+02
8.427203494889486137e+02
9.076004134902168516e+02
8.103011796858841080e+02
8.526164610358495111e+02
8.856710905687109516e+02
7.543428095275169198e+02
7.769714876325219848e+02
7.685738710750506471e+02
8.234290186049643125e+02
7.464017176239856326e+02
8.158021229420867257e+02
8.494732314381312790e+02
7.750322411774932334e+02
8.595727730016261603e+02
9.098818075299549264e+02
7.569877517502421824e+02
8.952371916745078124e+02
7.724245508514724179e+02
8.948171785360912054e+02
7.674709084632727354e+02
8.135219776889596233e+02
7.783367491858707581e+02
7.513451624767550356e+02
7.902504027393580373e+02
8.298426593275764844e+02
7.526931053666065736e+02
9.137340294999535217e+02
7.938172959939346356e+02
7.849246056499225688e+02
7.887105355609919570e+02
9.458574765494929579e+02
7.683727742788454407e+02
7.693559501870444137e+02
7.438892010824281442e+02
8.250738091003854606e+02
7.828101129242677416e+02
7.861573937411344559e+02
8.453721064634364666e+02
7.638173613404276239e+02
8.417685628394669948e+02
7.786325026295580756e+02
8.768782523468678392e+02
8.430650695408062347e+02
8.304484174814842845e+02
7.616659611937479895e+02
7.563685608952323491e+02
8.050714192444546597e+02
8.192734209551916820e+02
8.217946948199253256e+02
8.407834931646552832e+02
8.567735080689406004e+02
8.566696542040905342e+02
8.083355566194993571e+02
8.836657202906244493e+02
7.882873702539881151e+02
8.985803274101589295e+02
7.358299851799591806e+02
8.691142373956611209e+02
7.851931685374407834e+02
8.500977799301732603e+02
7.388919933165578868e+02
7.209326785115524672e+02
9.577053231646139011e+02
7.405498374108055941e+02
8.140598341763935650e+02
8.149664622748646252e+02
8.209891266171457573e+02
7.478508640552589668e+02
9.611870455531960715e+02
8.221091494367286714e+02
8.643182081913793127e+02
8.787487415418740966e+02
7.655260280177608365e+02
6.887741035188171281e+02
7.759336971943793060e+02
7.862743886461400962e+02
7.479151576867254789e+02
7.683505155115235539e+02
8.906197199446055492e+02
7.564881369631717689e+02
8.138776651478974600e+02
8.329362952131422162e+02
8.355525767835433726e+02
7.409182195908175572e+02
1.006742975461593687e+03
6.945324587320574210e+02
8.217453261046896387e+02
8.866736036122489395e+02
7.895147446061730534e+02
7.645502088979706059e+02
8.392223709228567259e+02
7.808467491308922490e+02
7.707646637109838821e+02
8.256257436820694693e+02
8.999995054436743658e+02
7.998593942623630255e+02
9.395910712668437554e+02
8.041928996113398398e+02
8.134170297478532348e+02
8.012852504787454109e+02
8.231019924468100726e+02
7.589338570389675169e+02
8.821394271778164011e+02
8.610548798270053794e+02
9.177020584453701986e+02
7.347386971830253515e+02
8.987353977233017304e+02
8.412832972809806051e+02
7.987576391743157274e+02
8.582880411119597284e+02
8.097161574692723889e+02
8.686002275074120007e+02
8.200018659730570789e+02
8.598678104901730421e+02
9.667563899749738994e+02
8.881947015418425053e+02
7.780863744792800389e+02
7.357366968695107516e+02
9.678716270035026810e+02
7.368449382951228017e+02
8.858088435183391312e+02
7.897018180777556609e+02
9.073283908414010739e+02
8.101440987938476610e+02
9.135289903465338739e+02
7.380424524042098255e+02
8.024507480685922474e+02
8.215907821088114815e+02
8.675134197482170748e+02
7.570493094461012333e+02
7.665838542692804367e+02
8.662936026433483221e+02
6.711041709958237789e+02
8.076736894987907363e+02
8.036987817856747824e+02
7.783438199930997143e+02
8.681851208373482223e+02
7.864899280524725782e+02
9.211698155301812676e+02
7.826917876045237108e+02
7.905349404573365746e+02
8.802091805473359045e+02
8.153817423530439328e+02
8.781628163924178807e+02
8.277211964833911679e+02
7.619688910169772953e+02
8.984965327348093069e+02
8.058645632147821516e+02
7.520957693826807144e+02
7.823976927324389408e+02
8.221441281940440149e+02
7.425278632145855227e+02
8.167261624082868821e+02
7.647384660012634185e+02
8.180846199478673952e+02
8.710965485717805450e+02
8.966094951310544729e+02
8.234804919466790807e+02
8.557655258039785622e+02
7.774234688976669077e+02
7.829157099501275070e+02
7.294026498019629798e+02
8.892557114262597224e+02
7.713422837409007116e+02
8.407690349000063179e+02
7.741335876370642382e+02
8.296911736449870887e+02
7.038583262759476611e+02
8.992700237775636651e+02
9.084872620848739189e+02
6.985628277182648844e+02
7.481151361333754721e+02
8.137244844714861074e+02
6.923143153044707105e+02
9.467926991456909036e+02
