8.726796138583422362e+02
7.581156376200505065e+02
7.414114848000384654e+02
8.974046107829540233e+02
8.627432724429861537e+02
8.242385638575477742e+02
9.268381343451762859e+02
7.808615504383460575e+02
8.041521335846933880e+02
9.435195106350859078e+02
7.682862435798850811e+02
8.218677089074182049e+02
7.624385382119509131e+02
7.760546675879434133e+02
8.805716093365151664e+02
7.615261610793202181e+02
8.315101044495750102e+02
6.988285391937151871e+02
7.996077662403894237e+02
8.965360238975429183e+02
8.526028561765389213e+02
7.713185102361641157e+02
8.333657956860203058e+02
8.103180670084067287e+02
9.027692469758593461e+02
8.280078339702629364e+02
8.915208251443142444e+02
7.716418515651199641e+02
7.492305816827640683e+02
7.957162850995150620e+02
8.327869251139868538e+02
8.242949929232057684e+02
9.194750111883494128e+02
7.222741022638490449e+02
8.472530594883992308e+02
8.376259267412297049e+02
8.425073852682060078e+02
7.860086928496516521e+02
7.744740825984282537e+02
8.456668174780301115e+02
8.281074371197851178e+02
8.220238336022945305e+02
7.742199157496453381e+02
7.872981872240281973e+02
7.702704598484376675e+02
8.154370152404059127e+02
8.220716207176011494e+02
9.056860780543556757e+02
7.924790761341506595e+02
8.691262434584741641e+02
8.294603590004321632e+02
8.138583971484069934e+02
8.504378026893427887e+02
8.394843029148214555e+02
8.049136173040619724e+02
8.196940571234804338e+02
8.098343889426512305e+02
7.991152537379307432e+02
6.925465480426050817e+02
8.920049025827238438e+02
7.272471280907069513e+02
8.877880299358637330e+02
9.182013145906516911e+02
7.685376215913341866e+02
8.327301706435476945e+02
8.055723007187145868e+02
8.654018722158050423e+02
7.003190749349545285e+02
8.116574235286968815e+02
7.182203387407480477e+02
7.621763409521931862e+02
8.427240545746398084e+02
8.403088090131462877e+02
6.802879882927938979e+02
7.398005505756848379e+02
8.384270755289853696e+02
7.384403909764229184e+02
8.204382856933598305e+02
8.272735253046648722e+02
7.398898805782498584e+02
8.283536052551430657e+02
8.803853055766857096e+02
8.299308669292242939e+02
8.691495358591212153e+02
8.466516246719083938e+02
9.248338166753599126e+02
8.589533394682200651e+02
7.496072539027493349e+02
7.586341003975602462e+02
8.184610171052221403e+02
7.969054710563012804e+02
7.660110395510780563e+02
8.235955797401948075e+02
7.282354742108808523e+02
7.845309395577173746e+02
8.463175251312005685e+02
7.552375239045715034e+02
8.638435162769374074e+02
7.367868200429859371e+02
9.075525996784178915e+02
8.158619280882877547e+02
7.912570091232123559e+02
8.312795143109980245e+02
7.409477618530299878e+02
7.848185326405636033e+02
8.962222744471066562e+02
7.810263060113620668e+02
8.173285091600066607e+02
8.152972585779351675e+02
7.557574795979135160e+02
8.137020434855041913e+02
8.905874955772169415e+02
8.811559358853126014e+02
8.063896827789341160e+02
7.958209734373133415e+02
8.400328523013399717e+02
7.229247568087689615e+02
8.237547068948731521e+02
8.632847546810473887e+02
9.300966299556350805e+02
8.263339049999162853e+02
7.750839753143283133e+02
8.567473409562896904e+02
8.030479580830865416e+02
7.869857530321764898e+02
7.918189051126515778e+02
7.941117460792240763e+02
7.683752639069557517e+02
9.132839411283671325e+02
8.315323099546702679e+02
7.917539697240709984e+02
8.701675054193972301e+02
8.291012085447641766e+02
8.203236582800891483e+02
8.884932952924361871e+02
7.545411169049575619e+02
8.021604163482735430e+02
8.646818024370846842e+02
8.196400564777117097e+02
7.966677209489482721e+02
9.014303550587947029e+02
7.288209171797661838e+02
8.274092084696954998e+02
8.200318771789941366e+02
7.998488076843188992e+02
7.939499621581738893e+02
7.419113669514499634e+02
8.222420372252942116e+02
7.706327625383603390e+02
9.300442225160784346e+02
8.071438002803663494e+02
7.915659154982646442e+02
8.342911499372976323e+02
7.799862315894646372e+02
7.901182582620816675e+02
7.900819087833293679e+02
8.017887898430606128e+02
7.415827182765592624e+02
7.375743208701419462e+02
8.148738960829975895e+02
8.346688471816048605e+02
8.058267649165976536e+02
8.157631743272476115e+02
8.191761152389619838e+02
7.563088681040126176e+02
8.526682178382804977e+02
7.048111985507023292e+02
8.684794509700629987e+02
8.936212190088891703e+02
7.701772532390220931e+02
7.543768498252590007e+02
8.151485224470927733e+02
8.139201832013778812e+02
8.039700730062356797e+02
8.979893500984726415e+02
9.476201490325399845e+02
6.874504016624946416e+02
9.446069076181101991e+02
7.999840315155853432e+02
8.671740325623604804e+02
8.254996620137006857e+02
7.015114554784206575e+02
7.516440879321262400e+02
8.515757900712910669e+02
8.906384837336652254e+02
7.533600199534237163e+02
7.252113560651948774e+02
8.593339696577672839e+02
7.908818603038679385e+02
7.765174222851759396e+02
8.383484840243521603e+02
8.593785445810226520e+02
7.812124595516153249e+02
7.883720047717740727e+02
8.449592123819332983e+02
7.624481041614234300e+02
8.968887276868365461e+02
6.985691277004342510e+02
7.253778472396472807e+02
9.673734247106153816e+02
7.959786457929847074e+02
7.643464360064994025e+02
7.957262741186298172e+02
8.528283223098706003e+02
7.550766425263838073e+02
8.233484848110806524e+02
7.694867035813351777e+02
8.503597680156602792e+02
8.835792802272766266e+02
7.512465889557890932e+02
7.767441265403301713e+02
8.017234577353591476e+02
7.906761601636702608e+02
7.429625219414178900e+02
8.966411647320842349e+02
8.825242438966776035e+02
8.109073316482055134e+02
8.080573085490192398e+02
7.820867421978334733e+02
8.550355641069829744e+02
8.983219104114341462e+02
7.829563834966281775e+02
8.382837759862125040e+02
8.093744916585053488e+02
8.369374699925804180e+02
9.150954336744823649e+02
7.900250620089313998e+02
8.594257031391737200e+02
9.253102069267856677e+02
7.794793995163925047e+02
7.382106285525381963e+02
7.668433829674839899e+02
7.541682456708681457e+02
8.498890239248873968e+02
7.507813277664980660e+02
8.493879034698583155e+02
7.919495213817671129e+02
7.995984230056466231e+02
8.062576248240291079e+02
9.059883785144302237e+02
8.739959623213984514e+02
7.708411555147281433e+02
7.605009811534823712e+02
7.893058773488445468e+02
7.985931407578269727e+02
8.441305064571988623e+02
8.355784409776284747e+02
9.150498461383072026e+02
7.624115668919225755e+02
8.729267418336326045e+02
8.972830437808992201e+02
7.687733948330295561e+02
8.565585920300486578e+02
8.045091124011490820e+02
7.578052921104558664e+02
8.627532522476344639e+02
