9.743823307969939833e+02
7.336028731711537603e+02
6.927221683601544555e+02
9.009353575708914832e+02
8.934395101752754726e+02
7.376959133955675725e+02
8.000252062933200250e+02
7.902706422271742213e+02
8.584194992236809867e+02
8.256420808176649189e+02
8.468786272857465747e+02
8.192395086846474896e+02
8.179314501095113883e+02
8.093104525179397797e+02
7.581393640321258545e+02
8.618296292401417986e+02
8.719020643834599014e+02
7.895234961934083913e+02
8.369845632539552298e+02
8.403153508535729088e+02
8.404563131558986697e+02
8.190283563632121968e+02
8.898235968398930709e+02
7.567063117654581674e+02
8.314375935012624268e+02
8.111534567084343053e+02
8.691971360679794998e+02
7.758055361855982710e+02
7.445525653177629692e+02
8.592435999572517176e+02
8.689646682072332169e+02
7.658742039393780487e+02
8.885455110449306630e+02
7.410046286964649198e+02
8.765271794039124416e+02
8.500825943902940480e+02
7.872846737531316421e+02
7.279995545171356071e+02
7.277436527379447853e+02
8.282767836668161863e+02
7.998431221870913532e+02
8.033160957708676051e+02
8.255945227407513585e+02
7.727963371745096310e+02
7.722653264086471836e+02
8.407464719005298548e+02
8.180598347286685339e+02
7.607225037668729328e+02
9.203648029294156458e+02
7.867161295533910561e+02
7.330631182150951872e+02
8.402253227514097489e+02
8.618010145572216061e+02
8.268197515100027886e+02
7.050874300193479485e+02
9.161167670979598370e+02
7.401618088816815089e+02
8.494077331128461310e+02
7.672740858728454896e+02
9.130452888078885962e+02
7.377869389297491125e+02
7.832325581088746276e+02
8.343229981619209639e+02
7.828195063439833348e+02
8.318160366789777527e+02
7.795782167299448702e+02
8.389913230428745692e+02
7.645893533359657113e+02
8.232406826145482910e+02
8.115280313693286871e+02
8.720186745928722303e+02
9.153577980150574831e+02
9.090390365154780739e+02
7.618875306063266635e+02
7.077886556924403294e+02
8.849877458091550579e+02
8.526643665737132096e+02
7.656990992666050033e+02
8.243780039495802612e+02
7.494811756753437066e+02
8.125505836330645479e+02
7.802968522776927784e+02
8.025439433594156071e+02
7.647996289081901296e+02
7.753987641965686635e+02
8.557036107606818405e+02
8.673487223484282822e+02
7.268240984213692855e+02
7.624517530958314637e+02
7.638310783907678569e+02
7.327452168144808411e+02
9.420260913709257693e+02
8.880176464662237095e+02
7.964131039545536623e+02
8.481115519650716124e+02
8.135562167418677291e+02
7.870320117447014354e+02
9.386379161277404819e+02
7.167734837930618141e+02
8.619185616176899885e+02
7.704945153462842882e+02
8.433855888757301500e+02
8.382327431264542383e+02
7.705037055885107975e+02
7.310875036818606532e+02
8.711831432485230380e+02
7.460083325046919072e+02
8.782158471007880962e+02
7.532710825305183562e+02
7.786717981041925896e+02
8.175212679159092204e+02
8.699304359463801575e+02
9.388978521172527962e+02
7.981963343652682852e+02
8.086672752684162333e+02
8.674611429457361282e+02
8.233552421795769760e+02
7.620833201142237385e+02
8.452383586391206336e+02
8.415434520076381659e+02
8.625123191681743720e+02
7.502732082785340708e+02
8.452255784068280491e+02
7.866849844748055602e+02
8.468901489725900547e+02
7.837808698044268567e+02
7.898634863707402474e+02
7.852168098658507915e+02
7.522958499484622052e+02
8.361655161036416075e+02
8.893060823801648667e+02
7.745620885781791003e+02
8.583810550653399787e+02
7.379416548748400828e+02
8.500309985351412934e+02
7.710255483983337399e+02
8.561254880125042064e+02
7.284661755642208618e+02
8.584923278582881494e+02
8.002288318467377621e+02
8.782599069760887005e+02
8.240880282180708036e+02
8.136366316794766362e+02
8.031418363468944790e+02
8.149458290643101464e+02
8.046087343019365790e+02
8.079927200370781293e+02
8.420372678632895713e+02
7.207405729074047258e+02
8.238622161972875801e+02
7.449748327012703157e+02
7.743138242913267959e+02
8.524418327226336487e+02
7.972660908747167241e+02
7.038870758705944581e+02
8.550748731395354980e+02
9.354126313884397632e+02
7.650788906646171199e+02
7.415040642626817089e+02
9.413201364065896541e+02
8.554424856062656772e+02
7.471065729395885455e+02
8.366671299471813654e+02
8.348921116215658458e+02
7.493515839961925167e+02
9.964951403955669775e+02
7.655742830352032797e+02
8.184573233009680280e+02
8.550986611907275119e+02
8.281589966208266560e+02
7.541618148110920856e+02
9.099700422209114095e+02
8.952210112633065364e+02
7.470515616882288441e+02
7.561056569341936893e+02
9.190483057713711332e+02
7.476860722244186945e+02
9.690329019534051440e+02
8.168577996586496965e+02
7.974940191938676435e+02
8.157064440827703038e+02
8.381036136119402045e+02
8.003570718121721939e+02
8.333696631379649489e+02
8.565385221868530152e+02
8.421762909145068079e+02
7.185576460383027779e+02
8.624529038375858363e+02
8.338677026976820343e+02
7.562966924602594645e+02
8.833669005658910010e+02
8.273533050561528626e+02
8.583580826463821722e+02
7.874147429921740695e+02
8.564780331404465414e+02
8.593594401118713222e+02
8.519082366040414627e+02
7.914544415712664431e+02
7.888079308373031608e+02
9.555778067151505866e+02
8.341134011187295982e+02
8.577336688290824895e+02
8.298940114949841700e+02
7.547583265893097177e+02
7.872064545507329285e+02
8.762393302566437114e+02
7.221239740205809312e+02
7.702111318795471107e+02
9.142487550663217917e+02
7.700468984570673001e+02
8.438691077386524739e+02
7.400586736149856506e+02
8.057467714706826882e+02
7.133842832610544065e+02
8.140002356853527772e+02
8.118757999364056559e+02
7.978885019243988381e+02
8.570101484488051256e+02
7.474480747061511465e+02
8.629934693117140796e+02
7.671237860229032322e+02
7.596577156132973414e+02
8.772878962251597841e+02
8.259039911355957884e+02
8.408699664393669764e+02
7.628714159437306535e+02
7.803576237951019721e+02
9.280351581130302066e+02
8.920806181903615197e+02
7.492303188862138086e+02
7.655101011595622822e+02
7.823304884968312081e+02
8.508990249827880916e+02
7.887455083155939519e+02
8.508682273625408925e+02
8.156184249126936265e+02
8.609736078178220851e+02
7.943409784258116133e+02
7.825302606305093605e+02
9.090088153151746155e+02
8.448093210044391981e+02
8.299130852751462726e+02
7.822159050841771659e+02
8.164121084132957549e+02
8.447712118493496973e+02
8.352579637238605983e+02
8.154922963409364911e+02
8.783974359914593606e+02
7.865051762612088169e+02
9.066243658889950439e+02
8.516011081050743314e+02
7.125612240924616572e+02
7.647002376766389489e+02
8.607378750324228349e+02
7.172831479883658403e+02
8.035974436005412826e+02
