1.011174487550047843e+03
7.206261581362005018e+02
7.730794285755714554e+02
9.377150572681105132e+02
8.517740212262992827e+02
7.518966989418071307e+02
8.912819414954244621e+02
7.529145740397474356e+02
8.536697960780412586e+02
8.323401470577788359e+02
8.981888923829898204e+02
7.965828977039706160e+02
8.631386032010364033e+02
9.006144203030448807e+02
8.959337844598596803e+02
8.388894833938169313e+02
9.008237594924553377e+02
8.889302389712853483e+02
7.674215978659742632e+02
8.547526534858336618e+02
9.136728855113790360e+02
8.121680898471762475e+02
7.861733890816246912e+02
7.899118047636335405e+02
8.560968634294833919e+02
7.717095535489555687e+02
8.632762937364673235e+02
8.825697281575280613e+02
7.597765551960367247e+02
9.950856576554665480e+02
8.765579205343867670e+02
8.464353062193814594e+02
8.797775330780045806e+02
7.513504139391062608e+02
7.774408446015642085e+02
8.787705999592798207e+02
7.988364843288564998e+02
8.416125479534819078e+02
7.777171185249227392e+02
8.548650652939647898e+02
9.012862478294211996e+02
9.123736687297704293e+02
7.701513362914323579e+02
8.465569385157564284e+02
8.314946327839139713e+02
9.256533484807162040e+02
8.727555886449235913e+02
8.357144688531701604e+02
8.745729478832876111e+02
8.239760669646545921e+02
8.546464052864237146e+02
9.058184422247750263e+02
9.162486945657583419e+02
9.086067028481313628e+02
7.382520426528126336e+02
9.100999506002565340e+02
7.233905895669549864e+02
8.733690859268840541e+02
7.065419516937706703e+02
9.233708479660288049e+02
8.545609706661615519e+02
7.932816656461259299e+02
9.076124524432730141e+02
7.928927263775482288e+02
9.000453823394498158e+02
8.489821541040424790e+02
8.622703829583847437e+02
7.561249601014751534e+02
8.452006568478157078e+02
8.833556418276746172e+02
7.655326982529015822e+02
9.090015142895585996e+02
9.244017015558055164e+02
8.295284138126846756e+02
7.399548809779431622e+02
9.142400228006896441e+02
7.407608926399207121e+02
8.327404420006897681e+02
9.190922223219982925e+02
7.952085748131577247e+02
9.117382639209640729e+02
8.281899235410961637e+02
9.520712001252252321e+02
9.346454440664526828e+02
8.377209975757998563e+02
8.711319901423132706e+02
8.298159800964253918e+02
8.693331570205637036e+02
8.295404111224924009e+02
7.506777184406261085e+02
8.177791301847460090e+02
7.813900335085004372e+02
1.031486910461048410e+03
7.818003917091776884e+02
8.288423371371152371e+02
8.779231601552498887e+02
8.456821792579765997e+02
9.507927802528317898e+02
7.658964195137807565e+02
1.003299199157723933e+03
7.989257241762015838e+02
9.048103081357901374e+02
9.352048763544776193e+02
8.595032932355873072e+02
8.185045441727412481e+02
8.248871914915143861e+02
8.159836958090630787e+02
8.096899846518940649e+02
9.145324121519420260e+02
7.432893259090758420e+02
8.263880029936391338e+02
9.566324344610346770e+02
8.481753974239666150e+02
8.723346816818241223e+02
8.041593355423948424e+02
8.214028346182752784e+02
8.015402564157500365e+02
8.620685209562921045e+02
8.773295561594740093e+02
8.817106305556278585e+02
8.740810393335348181e+02
8.133043682142450734e+02
8.139505882896758067e+02
8.310307769005758018e+02
9.160659996911336975e+02
9.129942361796609021e+02
8.595719242807774663e+02
7.836347788756729642e+02
8.053239562358783132e+02
8.604730470402496394e+02
8.399955497141636442e+02
9.158620115625494691e+02
8.720772258918354964e+02
8.232719604853648434e+02
9.049293086109671549e+02
8.234181216063004740e+02
9.507961958618362814e+02
7.217797117150101940e+02
8.534547817150819355e+02
8.002155996710249610e+02
8.347671482092902124e+02
8.552294023060808286e+02
8.178742850680877154e+02
8.459048250637276851e+02
8.197960424676945195e+02
9.005789857625495642e+02
8.267617739090030682e+02
8.070363604220824527e+02
8.351429100751811347e+02
8.962644727699738496e+02
8.993014644692671027e+02
8.028582323413786526e+02
9.633147378118355846e+02
7.600091716366138144e+02
8.345449050199383692e+02
7.633120200868628444e+02
9.051991088118815014e+02
8.186177467029085619e+02
7.275937157992109405e+02
9.289875749299371819e+02
8.937493368912151936e+02
8.625993036792735893e+02
8.717735410518246226e+02
8.761139901224505593e+02
7.942478711798830773e+02
9.035866170793408401e+02
7.732997653715852948e+02
8.522911172289016122e+02
8.503266907602898073e+02
7.951360342114319337e+02
9.035903019403556300e+02
8.649948903152895809e+02
9.929986598059094831e+02
7.720986272697994082e+02
8.621424151230932011e+02
8.841232567839249441e+02
7.976258845020205399e+02
9.143848977787370131e+02
8.823057584661287365e+02
8.407684927584080015e+02
8.545743782433462457e+02
8.134058316660579067e+02
7.648910182395883339e+02
8.615753137817011975e+02
8.778002068157644544e+02
8.868028052530331706e+02
6.885473029644534790e+02
9.045700057592982830e+02
9.054257114219748246e+02
8.022309849753394246e+02
8.512505195820697281e+02
7.783022876670023606e+02
8.805502273135213045e+02
7.999925005304681918e+02
9.156248971788313611e+02
7.565525962324310285e+02
8.977635298240909378e+02
7.344164573899448669e+02
7.188593881374405328e+02
8.694512065302449173e+02
7.847633093975790644e+02
8.908904658353277455e+02
8.517023221769912880e+02
9.468603898957463798e+02
8.168110792216090204e+02
9.077836874586132581e+02
8.167228192320052358e+02
8.383677941060659577e+02
8.112787113502059810e+02
7.625603861428138543e+02
8.270575002822293982e+02
8.356663460943611881e+02
7.832782667902827143e+02
7.561721123767771360e+02
8.720959325158352158e+02
8.328312277694803925e+02
7.876229905670813878e+02
9.648915911322367265e+02
8.087076030075706967e+02
7.818765027380857191e+02
8.595681241330265721e+02
7.938714803477654414e+02
8.370659945862439599e+02
7.739352729957306565e+02
7.446747141080222718e+02
7.836616216657967016e+02
8.633516855880432104e+02
8.454928843694816578e+02
8.430896937993597930e+02
7.856864062403237767e+02
8.062725779837633127e+02
8.972307923494238366e+02
7.636011250395581555e+02
8.504359046916171110e+02
8.517936968182699502e+02
8.076895535324632647e+02
8.246148126596391421e+02
8.426100861816256611e+02
8.147968229250228660e+02
8.882551640117671923e+02
8.509429521488914361e+02
8.858100016942668162e+02
7.605400697355507873e+02
7.908455593088115165e+02
8.895312399611127603e+02
8.137109198583385705e+02
8.570996533787163116e+02
9.665828795857339628e+02
8.384641238315440432e+02
8.394935778088644156e+02
8.522847042759431133e+02
8.027592245294928262e+02
7.769651340829557284e+02
8.355080679949527394e+02
7.670493528343783964e+02
9.477847391964145345e+02
