1.090861855384059481e+03
7.571028901586761322e+02
7.010362270591434708e+02
1.057805165331452145e+03
9.414275731877103226e+02
7.838054933101095685e+02
7.761410239254486214e+02
8.092833510901601812e+02
8.947191481792935974e+02
8.992010809101429913e+02
8.227458800828793528e+02
7.761132344569936095e+02
7.986915818584437829e+02
7.880166432970193000e+02
7.978666712054761092e+02
9.236519583114961733e+02
7.922524240941662583e+02
8.025987852062919501e+02
7.614122676634777918e+02
8.152263914172928025e+02
8.502247555001678165e+02
8.285603384671316007e+02
9.180639093589527420e+02
7.706832688268998481e+02
7.600367760168090854e+02
8.791829741734070467e+02
8.081239431167429075e+02
7.318248685533060325e+02
8.389269796824004288e+02
8.249977549998495761e+02
8.620161830465591493e+02
7.840588052169412094e+02
9.299684295685690358e+02
7.663479511698251372e+02
8.223168380427332522e+02
7.856486184928561443e+02
8.099287584477965538e+02
8.502818010284861430e+02
8.751162326111723360e+02
8.583105929965925043e+02
8.162315515676615405e+02
8.825129727144006893e+02
7.575538500173283865e+02
8.032691396269190136e+02
8.416901077824358026e+02
8.109624282112725950e+02
9.829914107602796776e+02
7.835656029510530516e+02
9.115141470695446060e+02
8.403256754878187849e+02
7.464532171474609186e+02
8.434706296624960942e+02
8.167496072160091671e+02
8.550065085163694221e+02
6.733250039183237732e+02
9.442766200581805833e+02
7.517256058530311975e+02
8.881230418184768496e+02
7.607562712248395655e+02
9.027254794903535640e+02
7.943644949526187702e+02
8.598448203761986406e+02
9.218249862417503664e+02
8.044741137718199298e+02
9.148407807910690508e+02
8.905174296911980036e+02
8.598690459532319892e+02
8.365685973354860607e+02
8.278645255114271322e+02
7.556414692862057336e+02
7.793741798010270259e+02
8.989102690821846409e+02
9.228883610617887143e+02
7.837581054984411821e+02
7.386370781961981038e+02
8.014520985014250982e+02
8.505629706185627583e+02
7.349412890346944778e+02
8.679818874706681981e+02
7.571427961478817679e+02
7.598712506848122530e+02
7.861076637543487777e+02
8.589900646035280261e+02
8.294976189306269134e+02
7.403006649007995748e+02
9.705141501375890130e+02
7.947858701154242453e+02
8.504257043208866662e+02
7.537763415163470881e+02
8.550588990655995758e+02
7.967944844336078631e+02
8.428250338173131695e+02
8.750723948715871074e+02
8.328983000614747425e+02
8.279963951054689915e+02
8.979356456493213727e+02
8.255434114868655797e+02
8.616208018745492154e+02
7.417156484684311408e+02
8.764499666190679363e+02
7.292307466445208775e+02
9.215109882953028091e+02
9.168641135848203021e+02
7.631815517704806098e+02
7.946161144774912373e+02
8.701087227801167501e+02
7.762654620850657921e+02
9.553587968022945915e+02
7.545850365807694970e+02
8.558460661773798392e+02
8.123376715926676752e+02
9.042040303215296717e+02
7.977941548715963336e+02
7.902378581041316465e+02
8.240624199187501517e+02
9.043152660736061534e+02
8.363524885098352115e+02
8.158683080256711264e+02
9.234899622578113849e+02
8.169653729627626717e+02
8.813101229834473997e+02
7.684277972465475841e+02
8.571473947875995236e+02
9.621395395999178390e+02
8.982356489645890179e+02
8.211605154709709495e+02
7.212778496289012082e+02
8.196605163430008361e+02
8.303842526390069452e+02
8.740342291682438827e+02
8.562738418369854116e+02
7.960893823007606898e+02
8.786580481233770570e+02
7.672971065099076213e+02
8.899183766279575138e+02
7.845435176146575031e+02
8.146332127130071967e+02
7.494354428148395755e+02
8.596536735784382017e+02
7.529379221081923106e+02
7.984059216981461304e+02
8.213030024111238845e+02
7.890263153294667973e+02
8.685068641758782633e+02
8.681436285205891181e+02
8.742031934704344849e+02
7.771010691626433982e+02
9.223719000428695836e+02
7.726303826531225241e+02
8.416546786648895022e+02
8.811256469239651778e+02
8.646349026950125563e+02
8.563966873492430523e+02
8.357753364325844814e+02
6.967192531883750917e+02
8.642452941482391680e+02
9.433118566019892342e+02
7.471764342226094868e+02
7.341661320223607845e+02
9.052249726234254013e+02
8.147667934986325236e+02
8.490292951485885169e+02
9.077176209509839282e+02
7.868376433995658772e+02
8.258111590754023155e+02
9.054155870524057264e+02
7.372893962690030776e+02
8.884922818453571836e+02
7.540699446411688314e+02
8.768086253949471711e+02
7.081516301594454035e+02
1.005292020645737921e+03
8.543210557326021899e+02
7.744352626669890469e+02
7.669216004348238584e+02
8.365252756761165074e+02
8.527610030595475337e+02
8.787297124516551321e+02
8.458708187609872766e+02
7.877021072729252182e+02
7.923553183784730436e+02
8.161987179681276530e+02
7.821896548547903194e+02
7.393870514233570930e+02
7.956613524145591327e+02
8.493532892792526354e+02
7.326660722718979741e+02
8.458419031161417934e+02
8.544910249393736876e+02
9.052199885748715360e+02
8.517331776675679293e+02
8.240835859308411955e+02
8.259820397597982264e+02
8.333638820577587012e+02
8.289088898894073054e+02
9.035531971365511481e+02
8.159790924251740307e+02
7.835226323138992939e+02
7.546623175557449485e+02
9.325818129841841255e+02
8.272716823343487249e+02
9.407268790742654119e+02
8.019722158698685917e+02
8.839518644679453701e+02
8.111070630698667401e+02
8.841235453986823813e+02
8.362821521331006807e+02
7.501176696242050639e+02
9.559614862477337738e+02
7.531029978943959122e+02
7.850783664982224082e+02
7.422251300985029729e+02
8.067029879735395070e+02
7.703469122534954749e+02
8.025253625065879532e+02
9.127479523732231428e+02
8.125395009970247884e+02
7.846124557499354069e+02
7.850365926059199637e+02
8.313280422971939743e+02
8.313280048255561496e+02
8.035044466735663491e+02
9.246931892426739523e+02
8.189120963828033837e+02
7.772612793191797209e+02
8.233829894372354374e+02
8.211607030203898603e+02
9.821076450524171833e+02
8.243777136026541257e+02
7.712980899048757237e+02
8.107618225955740172e+02
9.230119761385444690e+02
8.417621651501285669e+02
7.705665671809126707e+02
8.045912453309111925e+02
8.337340685001967131e+02
7.970491192603220725e+02
7.620112983381311551e+02
8.646831864828807284e+02
8.828047911688665863e+02
7.751100714485371554e+02
7.959529932227835616e+02
7.152840134837322239e+02
9.042707060815681643e+02
7.679653890588768945e+02
8.782171634711683055e+02
7.893190712898825723e+02
8.204012402545245095e+02
7.732309765611039438e+02
9.711885077337769872e+02
8.058852994322570567e+02
7.476659162459101253e+02
7.405107560740382269e+02
8.467608549465260239e+02
8.270543393057635058e+02
9.177978992134248983e+02
