9.548786120665279213e+02
8.150886745120961905e+02
7.244247539413352115e+02
9.626113414574922444e+02
8.718682691792907917e+02
7.918723658491572905e+02
9.117999660060276028e+02
9.337654013651183504e+02
8.125608706681484819e+02
9.463258724658835490e+02
8.434928219622380539e+02
8.948874656902601146e+02
7.837086070379887133e+02
8.913735587038493122e+02
8.745408233872294659e+02
8.095045692669857544e+02
9.447296625915932964e+02
7.674064178320211340e+02
8.897495406721484414e+02
9.213237458869843977e+02
8.501966036096732751e+02
9.214520585782511262e+02
8.087163419133594289e+02
7.460701033048920863e+02
8.293293941456639686e+02
8.359912325799047039e+02
9.097758489646846556e+02
7.643583705299197391e+02
8.027013447170967311e+02
9.663590651515746686e+02
8.377838669260966071e+02
9.183601607820385198e+02
9.393319493180499649e+02
7.691658602048918283e+02
7.986705916103478557e+02
7.518683369753377974e+02
8.749769957232441584e+02
7.725404649052096602e+02
7.875532142612688631e+02
9.414612119919875113e+02
8.596069721377027690e+02
7.614170504574822189e+02
8.144349618031931186e+02
8.363477237041818171e+02
8.146843520558279579e+02
8.095671285606264291e+02
8.318134619530017062e+02
8.334535070571832875e+02
9.151998185953081020e+02
9.259447887067246938e+02
8.671899388224660470e+02
8.260237272557792494e+02
8.787650055764454464e+02
8.545331775211636796e+02
7.790072197881660259e+02
8.438172571318849577e+02
7.041151269635248582e+02
8.797711139294153782e+02
7.414462384830083010e+02
8.478629176369829565e+02
7.619370329621855262e+02
9.216101501828038636e+02
8.689218272743869420e+02
7.972804493318492405e+02
8.513562036501093644e+02
7.813985965309273070e+02
8.616870283955987588e+02
8.333938567404360356e+02
7.299312672710957486e+02
8.271958243355713876e+02
8.208413452231284282e+02
8.779685266413725913e+02
8.562419320236490421e+02
8.376379370634939505e+02
8.082929671689863653e+02
8.430214725263443825e+02
8.586866330783120702e+02
7.447343079729597548e+02
9.357319571791667840e+02
7.712686311066275948e+02
7.217691333617683540e+02
1.009076830786046798e+03
8.368837366254726930e+02
8.552859131734408038e+02
8.266007120425603034e+02
9.138461242589853555e+02
8.331343749998627572e+02
7.880932751676458565e+02
8.512878559470009350e+02
8.330093379188988365e+02
7.367028346678558819e+02
9.046720314847671034e+02
8.814503934900221793e+02
8.679940686524385001e+02
9.261777326257165441e+02
9.060952443543360459e+02
8.198440682823180623e+02
9.250237472586590002e+02
7.246235501829639816e+02
9.437355364926618222e+02
7.312234925899152813e+02
8.113427716423175298e+02
8.937838227687276458e+02
8.330917131099695325e+02
7.787637903393217584e+02
8.521418337507811884e+02
7.569461907127105178e+02
9.984718204211446846e+02
8.453694682392517734e+02
8.146128202988153362e+02
7.389201167721282673e+02
9.367787600491968760e+02
9.691680082514776586e+02
8.596035541969597489e+02
8.282233227790366072e+02
8.072084530497354535e+02
8.354150833278025630e+02
8.323330269318784076e+02
8.782434132311950634e+02
8.834577181382796880e+02
8.938075624836299085e+02
7.598020609453089946e+02
8.419600532404670048e+02
9.575384082948027071e+02
9.141681259283072905e+02
7.993084722773330668e+02
8.163131873386480493e+02
8.040646601939936318e+02
7.789074652145692426e+02
7.882421133055099745e+02
8.899813126451604148e+02
8.468186096644095642e+02
9.073658381870197900e+02
7.911772704873125122e+02
9.318796457413583312e+02
7.510691880598727721e+02
8.522859560940561323e+02
7.830443408474652642e+02
8.389299741204091561e+02
7.917907729809442117e+02
9.051912479186830751e+02
8.111561921511819264e+02
7.888546753629303794e+02
8.614289579471676461e+02
7.724124243449792857e+02
8.567623096347459750e+02
8.250036427424242902e+02
8.945893907445217792e+02
7.137216516856772159e+02
8.859838196426090917e+02
8.138189682263924851e+02
8.875715043661111849e+02
8.628544595544290132e+02
8.607583130132827591e+02
8.362660767472215184e+02
8.123075925220027784e+02
8.242761834804587124e+02
7.904184504869754164e+02
7.849760757446953221e+02
1.030505451816555933e+03
8.818010694884000031e+02
8.433244534695691073e+02
8.767617361530735707e+02
7.815175764183732099e+02
7.822397052247688407e+02
1.012639384320199611e+03
7.197546806920845484e+02
8.801905897608141913e+02
9.389673744847225407e+02
8.967666619456558692e+02
8.389741608920992348e+02
8.166250675309580629e+02
8.447491714181994666e+02
8.047383568384545924e+02
7.771237872392740655e+02
8.180385238429904575e+02
8.125410945069214677e+02
9.227403356695326693e+02
8.845081709164949189e+02
8.306584629542406901e+02
8.978635633028217171e+02
8.293674333815372393e+02
7.419947804913925893e+02
8.641752424532776331e+02
9.097922727153738833e+02
8.217709201466682316e+02
7.609194520506912340e+02
8.723051045870887492e+02
9.357187631965056198e+02
8.077091782356829981e+02
8.752617629897091547e+02
8.793756105170766659e+02
7.979561328012002832e+02
7.545314947125134495e+02
8.576572032376207062e+02
8.638655499089179557e+02
9.106491699665198212e+02
8.393541976133210483e+02
7.103450762844432802e+02
9.898704152697144991e+02
8.074370153594599060e+02
9.009385609466419282e+02
7.396171270684640149e+02
8.395911199807914045e+02
8.060039700232371160e+02
8.525731262564100916e+02
8.049366960594898046e+02
8.701842478561839016e+02
9.097696849973881399e+02
8.412446770628624790e+02
7.838732759606982654e+02
7.689583717350365077e+02
7.889303608133935768e+02
7.214231341048164268e+02
9.137732334036073780e+02
8.391968828122230661e+02
7.868433000069187528e+02
8.873358078038540953e+02
8.265830470740453393e+02
8.453221731726047210e+02
9.190020220577374630e+02
7.660368480864977982e+02
8.900737758377017599e+02
7.918519393816350203e+02
7.913804815490346982e+02
8.781260167911841563e+02
7.725066602563465494e+02
9.009674320994936352e+02
8.081810592806531304e+02
8.385843068686295965e+02
8.251485951191431241e+02
8.224304468766699756e+02
7.358736524168444930e+02
8.809059199780645031e+02
8.526377316741521781e+02
9.019105725648512362e+02
9.536667443156595709e+02
7.563289726806656290e+02
8.908297829471217710e+02
9.429693683170009990e+02
8.567278333884638641e+02
7.877084524747293699e+02
8.312131910435612099e+02
8.633051457682181535e+02
8.207083983574045760e+02
8.564613917844569642e+02
8.284135273419879013e+02
9.676350329142928786e+02
7.284622228878154147e+02
8.896345635730137928e+02
7.785756185020698013e+02
7.978291786760210016e+02
7.839428211008480503e+02
8.911282461861853790e+02
8.398149326936552370e+02
9.059494694127763523e+02
