8.316424222612230324e+02
8.240342642226390808e+02
7.011274306959784326e+02
9.704174484873161646e+02
8.702725778290878225e+02
8.107493216149697446e+02
9.147444247474065833e+02
8.234059181214583987e+02
7.804820827261596605e+02
9.985159612622010172e+02
8.280184599338606404e+02
7.751475764599986178e+02
8.087256195610565328e+02
8.659222065446798524e+02
8.085395693319964039e+02
9.129168397630135132e+02
8.391208400827458718e+02
8.209692701304754792e+02
8.728966768069522004e+02
8.776027001853422007e+02
9.686145376456720442e+02
9.381156211292403668e+02
8.081531770502019754e+02
7.663279412187047228e+02
8.643517972553888740e+02
7.975659176607503014e+02
8.843404769297080747e+02
7.627140540602500778e+02
7.357759768911749916e+02
8.758349544710422379e+02
8.864613221009230983e+02
7.936136420439486301e+02
9.053108448890413911e+02
6.925959981538353532e+02
8.671958869421637246e+02
8.005096208425004534e+02
8.030342749168985392e+02
8.466410388009443295e+02
7.322478848024879881e+02
8.748594160631425893e+02
9.006528102536499318e+02
7.794490213303694190e+02
7.898321439709347942e+02
7.766724943764841100e+02
7.934794585993718101e+02
8.666795989877259672e+02
8.836793456722755309e+02
7.854808995981122735e+02
8.379920080687548989e+02
8.711629234542986069e+02
8.072193563987929110e+02
8.962681007310188761e+02
8.950329077475817030e+02
8.464530448049663391e+02
7.444454614624394253e+02
9.196240551079447414e+02
8.116460107205174381e+02
9.997244989189860007e+02
7.878420133090460240e+02
1.019399992910313472e+03
8.087732240363766323e+02
8.313465166294362234e+02
8.026445171383936668e+02
9.365435794235891080e+02
8.568466670751844276e+02
8.161225795678373061e+02
8.814088592441512446e+02
6.995159078852307175e+02
7.526751954676924470e+02
8.425560896514587057e+02
8.139003674906297192e+02
9.575114418318281650e+02
9.948353264532878484e+02
7.672903552099543276e+02
8.448509737283741288e+02
8.812903004751335629e+02
8.159101625981122652e+02
7.725277427459940327e+02
8.513291674777983644e+02
8.071774140301723719e+02
7.579930523967174167e+02
8.405893396091388468e+02
7.965842814728559915e+02
9.292823674103467511e+02
7.681085919834624747e+02
8.376080281023033649e+02
7.949965685228394250e+02
8.081159451791044148e+02
8.116085493107278808e+02
9.019816218494306668e+02
7.416416806779162698e+02
8.554721228122666616e+02
8.464330791042470992e+02
8.142641147981319136e+02
8.977405746032497973e+02
8.657678949943806401e+02
7.485970557443943108e+02
9.760712992313003724e+02
7.276668081787594247e+02
9.542783507280350932e+02
8.158266471376615527e+02
8.375652292684076201e+02
8.560347300795259571e+02
8.773714778465126756e+02
8.426893483957247781e+02
8.104308351904793426e+02
8.252147376538166554e+02
8.234132126241398737e+02
8.509557337511488413e+02
8.454194929278111204e+02
7.784301745916972095e+02
9.451178765816716805e+02
8.170312347130383159e+02
8.208941896001830401e+02
8.137966900105311652e+02
8.792561196460546853e+02
7.289178819864473553e+02
8.704778585204189767e+02
9.148036014896797496e+02
9.978906539440057486e+02
8.982096591559386525e+02
7.761987639215402623e+02
8.306342458118167542e+02
8.193026918939834786e+02
9.893433808080492327e+02
8.120618725511643561e+02
7.458939403536853661e+02
8.233903432250654078e+02
7.730508497371791918e+02
9.681879427168156553e+02
8.025732772678703668e+02
7.980042737495338088e+02
8.156237232210092998e+02
8.636075385949850443e+02
9.693153926923087056e+02
7.294950976658333275e+02
8.194336660771986089e+02
7.230265363959689466e+02
8.482234655618176475e+02
8.060315245187753135e+02
8.848992724226362725e+02
7.790339540799197948e+02
8.785744187860785814e+02
8.215910418296332409e+02
7.920489874254368488e+02
8.370302266217905753e+02
8.297792426842538589e+02
8.750144719740020491e+02
7.626328327083939485e+02
1.001240639273199236e+03
8.820102404292963456e+02
8.547678194476291083e+02
9.208874756709257099e+02
8.371283760232339546e+02
7.949902878795753622e+02
8.411927773714369323e+02
8.136323444280976673e+02
7.230975821485671986e+02
7.354990737730396404e+02
8.783689604434757712e+02
7.915139570978270740e+02
7.783614711922166407e+02
8.198439058485173518e+02
8.566213602882417035e+02
7.834441223220042048e+02
8.984368724084509950e+02
6.872074757586333362e+02
8.443684888042530474e+02
8.814482803398464057e+02
8.066112856486340661e+02
7.866602608166415393e+02
8.800620191135064943e+02
8.463664915198363587e+02
8.201948408981410239e+02
7.879066518575280043e+02
8.255407466163768504e+02
8.091327380521649957e+02
1.016836438545060446e+03
8.896833580537997932e+02
8.132865661281970233e+02
7.832493752884627156e+02
8.167992020890125104e+02
8.021594202019073236e+02
8.195126910632493491e+02
8.926116370649931469e+02
8.661817838243249525e+02
7.409934328434709414e+02
9.046904263628150602e+02
8.679671542775649868e+02
7.567711560179186563e+02
8.918608644821317739e+02
7.879004500273584881e+02
8.684700694779851347e+02
8.084230030738307278e+02
9.054295089849766782e+02
8.441127567738444668e+02
8.309786694625670407e+02
8.380966868133335765e+02
7.909216840747812967e+02
8.763776876677452492e+02
7.977834562308868271e+02
8.325314521315419825e+02
8.244806442327823106e+02
9.372211104038251506e+02
8.340072241262087118e+02
9.178685880049711159e+02
7.568319929888797333e+02
8.362954537668358626e+02
8.714378401139213111e+02
8.636534436584711329e+02
8.675879444383776899e+02
7.200923235462166758e+02
8.308560329939678013e+02
6.978529429169325340e+02
7.770478889884082037e+02
8.661157712326510136e+02
7.724619849539407141e+02
8.278854192280489315e+02
7.892060619386135158e+02
9.877459023612252622e+02
8.709190756368649318e+02
8.782577624067380384e+02
9.549713411567306593e+02
8.026423526472606227e+02
9.144248342656189834e+02
8.211634566688298946e+02
7.828599717046164415e+02
8.863767025339224119e+02
8.915206704225079193e+02
7.481022952808917807e+02
8.452834987099208774e+02
9.080308657657471940e+02
8.601206924862852929e+02
8.479967879259140773e+02
7.795529037469819968e+02
7.936129073330455412e+02
9.039771968074114739e+02
8.852403844422838119e+02
8.745764234676692013e+02
8.768867425502362494e+02
8.097212581614044211e+02
8.458567618878551002e+02
7.724000759066502724e+02
9.050240581357363681e+02
8.151301209185742209e+02
9.266988392064909021e+02
9.881300940316348260e+02
8.913072788873503214e+02
7.562820944544641861e+02
9.317102123267127354e+02
9.363771505974420961e+02
7.961977982170035375e+02
7.708209389685644055e+02
8.935636483263207310e+02
7.451342404783620168e+02
9.351113842085912893e+02
