8.999676615118772816e+02
7.184591393245723339e+02
7.446735697917603147e+02
8.188558424194311556e+02
8.213724852200944042e+02
7.915790767387610458e+02
7.996285215170967149e+02
7.710958202874869585e+02
7.976778871185151729e+02
9.536887438328412827e+02
7.734746227470723170e+02
7.848290175745390798e+02
7.528314698706110448e+02
7.585603505233747228e+02
8.258827736486290405e+02
7.755454928620674764e+02
8.978290996758094025e+02
8.013843272057991953e+02
7.524556062009808102e+02
8.891691718694108886e+02
8.444307989475378236e+02
8.192144560311024861e+02
7.922895805315993130e+02
8.870032160863897843e+02
7.734132739452951455e+02
7.778494998413457324e+02
8.897885380145930867e+02
8.288256036339935235e+02
7.641535281591527564e+02
7.953529031510329332e+02
7.809978007674385481e+02
8.615675840444138203e+02
7.866460387706878237e+02
7.770949662931039938e+02
7.602789446727047107e+02
8.385059597428136158e+02
8.199618788344172344e+02
8.396929314638632604e+02
7.505862914138169799e+02
7.821689792738051210e+02
7.916116140280330455e+02
8.430120751195771618e+02
8.964965334698331390e+02
7.304600724331886568e+02
8.058806830413066109e+02
8.407428207309557138e+02
8.190322232286630424e+02
8.466893980361642207e+02
8.736789190441677420e+02
8.811358368569920003e+02
7.595706848914198872e+02
7.930396353841166501e+02
8.425343808770254554e+02
7.918316126165678952e+02
7.046373248631280148e+02
8.487048733591898326e+02
7.321832116257405687e+02
8.325516367356999581e+02
7.057566438309107753e+02
8.566845748209427711e+02
7.527427688345076149e+02
8.568679852411225966e+02
8.404605803146041580e+02
7.868798161731588152e+02
8.031396967377748979e+02
8.855521250515209886e+02
7.891280274560035650e+02
7.264612641712881214e+02
7.121027261616216038e+02
9.061392274632648878e+02
7.191526223416564108e+02
8.978726660335998986e+02
8.573014385571873390e+02
7.471685855482330680e+02
7.733433799786814689e+02
9.073733016796401216e+02
7.369839641916100845e+02
7.888484154893765208e+02
7.885586274644945206e+02
8.774057547219942990e+02
7.654303321441999515e+02
8.483599890955642877e+02
8.368804398591395284e+02
8.094043048226426436e+02
7.500484849959869962e+02
7.972412552264137275e+02
8.105290614507462124e+02
7.336355259249165783e+02
8.414791209524255464e+02
7.602565592046378242e+02
7.882491768120996767e+02
7.830821342782041938e+02
9.310123330461015030e+02
7.571824749851824663e+02
7.731943315462450528e+02
7.773988941058836417e+02
7.940751027581866310e+02
9.360120528427236195e+02
7.300326940683717112e+02
9.224241448728701016e+02
7.973999417998618355e+02
8.277626395148963638e+02
7.650635494731797053e+02
7.588972804688728502e+02
8.972510721102007665e+02
8.302953569247537189e+02
8.244141107707159790e+02
8.193577711420325613e+02
8.064722689756671343e+02
7.471749730111266672e+02
7.443615902491694669e+02
8.871850298090359956e+02
7.390109158858174396e+02
8.015868530666037941e+02
8.034047312029121031e+02
9.074269526428213339e+02
7.576710000128653064e+02
8.725018061249261336e+02
8.526087927644446154e+02
8.550197055216507351e+02
8.034222811235979407e+02
7.455289916246412076e+02
8.054701434860223799e+02
8.204358236461762317e+02
7.655131296540191670e+02
8.027606407896191740e+02
7.928054796918912643e+02
7.907563969102162673e+02
7.964502590631771000e+02
8.131338648670227940e+02
8.519631113530025459e+02
8.745972248546838728e+02
8.759486472204362144e+02
7.775505204498618923e+02
8.174142618605897042e+02
8.252718049503831708e+02
8.925116781887820707e+02
8.122502884559730774e+02
8.534508635601594051e+02
7.625345390917298118e+02
8.640244421664565380e+02
7.752653342476594389e+02
7.653028993580921906e+02
8.701359279593855263e+02
7.480231882556645360e+02
8.799105181710428951e+02
8.097876747009254359e+02
7.650866576524564380e+02
6.964723366777956244e+02
8.737410002197517542e+02
7.904911497783559753e+02
8.532635466577851275e+02
8.537883753828582485e+02
8.084436611435338591e+02
7.698209556446221313e+02
7.781305581642803872e+02
7.971524636835567890e+02
8.125715862607363533e+02
7.572177186863226552e+02
8.782233376630133534e+02
8.106285644067532985e+02
7.659832801718374640e+02
8.512419466257346130e+02
8.266508984468274548e+02
6.821432983572350395e+02
9.435490421708445865e+02
7.272636709326096707e+02
8.121312254390188627e+02
7.799716330241651576e+02
7.766295729632048506e+02
7.905200032686512941e+02
7.964826037401288659e+02
8.155712338209825703e+02
8.370037125687454136e+02
7.844011456486837233e+02
9.096101583141833089e+02
7.315273411841425286e+02
9.241027625984258975e+02
7.517150875354959680e+02
8.116367918101597070e+02
8.294841260450696154e+02
7.650029259003172228e+02
8.216699696737223348e+02
9.409851995072323234e+02
8.082918839720857704e+02
8.074510966521992259e+02
7.760495717270802061e+02
8.738072963219080975e+02
7.769630979633952848e+02
8.325305666896852017e+02
7.669262534026825051e+02
8.431254852691093902e+02
8.196628173098608841e+02
8.158644583416330534e+02
7.643602227692459792e+02
8.582210922588903941e+02
8.717374436751051689e+02
7.404864486262084711e+02
6.678931384283680472e+02
8.907439736360229290e+02
8.173646500999036562e+02
8.607771525189915565e+02
8.183813874850048933e+02
8.609311390926599188e+02
7.625399125760905008e+02
8.730046795084142559e+02
7.458769280258248955e+02
8.068487481795842768e+02
8.656344409846390135e+02
8.341494557826182472e+02
8.109800287666801069e+02
7.692670652101803626e+02
7.945720982697803265e+02
7.686424872329529308e+02
8.397412334746568376e+02
8.439405686343633306e+02
7.312789748526092808e+02
8.244950913149430107e+02
7.857437330579251693e+02
8.280114760898584336e+02
8.325410871639854804e+02
8.179241713076861515e+02
7.752843990815817961e+02
7.955545983438946678e+02
7.300497227061075591e+02
8.848139234726170343e+02
7.864996238998810441e+02
8.717509317333988292e+02
8.326154209260996595e+02
7.345177416311300931e+02
7.890559835477921524e+02
8.134142604386752282e+02
7.174635826684866515e+02
9.124024722549004309e+02
8.359741217466770422e+02
8.118704120892574565e+02
7.921720670943540199e+02
8.279981627030464324e+02
7.761645096677548281e+02
8.603934331536488571e+02
8.757404191120565429e+02
8.371452240411675803e+02
7.583003235274594545e+02
8.363693109878446421e+02
8.260684405442125353e+02
7.905975251321682435e+02
7.739099008861118136e+02
8.045044479216745685e+02
7.861553830522670978e+02
8.731966564038272054e+02
8.579452276617253119e+02
7.170433724399322273e+02
8.003815955304871750e+02
8.382541517797137658e+02
7.725580382996687376e+02
8.349595119226955831e+02
