8.968291843897984563e+02
9.043704063165021125e+02
8.333999954883905730e+02
8.644717418620491571e+02
9.271020314562641715e+02
8.486590724693569427e+02
9.136962519009221069e+02
8.286808339595249890e+02
9.454788567601460727e+02
8.562086609883970141e+02
9.739604087736045130e+02
8.688022389265894390e+02
9.046507073987949070e+02
8.104725293111027895e+02
8.305404834168416528e+02
8.352171672062064545e+02
9.927643203045731752e+02
8.497936087515690815e+02
8.370123898115570000e+02
8.475052006108847991e+02
9.790859944800408812e+02
8.938782730129832999e+02
8.677372292689053666e+02
7.800737074656947243e+02
8.832459422031640770e+02
7.558115547018326197e+02
9.187996100262971595e+02
8.143110250177624039e+02
8.002225672956898279e+02
7.854988226123043660e+02
9.301093590188786493e+02
9.751979147628296687e+02
9.635326820651332582e+02
7.838500548591531469e+02
8.350544361104429072e+02
8.704357679989795997e+02
9.156560141885579469e+02
8.787477449475063622e+02
8.305467812066506212e+02
8.862558176921294262e+02
9.638723739491772449e+02
9.228681317721083133e+02
8.233714029855867693e+02
8.828123152194300474e+02
8.543803061514105366e+02
8.004779543138212148e+02
8.638767883933824123e+02
8.619983958484513096e+02
9.269189570643604839e+02
9.168572187589450095e+02
8.817657617727320485e+02
7.961988481734018706e+02
9.455407489992028331e+02
8.518571712426643217e+02
8.325994192697595508e+02
1.014956712116948665e+03
7.548935743011222712e+02
8.532154667614696564e+02
7.784916804402130310e+02
9.142380810902147914e+02
8.785778247418334104e+02
8.032889145355231904e+02
8.644401522930652391e+02
7.441150452626596916e+02
8.157513788331248179e+02
9.037102264945810930e+02
8.395934624702982774e+02
7.221184482330854735e+02
8.222926030288750781e+02
8.746753728038509053e+02
8.412396065967698178e+02
9.661742417791426760e+02
8.697951966787377387e+02
8.043651912964460280e+02
8.300427166216886690e+02
9.855107618048001541e+02
8.442447612948585629e+02
8.431873561630950462e+02
9.215371308835192394e+02
8.622413238373628701e+02
8.034635253810387212e+02
8.208933700943840677e+02
8.804280961658939759e+02
8.809475431946243589e+02
8.745152397986191772e+02
1.009374460746656609e+03
9.445262568562336583e+02
9.065706397355208992e+02
9.176543855479835656e+02
7.818399588406006160e+02
8.116349892068064946e+02
8.149362279318170295e+02
1.137713117298931593e+03
7.944547239141747923e+02
8.543487735002823911e+02
1.004135720085994080e+03
9.267701935338162684e+02
9.218589457686261994e+02
8.125411367453625644e+02
9.795787892275398008e+02
8.735873680587608305e+02
9.287394135124857257e+02
9.379437706586046488e+02
7.620185391792376777e+02
8.970783003070065433e+02
8.832900572702660611e+02
8.489699094211523516e+02
8.762727694262125624e+02
9.041805064660914013e+02
8.632310893203753039e+02
9.084400835393273610e+02
1.060976869493007825e+03
8.487230521414882105e+02
8.997805833917311702e+02
7.799079948393647328e+02
9.457059442063081178e+02
7.631072348350196535e+02
8.821235680414085891e+02
9.589887052957863034e+02
8.766324914806432389e+02
9.423605604653623686e+02
8.886234985411798561e+02
8.912587624185592858e+02
8.426473461930312396e+02
8.386133903232254170e+02
8.643873988129535064e+02
8.520560742335450186e+02
9.387547018947445849e+02
8.503069754649570768e+02
8.753530857099156037e+02
8.644265328591975504e+02
9.390008928254135299e+02
9.617964787945552416e+02
9.139332847007467535e+02
9.144761261717537764e+02
8.263044591019987593e+02
9.154054978196948014e+02
7.762024023169111615e+02
8.177319535393000933e+02
8.456256339713353327e+02
8.994409811585927628e+02
7.843891990646891372e+02
8.171453190431648181e+02
9.954466076327316841e+02
8.549317961392935104e+02
9.504680491426115623e+02
9.255154713576621361e+02
9.102849560375243527e+02
8.500003280261471446e+02
9.343950748850792252e+02
9.584491420822462260e+02
7.668563430237309149e+02
9.941775092313071127e+02
7.817803576281189635e+02
8.337468877111137999e+02
7.087086763429349503e+02
9.336806712890629569e+02
8.068218699814328829e+02
7.999597240294093581e+02
9.066969204406839253e+02
8.856202359619525168e+02
9.367812535320879306e+02
9.228175568409294556e+02
9.064988371109145646e+02
8.102003818280181804e+02
9.137326221023694188e+02
8.300730454172067994e+02
8.502607892037495958e+02
9.496172429318207833e+02
8.842379607984910308e+02
8.587894783375515999e+02
8.283332349718259593e+02
9.097228301496193126e+02
8.185372378954047008e+02
8.844161382982663326e+02
8.822779588354790121e+02
8.163771833876197661e+02
9.349802989219967913e+02
9.575221431478282739e+02
7.548851353490352949e+02
9.561130782089594504e+02
7.906420070335839227e+02
9.001933324451330236e+02
9.185843713022297834e+02
9.079153784792491706e+02
7.581309734742234241e+02
7.592595911429003763e+02
1.074789530703557148e+03
9.215097960499429064e+02
7.955688664961924133e+02
9.223329165689021920e+02
7.696350555636462332e+02
9.279930000985953029e+02
7.838600381887565618e+02
9.001301753372802068e+02
7.995159383591874303e+02
9.182625507274542542e+02
7.694420228124256482e+02
7.300948054964212588e+02
1.080403055995200702e+03
8.348848357372768305e+02
8.730961029552811397e+02
9.376974984431060420e+02
8.954603931946564899e+02
8.790533280154913882e+02
9.003604067999749532e+02
8.504201981387805063e+02
7.734524748322381811e+02
1.018677769728297790e+03
8.107746135191574695e+02
9.269803296282495921e+02
7.851002276996777027e+02
8.767503176719508247e+02
8.537683831116290776e+02
8.829146606654290963e+02
9.575190882428748864e+02
8.062618613341762739e+02
9.535257661192931664e+02
8.663380973882310627e+02
8.001070336379043511e+02
8.641185803478127809e+02
8.715037288820838057e+02
9.107680771615281401e+02
7.848528514084540575e+02
8.595283168461373862e+02
8.340312454034649363e+02
8.386765257710634387e+02
9.088826797340007033e+02
8.986085451180229029e+02
8.280879519009594105e+02
8.721030511807243784e+02
8.832023966493914031e+02
8.688716742878582409e+02
8.542492817303559605e+02
8.743620539464490093e+02
7.963204085783097526e+02
8.759726324082910196e+02
9.480594600017720950e+02
8.475321891947506856e+02
8.566673021202191194e+02
1.019924452579445187e+03
7.876950128349543547e+02
7.516197399814406026e+02
9.619761375371542726e+02
9.191726322593431178e+02
8.013974008320516305e+02
9.324765344064117016e+02
8.830774935096241052e+02
8.953621818045075997e+02
8.084400829659383589e+02
9.197277201659367165e+02
8.117834766439940495e+02
8.662952816542936034e+02
8.957064442298767517e+02
7.745691744769460456e+02
9.199815202127290377e+02
