9.770388577463072579e+02
7.517546386393586317e+02
7.781905819690973658e+02
8.826652100270829351e+02
7.691719573340101306e+02
7.385217635962260374e+02
7.581362716624360019e+02
8.784884245075382978e+02
8.375988235848277554e+02
9.720860267841155746e+02
7.332051313569739932e+02
8.219984119747546174e+02
7.660781919901246511e+02
8.050717668665308793e+02
8.760542727472550268e+02
8.561614060865101692e+02
8.901525073442498979e+02
7.494763308197426568e+02
8.813876655170515733e+02
7.877900515419923977e+02
7.448107791803591908e+02
8.217249540802770298e+02
7.721987600306254080e+02
7.914648117262285041e+02
8.570279988225465786e+02
8.561476773160266021e+02
8.177720501585093871e+02
8.179291508076909167e+02
8.309949370870609755e+02
7.826891131146717271e+02
8.755057502562137870e+02
8.584420946486256980e+02
9.766381484738556082e+02
7.414085133440652271e+02
8.089210833261541893e+02
8.101008821288776289e+02
8.974243533015344383e+02
8.181407248682086220e+02
7.933910029154812946e+02
9.193895800635239084e+02
9.674117319923680043e+02
8.841424784758578426e+02
8.502303883579163539e+02
7.910507934573954572e+02
8.696393655492317976e+02
8.312325027084498288e+02
8.923634842089197718e+02
8.868775269284344631e+02
7.704194377560703515e+02
8.970480779382475021e+02
7.612099087773769952e+02
9.015216065842957960e+02
8.302670163819716436e+02
7.963191895619363549e+02
7.525413589320601204e+02
8.287159654458686191e+02
7.548447628538091294e+02
8.871084832963078952e+02
7.376306424814862339e+02
9.322156168969463579e+02
7.779738818739161843e+02
9.693072455669105238e+02
8.204192401720021053e+02
7.918418026137344441e+02
7.953244436446657346e+02
8.501513324459237992e+02
9.448399677117091642e+02
7.821344872259204521e+02
8.798811232141104028e+02
7.936670698989481707e+02
8.158404812803948971e+02
8.422343691726547377e+02
1.006910169455254163e+03
7.726447004041853006e+02
8.010570314373755991e+02
8.734037804483984928e+02
7.209006413137699383e+02
8.116864468742063536e+02
8.046863604578381910e+02
8.052005598831995030e+02
7.278613772113968707e+02
8.445008831164811909e+02
9.054853203477305215e+02
9.086625358707117357e+02
7.938326177438398190e+02
9.529388122496256983e+02
8.251643219796017092e+02
7.952399006262533021e+02
7.367824950794515644e+02
8.780417357254730177e+02
8.709969021437173069e+02
7.364982322119071796e+02
8.816363469006500964e+02
8.702505862161171990e+02
7.940662829077425613e+02
8.536376411090390093e+02
8.239576814741411681e+02
8.976456870583741647e+02
7.894896794597956386e+02
9.255571766727200611e+02
7.411264253665417527e+02
8.734934319386195511e+02
8.488017689098173832e+02
8.655316961222517875e+02
7.677432352503964239e+02
9.080522829961647631e+02
8.126090194641311655e+02
8.777163518298274312e+02
8.389363207006059611e+02
7.330282240378331835e+02
7.826525334442575286e+02
8.760229020837068674e+02
9.760871609395001087e+02
7.787676176492207105e+02
9.009512235309248354e+02
7.666442262997505850e+02
7.696201046263986427e+02
8.032928411826223964e+02
8.366364117600393229e+02
8.063716203430643645e+02
8.916134585937945758e+02
6.728258446221094573e+02
8.609051310177178493e+02
8.304181707760365043e+02
9.259794538060480136e+02
9.210578081974229008e+02
8.272630004090333387e+02
8.215539886544463570e+02
7.768621819358531866e+02
9.249000316341818007e+02
9.985980125433187595e+02
7.933996481452696798e+02
9.094741667805428733e+02
7.637741254376235247e+02
8.681949330414586257e+02
8.133631206729862697e+02
8.606961488087347334e+02
7.066198583888434541e+02
8.761500440834736310e+02
8.375898591955002530e+02
8.739816949148603271e+02
7.232306009260471455e+02
9.126007775500104344e+02
7.673591343691751945e+02
8.431687556525796481e+02
8.704725927255269653e+02
7.455543304385056445e+02
7.907786316376036666e+02
6.985954567423657409e+02
9.790446222907362426e+02
9.272477862010766785e+02
8.454998049449042128e+02
8.367978714253983981e+02
9.370687501956706456e+02
8.101034458175267901e+02
8.435979098457845566e+02
8.673037383448772744e+02
7.839665020791589995e+02
7.041668585722384250e+02
8.961596384916465468e+02
7.830192001635740553e+02
7.248213149173417378e+02
8.360040146362504174e+02
8.883757255204204739e+02
8.154810929730350608e+02
1.055294894108812514e+03
8.027923624922806312e+02
8.532406634076785394e+02
8.253470845132486602e+02
7.933797305950396321e+02
7.894710577733007995e+02
7.617731692731591693e+02
7.744433865472683465e+02
8.083936217457725206e+02
7.759919671244560959e+02
9.815555360107676961e+02
7.401669415303770165e+02
9.095014129850284235e+02
9.431078800908326230e+02
7.972347262357919817e+02
8.281120225924704528e+02
8.083061550844265639e+02
8.106311232386771053e+02
8.236485889203825081e+02
9.438160260619733890e+02
8.077309788173081415e+02
7.483495894531155272e+02
9.122860294414620057e+02
8.669125295549831662e+02
7.535251800073524464e+02
8.527074091451122513e+02
7.585179045553118158e+02
8.888722245526405459e+02
8.885224461530576718e+02
8.188579545226433538e+02
7.844795215940692970e+02
8.449110386007637317e+02
8.674351751501375247e+02
7.061910905768505700e+02
9.078046036036914757e+02
8.025469942427705519e+02
7.935027116056739942e+02
7.776048722212284474e+02
8.504700360631903777e+02
7.770647421378057516e+02
8.992647329915023420e+02
7.761588508258141701e+02
7.997301329901544023e+02
9.279063604182289282e+02
7.817693721440468835e+02
8.305979265495622030e+02
8.022316233155386271e+02
8.509987389359256440e+02
7.604654239018511817e+02
8.801799839413831705e+02
8.276431010335693372e+02
8.724036406818108844e+02
8.770357791307091020e+02
8.861113896062283857e+02
8.345699040080393161e+02
8.105550909492278606e+02
7.728633857915351655e+02
8.693357940880193837e+02
7.136182939577930711e+02
8.781617142926918405e+02
7.966007678871968665e+02
8.040716353158816219e+02
9.184459850145776727e+02
9.128136083936167324e+02
8.837815028793716010e+02
8.518071481247153542e+02
8.112974315450218228e+02
7.448516424372342044e+02
9.236473455598859346e+02
8.470412314211163221e+02
8.093436978321227571e+02
8.642991922495752988e+02
8.305932239557407684e+02
8.512291415036729632e+02
8.814859780114641126e+02
7.735560145806183527e+02
7.915940966886089427e+02
8.273092281069638148e+02
8.209251826907550367e+02
7.788338319927343036e+02
8.423780549538055311e+02
7.767938045470965562e+02
9.608511453123639967e+02
7.167408829158719072e+02
8.970956538664518121e+02
7.959232289246399432e+02
7.311513047196472144e+02
7.409264716678868581e+02
7.955356939325023404e+02
7.383426321860617918e+02
8.701634105191396884e+02
