9.121775406903371959e+02
7.860013675451295967e+02
7.809774027174520370e+02
9.153698794557176370e+02
8.795765487674905216e+02
8.548435301384870399e+02
8.247774430546371605e+02
8.108528846174431237e+02
9.687404879981968406e+02
7.911281811126618777e+02
7.795203038649245855e+02
7.696056362715127079e+02
6.972873278422193835e+02
8.713328406140402649e+02
7.774824371677349291e+02
8.736641935877086098e+02
8.546947914379310305e+02
7.679553105128538846e+02
7.576299718772806955e+02
8.709339674604079846e+02
7.958006768374359581e+02
8.099182071394321838e+02
9.621873156656592982e+02
8.154599530848679478e+02
8.091049870826946062e+02
8.345930189122695992e+02
8.137875655491399129e+02
8.194038910683235599e+02
8.509084320373362971e+02
8.340260169901547442e+02
8.474344836031541490e+02
8.719809003704754105e+02
8.988888913425059854e+02
7.964018185605647204e+02
7.514521127395310032e+02
8.162301139609379561e+02
8.388884213934180707e+02
7.598985280292506559e+02
7.875401260368425937e+02
7.910603296160298896e+02
8.288871813599246252e+02
8.040985841493779844e+02
8.646695554020056989e+02
8.423594753858423019e+02
8.303499325242526083e+02
8.201776320660064812e+02
8.246770011283117583e+02
8.371081306601081451e+02
8.430700717774352597e+02
7.172902957108503870e+02
7.550948732843401103e+02
9.583130814827586619e+02
7.855389668546046096e+02
9.092251975009000944e+02
7.317667618249183761e+02
9.507718917662111835e+02
7.450874421387111397e+02
8.708644410602773860e+02
8.233255978150942838e+02
8.736565439410080671e+02
7.359397743464875248e+02
1.011758335985773442e+03
7.529792659072145398e+02
8.640692189714184224e+02
8.189076620196585736e+02
8.372864664495650686e+02
7.674015189610398693e+02
9.021333232454296649e+02
8.366951245609462831e+02
8.795198560524925142e+02
7.455627673466932492e+02
8.347967720753257481e+02
8.494066256414611189e+02
8.123891957325656676e+02
7.838033592055326153e+02
9.267408655653346159e+02
7.729829124405449647e+02
8.090247092501697352e+02
8.791405723679067705e+02
8.929413042893274906e+02
7.141414362335075339e+02
8.260960625958364290e+02
8.347903191115125310e+02
8.529114939041710386e+02
7.789841145834362806e+02
9.533700540007762356e+02
8.297302445878826802e+02
7.785379991723704052e+02
8.106515989035201528e+02
7.185514932207062202e+02
8.088805541200188145e+02
8.264097720752422447e+02
8.545658076997467560e+02
7.607429202169383871e+02
7.656045923119456802e+02
9.080995657877781468e+02
8.105772876974984911e+02
9.317698604248002994e+02
7.743692301499196446e+02
8.110465533026936100e+02
7.043070007166721780e+02
9.337914229028514228e+02
8.271750907730703375e+02
8.525132643287254268e+02
8.435058065446667115e+02
8.811762464131542174e+02
7.448273753387624083e+02
9.505739703157696567e+02
8.033743641214059608e+02
7.862135065804337728e+02
7.539113923992319997e+02
9.131393558266491937e+02
8.036682525069392113e+02
8.098185632554126414e+02
8.483377901009969264e+02
8.564800282491564758e+02
8.130127478099924474e+02
8.460339196254718672e+02
8.471241028557328718e+02
8.071951166277526681e+02
8.115862203206299910e+02
7.059220815825877935e+02
7.695254981374614545e+02
8.379705872167576217e+02
8.871541396704994895e+02
8.053854586202984365e+02
8.144846372131088401e+02
7.799352854800214345e+02
7.953742195313892580e+02
8.082759292446739892e+02
9.381437404642495039e+02
7.544886178806542603e+02
8.818388168314760378e+02
7.414111348538594939e+02
8.467374962639796649e+02
8.442555568086006588e+02
9.669431622460649578e+02
6.891832417019298873e+02
8.547418902247710548e+02
8.043715407406934901e+02
9.362568381008662755e+02
8.212448503343601942e+02
8.104448152568950263e+02
7.897030101738608892e+02
8.257300428040418865e+02
9.565325904100459411e+02
7.296074398392389639e+02
8.595130300064764697e+02
7.275017693320070293e+02
8.579109095852568316e+02
7.965516207340458550e+02
8.759395482020888721e+02
8.340986127745859449e+02
7.986287143703740412e+02
7.199751176609761387e+02
8.512464794613747472e+02
9.589985711397580417e+02
7.276946242451048192e+02
7.383013110316517214e+02
8.292973996596806501e+02
7.588487505601571002e+02
8.542450530028410185e+02
8.108923470976346835e+02
9.342837008559556580e+02
8.018064712161873331e+02
9.328914398940003139e+02
7.973006687630791021e+02
8.400234892001459457e+02
8.416049583683505944e+02
8.935595810285642528e+02
7.593743287395317338e+02
8.072178626694161494e+02
8.366999134459924790e+02
8.051832216741997854e+02
7.185539260683358407e+02
8.550835719418737426e+02
7.922992486403871908e+02
9.701603630537249501e+02
7.911857890494043204e+02
8.256563524459285190e+02
8.042396947870842041e+02
8.258516797464844785e+02
8.435824407173481632e+02
7.636658966548226317e+02
8.158625817147776615e+02
7.711426408723500572e+02
8.109852573096191009e+02
8.213806771938095608e+02
8.242854304318357208e+02
8.878556950623632247e+02
7.727381538985006273e+02
8.767818963058657573e+02
7.644444234170855452e+02
8.039178373036717176e+02
8.787903923140788720e+02
9.468528182950606151e+02
8.503215078657912045e+02
8.237399123205753995e+02
7.270965378271989721e+02
8.895418972700438189e+02
7.750355632312151783e+02
1.005870445861989083e+03
8.353451012228847503e+02
8.394430579676468369e+02
7.548003255489782077e+02
8.599955522901061613e+02
7.632497353840149117e+02
8.264681055596469150e+02
9.683443997591107291e+02
7.528747806960236630e+02
8.538453017743565852e+02
7.854118313164933625e+02
8.094384076975933340e+02
7.514705988334420681e+02
8.960896324350541136e+02
9.159551985846198932e+02
8.292628732870663271e+02
7.720721491902065736e+02
7.937528076130704449e+02
7.309225126654066571e+02
8.373914080383567580e+02
8.026342451129738720e+02
8.463513202530590434e+02
7.969871772717640397e+02
8.447339042890268956e+02
7.771887071091814505e+02
8.412714516161072424e+02
9.223650496551742890e+02
7.480180870216240692e+02
7.523107539099034966e+02
7.142503799901913908e+02
9.198369545502923756e+02
8.104575282594232704e+02
8.485516774262397348e+02
7.430541489197423743e+02
8.584192468110536538e+02
8.427159662071718458e+02
8.545197954405094833e+02
8.179947709752249239e+02
8.631186985786407604e+02
8.638332719408876983e+02
7.916947079726244283e+02
8.155783632693080563e+02
8.401089161374923151e+02
8.695444168462161088e+02
7.370959619321852188e+02
7.195689895417202706e+02
9.579322570159783936e+02
7.708545210370971290e+02
9.598504756134200306e+02
7.128471127033666335e+02
7.521886297555066676e+02
7.604861808407728176e+02
8.617924169614609582e+02
7.642237115269135757e+02
9.236253898094491888e+02
