8.349892641903750246e+02
7.517343456625457065e+02
7.026753501073266079e+02
7.597306895907763646e+02
8.321184910541772979e+02
7.746946272981274433e+02
8.394753811373071812e+02
7.425523755268268360e+02
8.210434953364757575e+02
8.638488342942595182e+02
8.052858773602745259e+02
7.926070552232433784e+02
8.654216210349325138e+02
7.909267435556907913e+02
8.122496160418395448e+02
7.524152470070154095e+02
8.456207905124823583e+02
9.030757358433368154e+02
6.846078925288827577e+02
9.137612066318840789e+02
7.902461600308448624e+02
8.794134583908384002e+02
7.728112903279758257e+02
8.788949387157751971e+02
7.679406596860432046e+02
8.156968741143194848e+02
8.047894291984500796e+02
7.654567802936730914e+02
7.487911125967751786e+02
7.616938554205677292e+02
6.852254853132549215e+02
9.043860402251755204e+02
9.350042979971267414e+02
7.591651635071866622e+02
7.774030767128514299e+02
7.768702537946883240e+02
7.465754525005220330e+02
8.692361660048629801e+02
6.870154435499485999e+02
8.345356273539755421e+02
8.157112868569882949e+02
8.113083935225275809e+02
7.577635701347446684e+02
8.043006863727340487e+02
7.891612138716080835e+02
7.979615658227252197e+02
7.487513506624845832e+02
9.433495655994400977e+02
7.880942678615175510e+02
8.561652171781056495e+02
8.645966086896449951e+02
8.289090717025114827e+02
7.787233370090074231e+02
8.318281989544667567e+02
8.085258720256593961e+02
7.723836256313418289e+02
7.710884342357976493e+02
7.715832048084263306e+02
6.907262713865284240e+02
8.898215665454706595e+02
7.521740778510528571e+02
8.278397646720202374e+02
8.574921661273590416e+02
7.863731574377695779e+02
7.871068918922874218e+02
8.861815215017571745e+02
7.587816654082301966e+02
7.828958068836014945e+02
7.121786794894131845e+02
8.291085443678484808e+02
7.397811465075515116e+02
8.844748582016806040e+02
7.644689560020982526e+02
7.110912741543692164e+02
7.875630909234394039e+02
8.273399267039577580e+02
6.791134046417000718e+02
8.886164015417627979e+02
8.455803061570317141e+02
7.237504033720110783e+02
8.983808893762259231e+02
8.005016143891772344e+02
8.165925164055230425e+02
7.999211856967315271e+02
8.060635982676740241e+02
7.471993131820047438e+02
8.728867231973281378e+02
8.057176751882044528e+02
7.904382236285323415e+02
8.726909999385038645e+02
7.963954021085816066e+02
7.777617788088839461e+02
9.563115767007031991e+02
7.912033336063874458e+02
8.016236194097419911e+02
7.499059471620129216e+02
8.098302481967467656e+02
7.645270711296404897e+02
7.601626776313260052e+02
9.482167471536525909e+02
8.223761934055495431e+02
7.510630743064330090e+02
8.519128693667540801e+02
7.680380675963566546e+02
7.796512539876162009e+02
8.336507322284273869e+02
8.002498338905597848e+02
7.785293585968695425e+02
8.236295013788591177e+02
7.775178707595493961e+02
7.366593575170052191e+02
9.177558753862433605e+02
7.695473817275338888e+02
8.057910826549094736e+02
8.018870038805371223e+02
7.528513050094256869e+02
7.532519833943107415e+02
9.378722406957475641e+02
7.506746865160196194e+02
9.104238224694843211e+02
7.761902995916688042e+02
8.544945707912794433e+02
7.851949264490710902e+02
8.024290245091123097e+02
7.026619386154127369e+02
7.625733270905308245e+02
7.805461403372773930e+02
7.829683185257163132e+02
7.472316536814147412e+02
7.909154257760233122e+02
8.197128685993899353e+02
8.814265905162308172e+02
8.646419812435703989e+02
7.193091011344301933e+02
7.395003028136557077e+02
8.638484693626287481e+02
7.399572322900721701e+02
8.393766565254505849e+02
7.823403567657817348e+02
8.278776766368706603e+02
8.221601893141070150e+02
7.470420300716058364e+02
8.223731677158630191e+02
8.655068860316873725e+02
7.669510577226575379e+02
7.408827788400118379e+02
7.181282470760329488e+02
8.397776021776286370e+02
7.341607878854209730e+02
9.089066355075740375e+02
8.404107742784182165e+02
7.611030692930739860e+02
8.325359330628574526e+02
8.522579610372088155e+02
8.434244306063294516e+02
7.050227769791399624e+02
7.683636566607259510e+02
8.407663431200769537e+02
7.716864346192284074e+02
8.490169345656105406e+02
8.436068361421317832e+02
7.924742550959434766e+02
8.081473069000701344e+02
7.370195297340147818e+02
7.223814508676516652e+02
8.856923001931875206e+02
7.652692594668556012e+02
8.085829488157548894e+02
8.075084061518687122e+02
7.665713830165694844e+02
8.059314889781549027e+02
7.937274914934238268e+02
7.961584646377651779e+02
8.088329696633181811e+02
8.472908944133328077e+02
7.797256962673749285e+02
7.407509656526322033e+02
9.164666917838978861e+02
7.086749094376336870e+02
8.133165187072302160e+02
7.854512294258436214e+02
7.424559967929994855e+02
6.865700587691067085e+02
9.712597132158823570e+02
7.846770447961976060e+02
8.178543637925819212e+02
7.128087788814077612e+02
9.736257386971469714e+02
8.382861787873788444e+02
9.278810869759755633e+02
7.881979470134564281e+02
8.397248641859501959e+02
7.634442362992172093e+02
7.116558240724307325e+02
8.029040196867001669e+02
7.589076032042688666e+02
9.104304086910387923e+02
8.066332266275385336e+02
7.234247316357580075e+02
8.754081170712970561e+02
8.503147105312247049e+02
8.048684710817809673e+02
7.903536769844159835e+02
8.060616030871638031e+02
7.639451723896136173e+02
7.886681852879102053e+02
7.575365654383205083e+02
8.383945066210899313e+02
8.181917261227118843e+02
8.512529427047593344e+02
7.582727741439643978e+02
7.706039873776766171e+02
7.364131750811833399e+02
7.856905972445912312e+02
8.809189203303706108e+02
7.654029432424649713e+02
7.369585923437764450e+02
8.743452019229614507e+02
8.130122205406220246e+02
8.441012538597659614e+02
8.751151597269761169e+02
8.282140746442939871e+02
8.568620065559016439e+02
7.953695662837350255e+02
6.839931595558608706e+02
8.456959447667360337e+02
7.304148816929279064e+02
8.437043661339166647e+02
7.202361286588023859e+02
8.058434080836389057e+02
7.940849882041711680e+02
7.441435182711095422e+02
7.371798456227476208e+02
9.193896885105818910e+02
7.705070254585781413e+02
9.184516055661813425e+02
7.924837981683116368e+02
8.734329253789529730e+02
8.188084118929615443e+02
9.075315955006435615e+02
8.526359008904423717e+02
7.456086905388441437e+02
8.177841751767963387e+02
7.692958086381456724e+02
8.695368802945349671e+02
8.032412885499804815e+02
7.344965984814408557e+02
8.333338732312861339e+02
8.045961893274867407e+02
7.802197637008982838e+02
8.534189493427526259e+02
8.672084122486390925e+02
8.867701752699729241e+02
7.939574381291803320e+02
7.800435889563898400e+02
7.889347729396978366e+02
