1.143167066124073472e+03
9.031374568244667671e+02
9.727378625475562330e+02
9.692590456839309354e+02
9.461138964964590059e+02
1.056882371890442300e+03
1.062661901939713971e+03
9.606745635756153661e+02
9.881565729874262161e+02
1.040454591667276418e+03
9.447753598621706033e+02
1.019016095358328812e+03
1.005944940085663688e+03
9.700770063025315721e+02
1.043387946427012366e+03
1.007742721772936648e+03
1.025653685685532764e+03
1.111123237504621784e+03
9.927837536949103878e+02
9.383511389643090297e+02
9.414231986408640296e+02
1.038429511503909225e+03
9.709618814588714031e+02
1.010747231764743560e+03
1.017835167476578135e+03
1.009391377038178916e+03
9.613483899218306306e+02
1.078449421933475605e+03
9.768457468353709601e+02
1.021534933726314193e+03
9.371881141982514691e+02
1.081262601726429239e+03
1.018909252252146757e+03
1.005624612314075307e+03
9.759042680952430828e+02
9.751859934146004889e+02
1.002002713509448768e+03
1.050417032989664449e+03
9.653491518980453066e+02
1.057957654333059054e+03
1.037990155566158592e+03
9.968465844902873414e+02
9.834997586820768447e+02
1.045307650882577263e+03
9.862960045541113914e+02
1.023604908169900796e+03
9.372474217813282849e+02
1.108178421759541379e+03
1.012271679167682578e+03
1.016097649180415601e+03
9.879682578799946668e+02
1.056898032930514091e+03
1.001356478818852338e+03
1.071902825434993701e+03
1.014818531690167333e+03
9.963187070316550944e+02
1.016326220258321882e+03
1.050522785300265014e+03
9.684783254726276027e+02
1.026710477135846077e+03
9.726450248037099300e+02
1.045298442798021370e+03
9.794678998654475208e+02
1.072312927102530693e+03
1.003252500301645796e+03
1.026510367430281349e+03
9.273446791725815501e+02
1.061424427802395712e+03
9.862860388684360942e+02
1.012621631510220141e+03
9.748279059122116905e+02
1.113250556600429263e+03
9.955527530168794783e+02
9.772323704581904167e+02
1.099780791708218885e+03
1.016102526861081742e+03
9.394884949944282653e+02
1.067545701953121352e+03
9.196908655084534985e+02
1.017322564225456063e+03
1.047689733637950440e+03
1.037706765219042154e+03
9.957863720447154492e+02
1.013620002989127897e+03
1.029237921864442797e+03
9.704041911235462976e+02
1.011611776205440833e+03
1.021482866222969278e+03
1.000040611474739308e+03
1.023569956709114990e+03
1.060421741144299176e+03
9.672122650397385542e+02
1.035452252113469058e+03
9.360955147230322382e+02
9.896672943561335387e+02
1.043566908727956161e+03
9.855871514811746010e+02
1.035803001817269433e+03
9.660541866240689615e+02
1.058535079953006061e+03
1.006678245818847017e+03
9.979945813335264120e+02
1.016455375566430803e+03
1.069637793979444723e+03
9.766028210710200028e+02
1.036263587902936933e+03
9.525532039927613823e+02
1.031219485449059903e+03
9.861511674195014621e+02
9.985835733639049749e+02
9.671064583609330612e+02
9.977447271831778153e+02
1.094078795455781574e+03
9.741080053757978021e+02
9.788241366197098614e+02
9.736703514789954852e+02
9.872793504162666522e+02
1.061318034201150112e+03
9.193188589453591248e+02
1.116728278557797239e+03
9.256166876556524130e+02
1.017762187408549835e+03
1.017942672124417754e+03
1.007739238672387501e+03
1.003648268203405337e+03
1.019312024966107060e+03
1.049618854447447120e+03
1.007128698194215985e+03
1.036500773955418254e+03
9.660307456014057834e+02
9.967787083832761255e+02
1.046095419844316439e+03
1.005357052166423500e+03
1.001662726216977489e+03
9.994055681779134375e+02
1.055493397057224001e+03
9.819530382324099946e+02
1.015687723470300284e+03
9.982057511263104743e+02
1.001369750669633959e+03
1.021000662102822730e+03
9.563243343735820190e+02
9.874249998757004505e+02
1.001531907391508753e+03
1.009859690565003802e+03
9.577387102422690077e+02
1.029785064228122110e+03
1.027371041394117583e+03
9.852505983527042872e+02
1.119551508229024421e+03
9.397541219861044510e+02
9.919671164996807420e+02
1.053493148223015169e+03
1.007324224642241347e+03
9.891568329238623392e+02
1.029215633880899532e+03
9.661557309823381274e+02
1.023047717377707386e+03
1.053137492880860009e+03
1.041307462673956934e+03
1.038779443544872720e+03
9.677490310851844697e+02
9.886505682029153377e+02
1.001830538914032445e+03
9.717814429181627247e+02
1.093006652285711652e+03
1.020037660304503333e+03
9.900159135903619472e+02
1.031557124246196281e+03
9.775023648895310089e+02
9.780889893662811119e+02
9.586731569755083910e+02
1.006982318886722737e+03
9.951796455714047624e+02
1.027711462457424432e+03
1.038396966270958046e+03
1.004748091352680149e+03
1.091068981321250703e+03
9.287519676732961216e+02
1.045677910836535602e+03
1.025416708573987762e+03
1.001542453026908788e+03
9.324328925096591547e+02
1.083327059849922080e+03
9.718641853687865932e+02
1.014748192789135260e+03
9.499313893911579498e+02
1.039477310878954540e+03
9.898234611765622049e+02
1.083483670366975048e+03
9.343346017905997769e+02
1.041883370096464205e+03
1.038113385476083977e+03
1.027805488085403113e+03
9.730397776698252983e+02
1.002135943207928790e+03
1.060443573639371607e+03
9.750962667603682803e+02
9.210690157813038468e+02
1.040653944681918802e+03
1.024275536143212776e+03
9.961689709809452324e+02
1.032181295238795883e+03
9.710694219079804270e+02
9.396696403125563393e+02
1.035425338785709528e+03
9.690173082227588566e+02
1.104048453695821763e+03
1.021421514211977751e+03
1.005797546351367941e+03
1.018512331520472571e+03
9.915608018380536350e+02
9.612678895320837000e+02
9.706547153654823887e+02
1.081525879675729811e+03
1.000635874546156970e+03
1.041429827166287851e+03
1.045171326531464729e+03
9.762143783466846116e+02
1.034342570370822614e+03
1.027757104355640422e+03
9.970564791050046551e+02
1.006795512315448150e+03
1.030114889835784652e+03
9.590837442750196260e+02
1.094751250242064543e+03
1.027620102419034083e+03
1.003337523434751347e+03
9.642726278307582106e+02
1.029347729511198395e+03
9.488173646315677843e+02
1.069363786203874042e+03
9.753542180980350622e+02
1.027543472145414398e+03
9.326854589610993571e+02
1.157837733117584548e+03
9.795043734224921081e+02
1.014311440430990615e+03
9.920399270898833493e+02
1.030506630750830482e+03
1.068128447606417922e+03
9.663864930612310218e+02
1.027176061811747331e+03
9.884588296051218776e+02
9.414829983734906591e+02
1.041943008032672196e+03
9.843265908951053689e+02
1.054635328869327850e+03
9.673149257306992013e+02
1.056130883319547365e+03
9.950339644369059897e+02
1.012975435029481446e+03
1.079412056154360471e+03
9.755683404387924611e+02
9.704227453756986961e+02
1.067088672771040137e+03
