1.151116086859194183e+03
9.064227126231639886e+02
1.007031060233960488e+03
9.593823999257436981e+02
9.804725999635777498e+02
1.072393470307212965e+03
1.041871161705575332e+03
9.515109025561949920e+02
9.679105498051371796e+02
1.070928728941194095e+03
9.769767419391429257e+02
1.031780567317852729e+03
1.057147071657251672e+03
1.001476792465301060e+03
1.039581803524231873e+03
1.038357520274533044e+03
1.034082914540031879e+03
1.082740179782619407e+03
1.053116354926282838e+03
9.913580736065844121e+02
9.113141052902899446e+02
1.034750471041952551e+03
9.725128396787298470e+02
1.065983234419239579e+03
1.046116184194328525e+03
1.021557434753322582e+03
9.590594555994201755e+02
1.104631745609653535e+03
1.022399686296015147e+03
1.016755062383458153e+03
9.498645208065615861e+02
1.119580679499067628e+03
1.048175719164855764e+03
9.756330944558707188e+02
1.004344417245897262e+03
1.005675846208989469e+03
9.960209067257654851e+02
1.086548520545220981e+03
9.535745787106425269e+02
1.045933180548152905e+03
1.055185914396957969e+03
1.008652778059398770e+03
9.863570403523721097e+02
1.047989445311427971e+03
9.917287927235294092e+02
1.007829747480547667e+03
9.090587451483165751e+02
1.125275076620872824e+03
9.575287311527342808e+02
1.064328211893890511e+03
1.007574733663430493e+03
1.122581089931747101e+03
9.782469843405632446e+02
1.056140694022913067e+03
1.036920825501583522e+03
9.714817022454398057e+02
1.053833839562345474e+03
1.069621548865117802e+03
9.246221594601937568e+02
1.036264461112294157e+03
9.576446443925688072e+02
1.054717054567701325e+03
1.019399752519082995e+03
1.069333709304385138e+03
1.023362035048275288e+03
1.035814686358155541e+03
9.728705022297721143e+02
1.053696618752953782e+03
9.937292290570944715e+02
1.026850047640259845e+03
9.597323917851928172e+02
1.082422206661961354e+03
1.028581124522239634e+03
9.924591532742634854e+02
1.082960825741878125e+03
1.046121388726613986e+03
9.170032110726356223e+02
1.080303142143467994e+03
9.448169844025269413e+02
1.072592080983252799e+03
1.073350264320727320e+03
1.041625054591131629e+03
9.867735225886045782e+02
1.055374752780009203e+03
1.089269743385745187e+03
1.018706172981663030e+03
1.045619709641622649e+03
1.047339564800396829e+03
9.929001695792715054e+02
1.063863121097379235e+03
1.040454888439132674e+03
9.540670731443817658e+02
1.031532707655768263e+03
9.593578880358063543e+02
1.015837280279784864e+03
1.058352653844854103e+03
9.802479905267948652e+02
1.032871799501396026e+03
9.837121987841225064e+02
1.100794620728412610e+03
1.040846012159804559e+03
1.034234201297656455e+03
1.025974438027055157e+03
1.069222707316761444e+03
9.972530725736979775e+02
1.047969895096442997e+03
9.652825665878550581e+02
1.054675596655553591e+03
1.045830191737099312e+03
1.025361460678693220e+03
9.941086686593483819e+02
1.048753159917947869e+03
1.139234315878560437e+03
9.714626827402812523e+02
9.691318455901665629e+02
9.693863234735850938e+02
9.671825278816768332e+02
1.079871217568829479e+03
9.295179568353785271e+02
1.126069808761930290e+03
9.423879456675359734e+02
9.995151605010352114e+02
1.043013434723164664e+03
1.029926955441036625e+03
9.659144248226389209e+02
1.053918543482179984e+03
1.063308072965045540e+03
1.021388561112507432e+03
1.054692950000952123e+03
9.336779350827016515e+02
1.034469548446519639e+03
1.043582693073660266e+03
1.000893223604087552e+03
9.946815520560157893e+02
9.718546350253083119e+02
1.094176351356532450e+03
1.008261386669493731e+03
1.026550831967297199e+03
9.753408520404839237e+02
1.030859662174355208e+03
1.033613401613926499e+03
9.929055828410175764e+02
1.026058879003516722e+03
1.036118878911865067e+03
1.024683930005503953e+03
9.884189169498538377e+02
1.031461121896746590e+03
1.049359232994120930e+03
9.914379350546630576e+02
1.165511743687393846e+03
9.391203480772242074e+02
1.010256131925522027e+03
1.055104035876799571e+03
1.042633442067389296e+03
9.785145416014936472e+02
1.051946867737590765e+03
9.960521106199591941e+02
1.039242631129422534e+03
1.043184615603305247e+03
1.055777990600441626e+03
1.046560771247849516e+03
9.897584420687636566e+02
9.957255204393419490e+02
9.993653633045554443e+02
9.651572600345768933e+02
1.116909843514659542e+03
9.777042369297278128e+02
1.015086810643451145e+03
1.008950699533804709e+03
1.027771207386152810e+03
9.927187731972123856e+02
9.279496847632515255e+02
1.004598165809740294e+03
1.044420058176805924e+03
1.012120638196765299e+03
1.086950059671954932e+03
1.007153120947236744e+03
1.083471182826086533e+03
9.673051493103722578e+02
1.048763348071358450e+03
1.036637462736137422e+03
1.012523304231728844e+03
9.515742214731170634e+02
1.074353381032310381e+03
9.927446056022024550e+02
1.023158354069249526e+03
9.588806546712123691e+02
1.064521170968734168e+03
1.010208561826248342e+03
1.096067027249740477e+03
9.780770237980599404e+02
1.072270242780957233e+03
1.052431108523916919e+03
1.046826567550815298e+03
9.723951413400687898e+02
1.023709192433180419e+03
1.049072012549390365e+03
9.973218742381058064e+02
9.805343687966549169e+02
1.027945167064077850e+03
1.055326196017404300e+03
9.729128357006246688e+02
1.027593691788148362e+03
1.012156133773151737e+03
9.638822117121392239e+02
1.047312866787496887e+03
9.714568207671218261e+02
1.138376993687296817e+03
1.043816907138376791e+03
1.000008232392356149e+03
1.018493530278093885e+03
9.718336645770079940e+02
9.583020687852294941e+02
9.876981178088220759e+02
1.087782417891147588e+03
1.040808517434632904e+03
1.027893835141760746e+03
1.057524599193005997e+03
9.538025814752784299e+02
1.071148138737897625e+03
1.085947728581411184e+03
1.032357984149949289e+03
1.012405556724208509e+03
1.038687932313643614e+03
9.573456853161774234e+02
1.147358632553673942e+03
1.014587945592813981e+03
9.735020684976282155e+02
9.652768510543053253e+02
1.025830598173994531e+03
9.946137084707969507e+02
1.070972940200545281e+03
9.951561788863291440e+02
1.043509407078571485e+03
9.401302132483738205e+02
1.169241956926376361e+03
1.005975962988021479e+03
9.826512372907852750e+02
1.005161863946191374e+03
1.006752442897360766e+03
1.060847064109871553e+03
9.552711437424849237e+02
1.037609925719459625e+03
9.735261665986822663e+02
9.644421445202657424e+02
1.064006482502211838e+03
9.838451726604538408e+02
1.080367112944147948e+03
9.990215916850975191e+02
1.042440848990828272e+03
1.006091458570307623e+03
1.056640743680688956e+03
1.124586445003017161e+03
9.910990120143983404e+02
9.997483703755104898e+02
1.144064134744877492e+03
