1.136202685233447028e+03
8.818791795334198014e+02
9.868724198792988318e+02
9.728722258525883717e+02
9.929527036239167046e+02
1.104974340732744167e+03
1.009894512577186788e+03
9.849549582799329528e+02
9.792998256414601883e+02
1.087480113487169092e+03
1.031181924162880250e+03
9.873171443586511487e+02
1.110967159512384569e+03
9.682450533098635788e+02
9.879706363869356665e+02
1.050159401181417934e+03
9.714075530353015893e+02
1.043231069399920671e+03
1.047376569936131546e+03
9.783365579333466258e+02
9.069448391190068151e+02
1.057666318659933040e+03
1.010023079907328110e+03
1.054964738953627830e+03
1.049703684852222977e+03
1.047378749949310532e+03
9.652143021207889433e+02
1.017644517365023376e+03
9.742810806608633811e+02
1.036453769479822540e+03
9.459878963661237776e+02
1.127111945742449734e+03
1.021479017541654116e+03
9.890301848973089136e+02
1.065478311676018166e+03
9.709795552201989040e+02
1.027081293871437538e+03
1.074063740649123929e+03
9.133555383023590366e+02
1.047646666167667718e+03
1.028159762381164910e+03
1.014815240361548035e+03
9.951642381918247793e+02
1.035629213333679900e+03
9.863633596727900112e+02
1.052080647939476194e+03
9.399909685281161273e+02
1.112739143854533950e+03
9.605291425815651110e+02
1.109168683908880666e+03
1.040951935553337989e+03
1.082911950209679617e+03
9.629999160037380079e+02
1.043744188997821084e+03
1.019748281551972696e+03
9.726170296224049707e+02
1.014442316099090021e+03
1.113810302087305899e+03
9.185542584116687976e+02
1.064277766618385840e+03
9.764067930017142771e+02
1.012397698203515574e+03
9.997230080555398217e+02
1.099146886475135943e+03
1.026647202959628657e+03
1.028842579645689966e+03
9.999374752502041019e+02
1.023466128662126039e+03
9.763049986504695426e+02
1.021732689691424071e+03
9.264727263053982824e+02
1.099355432027180768e+03
1.002578558576545106e+03
9.947200818311231387e+02
1.111888636736589433e+03
1.041573629903289884e+03
9.324632153818381539e+02
1.107399707069408123e+03
9.349838967505750134e+02
1.016311600374244790e+03
1.008792165451866367e+03
1.031766617149685089e+03
1.050333935675836528e+03
1.033569808421903872e+03
1.056812374058873502e+03
1.021531697083668632e+03
1.032067952095891087e+03
1.063640083440192484e+03
9.915866794498092531e+02
1.101762615042385050e+03
1.059680856530833807e+03
9.601901037511970571e+02
1.039076884908631200e+03
9.946102617408657807e+02
1.071746442480888845e+03
1.031682009640817569e+03
1.001557342371402683e+03
1.071768283647894805e+03
1.003313303815237532e+03
1.096547970118220974e+03
1.044200805225982776e+03
1.046444477642533911e+03
9.930177830483614798e+02
1.069608363271470807e+03
9.508208676574174660e+02
1.059835033014466035e+03
9.496784404791287670e+02
1.030278804215104401e+03
1.011112686025814583e+03
1.042606418542940673e+03
9.826236583207644344e+02
1.071355951509910938e+03
1.089993928610956800e+03
9.846771465496774454e+02
1.009334522243947731e+03
1.002742511934784261e+03
9.620610058784443481e+02
1.078336317333559464e+03
9.758952003966002167e+02
1.161156374381143678e+03
9.390225307251891991e+02
1.042600983595774096e+03
1.020232568417485140e+03
9.918356823601554879e+02
9.671161609738473999e+02
1.032788470577942689e+03
1.046922117131248797e+03
1.011100076829065642e+03
1.027267484699278839e+03
9.857062948306075896e+02
1.000605136485199864e+03
1.008642354683869371e+03
9.800868951346552649e+02
9.950144792012813468e+02
9.977591700882205714e+02
1.038310461035887101e+03
9.867001138965915743e+02
1.066114548124536668e+03
1.033757301345517590e+03
1.014112100176113699e+03
1.029022778565069984e+03
1.013251412949326550e+03
1.022473998374590337e+03
1.029234084502156293e+03
1.009963244387283908e+03
1.008594490742741186e+03
1.038672078577002367e+03
1.056690211930439091e+03
9.657183966403238173e+02
1.153963790775923599e+03
8.966064066368708154e+02
9.939410362629246265e+02
1.055551842454328607e+03
1.021522887884920010e+03
1.004523708643729833e+03
1.037429339803917628e+03
1.015430117873014296e+03
1.022996223406730678e+03
1.049079213989699838e+03
1.037855020375320919e+03
1.090835728227224081e+03
9.836909452621169976e+02
1.024562133715665823e+03
1.012731628536456583e+03
9.915694260565334162e+02
1.093169963914195250e+03
9.535244604975797529e+02
1.040904418830098621e+03
1.023683177937028859e+03
1.007929987619697840e+03
9.544028233646824901e+02
9.306631092084376178e+02
1.005907008802328050e+03
1.103572822366524861e+03
1.052271405725315617e+03
1.084589700350379189e+03
1.045926484344896153e+03
1.044910724860855908e+03
9.754162429511943628e+02
1.056949248302189062e+03
1.082713376854305579e+03
9.706183151367516757e+02
9.187067107698240989e+02
1.043800239907113337e+03
9.476723090512189174e+02
1.058112970719510031e+03
9.889023982065650671e+02
1.080613155526660194e+03
9.908877737162184758e+02
1.097927119614540516e+03
9.725657120500856081e+02
1.028149912145551752e+03
1.090173213345646218e+03
1.050586070459153689e+03
9.859108310228109531e+02
1.000280178567003077e+03
1.024752814402291961e+03
1.031475518991519039e+03
1.012950414886224507e+03
1.026413376495449256e+03
1.032467861231371216e+03
9.960592490315325449e+02
9.975300895619225230e+02
1.017801884209867012e+03
9.815435281454791721e+02
1.059854325469175819e+03
1.005297999180580518e+03
1.108326208909472825e+03
1.006952979349120483e+03
9.934151960437834532e+02
1.029035681112040038e+03
9.103697270099270327e+02
9.822028989557386467e+02
1.039330994289037562e+03
1.058328013293179993e+03
1.007867863748373566e+03
1.058564898850591817e+03
1.048811491863605170e+03
9.622424717432393209e+02
1.129547030692713861e+03
1.080543623245680237e+03
1.029274944197547029e+03
1.025360055959522924e+03
9.884742037147807423e+02
9.477809804424432514e+02
1.146899849162490000e+03
1.000466511956500881e+03
1.010371717159778427e+03
9.559580319245369537e+02
1.032232172046016785e+03
9.635610090023940302e+02
1.072445018932132598e+03
1.012106750604587319e+03
1.032936327517149948e+03
8.839342903837303993e+02
1.157147322323412027e+03
1.008502577843937161e+03
1.034216194073529323e+03
1.011553991878703528e+03
1.031897917247508758e+03
1.042884646901174619e+03
9.584266883284382175e+02
1.025557899398629843e+03
9.746759549498956403e+02
9.260858396260759946e+02
1.134611332908501254e+03
1.003656556251651068e+03
1.062504636518367533e+03
1.013261380766757611e+03
1.037814347502015153e+03
1.047522205052930985e+03
1.054332084028540976e+03
1.094827831065773807e+03
9.914984246999360948e+02
9.863013859236014014e+02
1.097715356682026595e+03
