1.194516261618643739e+03
8.987781793242667163e+02
9.736357736091348443e+02
1.015056871100775197e+03
9.844636800125269929e+02
1.057096293597783188e+03
1.030705211293496859e+03
9.906341230858363360e+02
1.021126100655613072e+03
1.070516697337099231e+03
1.005218468783004710e+03
9.831268525817487216e+02
1.071148824824053918e+03
9.600104832988148473e+02
1.087100296210540591e+03
9.981538936617075706e+02
1.059067415133229360e+03
1.060776671696169160e+03
1.027244108353983847e+03
9.952317389269562682e+02
9.652669076435583975e+02
1.006612661040376338e+03
1.011362197898454042e+03
1.096125666317675496e+03
1.056665185621739283e+03
1.020692600602106495e+03
9.352941974613324874e+02
1.063669033508218718e+03
9.460979587457636626e+02
1.018952140897738218e+03
9.591443439820540107e+02
1.106769544580946786e+03
1.069155267848851963e+03
1.010127405561171599e+03
1.017974891368290741e+03
1.037084079175031547e+03
9.959264108124573340e+02
1.017893720128977179e+03
9.215632791130211672e+02
1.073314799626213244e+03
1.033235866602982242e+03
9.616724078483869107e+02
9.716115171461954105e+02
1.084642447931583547e+03
1.014004096268061517e+03
9.902213455174924093e+02
9.551051639115434000e+02
1.134218565409949861e+03
9.953588012094501210e+02
1.050292729863400154e+03
1.028840838896933292e+03
1.103867770181191872e+03
9.656542769440716256e+02
1.083960923097854447e+03
1.045725179422271594e+03
9.716995185164598752e+02
1.007499136683976985e+03
1.079871666916235881e+03
8.895706715539372453e+02
9.981887049502952323e+02
1.002620892669340492e+03
1.033208646247898741e+03
1.028040936761721696e+03
1.063942787108862376e+03
1.090128610637096472e+03
1.084611175574271101e+03
9.481682451417867696e+02
1.092487714083225683e+03
9.368927263052636363e+02
1.065684333682411761e+03
9.765201906326444714e+02
1.069293309316960858e+03
9.761023962704429096e+02
9.559650913594582562e+02
1.075443459271575875e+03
1.052822639389798951e+03
9.560668307925188856e+02
1.080505665699743531e+03
9.868850997641079630e+02
1.043753497389063114e+03
1.047060090769170529e+03
9.631453695389365066e+02
9.848824211303959828e+02
1.013996693829063361e+03
1.071009837984724982e+03
1.057596353898350799e+03
1.070682513058459563e+03
1.025316778508265543e+03
1.019770075375094393e+03
9.885141455030691304e+02
1.046268742351871197e+03
9.812666316738452679e+02
1.080265641431437416e+03
9.825473147488114591e+02
1.053855748783242689e+03
1.025791602671374676e+03
1.042228453517616117e+03
1.036486492123262451e+03
1.001910691823692218e+03
1.086286678196745697e+03
1.017697269824198884e+03
1.046536684613326997e+03
9.991329373462768899e+02
1.112172566322369903e+03
1.069892879935500332e+03
1.000555659539670160e+03
9.652255015500010131e+02
1.087608608029172728e+03
1.031325616468601993e+03
1.018504452476541019e+03
9.958768752043349650e+02
1.037507311740970181e+03
1.070984230135844882e+03
9.856330547049731194e+02
1.011945158877927270e+03
1.023314043644702792e+03
9.770342917148349215e+02
1.086827377742580666e+03
9.334477997896699435e+02
1.092194145339019997e+03
1.006809753772337672e+03
1.048129075050026813e+03
9.803788078107338606e+02
1.022617461447955748e+03
9.294137504824713005e+02
1.044466263193267878e+03
1.103794291779417790e+03
1.030527448760708694e+03
1.013800710638263126e+03
1.010855891660163479e+03
1.075635354959860024e+03
1.050273669489751455e+03
1.002013099657570137e+03
9.783694099037255683e+02
9.192306928177438294e+02
1.098184368389007432e+03
9.912303794241709056e+02
1.075208539890037173e+03
9.911516008157426540e+02
9.772264338284600171e+02
1.099528782474684249e+03
9.540721416508590664e+02
1.010517024300584580e+03
1.051215113252348146e+03
1.018968885986036412e+03
9.912833259208722438e+02
1.043488623017934287e+03
1.006118331997364180e+03
9.881978343577821988e+02
1.085797296478340968e+03
9.442836378134730921e+02
1.020659868505571239e+03
1.052144993472101760e+03
1.026374024804769078e+03
1.025410407649960007e+03
1.015382496760668914e+03
1.050642989779331856e+03
9.679256421254007137e+02
1.097445621976383336e+03
1.092994564205678671e+03
1.050747995837841017e+03
9.606664122342507426e+02
1.044831399043403280e+03
1.010424443101412407e+03
9.678845643577938063e+02
1.031070341492957823e+03
9.818900324380433631e+02
1.012957764140504082e+03
9.991557066837465300e+02
9.944928949416892010e+02
1.042921258787742318e+03
9.451233672604944331e+02
1.063889300218901553e+03
1.052525151129739243e+03
9.843101834793714033e+02
1.041985039102432893e+03
9.922615310757155385e+02
1.015427659505426618e+03
9.448014300301992989e+02
1.110176908535072243e+03
1.034754791475051888e+03
9.595830645880764678e+02
9.226352244812180743e+02
1.093633256680162049e+03
9.922873270044931360e+02
1.032309826369852317e+03
9.970974788899297891e+02
1.035212800999563569e+03
1.015625373941840735e+03
1.064507437344212121e+03
9.265766176311460640e+02
1.082583117662517452e+03
1.127903390820041750e+03
1.012553211487233511e+03
9.962605828026635209e+02
1.073688244945761653e+03
1.059782841366087496e+03
9.742392248860787731e+02
9.870012772582118714e+02
1.052040729547833735e+03
1.019904382534149363e+03
1.020577422303874755e+03
1.013959204174598199e+03
9.464082793679667702e+02
1.001051663497676145e+03
9.492760651828750724e+02
9.833903816830140840e+02
1.137162490100596642e+03
1.008835126598967918e+03
9.981314326283387572e+02
9.905711503045770314e+02
9.723475866289569467e+02
9.930045172282862040e+02
1.014786099005859000e+03
1.087477057504155255e+03
1.044776094122124277e+03
1.014810829249486687e+03
1.085687637685831305e+03
1.012951554800135909e+03
1.013227672747979568e+03
1.034711516589847633e+03
1.014114022577491937e+03
9.837408360508067062e+02
1.025347998019221905e+03
9.761425052562673272e+02
1.128671454135047725e+03
1.033445761109582008e+03
1.004664084666942472e+03
9.517738977754855796e+02
1.037945358641853545e+03
9.828944753555866782e+02
1.173356067381629146e+03
9.968210313657741608e+02
1.029865069472638424e+03
9.513096467754529613e+02
1.108441843697478362e+03
9.786680204541301009e+02
1.045468870153874832e+03
9.375995679086013297e+02
1.049216002771533340e+03
1.061031957580276412e+03
9.388729858768516578e+02
1.067497777846881490e+03
9.677031184186195105e+02
1.031439553124981103e+03
1.036944987540378406e+03
1.017917755640827636e+03
1.111067395436837160e+03
1.054726104723007438e+03
1.056909760241974027e+03
1.032899280888362910e+03
1.060414155805521659e+03
1.104089789656516359e+03
9.528652418607080108e+02
1.014130177704371135e+03
1.085027888684234085e+03
