1.102666509398184871e+03
9.464262234677976267e+02
9.787875439742929302e+02
1.072471479934834406e+03
9.840937536861779336e+02
1.128901810314162276e+03
1.058556417634087211e+03
9.368109981543955200e+02
1.023351082568398510e+03
1.086536040479907570e+03
9.130039289444750921e+02
1.071704895931869260e+03
1.022454895340341636e+03
9.802788689621174854e+02
1.076655651079077188e+03
1.081075839098121605e+03
1.095492090525092635e+03
1.086198941620422829e+03
9.706024596251720595e+02
9.782738562799551119e+02
9.559791881387934609e+02
1.100132696662593389e+03
1.015437711729552575e+03
9.769617127266731131e+02
1.081844790638368522e+03
9.740631858623910375e+02
1.005017953903296529e+03
1.093864630457355133e+03
9.639842930436319648e+02
1.035146282401924964e+03
9.874104202841334654e+02
1.146144440409088475e+03
1.045938576342816532e+03
9.978527189715794066e+02
9.840698287334108727e+02
9.876708350484271932e+02
1.016496412875371561e+03
1.067990336843463865e+03
9.800944197124053971e+02
1.059625108218458536e+03
1.069354110108027498e+03
9.673852774896267874e+02
1.013930866587156970e+03
1.093688101126699166e+03
1.011028071586162582e+03
1.078249649263148058e+03
9.793245668176928120e+02
1.119379917570812495e+03
1.026503482125502387e+03
1.053174655616742484e+03
9.772519942471822105e+02
1.078642150762768779e+03
9.713958629743365236e+02
1.110185768264214630e+03
1.031089455727692439e+03
1.060091521914073383e+03
1.023016213539478031e+03
1.073901531439139944e+03
9.268182785819183209e+02
1.103580144079325237e+03
9.917201796553943041e+02
1.110114292357421846e+03
1.016266671002486191e+03
1.082852599088253328e+03
1.052181962227448821e+03
1.076209308380833590e+03
9.554354748954318666e+02
1.063693807727260946e+03
1.000251463404501010e+03
1.006092134060405556e+03
9.727199551052175366e+02
1.145829831125389774e+03
1.041584531436839825e+03
9.851201925504610699e+02
1.101043855694189006e+03
1.092444720970163416e+03
9.496135472780862301e+02
1.087970379140305113e+03
9.922395191938908283e+02
1.008396587374462342e+03
1.033090693574441502e+03
1.037554932657555810e+03
9.869816759062979372e+02
1.080480716619017585e+03
1.006034798085962848e+03
1.050695396951759449e+03
9.925711088966475018e+02
1.031545145423997837e+03
1.010933252691160988e+03
1.062780376289476862e+03
1.008237409572714796e+03
1.043228839174260202e+03
1.057942611884481948e+03
9.818952306794102469e+02
1.044248899324046761e+03
1.074013569709760304e+03
1.042990370088109103e+03
1.061201668547952750e+03
9.371703815696980655e+02
1.109055261359021188e+03
9.972397497860030171e+02
1.060090319795600863e+03
1.006865464834510931e+03
1.076706799003978858e+03
9.996178753425749619e+02
1.098124625802232458e+03
9.645800132453233573e+02
1.109389716769293273e+03
9.815207170578228215e+02
1.025881527847515372e+03
9.836495841129515156e+02
1.047330172835909707e+03
1.133479880329113030e+03
9.539269889186390401e+02
9.567425257502828799e+02
1.001868212032071938e+03
9.499483250288553791e+02
1.068906715002055989e+03
9.664890354037822817e+02
1.132683599783533282e+03
9.686772244668366056e+02
1.013481934044677018e+03
1.036877078887352354e+03
1.030380896064148146e+03
1.017253276365817555e+03
1.087498656666449961e+03
1.101780364990227326e+03
1.014849753658054851e+03
1.059854195624063095e+03
1.050002670150608992e+03
9.980035193772805542e+02
1.072217862150276233e+03
1.003348071359738469e+03
1.016440866798547404e+03
1.000571890578397415e+03
1.133049554579868300e+03
9.886146233100035943e+02
1.083320011480109770e+03
1.024928517647736044e+03
9.973956154436508541e+02
1.068398580322941598e+03
9.666447607502562960e+02
9.955523644309366773e+02
1.023297122962794447e+03
1.033750495024782822e+03
9.971677499890099625e+02
1.039243328867896480e+03
1.110870197701914094e+03
9.673388673713945991e+02
1.112177776306279384e+03
9.628990248254760900e+02
1.092181825584151056e+03
1.077787616444628156e+03
1.073561662275373010e+03
1.015224284949045796e+03
1.043674500813749091e+03
9.975732102310269056e+02
1.027949242120255349e+03
1.026588202802914793e+03
1.095706478181927196e+03
1.037370466859421413e+03
9.542718918840960214e+02
1.016952633162017264e+03
1.027479806876320708e+03
9.706402888651022067e+02
1.121108686728606472e+03
9.976936894782289755e+02
1.071541675629854808e+03
1.059373114816929956e+03
1.060742846152970742e+03
9.574312320849724074e+02
9.870792014835204782e+02
9.965880005882688693e+02
9.851603670819519039e+02
1.063975891649674168e+03
1.086630472870442645e+03
9.863423344060162208e+02
1.101185801415914284e+03
9.693039630468721271e+02
1.082514591754226785e+03
1.078093688814356710e+03
9.571356329118176518e+02
9.462043376556456451e+02
1.149541000454479217e+03
9.741426435382441014e+02
1.063759624829487166e+03
9.746183068697398539e+02
1.095551541474285841e+03
1.052633710914287803e+03
1.118191409129113254e+03
9.647840195605294866e+02
1.040307541911850194e+03
1.026605011531847140e+03
1.079672996015568515e+03
1.009141001081267859e+03
1.034146456772132979e+03
1.022407441318635392e+03
9.869188058887325496e+02
9.167927476073562048e+02
1.101085051007878519e+03
1.062236145976096623e+03
1.051464410348107776e+03
1.022875520333720715e+03
9.926533793928618934e+02
9.831358211554202171e+02
1.041899926115623202e+03
9.220973010715046030e+02
1.169809642700367704e+03
9.936405895452564891e+02
1.042662783956019894e+03
1.025369994002697467e+03
9.940191748158845257e+02
9.819944722142713545e+02
1.019867952899512147e+03
1.105849988050165621e+03
1.055208612130202482e+03
1.018688559533091166e+03
1.060586482257792341e+03
9.859957769034456305e+02
1.066138791755168086e+03
1.094951514112949553e+03
1.022975200473553400e+03
1.005964957965238341e+03
1.052657737823124990e+03
1.016978277681863233e+03
1.117016898938712075e+03
1.065867582840792466e+03
1.050627718220366660e+03
9.723610532312534360e+02
1.015842363369165241e+03
1.011192255824688459e+03
1.079878201875732429e+03
9.991098309837241231e+02
1.093070651518096611e+03
9.453921863463851878e+02
1.116712345751066096e+03
1.008415064181453772e+03
9.970512690964947069e+02
9.937059291562901535e+02
1.096194255042428267e+03
1.043869843477494669e+03
9.974097372043156611e+02
1.067147091678576089e+03
1.011689859271488331e+03
9.456225175671316947e+02
1.097578936693200376e+03
9.680990991922355988e+02
1.103778203618818907e+03
1.008751103296317410e+03
1.069348597862930546e+03
1.035248668657382723e+03
1.005373627134722256e+03
1.076785533103304033e+03
9.927920485577919862e+02
9.847038407057652876e+02
1.108107340066931783e+03
