1.195156810392344369e+03
9.426410310020567067e+02
9.723247310641756940e+02
1.011164877467716451e+03
9.514044525678050377e+02
1.041701439207930889e+03
1.031370243358702965e+03
1.029226220372428088e+03
1.022522457282643472e+03
9.817590587717716062e+02
9.652362646309212550e+02
1.003507632545439833e+03
1.082164397496033189e+03
9.862981875753362146e+02
9.580796194674132948e+02
1.064583474660496677e+03
1.076884998399952337e+03
1.040755814924063316e+03
9.918244446330027131e+02
9.762123201787710514e+02
1.015039332278992561e+03
1.031998886891016355e+03
1.024987451267003962e+03
1.026061854670014100e+03
1.078000818097679257e+03
1.027251421220873908e+03
9.947592056643977685e+02
1.046985455006315533e+03
1.015527296821300752e+03
9.308466048883169606e+02
9.900191086666883393e+02
1.118983227295886763e+03
1.073865382682728068e+03
1.010790247956854955e+03
1.051280143312595101e+03
9.848819763618762408e+02
1.076149447573467796e+03
9.658350024214357745e+02
9.414870017940160096e+02
1.062818642322974483e+03
1.133645912774281669e+03
9.653106310566115553e+02
9.656518733260871841e+02
1.092372656093299611e+03
1.094123330517503746e+03
9.798228779084581674e+02
9.474499962787811000e+02
1.089498790060987631e+03
1.034775818127682442e+03
1.100069455449097632e+03
1.043865132377156897e+03
1.041452082414298502e+03
9.837525536368675603e+02
1.075109663304493552e+03
1.016540725071105499e+03
1.036033713628363330e+03
1.066565073298797415e+03
1.047523730194427344e+03
9.356938855983250960e+02
1.031367904161530532e+03
9.779670116583243953e+02
1.011970816118502398e+03
1.040364947279521175e+03
1.038048831962969871e+03
1.069830774653503113e+03
1.002751861263612113e+03
9.681168432552084369e+02
1.106970266302971595e+03
1.030841712271055940e+03
9.345657911676695448e+02
9.427131405957236439e+02
1.089781346983907042e+03
1.024230343137291811e+03
9.630235764129421341e+02
1.071279834838790066e+03
1.058831483595975897e+03
9.929005428469970411e+02
1.091032302385044432e+03
1.055329632492183691e+03
9.845052123282364391e+02
1.062389807602373821e+03
1.028096811050188080e+03
1.006855866515659613e+03
9.716472964290928758e+02
1.054818318664692242e+03
9.466515653286219276e+02
9.921225208419214141e+02
1.072016973647358554e+03
1.093654597863720255e+03
1.031268316363740496e+03
9.792223841859971571e+02
9.722150361719642433e+02
1.086269168394708686e+03
9.220329171976292173e+02
9.925059867449522244e+02
1.029843812259307015e+03
1.042838088563203428e+03
9.609774712782061670e+02
9.744330373782789820e+02
1.041676707176893842e+03
1.022864405934610886e+03
9.885128701602336605e+02
9.758788808040031881e+02
1.111643321440828004e+03
9.778389825238817821e+02
1.062188112816380453e+03
9.725242948158056606e+02
1.045259157987836943e+03
1.050821338726735576e+03
1.023041312667747434e+03
9.713220305794391152e+02
1.059248301173794516e+03
1.119356083042882346e+03
1.004990408377584345e+03
9.901865114367238903e+02
9.830151876596331704e+02
9.615274458091465704e+02
1.006058660309418883e+03
9.842398600983649430e+02
1.087705144331944211e+03
9.705429751150480797e+02
1.053515146339543662e+03
1.055066540003698037e+03
1.005359733571905167e+03
1.021067357327921627e+03
1.024076977807307685e+03
1.093499326910215132e+03
1.001450378300695547e+03
1.131028264861487287e+03
9.364086977404501795e+02
1.001248596342202063e+03
1.064499131235867708e+03
1.001110332677734959e+03
9.351551219926759586e+02
9.517593112230872521e+02
1.094535175268117200e+03
1.022613888920319141e+03
1.042318367171220643e+03
1.112286243024513851e+03
9.396286130436074018e+02
1.123443954685354583e+03
9.798497012990591202e+02
1.020145201091914259e+03
1.042295034472545922e+03
1.138475102643118817e+03
9.845970873782389390e+02
9.839459132187113255e+02
1.064238533489173960e+03
9.777469839836153369e+02
1.081110584502828260e+03
1.000353621979996092e+03
1.028215906279280034e+03
9.823909934699005362e+02
1.071341399945911235e+03
1.056139482333449450e+03
1.028632831005013259e+03
1.018246770462709947e+03
9.581939312696548541e+02
1.022505373273899750e+03
1.022094120068645907e+03
1.092252561186330468e+03
9.847903698766989464e+02
1.014757356988193237e+03
1.019417066047499816e+03
9.740357733578716761e+02
1.089375204892441161e+03
1.010538422531318588e+03
1.087991165392011226e+03
1.065057091841644251e+03
1.003686709774892506e+03
9.537698161777354926e+02
9.736628374208464720e+02
9.781064888089438227e+02
1.025898049030542552e+03
1.063247297628201750e+03
1.020803604750711770e+03
1.068922969386744626e+03
1.033579821295989859e+03
9.607904037272588766e+02
1.074323422257227776e+03
1.111205969574677965e+03
9.623124156792854365e+02
9.204373007590038469e+02
1.072387945822554002e+03
1.053944400983464675e+03
1.023409189849920494e+03
9.673291078682742636e+02
1.002897554661215395e+03
1.017790533316477649e+03
1.074423535129380525e+03
9.963146944573870769e+02
1.050126891984429903e+03
1.071793856834736744e+03
1.078513793875894635e+03
9.636538444688677600e+02
9.676434119300722614e+02
1.086716399379811264e+03
9.831833116789450742e+02
9.957215329596092488e+02
1.102525032002714397e+03
1.014108953358702479e+03
9.755268468071319603e+02
9.729848538558093196e+02
1.027721584591250576e+03
1.010398106662265036e+03
1.004151483891955422e+03
9.494739429766510739e+02
1.135052447902807671e+03
1.052204153228041378e+03
9.799926956974309178e+02
1.087828908513288525e+03
9.446311980893906366e+02
9.929053128715781895e+02
9.628440339596144213e+02
1.044383559711598764e+03
9.634179090958203915e+02
1.060153955846090412e+03
1.012890138265628593e+03
1.005194173105645177e+03
1.060011476274236884e+03
1.038335783951973326e+03
9.891154652367108611e+02
1.058172466877714896e+03
1.026420504225297918e+03
1.028450338120109791e+03
1.056076049325950407e+03
1.045730491901793130e+03
1.064134591083027090e+03
9.917600366529670737e+02
1.018683706910957881e+03
9.693076881789903609e+02
1.019909836349073998e+03
1.061831284611161664e+03
1.013495704934248124e+03
9.263647551214909299e+02
1.042811784043336274e+03
9.989050623709557613e+02
1.014179292114989039e+03
1.019043417036055985e+03
1.065204676833124950e+03
1.087245068851919314e+03
9.538381967184343466e+02
1.000845156513877328e+03
1.017253153346537260e+03
9.806314414784076234e+02
1.040535287685795538e+03
9.736132305606272439e+02
1.045616801488701867e+03
1.031821163354780765e+03
1.045031741621396804e+03
1.054385980713950175e+03
1.035664763808918451e+03
1.109769759138847576e+03
9.403470821762599599e+02
9.599685674964769078e+02
1.104483179178727823e+03
