1.136364292865052903e+03
1.006477536871739176e+03
1.072215011649004509e+03
1.019824508646615868e+03
1.060450617716898705e+03
1.049529989655381542e+03
1.128812288937186622e+03
9.413878365628847860e+02
1.052673797913113503e+03
1.014024253324801748e+03
9.964805288344541623e+02
1.094172789216720048e+03
1.137589261745438080e+03
9.835913734376360935e+02
1.056968134628629286e+03
1.015767843670168531e+03
1.050407633956598147e+03
1.083259434982737503e+03
1.024372119033441322e+03
1.024824247274218123e+03
9.342822724396689864e+02
1.060341972163948412e+03
9.973404191667264058e+02
1.031605392227369748e+03
1.027680131152938202e+03
1.011167241757739134e+03
1.011608983530882369e+03
1.026624401923559390e+03
9.727613762886571749e+02
1.066253610423570080e+03
9.928914035995799168e+02
1.208700248274357136e+03
9.918672233763173836e+02
9.942635893901129975e+02
1.063855695447807875e+03
1.036928571571670545e+03
9.679367013153236030e+02
1.090104787014427984e+03
9.741159772465376818e+02
1.045447371944857878e+03
1.127059005835975540e+03
1.011291890387045783e+03
1.000513954960231331e+03
1.067681258049452026e+03
1.023078664391564985e+03
1.069331814938806019e+03
9.395144631460459550e+02
1.135289988333064684e+03
1.027264281996980344e+03
1.077454764132064611e+03
1.088432609173500396e+03
1.033592491822864304e+03
9.947712563913632948e+02
1.070648823153050444e+03
1.057768961125986607e+03
9.582872688311231286e+02
1.041043242198878261e+03
1.086753237767683459e+03
1.004507118267610508e+03
1.098094731000457159e+03
1.073639964461949603e+03
1.009067842829075289e+03
1.096968697062083265e+03
1.054250059177168623e+03
1.045580943087377591e+03
1.030063065176096870e+03
1.006419295568706275e+03
1.011862815964779202e+03
1.018858098191227668e+03
1.076571949676808345e+03
9.889172851071865580e+02
1.209192300793874438e+03
1.008912142445482004e+03
1.018709644365799363e+03
1.113379281982357952e+03
1.092473097319027602e+03
1.009069943714932151e+03
1.087738658798419237e+03
1.003309230207155451e+03
1.008179706445959141e+03
1.125657030155887469e+03
1.016014890027139927e+03
1.028380050063073213e+03
1.022083910331929701e+03
1.015328541499373387e+03
1.004082054935836709e+03
1.075235443237624395e+03
1.015961418588568336e+03
9.931616648158493490e+02
1.070599331158704899e+03
1.167240187075681206e+03
1.032641839672799961e+03
1.127921972552579518e+03
1.017132868878520640e+03
1.051655784590025405e+03
1.012424537476984142e+03
1.000134961634147430e+03
1.005647147522823957e+03
9.608091252961780810e+02
1.061220280846934429e+03
1.143739117757329041e+03
1.008104602883995312e+03
1.073440341713037469e+03
1.060122204681812491e+03
9.999275031579754796e+02
1.064967360326180142e+03
1.093476848271855715e+03
1.031135262712511349e+03
1.046301296447111781e+03
1.050007996671593901e+03
9.998987162345306388e+02
1.011479876728270938e+03
1.082097107831114045e+03
9.820583265082915432e+02
1.024909692538369654e+03
1.010476389470963909e+03
9.409627122056208464e+02
1.053321755999873403e+03
9.737506135297038554e+02
1.114634460818172784e+03
1.025235909310957595e+03
1.060756695247009475e+03
1.051383361514146372e+03
1.032450595890695922e+03
9.846790081369042582e+02
1.079901192838822226e+03
1.020437790122897013e+03
1.051793522160286557e+03
1.051553071376436719e+03
1.040925079545925428e+03
1.021473683265998488e+03
1.100217370700785523e+03
1.024260287536605347e+03
1.009311065651334047e+03
9.731051444914910462e+02
1.050028753382456443e+03
1.033487455145834474e+03
1.111654491761672034e+03
1.029054753726430363e+03
9.460221617849181257e+02
1.017019140469094054e+03
9.983693267642580622e+02
1.129713567522691847e+03
1.015428767106982832e+03
1.053063940688048660e+03
9.465181447336635756e+02
1.083471673368349229e+03
1.087348637093778962e+03
1.030620557576601414e+03
1.085550393565416698e+03
9.872236523867758251e+02
9.757591594002597049e+02
1.108858986279664805e+03
1.001229332757859993e+03
1.094999866184016810e+03
9.616352233040972806e+02
1.023923024223450739e+03
1.049321423439967930e+03
1.054973265352455428e+03
1.041957323391970249e+03
1.178846979715141288e+03
9.326211976955524960e+02
1.091550367366987984e+03
1.017584337286647042e+03
9.779937716664076106e+02
1.067726516110137709e+03
1.033289964534062165e+03
1.024884885408978107e+03
1.026819155743260808e+03
1.028057077453117245e+03
1.113571931256036123e+03
9.821266162779830893e+02
1.020297940899130253e+03
1.037353369921315789e+03
1.119577670477686297e+03
1.034305549319230295e+03
9.502751239904850991e+02
1.074302033448709381e+03
9.573735602077276781e+02
1.145403948406676818e+03
1.061089364945314856e+03
1.035588026089064442e+03
9.464771611486037273e+02
1.122652759267248712e+03
9.542283772980277945e+02
1.068694203906778739e+03
1.043420805862554744e+03
1.104283295491517947e+03
1.046492127720272492e+03
1.093434801134782447e+03
1.017367810314308372e+03
9.969945713378862138e+02
1.062422327785056495e+03
1.019544363846413830e+03
1.082207909378967088e+03
9.803094007627865949e+02
1.043072723858309701e+03
1.031787817201998223e+03
1.000593155966610084e+03
1.036716112424948733e+03
1.100406017956976257e+03
1.036599135181454812e+03
1.044494007700714292e+03
9.737623508031590518e+02
1.044904081284180165e+03
1.024533215483312915e+03
1.026130364228145936e+03
1.095005220339138305e+03
9.801455480510076086e+02
1.018065785567852117e+03
1.100461771253644201e+03
1.008198908801573566e+03
1.014856988898954796e+03
1.128122920036564665e+03
1.134092558789290251e+03
9.956675915593906439e+02
1.010897648094294027e+03
1.015588404508080430e+03
9.687246751940978129e+02
1.162764860987477959e+03
1.100339075333931760e+03
1.036864326011261028e+03
1.023839924745821691e+03
1.048513707443176600e+03
9.464263922646536003e+02
1.148503098140843576e+03
1.020662282767497572e+03
1.054728814606801279e+03
9.920871429651459721e+02
1.046387526932222499e+03
1.048206812678571623e+03
1.060786198122363658e+03
1.024680996039993715e+03
1.107249690584506880e+03
9.676958349655562870e+02
1.132816146624995326e+03
1.070238438241310632e+03
1.072757830433808522e+03
1.009333604109266048e+03
1.058565967120018968e+03
1.104932846761117617e+03
1.009301335035187776e+03
1.098641385659374464e+03
9.699786089953034889e+02
9.925103606320780045e+02
1.084405706894043078e+03
1.063671642977345982e+03
1.068066613979593285e+03
1.077811648931572108e+03
9.699016881182790257e+02
1.182187035028813170e+03
1.055245315771951482e+03
1.113840806346001955e+03
1.035022967503292875e+03
9.655324040601817615e+02
1.043907198089971871e+03
