1.105804103071601503e+03
9.759992851959806330e+02
1.057096594355640264e+03
1.040697913148037287e+03
1.094250842277263700e+03
1.086340827999226576e+03
1.019252191092124690e+03
1.025145936499593745e+03
1.058472350630781875e+03
1.087181659419585685e+03
9.424702840737635370e+02
1.076785236424421782e+03
1.161590262489252154e+03
9.642839697329154660e+02
1.114673222677780132e+03
1.081503814277579067e+03
1.090271251562380712e+03
1.065686575940743069e+03
1.102297142307113972e+03
9.542343250915884028e+02
9.748140064583262756e+02
1.088766722318941447e+03
1.047776209751327542e+03
1.111348849539312596e+03
1.124342330674231789e+03
1.074641540154213999e+03
1.018773771535393053e+03
1.092270684052913566e+03
1.105080313148569530e+03
1.076646656393932517e+03
1.011972864584203080e+03
1.159319951601847606e+03
1.071450517403855201e+03
1.044942944168503800e+03
1.062847541536195422e+03
1.051327804324355384e+03
1.047134394965479260e+03
1.088657986564549901e+03
1.033740934128282561e+03
1.065913311712460199e+03
1.104659134949080681e+03
1.028979888828160256e+03
1.087390945283387737e+03
1.069437287863257097e+03
1.134099487674347529e+03
1.047766253914414392e+03
9.697886489435232988e+02
1.232919973135935379e+03
1.026690376816490698e+03
1.109070018086538312e+03
1.072564063361625813e+03
1.117463547476218082e+03
1.041924086943932480e+03
1.038189382182223653e+03
1.104688322270879098e+03
1.030674321798490382e+03
1.144047449097655090e+03
1.087911667665805908e+03
9.513768364193304024e+02
1.028499302512548638e+03
1.083961671062575078e+03
1.056810413258303242e+03
1.024569480805125977e+03
1.128449146794330318e+03
1.072944740239343901e+03
1.038078383505942838e+03
1.023546653739970679e+03
1.143493949851649631e+03
1.114945630786239690e+03
9.824041368802249963e+02
9.876511160978899397e+02
1.189776053554587634e+03
1.049378380524159411e+03
1.052319061059612068e+03
1.105487873626545934e+03
1.030862871122466913e+03
1.042951629647337768e+03
1.180390847844959126e+03
9.767604082577490772e+02
1.096457980368149492e+03
1.102700663866298555e+03
1.117901898323327941e+03
9.912722665063225804e+02
1.063624998045809662e+03
1.102601503223926557e+03
9.569702712891878491e+02
1.111052224348218715e+03
1.069256541472117078e+03
1.038303990790298485e+03
1.109449356218918865e+03
1.168517608780944329e+03
1.002146876731692828e+03
1.158256486616037819e+03
9.635563751011326303e+02
1.020192891915192831e+03
1.061483612454787590e+03
1.016572875414638929e+03
1.024929851861546922e+03
1.045113854632312496e+03
1.038997593998306229e+03
1.042202134235666790e+03
1.032317681998525359e+03
1.068010101005381330e+03
1.174588698987057796e+03
1.021244550369744957e+03
1.184262455167068310e+03
1.037950772868124886e+03
1.124673883935346566e+03
1.094298945120734516e+03
9.859380619660693128e+02
1.020001579525604711e+03
9.661875334374594786e+02
1.147957865136725559e+03
1.025997210047291901e+03
1.089432694179543205e+03
9.950794519502588855e+02
1.010532282049453443e+03
1.020417556122510291e+03
9.363446994563455519e+02
1.221007619748443403e+03
1.030365120538557221e+03
1.025534682318892692e+03
1.053933406999145291e+03
1.033947692925995852e+03
1.047462204637661216e+03
1.103481004338963203e+03
1.149814462956586794e+03
1.054567635230015867e+03
1.118799347619896480e+03
1.040822194680183429e+03
1.064564872832714855e+03
1.123800839559660972e+03
1.095313491781479343e+03
1.046172796162492432e+03
9.731188751908416634e+02
1.142016136952537181e+03
1.061173174402152881e+03
1.139542819296702874e+03
1.017777787880875962e+03
1.025457896524231955e+03
1.054307239554133048e+03
9.964057314376835848e+02
1.149858791431549889e+03
1.016869515770155772e+03
1.213652503098670422e+03
9.579893427909861430e+02
1.032895819597637001e+03
1.115069341187444252e+03
1.014670616562469377e+03
1.121254247625101243e+03
9.508917502835161031e+02
1.100607610883101188e+03
1.101491318408161305e+03
1.050603954658523890e+03
1.050954704974104288e+03
1.126347466428622738e+03
1.053836385751771559e+03
1.027253964759866449e+03
1.140819307174751202e+03
1.062918236382969326e+03
1.197193030787313774e+03
9.530750235493022728e+02
9.940123249260864213e+02
1.107413597201513085e+03
1.014559957358265137e+03
1.136935712318641890e+03
1.076805572749764906e+03
1.067972350920752433e+03
1.119182688371811992e+03
1.036656006620938797e+03
1.047615148708021934e+03
9.589555241932054059e+02
1.028877585959238104e+03
1.064195615041215206e+03
1.093910192442136122e+03
1.121299846058363073e+03
1.051649812853676394e+03
1.120521174385022277e+03
9.564563949806610026e+02
1.153465795078589508e+03
1.167864736744264746e+03
1.048236447733354680e+03
9.992748218640826963e+02
1.086896176106129815e+03
1.040567735081528326e+03
1.044298821383423274e+03
1.021401078920947612e+03
1.100367958587089561e+03
1.006682974215669560e+03
1.134546154391716300e+03
1.067670226900803755e+03
1.078662722568336903e+03
1.112894821209245038e+03
1.067477427323819484e+03
1.012980047125507895e+03
9.677748086319552385e+02
1.069070908950138346e+03
1.017012465079636286e+03
1.070015568807100863e+03
1.015341169658139620e+03
1.133724429938204366e+03
1.004321577824150381e+03
1.066152690471384631e+03
1.028020316136437032e+03
9.959616414853152264e+02
1.075163243295052780e+03
1.035703271414500705e+03
1.255341834566632770e+03
1.074731651406390256e+03
1.028107205788332521e+03
9.869786428080160476e+02
1.062978310818449245e+03
1.050618462073702403e+03
1.052370353839650534e+03
1.173994425850851030e+03
9.410140642976867866e+02
1.074286390016191717e+03
1.047518664324300062e+03
1.050029578906552615e+03
1.139910344831703696e+03
1.102618141011795615e+03
1.044284943959679822e+03
1.027425563812952078e+03
1.088261521070482559e+03
1.093144258364401594e+03
1.113535846198889431e+03
1.008722550686900718e+03
1.026466070827300427e+03
1.012018472022545780e+03
1.035725818395977512e+03
1.033061013037257908e+03
1.079847755129974075e+03
1.061277151514198067e+03
1.019516272167800253e+03
9.349872342039352588e+02
1.208068379745413495e+03
1.057273050395831888e+03
1.006539817610530463e+03
1.084521157336322403e+03
1.112062914237607856e+03
1.128403274177497678e+03
9.675192381673987256e+02
1.136077249449102510e+03
1.000145903874706391e+03
9.773120711210265199e+02
1.099976074498702928e+03
9.819793553211688959e+02
1.072298600953299228e+03
1.126609393312801103e+03
9.941452705907506697e+02
1.060299250615876645e+03
1.149054163344762401e+03
1.113797007288628720e+03
1.039712815069393173e+03
1.060685968492477969e+03
1.085625116438614668e+03
