1.253775228658744027e+03
1.015805215745813712e+03
1.141680799119852054e+03
9.512817776558003970e+02
9.950084671853973077e+02
1.075322018755168074e+03
1.178748467993622171e+03
1.044153173861126106e+03
1.088674903710024410e+03
9.927925228617831408e+02
1.064817892552031026e+03
1.097073937439976135e+03
1.134882927624342756e+03
1.062626991560079205e+03
1.086644052845105307e+03
1.025836783459600611e+03
1.113897006338651181e+03
1.192408684624375837e+03
1.023823523541412214e+03
1.046061174042318726e+03
1.013696707797535055e+03
1.052397995320413429e+03
9.904893446864710995e+02
1.157161590504865217e+03
1.070603052252756015e+03
9.881614744355090352e+02
9.305941705994505355e+02
1.232258659994768323e+03
1.092055569382783688e+03
1.070069797603025108e+03
1.060211366808484172e+03
1.173595029680663629e+03
1.135787872303846825e+03
1.108627571849600145e+03
9.926367211547126317e+02
1.102270903403068132e+03
9.993702319600807868e+02
1.103357437580941223e+03
1.063006099908667920e+03
1.090243764283115524e+03
1.071649566839140107e+03
1.018161599441272529e+03
1.006074802317861781e+03
1.182218111211577707e+03
1.089979526028350847e+03
1.003348075233465579e+03
9.756055647476059676e+02
1.164746986770161129e+03
1.080743512848061073e+03
1.029588668161556370e+03
1.105518553736611011e+03
1.093895541789416939e+03
1.026382519389030676e+03
1.100475316581159859e+03
1.159030075139424980e+03
9.939226341206443749e+02
1.119915824966288483e+03
1.144041998025078101e+03
1.074613000352578638e+03
1.007255531688143037e+03
1.080704913519116872e+03
1.007686397484881581e+03
1.111071004804899985e+03
1.131039816423837692e+03
1.119392424521488920e+03
1.071633811134418693e+03
1.023226405454067617e+03
1.127521739003782159e+03
1.051668508964967486e+03
1.118774159300586234e+03
1.055267673262049811e+03
1.124835753590853756e+03
9.859742865868066701e+02
1.072511580902057176e+03
1.151419896403629764e+03
1.082136101097047913e+03
1.025718656675811417e+03
1.090461142460413384e+03
1.046124947432959516e+03
1.066414246962819107e+03
1.213952361824095306e+03
1.008799109713019334e+03
1.005825394833413839e+03
1.093551376278245016e+03
1.109736832935574512e+03
1.027670629843120196e+03
1.098457211242595804e+03
1.130293748304066412e+03
1.147477870531218286e+03
1.026763262356644645e+03
1.178878648924886193e+03
1.011003170339112671e+03
1.173460124897625974e+03
9.883979215726476468e+02
1.062567973532463839e+03
1.114646403131788247e+03
1.101514543273072377e+03
1.011151461746359018e+03
1.050875095572840564e+03
1.096373881995835518e+03
1.181254005049016314e+03
9.775977170762899959e+02
1.053534411902939610e+03
1.172275829591985712e+03
1.117781146280383837e+03
9.900791113446804275e+02
9.948571701380419654e+02
1.111388310782217104e+03
1.080515836840050724e+03
1.072827007941214106e+03
1.076853093166858798e+03
1.032625992585534959e+03
1.105941645979125269e+03
1.073566899546997092e+03
1.044638527004389061e+03
1.049917538492136146e+03
1.042167881759773309e+03
1.110635436240622539e+03
9.589230959873281108e+02
1.128967993969642976e+03
1.022424931098288198e+03
1.114011244284816030e+03
1.056113554448002105e+03
1.073901925856004709e+03
9.554411261544207719e+02
1.076275185363842411e+03
1.179351764625989290e+03
1.103132448323744939e+03
1.119824771529000373e+03
1.002380183182285919e+03
1.082047113629085970e+03
1.154742258040997967e+03
1.067495970374943226e+03
1.014297862796454069e+03
9.454800677251374736e+02
1.177528634405477533e+03
1.224847766551022232e+03
1.131947718325203368e+03
1.057181061484965994e+03
1.056190400280575432e+03
1.065039429040833284e+03
1.022344473715004028e+03
1.086168723647418574e+03
1.098491156536442304e+03
1.073971041942572356e+03
1.040093882806090051e+03
1.115631908726608572e+03
1.013973412905907367e+03
1.119876150240241259e+03
1.090710492961981799e+03
9.897663246264467034e+02
1.063553158695847515e+03
1.063061914971119904e+03
1.044872229395476097e+03
1.076730712206589942e+03
1.037217102647751744e+03
1.076926289457985831e+03
1.091243691715263594e+03
1.206498905698153067e+03
1.056754711236000048e+03
1.182028631015080009e+03
1.052446334111797569e+03
1.005847332036601301e+03
1.001433769460851295e+03
1.028800337538587883e+03
1.015344920725487100e+03
1.102482447107928692e+03
1.050891840976581307e+03
1.033299682919385077e+03
1.095736435407515501e+03
1.178989025615965147e+03
9.909448517543130492e+02
1.093583100546463584e+03
1.045437657178405289e+03
1.174556804073242574e+03
1.061037283313882881e+03
1.114687022240350643e+03
1.085819265055568849e+03
9.655091672016415032e+02
1.216460759119150907e+03
1.081122058746879247e+03
1.032827511264543546e+03
9.772590839784711534e+02
1.170358993586359475e+03
1.051030460636826774e+03
1.126920281378441814e+03
1.040817818906416505e+03
1.119603113598048822e+03
1.053791861164596185e+03
1.159506500963227609e+03
9.848004768911217752e+02
1.168439463152118378e+03
1.151464794101945472e+03
9.815290185603239479e+02
1.031152886204357856e+03
1.076687821171255109e+03
1.190863292713873761e+03
1.060917550820918677e+03
1.036963169418320604e+03
1.042712383592871447e+03
1.148759758036540688e+03
1.099637329574254636e+03
1.040895855558495896e+03
1.016420039481311733e+03
1.101492553063585774e+03
9.826884913504910628e+02
1.075214794571635593e+03
1.266833504646825077e+03
1.026913010914882534e+03
1.066908590308109524e+03
1.182175120364176337e+03
1.065386960439116137e+03
1.013630383740624779e+03
1.144755182728050613e+03
1.144966965545129597e+03
1.032996609948639389e+03
1.107977994152914107e+03
1.104330004707630223e+03
1.031882088752694699e+03
1.126386675936504162e+03
1.079088156733190317e+03
1.136954456994392785e+03
1.021520235467850853e+03
1.156620273777187776e+03
1.004413035652453914e+03
1.213264819997597442e+03
1.075693090347860561e+03
9.920121545255531146e+02
9.879563496875406372e+02
1.068936098226682361e+03
1.018993669901749740e+03
1.174505279790195800e+03
1.095551308661956909e+03
1.106149717591721128e+03
9.680254520045355093e+02
1.197415074248310248e+03
1.019988226240376434e+03
1.080804865045105544e+03
1.025706783099499035e+03
1.083694504054015397e+03
1.113769700943990074e+03
1.020325777550990438e+03
1.144522728323386445e+03
1.046157837192643001e+03
1.147185436209854970e+03
9.767786433222304368e+02
1.010433396482634407e+03
1.119463143824591498e+03
1.081007287011843118e+03
1.005691750618699757e+03
1.022355883871669903e+03
1.114431403555681754e+03
1.171074679230674292e+03
9.898526825642677522e+02
1.065839700002205973e+03
1.184059116357451785e+03
