1.128469999799887319e+03
9.575632663488198659e+02
1.064431992615509444e+03
9.906212636573601458e+02
9.705999541420884498e+02
1.181790160393681617e+03
1.179735574071199608e+03
9.286417418391667979e+02
1.019533179935383259e+03
1.113511858272422387e+03
1.094901857325122364e+03
1.056267802109937975e+03
1.107780031372167059e+03
1.084521817892821673e+03
1.097489357243500763e+03
1.000722566678228645e+03
1.063584150128548345e+03
1.138126258958027165e+03
1.036317467263264007e+03
1.046462069157762699e+03
9.390373845922680403e+02
1.145526292760343949e+03
9.950949975123022568e+02
1.099657709194886593e+03
1.067259614992144179e+03
9.797583604926551288e+02
9.597706235098901288e+02
1.182627967454238842e+03
9.789061635536977519e+02
1.108643878012315554e+03
1.006842058751000536e+03
1.193397348622554773e+03
1.091505002738162148e+03
1.041956767710729082e+03
1.026842964967520174e+03
1.057800383356708608e+03
1.015275231693132127e+03
1.149228749769496062e+03
9.673024699578820673e+02
1.098320277599359542e+03
1.071646903022642164e+03
1.041894747695894921e+03
1.045178888538754563e+03
1.172633871073269347e+03
1.010395589480630633e+03
1.105531453133161449e+03
9.701952694676633655e+02
1.134095384758181353e+03
9.752805345916685837e+02
1.102431124587186787e+03
1.094866754551805570e+03
1.104064519767468710e+03
9.892073140687929254e+02
1.161906984584405564e+03
1.152671841854078366e+03
9.574042905060397288e+02
1.047671347807369557e+03
1.180818313829550789e+03
1.001270566721222394e+03
1.058613135220121194e+03
9.864476312265256865e+02
1.103632016935781394e+03
1.086811161289992015e+03
1.087102615177859434e+03
1.070866192431649552e+03
1.136601722747289614e+03
9.935995195224527379e+02
1.026940399151409338e+03
1.007039773538508939e+03
1.163081527976874440e+03
1.043461483064719914e+03
1.101218942196318721e+03
9.782884194791838581e+02
1.070890528751774582e+03
1.195786577112672148e+03
1.182614165375089442e+03
9.192582011380578706e+02
1.162855135288682050e+03
9.929643223622691721e+02
1.012581497771165232e+03
1.082943627080925580e+03
1.035467372431214699e+03
1.056389445550729533e+03
1.083055721995349359e+03
1.132965958908020866e+03
1.074540613150588797e+03
1.108230826789872481e+03
1.118188415555032407e+03
1.053399118091587297e+03
1.064579973036821684e+03
1.090190806225515644e+03
1.037130543723765186e+03
1.083049870828524035e+03
1.058063545138642439e+03
1.125614798440727554e+03
1.080362152124419026e+03
1.044670804208097707e+03
1.083647092826371136e+03
1.026747852343754403e+03
1.165268399195071652e+03
1.138488459524979589e+03
1.091449402943524547e+03
1.063894420968567829e+03
1.071672823318939663e+03
1.056462401880115067e+03
1.053228944542377121e+03
9.997954023263730505e+02
1.117600706209198734e+03
1.044560544480252474e+03
1.118948535572531227e+03
1.071970835517173100e+03
1.061315122950000159e+03
1.120399845665326211e+03
1.044284877649989994e+03
1.012638317475199528e+03
1.034094432533313920e+03
9.754909062332642407e+02
1.197451833557269765e+03
1.054896541570863519e+03
1.106008337678487351e+03
9.644034337349511361e+02
1.063449727007259298e+03
1.116632309754107155e+03
1.042141772769341287e+03
9.471078188825961206e+02
1.159315833348990509e+03
1.123104816070469951e+03
1.077172268816647374e+03
1.060457323938759146e+03
1.046803398856525519e+03
1.053454148989576652e+03
1.131573123687478528e+03
1.022836504101359083e+03
1.061372929916770545e+03
9.814758709810657820e+02
1.149383109604353876e+03
1.051276882617406045e+03
1.184558918831043684e+03
1.076906881917289638e+03
1.080504090888882274e+03
1.110495938978015829e+03
1.040407322384755616e+03
1.015855834294809029e+03
1.074981841341809968e+03
9.821339638233686173e+02
1.047940672150790533e+03
1.169833278079291631e+03
1.068086842256710952e+03
1.056307693457826417e+03
1.210932193636170268e+03
9.776472801980639815e+02
1.056367145094293392e+03
1.080793951757907053e+03
1.105437029157477355e+03
1.080022837546419396e+03
1.035603495939827098e+03
1.027354715496391691e+03
1.123942166695648666e+03
1.125135239353486213e+03
1.063942586274931273e+03
1.084891787676838476e+03
1.051408973543493630e+03
1.109071397778993060e+03
9.679004314292656090e+02
9.957029783727075483e+02
1.133432285208462417e+03
1.031553420546297730e+03
1.045868645236760585e+03
1.015781524687026945e+03
1.071769660105832145e+03
1.101001856480479546e+03
9.650033123512358770e+02
1.015527254648624307e+03
1.117276782133651523e+03
1.147230358812068516e+03
1.066944422422377556e+03
1.026000467438690748e+03
1.134367178339955444e+03
1.023083265966764429e+03
1.147244848617877324e+03
1.065981629185038173e+03
1.022883779490649886e+03
9.789487851492308437e+02
1.191887735958081294e+03
9.997191514575838482e+02
1.142533842200847857e+03
1.032610035824950501e+03
1.147147970332478963e+03
1.110081149042125389e+03
1.159521186892552805e+03
9.329521368635408862e+02
1.125035828501961078e+03
1.123996643097790184e+03
1.055036198933054266e+03
1.093959484136376432e+03
1.031951882294318693e+03
1.094235759804144436e+03
1.057059636532296054e+03
1.015392965033807059e+03
1.096090568519161479e+03
1.091392134071916189e+03
1.097234775143960633e+03
1.084554872834816251e+03
1.016894613949119048e+03
1.069598173737583693e+03
1.045938397284563962e+03
1.001005997824689189e+03
1.196100346873003218e+03
9.326147604099244290e+02
1.086627317552531167e+03
1.147792357106483905e+03
9.691041354073374805e+02
1.019296274014649384e+03
1.125497334935888830e+03
1.093745472562558234e+03
1.064174208799939834e+03
1.055723961874529778e+03
1.163921068774871628e+03
1.009901236725663239e+03
1.116288853963988458e+03
1.107440206462618789e+03
1.161877137756762068e+03
1.055680362831159073e+03
1.048754327688327521e+03
9.331663174998905106e+02
1.280905180002153429e+03
1.098063421840066667e+03
1.015894233185555890e+03
9.762516644115005420e+02
1.048189932441546489e+03
1.069242283996402875e+03
1.119060537380940559e+03
1.004822694883205941e+03
1.145783391110566754e+03
1.012868421783887811e+03
1.210967374149118768e+03
1.018929508619897661e+03
1.097030225904727104e+03
1.000628048031072240e+03
1.025425315867408244e+03
1.045455881443062026e+03
1.004445858733828800e+03
1.096454080149247147e+03
1.008825667582721621e+03
1.062585977281844634e+03
1.160266322798086094e+03
1.045546618727476698e+03
1.107326248385128338e+03
1.008795324457502602e+03
1.046263500516605063e+03
1.103085091795886001e+03
1.095572476251253192e+03
1.184377898281554963e+03
1.013613384436594629e+03
1.004670666017147596e+03
1.163537078124670188e+03
