1.079725603865536641e+03
9.415166320280770833e+02
1.028755500270551238e+03
9.780119343503256459e+02
1.006892850995920071e+03
9.827340613736191699e+02
1.022580950962263501e+03
1.024292695712198110e+03
1.000643184650082958e+03
1.069889094573244847e+03
1.018472281268278721e+03
9.558525226362094145e+02
1.018403252975032501e+03
1.040983010673140143e+03
9.847020380745900638e+02
1.024289482419076649e+03
9.869406398160747358e+02
1.065447135796986231e+03
1.045654771665273984e+03
1.021988667577897900e+03
1.040884881254879019e+03
1.007328327610630822e+03
9.559995341318335704e+02
1.026427583250170755e+03
9.787677906545617361e+02
1.040010880075395335e+03
1.057878965958275330e+03
1.024939454046411356e+03
9.828595778225894719e+02
1.027999918153943554e+03
9.787661089330182449e+02
1.004151367642377409e+03
1.011329921355037754e+03
9.375553910381579499e+02
1.039675811840815186e+03
1.008510515386925135e+03
9.799561162603259845e+02
9.657381340114104660e+02
1.021896327192510398e+03
1.099265699314670201e+03
9.593231695215085892e+02
1.028270736471911732e+03
1.010219272972378803e+03
9.819909603646208325e+02
1.106238736668835827e+03
1.031498149586973113e+03
9.740129593491940341e+02
1.046622077615746093e+03
9.588832133900926920e+02
9.881402298557969743e+02
1.092474831539680963e+03
1.026620171578426607e+03
1.018099551291010812e+03
1.045516035917027466e+03
9.767834920671747341e+02
1.027247967890795508e+03
9.251770992327633394e+02
1.153503070942957038e+03
1.010109978671742169e+03
1.042073201345467396e+03
1.008884295812837991e+03
1.069776357567365494e+03
1.007578363601132992e+03
9.231895767470484770e+02
9.543165778977253240e+02
1.041488933568730772e+03
1.078924080584888543e+03
9.687415404749606296e+02
9.700705045976492329e+02
1.061303442622245029e+03
9.960882971824023571e+02
1.083059846124926025e+03
9.909174931627867409e+02
1.010625731272077928e+03
1.042329188572150770e+03
9.993720388543409854e+02
1.045824881269777734e+03
9.644188521990049594e+02
1.030856232160686886e+03
1.052511448028477162e+03
9.686977083725121247e+02
1.022058967993903252e+03
1.088424103392311736e+03
1.006112819074057484e+03
9.736920837339264381e+02
1.114139842441547444e+03
9.837246641474561102e+02
1.021704874232431735e+03
9.556226710600069509e+02
1.085032091617335482e+03
1.009682542464783182e+03
9.642381294648571384e+02
1.158121966567309983e+03
9.461868252410550895e+02
9.334949828624800148e+02
1.015528810134122068e+03
9.239487176855056987e+02
1.058079371700728643e+03
1.027463703236803894e+03
9.994898191183521021e+02
1.018122607464040811e+03
1.048852430870584385e+03
1.019253991590981400e+03
1.055737407736093019e+03
1.052335660875856320e+03
1.045119856403069662e+03
9.788068330874839376e+02
1.036963148653769622e+03
1.063566975186147829e+03
1.021655992308764326e+03
9.259150989830254730e+02
1.132937419187874639e+03
9.963814410934179477e+02
1.009214203215994416e+03
1.086740566382940187e+03
9.779055170878746139e+02
9.670884303428383646e+02
1.005138869732995090e+03
1.006176459432018760e+03
1.024238195545489816e+03
1.010767265611787707e+03
1.072277619862372376e+03
1.065422511618529825e+03
1.005259671470769717e+03
1.007340186392811347e+03
1.049845566517508814e+03
9.725671739855421265e+02
9.359267695140298429e+02
9.750263768564948350e+02
1.000514113037148377e+03
1.005026139004438960e+03
9.936390896327939117e+02
9.810930308963487505e+02
1.100165863964684604e+03
9.934436152875059634e+02
1.024515045379689127e+03
1.040666294542186506e+03
9.721248444971578238e+02
1.046732315190297186e+03
1.028393086333207975e+03
1.023437568393511810e+03
1.014615765509531457e+03
1.055801686996442641e+03
9.917257804221964079e+02
1.020927804929165291e+03
1.080059726538642735e+03
9.978097851407255803e+02
1.022202644543661904e+03
9.228820025790951149e+02
1.153624780454265419e+03
1.073697293400061881e+03
9.652645722931865748e+02
1.005868509388009670e+03
9.737791937962851989e+02
9.917539378230862894e+02
1.067654757302265580e+03
9.659388078750693012e+02
9.641908886131200234e+02
1.017566871114453193e+03
1.031188981113964019e+03
1.090526317698074763e+03
9.819003522278007949e+02
1.051867428176510657e+03
9.979496301693159239e+02
9.091363219619313440e+02
1.204330274078972934e+03
9.966570803053052714e+02
9.503516591515827940e+02
9.631212891613489546e+02
1.020323946519131482e+03
1.034943625254268909e+03
1.079819961760731985e+03
9.788860623599853170e+02
1.012456339564387463e+03
1.059705551122773386e+03
1.020701354685674687e+03
1.018056628799505688e+03
1.044058459544720563e+03
9.834009047648103206e+02
1.037706182877782794e+03
9.737356037818256027e+02
1.081829090278375588e+03
1.008730585174030466e+03
9.927097136722736650e+02
1.012127532294421599e+03
1.056622213447593140e+03
1.007944656942051438e+03
1.110979412035487258e+03
9.353303968632535543e+02
1.064933202979251746e+03
1.006570867517910642e+03
1.024601087096789570e+03
1.051731471680592904e+03
9.594298379582227199e+02
9.798162284377801825e+02
1.073596067222886177e+03
1.044934084556379730e+03
1.078606453988114936e+03
9.672030068336825934e+02
1.046762910380534322e+03
1.004719941705424844e+03
1.076156322650758057e+03
1.056465530830450462e+03
1.054385167482816314e+03
9.788976316310490802e+02
1.057381203046526252e+03
1.023969484987134138e+03
1.046559880492612365e+03
1.123859492919973036e+03
1.009097808133436615e+03
1.026551939115069899e+03
9.894506126458265953e+02
9.287773703409311565e+02
1.120071907923323124e+03
1.105970150711711312e+03
1.004052627525528351e+03
9.390432069329302749e+02
1.059920959804911035e+03
9.980753280002793417e+02
1.064312165025365857e+03
1.019990386535233256e+03
1.034164723108291355e+03
1.102321306267148202e+03
9.805513590752727850e+02
9.685850332504796825e+02
1.025828001234441672e+03
9.993534643626596790e+02
1.054670598430718201e+03
1.017661599524983899e+03
1.065967715016440479e+03
1.005601697070485898e+03
1.042715420090692533e+03
9.987447322877668512e+02
1.025199151031540623e+03
9.894317427753671836e+02
1.020403006628298272e+03
9.310880872780867321e+02
1.103283062125488414e+03
1.040850801470642864e+03
1.023368025299228975e+03
1.008365069293253100e+03
9.897327853451197370e+02
9.770283508989180064e+02
1.058314428892678279e+03
1.026259730219562243e+03
1.033327408071834725e+03
9.960585291343730887e+02
1.046816763132677579e+03
1.023364440047402468e+03
1.011923243103090499e+03
1.047497895153405807e+03
9.967524090818623108e+02
9.204608439078333504e+02
1.006606884512814077e+03
1.037358705200569830e+03
1.079956683814013104e+03
