1.493243196434137872e+03
1.066401879793608032e+03
1.044542079243509988e+03
1.230324478844209125e+03
1.071976606456174977e+03
1.213517474871636068e+03
1.190217038866288931e+03
1.135027137269439663e+03
1.078797815308259032e+03
1.149554772413420551e+03
1.064583657660841027e+03
1.178369714873809471e+03
1.267611923077082793e+03
1.069885533310043684e+03
1.164944403425661676e+03
1.255059535223899047e+03
1.170392688859390773e+03
1.242534968866957570e+03
1.066497093312626703e+03
1.180269232464366269e+03
1.083262637961279779e+03
1.205411923632474554e+03
1.093708089028243648e+03
1.214176904165860378e+03
1.134433818668748927e+03
1.189593590480114017e+03
1.015764010889275255e+03
1.257388520894665362e+03
1.107734647227646974e+03
1.234189943510899866e+03
1.145780545432625786e+03
1.231718626479816294e+03
1.137590532478696332e+03
1.258820061404868738e+03
1.028065098609509278e+03
1.149523485844822517e+03
1.173090705309409941e+03
1.130868139716613541e+03
1.061930974036531552e+03
1.273871414924385135e+03
1.228580413389188379e+03
1.029814029153083538e+03
1.058252907919606741e+03
1.321674693870757437e+03
1.042212335151389652e+03
1.213366184532368607e+03
1.106279726453008607e+03
1.294530861747418840e+03
1.200022501995964603e+03
1.149035210045999747e+03
1.102861632272689349e+03
1.250714309038483862e+03
1.154528715507670086e+03
1.183105138347012826e+03
1.129337902138371646e+03
1.136689938180942590e+03
1.231127104220774072e+03
1.159030415026217270e+03
1.057057216948987161e+03
1.167106404645654493e+03
1.074633520984041752e+03
1.207804326956242676e+03
1.154640404517725074e+03
1.281186058078436872e+03
1.154969054178492570e+03
1.241321373587921698e+03
9.413597393178345101e+02
1.229787979639846299e+03
1.036770430233930938e+03
1.093725591298018117e+03
1.129034834934445826e+03
1.338827774491551509e+03
1.144210682822627405e+03
1.162412911260350256e+03
1.192149751096283580e+03
1.284875805984119779e+03
1.119593956571528452e+03
1.256403438971368359e+03
9.934578101516150355e+02
1.149252855377105107e+03
1.141032082290597600e+03
1.151483432540017930e+03
1.114908907179309153e+03
1.158697177653562676e+03
1.234582730342386640e+03
1.128151597791770655e+03
1.046763499253140253e+03
1.176392659354294210e+03
1.241519890841451115e+03
1.096824377430549248e+03
1.118421471143101598e+03
1.171490066388638070e+03
1.097044569433600145e+03
1.109238790568662807e+03
1.212185673218675220e+03
1.251511229206830421e+03
1.189440686849351550e+03
1.104235873482285797e+03
1.108318279857901871e+03
1.226486391985011778e+03
1.105793859218323860e+03
1.142382541751761892e+03
1.054672723287273811e+03
1.202075550292443268e+03
1.227329430736773702e+03
1.221769601987636406e+03
1.035887917626976105e+03
1.183549937852939138e+03
1.129340300077037000e+03
1.080285494437441002e+03
1.152115831713537318e+03
1.218505717836913163e+03
1.290504345988007799e+03
1.104784986669414820e+03
9.991141147195883150e+02
1.242445661480930539e+03
1.023068706005813738e+03
1.294950017198441856e+03
1.089523212420698428e+03
1.240811500596057613e+03
1.045534489988923269e+03
1.236238078775559416e+03
1.041796295333541138e+03
1.201243467846580643e+03
1.226210097817037877e+03
1.118564097768158945e+03
1.152884719554082949e+03
1.276647099482575641e+03
1.260240782990272010e+03
1.165614882651915650e+03
1.000153124672318427e+03
1.246330802869991658e+03
1.010145872702472047e+03
1.158891141835275675e+03
1.127248943456380630e+03
1.320746325922330016e+03
1.014849760813782723e+03
1.287684699546123511e+03
1.125348797287963862e+03
1.120458624256419853e+03
1.243847564669065378e+03
1.083063944584528599e+03
1.013867110700753756e+03
1.196961676351663073e+03
1.122189052825719273e+03
1.053486893077811828e+03
1.132909353219629111e+03
1.254818566029566682e+03
1.169369000752325519e+03
1.216167776489245625e+03
1.019763936358850970e+03
1.158512125170560466e+03
1.250247265544197944e+03
1.233349608321437245e+03
1.055433037714082730e+03
1.170541627256992115e+03
1.151495608401527534e+03
1.049476822166217516e+03
1.186525226125199197e+03
1.252761734538391465e+03
1.151912682337497245e+03
1.129609509398959744e+03
1.170452017181856263e+03
1.180548491664620542e+03
1.160857051806336131e+03
1.121179935401897865e+03
1.084328687199906881e+03
1.230143531021056788e+03
1.251725862844717312e+03
1.076803268135749477e+03
1.065878401961125746e+03
1.179726866438982142e+03
1.137368298076989049e+03
1.153543613335802547e+03
1.183601794850253782e+03
1.163242199860275832e+03
1.130589201498763941e+03
1.325981931318570560e+03
9.884175415448594322e+02
1.262107149303985807e+03
1.113407165764783485e+03
1.081306865846897608e+03
1.028415489537803069e+03
1.281764524504188557e+03
1.061846431964785097e+03
1.146997838466286566e+03
1.087284657727489503e+03
1.237189931805912011e+03
1.137926778218085474e+03
1.261209825315523858e+03
1.041285581628800628e+03
1.286458282558714473e+03
1.169406823277485955e+03
1.193873081132453080e+03
1.121520885014411078e+03
1.209219760808519823e+03
1.194774753585499639e+03
1.046990433010476863e+03
1.087137585713496719e+03
1.202177065033455847e+03
1.208973674981388740e+03
1.139808728442458460e+03
1.140357184775008818e+03
1.109728115892782625e+03
1.117541145935869508e+03
1.089935638854523859e+03
1.035022694180959206e+03
1.276610600809998004e+03
1.042823329887153022e+03
1.195105496228181664e+03
1.170550335377135980e+03
1.179751489517419714e+03
1.168510472129408299e+03
1.116556894475045510e+03
1.093269841848648412e+03
1.260870538257811177e+03
1.203439264462475649e+03
1.151669922805199803e+03
9.623783786576949524e+02
1.208134960513635178e+03
1.151578683953307973e+03
1.226156579284661348e+03
1.117171403459268504e+03
1.263460836241620882e+03
1.184678639776767341e+03
1.268683376950297770e+03
1.109287927264279006e+03
1.165322589024146055e+03
1.073459048351366164e+03
1.158901487983239349e+03
1.052653665258430465e+03
1.354233564228993600e+03
1.090580488990722415e+03
1.219973038492465093e+03
1.034970660080299922e+03
1.335126314045796335e+03
1.136593217629231958e+03
1.166234615104300701e+03
1.032952072324869732e+03
1.225068200665264158e+03
1.221997431085450671e+03
1.027082548947835676e+03
1.107829230585125970e+03
1.208784142046788929e+03
1.048085686814994006e+03
1.198091784987181654e+03
1.159185845806018733e+03
1.203235883777251729e+03
1.131335107083943285e+03
1.252161818979034706e+03
1.186758977166373370e+03
1.128365740692301870e+03
1.282700081058794240e+03
1.074539913920548770e+03
1.037467060116180619e+03
1.286894537903471701e+03
