4.361355210941605037e+04
7.625651768370344143e+03
1.775735372685361290e+04
1.184552947831811798e+04
9.915080818434089451e+03
2.442096931660499104e+04
1.628460062851093244e+04
3.196204747579840841e+04
2.405220945611693242e+04
2.361360177008373284e+04
2.696152497290413521e+04
2.082401366513313042e+04
1.521607835239272026e+04
3.009037701236245994e+04
1.933239568869679351e+04
1.919157174116374517e+04
3.170719486593057809e+04
4.265247910424532893e+04
1.980794860066620458e+04
2.233058544167195942e+04
1.977869374438914747e+04
2.059287626444992202e+04
1.789447859836555654e+04
3.336433878144681512e+04
1.233954638399062605e+04
3.080833037475950550e+04
1.135446236986796794e+04
2.361202793578095225e+04
2.564080125400101315e+04
1.754075445992773894e+04
1.589772438030451303e+04
1.681240069479934755e+04
3.350947866618000262e+04
2.312299191534946658e+04
5.054083538195442998e+03
2.645543323640698873e+04
2.127045192698352548e+04
1.637742053042440602e+04
6.809886866436546370e+03
1.395581241017740285e+04
1.759935469180425207e+04
1.025158118430713876e+04
3.202983108707146312e+04
3.239849594778142637e+04
1.568012960618659054e+04
1.962857860208887359e+04
8.796810944450968236e+03
2.077757946369890487e+04
1.640319102118620503e+04
1.729145292058161067e+04
2.429590884582753642e+04
2.422137093244672360e+04
1.522216879065618014e+04
2.344707416356760586e+04
3.383047318624348554e+04
2.367777810929020779e+04
1.851287728300924573e+04
2.748981673403509558e+04
1.335107602921464058e+04
9.908460234025686077e+03
1.101329844606997904e+04
5.138314848410369450e+04
1.439505637878621019e+04
1.213934191008746166e+04
2.161523602771428705e+04
4.672743245953621226e+04
9.809086316830287615e+03
2.993536160215269410e+04
1.261949808959014626e+04
1.256557047821972083e+04
9.870171699316269951e+03
2.065175258431401744e+04
2.062396241531254054e+04
2.598523801749035192e+04
9.360261222043909584e+03
1.788630911067785928e+04
1.029308945576208134e+04
2.131805895961027636e+04
1.753461634702034644e+04
1.616424965082161725e+04
2.142113568019188097e+04
1.214519268300941985e+04
1.137275214896994294e+04
2.057532033471859540e+04
2.412417683261372440e+04
3.618831017039527069e+04
1.890795262037566863e+04
1.339133478170349372e+04
4.217529399726337579e+04
1.635593926558183921e+04
3.103302524927636114e+04
1.611871328995885779e+04
1.481678165456031820e+04
1.204226545570657436e+04
9.522345935002567785e+03
2.904812863701058814e+04
1.085865483608727664e+04
9.566521945658425466e+03
2.840854465235484895e+04
2.112902552975931030e+04
2.243111506469106826e+04
2.787248847726313033e+04
1.259893478842595323e+04
2.950258745350603203e+04
3.555931572013274126e+04
1.616402151732894527e+04
9.316560093406640590e+03
3.230870896444706159e+04
1.685402955335541628e+04
1.388624626383524264e+04
1.590374454946328115e+04
3.260426810908253174e+04
1.161737744690587533e+04
1.716291059126253094e+04
9.685288063597236032e+03
1.896939668351972068e+04
1.574482006118663412e+04
2.413411110317619750e+04
7.892623714201481562e+03
2.571034241985178596e+04
1.679851377822299037e+04
3.963189308543079096e+04
1.659373143887879996e+04
2.494257747478511010e+04
1.349077468645926638e+04
2.553517033236247880e+04
5.189301089670368674e+04
1.470881829447393829e+04
1.840478420649079999e+04
2.070579616785540566e+04
3.469308687063620891e+04
2.311441593756446309e+04
1.475839150451478235e+04
2.032701634307100539e+04
7.550979428652719434e+03
5.339449024575982912e+04
3.774399510528491373e+04
2.313788463537444113e+04
3.087401300206597080e+04
1.187210394154350070e+04
2.771825483210640959e+04
1.634402583222877001e+04
1.006652262026381686e+04
2.606172150116715056e+04
2.149755938304750816e+04
3.689998372650540114e+04
1.919553582093456134e+04
1.882509469814463955e+04
1.150902700842642844e+04
4.075192213345771597e+04
1.744865531655428276e+04
2.094450541856805648e+04
1.517987013818841115e+04
2.355403513675919385e+04
2.211097412288854684e+04
4.016884742365246348e+04
2.399703721802962173e+04
1.318313499109296390e+04
3.983402182641541003e+04
2.251512257397712528e+04
1.217264110207323392e+04
2.626538550932321232e+04
1.655263895962762035e+04
3.105617101435675067e+04
1.327831074706425716e+04
1.859847865690578692e+04
3.196125014409979849e+04
2.298579337733278953e+04
1.660976993243025208e+04
3.051259578773450630e+04
2.786935438454824543e+04
1.250378160392163409e+04
3.485275771664149943e+04
1.999081035469990456e+04
2.296987762909345838e+04
2.184000642914628406e+04
1.506491800941968904e+04
3.165533821193450785e+04
1.586356145303808262e+04
4.584945275366392889e+04
2.212277425526861407e+04
1.972126087360887323e+04
1.051825129472578737e+04
2.480426383862803777e+04
2.679625634175445521e+04
1.008648193593440737e+04
2.280562191494346916e+04
1.832347284750588733e+04
1.450060526983823002e+04
2.360746629991148802e+04
3.337584294110169139e+03
2.770515994433771630e+04
2.629880636328014953e+04
2.519213435929477055e+04
1.059805461533989364e+04
3.832539551755421417e+04
1.764343642224777432e+04
9.665434659690297849e+03
1.762413420815312929e+04
8.626728943411862929e+03
2.008269267869796749e+04
3.298026779271180567e+04
1.872326220059466141e+04
2.173754620015873661e+04
1.223700603683878944e+04
4.995626252497004316e+03
1.120756093290006720e+04
3.902509322803116083e+04
1.556266837030430725e+04
1.272786869603449850e+04
2.460069864899729146e+04
2.067773791062912642e+04
7.989373091144881073e+03
3.159068438819404037e+04
1.771088550828536972e+04
2.817901091114524752e+04
3.267605358001323475e+04
3.129981965916071204e+04
2.672473111892126690e+04
9.455547649104237280e+03
1.469498957817462360e+04
9.587877149231326257e+03
1.205423728469720845e+04
2.192512669500692573e+04
2.052113035566862891e+04
3.161080108946374457e+04
3.122088499378114284e+04
2.084353652117254387e+04
1.635371967810677961e+04
3.757953559860763926e+04
6.937013468533376908e+03
6.311035248685169063e+04
2.218139923308617654e+04
2.593757380851627022e+04
2.286004853048470977e+04
3.511055749926901626e+04
7.153805995613073719e+03
1.086651518895500158e+04
8.193856898508473023e+03
1.997615119671994398e+04
3.164232836362123999e+04
1.808832348858571277e+04
2.694695228348251476e+04
1.013066192417149068e+04
3.127221667907091978e+04
2.393667320532435406e+04
1.139778092118043060e+04
3.961307297919085977e+04
1.609861055907059927e+04
2.477365667552020386e+04
1.381384183087538440e+04
1.739000801039405633e+04
2.943291746826324015e+04
1.579718776366961174e+04
1.164380174155296663e+04
4.212851514451991534e+04
