3.307355478236146155e+04
3.212720571430120799e+03
2.592709431527018023e+04
8.523700920028808468e+03
9.963367638062547485e+03
2.011530975901011334e+04
1.074387447671625523e+04
1.302173632969375649e+04
2.135915668516494043e+04
1.078678558043685916e+04
2.114600942458391364e+04
1.641836688314536514e+04
1.644877322152294073e+04
1.716143409743383381e+04
1.457056342680389389e+04
1.119212615191746409e+04
8.415127262409143441e+03
2.948443124792995513e+04
9.608783574856239284e+03
9.362449944682786736e+03
1.741126068666595893e+04
8.016748241083152607e+03
2.718917233530545127e+04
1.640837648110670125e+04
1.097877104185123244e+04
2.027538420252280775e+04
8.968228327164924849e+03
1.930293680204968769e+04
1.155540713698629406e+04
1.749127771676729390e+04
2.009466930551903715e+04
1.237201449131974005e+04
2.155615889288494145e+04
2.188045356013883429e+04
1.438757135757905417e+04
2.112953720513316875e+04
1.410932739275295899e+04
2.532970516740940730e+04
1.939353881275816821e+04
8.950009044617596373e+03
7.065127771492433567e+03
1.374825815603534465e+04
2.175248440129694791e+04
7.553388353918776374e+03
2.278869835051033078e+04
7.782414763800573382e+03
6.192179889460111553e+03
1.639396810294301758e+04
8.008735433573866430e+03
1.359051987535814260e+04
1.715447959006671226e+04
1.616202104362908540e+04
9.187088928133440277e+03
2.897222775680510313e+04
1.980998625331263611e+04
1.546610938375655678e+04
1.471666513206231684e+04
1.516408605921410708e+04
1.594190549235498656e+04
6.970212414380232076e+03
7.376372211683823480e+03
3.287800186633759586e+04
1.097628324837231230e+04
1.485388330018112356e+04
1.364996139065678835e+04
1.607974802292467575e+04
1.463132050880238967e+04
2.854408520857378608e+04
1.697724998776031498e+04
1.437959604673270587e+04
6.410241866470006244e+03
1.102583165861076486e+04
1.001141027680559819e+04
1.391289150651021737e+04
2.136508519652948235e+04
1.312786403634651106e+04
1.031690996628716130e+04
1.673641912208906797e+04
1.837962435166419527e+04
9.582096403344645296e+03
9.245383793189783319e+03
7.522889982240365498e+03
5.310831819676544001e+03
5.357207181203215441e+03
1.159532852048727000e+04
3.008661933527558358e+04
2.638665990683501877e+04
1.023458574021807181e+04
2.561790205339623571e+04
1.215906096741870897e+04
4.406405873351661285e+04
1.015262699891845295e+04
3.285700909402335674e+04
1.185737366829703933e+04
8.438250614604243310e+03
1.898321774555190859e+04
7.870870098269864684e+03
1.134270732202982254e+04
2.278017045104837962e+04
1.109979235644635264e+04
1.114008837390986992e+04
2.092103254296963496e+04
1.205426401217072635e+04
2.353696516642739880e+04
1.371477594480832340e+04
1.122089570209250996e+04
2.003048127624740300e+04
1.682599750594687066e+04
6.031900680449636639e+03
1.971290412929156082e+04
1.061676014937747277e+04
1.662495416973576357e+04
1.776292839824744078e+04
8.887260649262610968e+03
1.019061771971886446e+04
1.204290682425645537e+04
2.670513531254867485e+04
1.436563400568747056e+04
8.660646814636203999e+03
1.763950586135386766e+04
1.095921858299506675e+04
1.083727895950366837e+04
1.495959938357889405e+04
1.164496257915237584e+04
7.123637987994147807e+03
1.475643544452510832e+04
4.704247340005041042e+04
6.190111670050992871e+03
1.120998114446912041e+04
1.263022951235104847e+04
2.834739559868170909e+04
9.848155412952242841e+03
8.655455107573096029e+03
1.006566608312778226e+04
3.880011739817048237e+03
2.819292715795874028e+04
1.996353727559088293e+04
1.571428352435574197e+04
2.890578438608331271e+04
5.413919057709415029e+03
1.087301189072555644e+04
1.558914984443267713e+04
1.359738665848694291e+04
1.579538306121580899e+04
1.615831342919324743e+04
2.354847060804706780e+04
1.437558028601062870e+04
1.436010461807964202e+04
8.047782017485785218e+03
2.050135627028457384e+04
1.289404265848297655e+04
1.558416514375103907e+04
1.061504564262085478e+04
1.569389952048147279e+04
1.379398760379364467e+04
2.597796386062239253e+04
2.224722887786643696e+04
7.804248961027726182e+03
1.955100022374770197e+04
6.736960272021830860e+03
1.711951272842860635e+04
1.097551939310949456e+04
1.899460854269431729e+04
1.952379357415611594e+04
8.192916769684041356e+03
8.805578758063349596e+03
2.690662048174712982e+04
1.207971475001743420e+04
7.835066210200834576e+03
2.628355733787563076e+04
3.284513902009991580e+04
1.471665535279027790e+04
1.810209727674486203e+04
8.388653629623126108e+03
1.371529508450870708e+04
8.674809435824739921e+03
1.306460360990357367e+04
1.625891621979174852e+04
1.926782366146270579e+04
1.723326220062287030e+04
1.730743099468281071e+04
7.290219148491187298e+03
1.089508839237108987e+04
1.575466657264677815e+04
1.196296009589183450e+04
1.730147391335352950e+04
2.315239968718092132e+04
1.126935387470698879e+04
1.566469293885827210e+04
3.231282852621669736e+04
8.134653744346786880e+03
1.768997732779164289e+04
1.377282973364347890e+04
1.158595008215697089e+04
8.597279003523461142e+03
2.165269063048432145e+04
2.212560112711250258e+04
1.311771236444591523e+04
1.075427687124210752e+04
1.417939383403962529e+04
7.046098358853760146e+03
2.127498547589853115e+04
2.776747050630802914e+04
8.679819857147984294e+03
1.233621891514851814e+04
9.751845439055321549e+03
2.057182787270643530e+04
1.536180882807293347e+04
1.491408820790659411e+04
7.551832316584524960e+03
1.834666521519326852e+04
8.574281997091595258e+03
7.526009987845427531e+03
2.518576483672728136e+04
2.141202750424286569e+04
1.571870873489038604e+04
2.215558587184862699e+04
1.719760967269875255e+04
1.809100806984412338e+04
1.107845817204380364e+04
1.655603703743615915e+04
1.498127760229009436e+04
1.036570549728604601e+04
1.922051421563860640e+04
1.309251570990276741e+04
1.701685459610630278e+04
2.067963230937178014e+04
4.746465998541429144e+03
1.743308779262869575e+04
2.128689405535587866e+04
1.142044213612679960e+04
3.574787033782380604e+04
2.627160540655595469e+04
7.391390654809743864e+03
1.532058718281991423e+04
2.131670366638261112e+04
8.161810284783789939e+03
2.090061787532021117e+04
1.268246665896761806e+04
1.463901105228776760e+04
1.350708930659432735e+04
1.442914783202283434e+04
1.901845285171332580e+04
9.010703493661643734e+03
1.447721728196356162e+04
8.004998437504615140e+03
1.474004142700380726e+04
1.908604928011983066e+04
1.228390496413374967e+04
1.251371218491024592e+04
1.164115342980393143e+04
1.285754015949555469e+04
1.431539903555296405e+04
1.523439922946855222e+04
1.035290297382964309e+04
1.480640561594389874e+04
