3.620441985476430273e+04
4.806490216355598022e+03
2.021835937249067865e+04
1.008893161421540935e+04
1.090709087039555561e+04
3.258462076185676415e+04
1.646708007386583995e+04
1.032443815741308390e+04
3.043710435369479092e+04
5.916038248978610682e+03
2.409880759247262904e+04
1.609860504923511326e+04
1.883124054963417802e+04
1.679701330824727120e+04
1.570891863594629649e+04
8.389672600492789570e+03
1.689376247693707774e+04
2.294223168511857875e+04
2.152547681329475745e+04
5.032072496607279390e+03
1.723434759925694379e+04
1.868639051503396331e+04
1.411876787610909196e+04
1.548842641997331702e+04
1.845307353507594962e+04
1.186600758825953380e+04
1.230153164332072993e+04
3.409417393321651616e+04
1.927977714709171414e+04
3.320091407846343645e+04
3.128526178342492494e+04
1.226533104669511158e+04
3.695291429146031442e+04
1.813958671241714546e+04
7.904435847403501612e+03
2.124287087611920288e+04
7.387356145656031003e+03
2.158366216879990679e+04
1.630859252569645469e+04
9.155933687905915576e+03
1.432807282672683141e+04
5.551355417250664686e+03
2.004871090924900636e+04
3.986952071609663835e+04
3.343539420850064198e+04
1.772491598154976236e+04
1.485623225582187297e+04
1.395981637302547279e+04
2.519354853308697784e+04
2.145438227170997925e+04
1.246368949737348157e+04
1.775811527222955920e+04
6.671096535685722301e+03
4.016119362901287241e+04
2.053318517344899374e+04
1.418037860390772767e+04
1.571540426573246441e+04
1.084454315964705165e+04
2.447471057367440153e+04
1.813251801359477759e+04
1.427955788470807965e+04
2.069897322199630798e+04
1.551326649532079500e+04
2.018486780079781965e+04
2.594884138578720376e+04
1.266080477067594256e+04
1.413880864476611350e+04
3.853352754146956431e+04
2.492240274866577602e+04
2.704307900846302437e+04
1.451966638138957387e+04
1.063561369441570605e+04
1.091194008419279453e+04
1.597684583712716994e+04
2.258263822310354226e+04
1.897809200361863986e+04
1.349343689148863086e+04
1.985456137930271143e+04
4.407084081680703093e+04
1.133534164754869198e+04
2.061188013737558504e+04
6.746230311299954337e+03
8.980878256625581344e+03
1.270886499280608405e+04
1.430385398587671807e+04
4.799724905980910262e+04
1.481090635769618711e+04
1.758006185409148748e+04
1.282687751499181104e+04
2.373558823720278087e+04
3.395616419564367970e+04
9.205816166318192700e+03
1.869904493617488697e+04
9.923952993160788537e+03
1.919162025817011090e+04
2.552371468801254741e+04
1.594939411250821649e+04
1.788143632586047897e+04
1.150480185993027226e+04
1.153227149408390142e+04
1.739456092797583915e+04
2.310847135389746836e+04
1.095541766267552885e+04
3.110491127553795741e+04
1.580572277989196664e+04
1.526182100023977182e+04
2.758370560339614531e+04
2.221172147776249403e+04
6.938852125691476431e+03
4.546226877335696918e+04
1.080006178937281766e+04
2.414540962870747171e+04
2.058718152546594501e+04
1.754845963309595754e+04
1.671085701990275629e+04
2.723909335104798083e+04
2.214670457711839117e+04
1.915212929884163896e+04
1.176247501992791513e+04
1.421059450083591219e+04
2.255525812448375655e+04
1.948129849760071738e+04
1.203418228367148549e+04
1.070089790031043776e+04
9.273335522710907753e+03
1.678491870080631634e+04
2.434027994496621250e+04
1.476507994154011249e+04
1.275769364396470337e+04
1.279569465404683615e+04
4.257566154138323327e+04
1.261270254315417878e+04
1.682738400594332052e+04
1.294514847659204497e+04
8.027956528389796404e+03
2.673826033090439159e+04
2.560262282002376742e+04
2.542513849850111365e+04
1.893248364655453042e+04
4.232730970703678395e+03
1.766585833160623588e+04
2.377931452028486819e+04
1.264313575054880312e+04
9.529871199276174593e+03
8.527186664124132221e+03
2.081537649243278429e+04
1.851733722930580188e+04
1.680659333042097933e+04
2.048363288253308201e+04
1.169344920711213672e+04
1.765001618289168982e+04
1.881432560237577127e+04
1.102914034451669067e+04
1.654079168966551515e+04
2.035668086191569819e+04
2.407117931286371822e+04
1.942338247748345020e+04
2.151887226558499606e+04
1.939991881836335233e+04
9.034281294481685109e+03
1.049084934822452669e+04
1.026347973117406582e+04
1.609346008778562464e+04
1.793724793288044384e+04
6.486436369894327981e+03
1.958113286620544386e+04
1.607259984423274909e+04
1.111261796305989810e+04
6.791113346041868681e+03
3.423857070713859139e+04
2.745043428344135100e+04
1.438692095731112022e+04
1.630092588008117673e+04
1.767369084474659030e+04
1.732842030835216792e+04
8.142032075595648166e+03
9.898876756140271027e+03
1.535622958186529286e+04
1.250550876472461823e+04
1.228474962537125793e+04
2.896268232809306937e+04
1.832321724097569313e+04
1.054063929880772048e+04
1.641103295168453769e+04
1.830025671548770697e+04
2.793445292482790683e+04
2.113147359185721143e+04
1.286667056345522724e+04
2.165072142864645139e+04
3.179935788173249603e+04
1.603849125315985111e+04
2.186593285918142647e+04
1.970699482789639660e+04
2.096999539501551044e+04
2.216349218994126204e+04
1.499649625959648438e+04
1.918609700111495113e+04
1.240487682472089546e+04
2.100336669800536401e+04
1.540175010874106010e+04
9.394430249014481888e+03
3.491459729388240521e+04
1.478940504305436480e+04
7.018981096428966339e+03
3.705889687811682961e+04
9.394661082530019485e+03
1.121447852850837262e+04
2.369356394318348248e+04
1.464941990857186465e+04
8.444495676598296996e+03
5.472947338315889647e+04
1.136073360659343052e+04
1.541617280578993814e+04
1.991100989569808735e+04
1.143227650852320949e+04
1.239270101833148874e+04
1.414048824883580528e+04
1.183950918192558674e+04
2.246723358774115695e+04
8.244727857401796427e+03
1.829042846201593784e+04
1.458323616446965389e+04
1.307630668445058836e+04
1.097663094758494117e+04
1.053361776656252187e+04
2.865538260136621830e+04
3.865409715777909150e+04
7.976606627640925581e+03
1.881942564937366842e+04
1.961862901273424359e+04
1.098070870037660279e+04
2.882304165282690519e+04
1.437957080715032134e+04
1.439929281718130551e+04
1.501867477389682244e+04
3.065219652021178990e+04
6.824814599851086314e+03
1.377084405970674379e+04
8.351968206260004081e+03
1.268536501520444108e+04
8.369350205448441557e+03
1.116782610838600704e+04
4.091244909029675182e+04
1.520918239278536566e+04
1.758985727968859646e+04
1.515108448766476795e+04
1.458068927433295903e+04
1.216733844196929203e+04
1.503941619069902299e+04
1.859720181913241686e+04
1.486493192589487990e+04
1.829313153726121163e+04
1.356615060199677828e+04
9.413316840661069364e+03
8.378906135869139689e+03
1.952152532570174299e+04
