4.525966430351433519e+04
3.496863843427126085e+03
9.218224355715323327e+03
1.534571172629054490e+04
7.626285205181344281e+03
2.054036276514090787e+04
1.838811612178138967e+04
1.820350118672782628e+04
2.952907535343948257e+04
9.451482193268289848e+03
1.834321974405449146e+04
1.600032968248712677e+04
5.760869008014982683e+03
1.633469475685737780e+04
2.422307117534294957e+04
9.487009960468827558e+03
1.134286057938780687e+04
3.303180849724033033e+04
1.303369442777244149e+04
8.224907972945256915e+03
1.851442402830290303e+04
6.712616310115097804e+03
1.601615231207540637e+04
1.465010934472382905e+04
1.330904778636942501e+04
1.155799465997110929e+04
7.815872878424908777e+03
3.197583310440459900e+04
1.808108694833684058e+04
2.013445693102362202e+04
3.315619085429741244e+04
1.590529208082556761e+04
3.338696196186451562e+04
1.942009594542104605e+04
7.490947992491576770e+03
1.803777350990002378e+04
7.151475169465392355e+03
1.810897002236836124e+04
1.795735257631020067e+04
1.177246026936575436e+04
1.259584362911747485e+04
5.594124381242930212e+03
1.930377157945349609e+04
3.843803973593785486e+04
1.057295391607794045e+04
7.732362428394241761e+03
1.203582876045589364e+04
2.303699955179257086e+04
2.346656663186825608e+04
7.987477984327394552e+03
2.342036575396751505e+04
1.605164208041946404e+04
1.066379501133124541e+04
5.081047463561914628e+04
2.471578647848066976e+04
9.212153419153761206e+03
8.092396980023321703e+03
1.282384571324230274e+04
1.558428527081610810e+04
1.225552554441484790e+04
8.560843081369797801e+03
2.521572507365591810e+04
8.988229756449265551e+03
2.383430216294810089e+04
1.220986033416995269e+04
2.555422969958488829e+04
7.685758830646252136e+03
2.828619466763038508e+04
8.221650621912289353e+03
1.808211245908278215e+04
1.240633043607260697e+04
9.513201202855216252e+03
1.254644292977945770e+04
1.217612729231970116e+04
2.380481742556351310e+04
1.452562725995894471e+04
1.279254225860920633e+04
6.581343711950261422e+03
2.154335650862893817e+04
8.374717981981470075e+03
2.529454714849272932e+04
6.969500231470049584e+03
1.942577602410316103e+04
1.304190172460070426e+04
1.223373727609711568e+04
2.228328240884214392e+04
1.113082980335899083e+04
2.157809540145822393e+04
1.897535708293443167e+04
7.502726051286303118e+03
3.960174908273883921e+04
1.136607682528702935e+04
1.203416280559060579e+04
1.132445829891264839e+04
1.573375134598956902e+04
2.787152666338763083e+04
1.574058541195717407e+04
1.050762497023851574e+04
1.894160268190925490e+04
1.938222380659769260e+04
1.530947571563851488e+04
1.364662878489395553e+04
1.301494971384524979e+04
2.351447833752036968e+04
2.540921943288050898e+04
6.899059116114814060e+03
1.882164937884496976e+04
3.416086223214229540e+04
9.007729040711845300e+03
3.113610947753659639e+04
6.903111186481946788e+03
2.259547685303161779e+04
1.147541214490880338e+04
1.390293410617575137e+04
1.314873513984520650e+04
2.942717993624439259e+04
1.389642808705900097e+04
1.865684575168311494e+04
1.514019938088025810e+04
1.989915173192145812e+04
2.041939833899087535e+04
2.398061512419816063e+04
1.199647287322986085e+04
1.699731709714586395e+04
6.874631628319080846e+03
1.675695202086350400e+04
4.142560736069451377e+04
1.375420297794292492e+04
1.726704243638979824e+04
9.049996852128206228e+03
3.270865709557482478e+04
1.375683875413470741e+04
2.881859810814429875e+04
1.204515763914551280e+04
6.416266691102156983e+03
2.195701060638317722e+04
3.871987071719561936e+04
1.937550835606974579e+04
1.592253254576012296e+04
5.893636009192091478e+03
1.454447101945095892e+04
1.298821023551563667e+04
1.187272425308320453e+04
1.029593925941469570e+04
1.267809920086085913e+04
2.429883182707722517e+04
1.964864248387516272e+04
1.421692465750872907e+04
1.917499580661385698e+04
2.078539532799553490e+04
2.387009318344913845e+04
1.658059220634251687e+04
1.309850223311788614e+04
1.542911891288113475e+04
1.721049531177793688e+04
2.287668095237275338e+04
1.900246470363917979e+04
1.973684340245888598e+04
1.942595700438980930e+04
9.433825350869625254e+03
1.894200877400029640e+04
1.153864528939734737e+04
1.188313621372234047e+04
2.075275546410036623e+04
4.619097981724446072e+03
1.724108127032798802e+04
1.353618265710335436e+04
6.434052149496272250e+03
5.908495877457628012e+03
2.688802537016670976e+04
1.875047930763369004e+04
9.333852532842976871e+03
3.808124683816862671e+04
1.003907783229334564e+04
2.026724747771770853e+04
1.697969935558331053e+04
9.409185590690858589e+03
1.878598282974846734e+04
1.895626338584159021e+04
2.517781944072547776e+04
1.646214685020412799e+04
1.291526065461158578e+04
7.550367570934512514e+03
1.688011124852693320e+04
2.137232781036532106e+04
3.101528596202575500e+04
2.710466671775482973e+04
1.699600069048836303e+04
2.537302264713740442e+04
1.712791230455425830e+04
4.370504975693606866e+03
2.198190914753520337e+04
1.404492586449731607e+04
1.019700772545765722e+04
8.263860071173807228e+03
1.157768012538106632e+04
1.979631761614470815e+04
1.265954688577922389e+04
1.478451553753474764e+04
1.897919727501374655e+04
7.148257671312899220e+03
1.477985670319386372e+04
1.765391996802511130e+04
9.583622506092799085e+03
3.100971203664182030e+04
8.761852216083489111e+03
7.464917699565100520e+03
2.488234230894733264e+04
1.386950291633609231e+04
8.845617779630902078e+03
3.654416831494819053e+04
1.366992152286615419e+04
8.524417950598473908e+03
2.367851005420268484e+04
2.079730019649638780e+04
1.954826056980117937e+04
1.860517456028909874e+04
1.437507727544337104e+04
2.437015313910615441e+04
7.525760149961118259e+03
1.526000662406802076e+04
1.577553542377871599e+04
1.132889253177508908e+04
1.589845357199089449e+04
1.274390760706199399e+04
2.090476361443253336e+04
2.858424355873920649e+04
1.107684582675295678e+04
1.168871119332581475e+04
1.191491704941402895e+04
6.681462737639998522e+03
2.976186550395280574e+04
1.208391187151799204e+04
1.284276077254274969e+04
1.285583724205867838e+04
2.096945734110215199e+04
4.866718113635000918e+03
1.362439671312550672e+04
3.997996376831929865e+03
1.561000055789675025e+04
1.578204319034320179e+04
2.203459072712375200e+04
2.067827782013359683e+04
2.216027240370053551e+04
3.020848468518830850e+04
8.817016732546497224e+03
1.043468287110505116e+04
1.639204388504889721e+04
9.691607620490043701e+03
1.485610453144406165e+04
1.236518868655353799e+04
7.895600559574414547e+03
1.905577048426139299e+04
1.501225452438954380e+04
1.009721720190416090e+04
1.602323520512195319e+04
