2.553705933690063830e+04
4.412087993791428744e+03
1.877939898427874869e+04
8.021361031043407820e+03
1.383587462510804835e+04
3.551366705640980217e+04
1.678646433039350813e+04
2.390164341177525057e+04
1.509180164284256898e+04
1.175244031331074802e+04
1.182377985040117164e+04
1.678292412102805974e+04
1.992444821476162906e+04
1.495579635209818662e+04
1.693538933238579921e+04
1.694563670269279100e+04
1.826958369978751944e+04
2.337272246599679784e+04
1.780189854739816292e+04
8.963481120309937978e+03
1.309423861566886444e+04
1.529686846250874805e+04
1.851542645180835461e+04
2.328570218756636677e+04
1.749102715129876015e+04
2.147494782295969708e+04
1.316341964527896562e+04
1.898659739469191845e+04
1.734508079397633992e+04
2.041189958752012171e+04
3.072818169618424508e+04
1.185616914603299665e+04
3.645051365051279572e+04
2.766014306820691127e+04
1.034891099583650976e+04
1.514572225866380359e+04
1.658712301629027934e+04
2.075955542441122088e+04
1.710942002920754749e+04
6.826583850603803512e+03
1.307564658796970980e+04
1.346444751273221118e+04
3.279522900987198227e+04
2.661416244318957979e+04
1.953507155291840536e+04
1.336076630285221472e+04
1.198541155108109160e+04
1.912388987586655276e+04
2.293274886439872716e+04
2.031434598966606427e+04
1.380928039745163187e+04
1.980234898952375443e+04
5.780643263828812451e+03
3.926517185414671258e+04
3.296254599824667093e+04
1.203237870060689238e+04
1.711897567719916697e+04
1.226274867574861491e+04
1.793199510649682634e+04
1.964586670137532928e+04
1.122293313215680428e+04
3.760316108041893312e+04
1.272322735515065870e+04
2.797733513079674958e+04
1.315115893252659043e+04
2.033907765699603260e+04
1.871214753396456217e+04
2.879319237874441387e+04
2.927062382912188332e+04
2.539068409480962873e+04
6.653197401973235174e+03
6.432339217275827650e+03
1.855893896043318455e+04
2.393496075857883625e+04
3.028653164373598702e+04
1.394024731098503617e+04
8.409804781238864962e+03
2.216110123543010923e+04
5.152926100101132761e+04
1.546105294587016579e+04
2.302557243818417555e+04
5.382597138980061573e+03
1.649155961378611755e+04
1.947408994563060696e+04
7.288893364770996413e+03
3.708986552561965800e+04
1.505898441143720629e+04
1.648992398104909807e+04
2.000554325945445453e+04
1.025957566506235162e+04
3.871539818099529657e+04
1.193407860828201046e+04
1.966903499084894065e+04
1.234682878258986057e+04
1.102847646971922586e+04
1.900520557455005110e+04
1.100012921076671046e+04
1.191535390365415333e+04
2.491744328498343020e+04
1.570743008209091931e+04
1.756320125669698973e+04
2.642684897581123005e+04
6.063793689161448128e+03
1.852347445285302820e+04
2.317181167138084857e+04
1.748807197583408197e+04
1.966547709139053404e+04
1.425403859959216425e+04
8.982505619583473162e+03
3.564869642918484897e+04
6.340580575154305734e+03
2.713177840418050982e+04
9.748034128454202801e+03
1.189620917251661558e+04
1.239029140866566740e+04
2.125861473469732664e+04
1.303631966108525012e+04
1.551774624691873032e+04
5.993455048817319948e+03
2.418676685725198695e+04
1.840254278144037744e+04
1.488034304815472206e+04
1.296404374889698374e+04
2.156552175567183440e+04
9.677144314612081871e+03
1.742933928491786355e+04
3.684404095209963998e+04
9.998521434686619614e+03
9.929667505743433139e+03
9.361553783262845172e+03
3.388363725754769257e+04
1.151823294277033892e+04
2.511541364865558353e+04
1.159077808045521851e+04
5.315673890389542976e+03
2.945268061171352747e+04
3.012367687377951734e+04
1.762551503774623416e+04
1.066348166825400222e+04
8.751254896997306787e+03
2.462336185546473644e+04
2.203237903839395949e+04
1.209889964980363220e+04
7.664769086323492957e+03
1.207812419285741998e+04
2.505488502525360309e+04
1.050121644152175759e+04
1.518025071700494482e+04
1.249928714021976339e+04
2.049605207876837812e+04
1.242130584422441825e+04
9.357142118359735832e+03
8.566186791765303497e+03
2.336516666339302537e+04
1.931278689664600824e+04
2.749762860740494943e+04
1.958743987821776682e+04
1.825979713110854209e+04
3.196805570916875877e+04
6.538039760494232723e+03
2.788173644767187943e+04
1.400148046870262078e+04
1.532208082685776026e+04
1.688161951366508583e+04
9.936781515997321549e+03
1.751019480849483807e+04
3.198859505247366906e+04
6.367362542063823639e+03
8.393132441012468917e+03
3.010074603404704249e+04
1.820359692965743307e+04
8.451291994208770120e+03
3.679264916056101356e+04
8.938721528290760034e+03
1.146833477542648325e+04
2.155073291919064650e+04
1.849256394791981438e+04
1.802618943405001119e+04
1.597770872989771851e+04
2.427541616864383832e+04
1.775712699412100483e+04
1.057037981010278418e+04
1.532867714693664493e+04
2.474012356552359415e+04
1.653124565694674675e+04
2.107629689859850987e+04
2.421675187641403681e+04
1.465865365753090009e+04
1.831301625194834924e+04
3.467076951739602373e+04
1.525504138273351782e+04
2.931844904501535348e+04
1.201951671123461892e+04
1.931417688491139779e+04
8.947850503799483704e+03
1.913654509233646604e+04
2.219254085977955401e+04
8.691342739949066527e+03
1.380339977051713504e+04
2.009891925019397968e+04
1.503383700239962127e+04
2.817417775441913182e+04
2.552849932193917266e+04
1.233155597063497407e+04
2.377267350138990514e+04
1.305495067298325193e+04
9.721671867197082975e+03
2.683259354567106129e+04
2.788733918613856440e+04
7.645833906776105323e+03
4.130146481803264760e+04
7.748453895206402194e+03
7.655247357262718651e+03
1.776961925090573277e+04
2.319903421153556701e+04
1.658816265619664773e+04
2.000118183661188596e+04
2.233810498802277652e+04
3.438721779691326810e+04
1.189449882024169347e+04
1.687064237623468944e+04
1.855557887913912418e+04
7.089921341783334356e+03
1.888623821628078804e+04
1.407747397404930416e+04
2.096832503176781756e+04
3.295603787726727751e+04
7.600648239117625053e+03
1.914654304696569307e+04
2.922425875345253371e+04
1.096515308249304508e+04
2.805237873772321109e+04
1.612145476355103710e+04
1.316650609220077786e+04
2.310012469348584636e+04
3.312107816311837814e+04
6.236421247279201452e+03
1.685419394406694119e+04
1.126239788505730758e+04
1.505413634872963848e+04
1.369167302133934027e+04
2.036423223752113336e+04
3.778075707861863339e+04
1.401287680403874219e+04
2.934384855641357353e+04
1.353107824014374273e+04
1.733070423896457942e+04
1.985878742672792941e+04
1.281345385372929377e+04
2.088724428231096317e+04
1.961916394941685576e+04
2.228784551611499774e+04
1.078533950334776819e+04
1.674895653663028497e+04
2.146424023263376512e+04
1.093569178127255509e+04
