4.261704696634641732e+04
4.453210966222954994e+03
2.014556993351230631e+04
6.658986428846114904e+03
1.354715352738720867e+04
2.060455717923677366e+04
1.951310878493156633e+04
1.187421743560758659e+04
1.373888957465168460e+04
9.635076279756938675e+03
1.226649892824533708e+04
1.045150759319665667e+04
2.399654082503069367e+04
2.404441717662912561e+04
2.007464786381999875e+04
1.822356953440648795e+04
1.241455568193630825e+04
1.923891430334001780e+04
1.657149644133813854e+04
9.451147366902436261e+03
1.888851885735478209e+04
1.710485745875378780e+04
2.730936645258841963e+04
1.044201609856921823e+04
6.332899625152945191e+03
1.043353511263772816e+04
1.421843153042150152e+04
3.006410614176058880e+04
1.318619802056859407e+04
3.112830023071065443e+04
2.027749168898937569e+04
5.343392051878246093e+03
1.745121022542921128e+04
1.475660963015371999e+04
1.614083648536358305e+04
2.104245205320161404e+04
7.241965418426297219e+03
1.975483616251884087e+04
2.828857473046568703e+04
1.112141037969234640e+04
1.568677165113513001e+04
1.483501443390567511e+04
1.704075601774652750e+04
1.266214710754969565e+04
1.622518576736038813e+04
1.211161304812417438e+04
1.369044388338207136e+04
1.293540768907319580e+04
1.036151879567586911e+04
5.300078656008703547e+03
2.202734500537937856e+04
9.185779949751897220e+03
8.360284478040972317e+03
1.458312034066547130e+04
1.653484103225132276e+04
2.065355490692928288e+04
1.240852435244590379e+04
1.408562190037030450e+04
2.301425899523874978e+04
2.246772706259063489e+04
7.252153877604547233e+03
1.023779411175964196e+04
1.379146668868813867e+04
1.828757458343134931e+04
1.564459367570697395e+04
1.163164045996311688e+04
1.296494555317745107e+04
2.163053682433969880e+04
5.557392366727538501e+03
2.195961029869478443e+04
2.167630775542955598e+04
7.293870905498631146e+03
9.658199638884378146e+03
1.174277938128812093e+04
1.351805269615367979e+04
1.237731141355274667e+04
1.658702467944300588e+04
8.720256619197189139e+03
1.706345014996172540e+04
1.512924242525985937e+04
1.218482884778818516e+04
5.932771841174985639e+03
1.079114782462288895e+04
1.117871081166254953e+04
1.359388869318708748e+04
4.157031821251237125e+04
2.025182121533259487e+04
7.551106633299582427e+03
1.862283644796505905e+04
1.336027732713964906e+04
2.940554850721397816e+04
7.126185022017691153e+03
3.395499383811502776e+04
8.119087753516747398e+03
6.946697217659693706e+03
2.083944061174452145e+04
1.385788968250356447e+04
7.168896564488402873e+03
1.594194060951097345e+04
1.248907639315177767e+04
1.336503519335956116e+04
1.742041777165904932e+04
1.173561122261242417e+04
2.728750119711489606e+04
1.953684745871181804e+04
9.418359572903213120e+03
2.851752942261573116e+04
1.047782292432206486e+04
8.883673450038564624e+03
1.726502785136451348e+04
8.539558258567642042e+03
2.700122655735507942e+04
1.691480749445272522e+04
9.974046685275063282e+03
1.496029018884168363e+04
1.346035137220935030e+04
1.433406068890732240e+04
3.575070234238277044e+04
8.572786470987823122e+03
2.038042546166600005e+04
8.357904021963495325e+03
2.014827867939061252e+04
6.800535492181493282e+03
1.610128219705323500e+04
1.112913628490621886e+04
1.551011492514743804e+04
3.427163385635049781e+04
5.809880780892473922e+03
2.508563456125276207e+04
6.328508187924442609e+03
2.793059871381317134e+04
1.042472573686873875e+04
8.323295726457581623e+03
1.746527961954538841e+04
6.348012305620281040e+03
2.615274364105447603e+04
1.971543922018099329e+04
1.981966822399342345e+04
3.445954637230983644e+04
1.188120770382099727e+04
1.380623611288253051e+04
1.382505729030053226e+04
1.901818949128302120e+04
1.470080058281521633e+04
1.533819048548290812e+04
1.689174573465684807e+04
1.083991668871389265e+04
1.052946713764066953e+04
6.333510101892032253e+03
2.343340121536421793e+04
1.268920353894353866e+04
1.788858217528533351e+04
1.566068745367775227e+04
1.016778185191764715e+04
2.393559138708222599e+04
5.642551962970482236e+03
2.141387460565949732e+04
1.923022948779974831e+04
1.714786498743167976e+04
7.416455495904669988e+03
1.827998742753837359e+04
1.044276907549898897e+04
1.630963711222493112e+04
5.953192417778023810e+03
4.464696901061050994e+03
1.956899541737883192e+04
1.938981684436966316e+04
1.415131405181280752e+04
7.439118259324892279e+03
1.412213317876293877e+04
2.962007289043875062e+04
1.366285017912254989e+04
1.450115434014745551e+04
1.422854078497475348e+04
2.191203630052885273e+04
1.367164861159666543e+04
1.578165745682735360e+04
1.379405430041261934e+04
1.812136497167897323e+04
1.737426028112542917e+04
2.900176264524432918e+04
8.784997645066792757e+03
9.057521770419076347e+03
1.857963610361969768e+04
7.347360637423371372e+03
1.271558950271565118e+04
2.031920772345940713e+04
9.738075406542217024e+03
8.643263183994409701e+03
2.363661434258619192e+04
5.009903048901224793e+03
1.290876486910771746e+04
8.478465154667659590e+03
8.498994809200696182e+03
1.373336115854575473e+04
1.922491969068644175e+04
3.486737700322897581e+04
1.004915877681051643e+04
1.337207512495315677e+04
1.244781655221225083e+04
9.564347382599751654e+03
3.500266893681271176e+04
2.054524108766832796e+04
1.266452888244680071e+04
1.144415984238592137e+04
8.277293785329151433e+03
1.968656780550985059e+04
3.435997940162985469e+04
2.060734036166570149e+04
7.421835076284099159e+03
1.456371836667878961e+04
9.113926456052111462e+03
1.069046738875746814e+04
3.125304799468798228e+04
1.792301282022485975e+04
1.284058693432125074e+04
7.160491469849302121e+03
2.583682095155878051e+04
1.495961066424130695e+04
9.094366530589046306e+03
1.987206885166998472e+04
1.807836020105368152e+04
4.070378513076004310e+03
1.851435261749061101e+04
7.962517096406852033e+03
2.074928731550364682e+04
3.572946937377253198e+04
4.460144465835245683e+03
4.463025175804354149e+03
9.997600423435806078e+03
8.602534913938692625e+03
3.261146201402539373e+04
1.757003158242369682e+04
1.953292805117171883e+04
1.136852216605654212e+04
2.784718770592364308e+04
6.433187470601118548e+03
2.009471178719654563e+04
1.157497374703004971e+04
1.606299828166924999e+04
8.867529167382626838e+03
1.561915667305763964e+04
3.003448417669113405e+04
9.973624191079865341e+03
1.223104768231446724e+04
1.239891983446808808e+04
1.432674934219458737e+04
1.275838772663320015e+04
1.413377051647382905e+04
2.127304699770411389e+04
1.799824192885654702e+04
1.371734053718593532e+04
2.318558463135182683e+04
1.214615211496517441e+04
2.940196332004167562e+04
2.299337231805394185e+04
