4.878681126860793302e+04
4.625251955326195457e+03
1.481351129627775117e+04
1.123534027267063357e+04
1.189464132971378058e+04
1.981096828865166026e+04
1.084967151312606074e+04
9.078779655264726898e+03
2.191311007821502426e+04
6.240022060465888899e+03
1.927620379677075834e+04
1.217623700873941561e+04
1.436618364848702004e+04
1.398625080015608364e+04
1.496160216655376644e+04
8.255728003039133910e+03
6.816674146685180858e+03
4.605664409221181995e+04
7.034583663855974009e+03
1.255728383254580694e+04
1.455001332538186034e+04
7.758959490309137436e+03
2.344349520783720072e+04
9.147638908088958487e+03
9.375371652658555831e+03
1.786882535914393884e+04
7.089169523552662213e+03
3.699413498688913387e+04
1.876751336500439356e+04
1.774493136460382811e+04
2.557783894967756351e+04
1.130736244057563636e+04
2.210634497156577345e+04
2.456321771132966387e+04
2.005294172416215588e+04
6.821653629784656005e+03
9.983830316114941525e+03
1.724689391868337407e+04
2.777984527368325871e+04
1.009903517509173071e+04
9.237965905971139364e+03
1.304824009122580173e+04
1.208635288145199411e+04
2.872060778989644677e+04
1.973328292838330890e+04
3.894696296642532161e+03
9.458287082040895257e+03
1.854600540920311687e+04
2.157412491106428570e+04
9.015776676751767809e+03
2.047736440836885959e+04
9.531743429954904059e+03
8.225318145524885040e+03
4.389318376717250067e+04
1.187013738251929317e+04
1.824654125946605564e+04
9.332918036049219154e+03
1.084647063914069986e+04
1.677500421282280513e+04
1.763461878518471349e+04
9.327496065765757521e+03
1.128932437566420958e+04
8.079890046697870275e+03
2.236934242196804189e+04
6.965079670215088299e+03
1.387126393759491111e+04
4.731038251047068115e+03
3.234759987071051728e+04
6.572823552050532271e+03
1.611818146259747482e+04
1.828354359243848739e+04
1.345511880219244813e+04
9.769796229970354034e+03
1.310698437722032031e+04
1.823415202568686436e+04
1.765689454441982161e+04
2.107974403777848420e+04
4.700511453378449005e+03
1.485006646269691919e+04
1.136365925135900579e+04
3.043622420270516886e+04
8.291344960123609781e+03
1.637091290714515344e+04
4.825133270578920929e+03
1.629756622174155018e+04
2.256188571825867621e+04
1.462623533142020460e+04
2.109671903796590050e+04
1.633141492405323697e+04
1.819508095559015783e+04
2.962792292634548357e+04
7.968526855551055633e+03
1.421706660211439521e+04
8.580219688330285862e+03
1.421412463378424945e+04
2.629152501403849237e+04
1.501911653040602323e+04
1.029587881727589411e+04
1.453492622878974544e+04
1.535495284610449380e+04
1.682022211421159955e+04
1.295328973376537397e+04
4.546434129600988854e+03
2.146802604389885528e+04
2.663433003476642261e+04
1.202270144679357145e+04
2.022822125579068233e+04
1.951535303852669313e+04
1.105226318465693475e+04
2.457342410220856618e+04
8.003752182728890148e+03
1.199725785542534868e+04
1.248152247465002074e+04
1.597850810577927041e+04
1.314740976765183586e+04
2.505132496613550029e+04
1.561938099163659172e+04
2.284630068579591534e+04
1.748281647567196342e+04
1.425128161600074782e+04
2.003528824294752121e+04
1.936163558421376001e+04
8.957724917494637339e+03
1.411955333784948016e+04
1.517143364012209895e+04
1.270697800612659375e+04
3.271055827875821342e+04
1.194647089284160938e+04
2.074407762375992388e+04
1.028679905176640023e+04
1.809776509486936629e+04
1.037670177508488086e+04
1.648580173007720441e+04
1.268230603221737874e+04
5.761094966955724885e+03
1.291844374287665596e+04
3.101889713430243501e+04
1.676167922578309663e+04
2.630051174981897202e+04
7.333499714767897785e+03
1.068685303166754056e+04
1.433386280902478757e+04
1.329808632801958993e+04
1.098770020545663829e+04
1.748014737690721813e+04
1.041836070428045241e+04
1.177709462031364637e+04
1.812975913495389977e+04
1.902860247672666810e+04
1.498625544413293392e+04
1.244189534603626271e+04
1.930223346332316578e+04
1.671475839070702204e+04
1.367387511167888806e+04
1.754076017338216479e+04
1.838311977911834401e+04
1.252517881501368720e+04
1.662192515488084609e+04
1.818365807806356679e+04
8.043528467412554164e+03
2.570194213460962783e+04
7.456095387874914195e+03
1.422957732650220169e+04
1.711003412335012399e+04
6.327735314842158004e+03
1.352036479406200851e+04
1.021161061239318587e+04
9.164699702361838717e+03
8.317305955956600883e+03
2.481852689496465609e+04
1.619510404143130108e+04
2.231290065453928037e+04
4.230248159249840683e+04
1.201259846627744992e+04
2.001717646023744237e+04
4.813271962328379232e+03
1.436358113646480342e+04
1.267365003280394922e+04
2.091801429207683395e+04
1.290841559659796258e+04
1.731009667813287524e+04
1.275033447290362892e+04
7.744368994022427614e+03
1.176485976483213744e+04
1.252052820972152949e+04
2.449481574622598782e+04
3.264862015744690143e+04
1.344167860226263838e+04
1.990825947019648447e+04
2.098014452186006383e+04
4.793054120197262819e+03
2.018174134445492746e+04
1.581666586305328201e+04
1.087198284799513749e+04
7.255411000977137519e+03
1.866256597121760569e+04
2.591871900969631679e+04
1.562185030039788762e+04
1.763277409124405676e+04
1.568199149887040949e+04
8.958045847858869820e+03
1.830608710213693485e+04
2.121745213614144450e+04
8.547359371902359271e+03
2.571063620449860900e+04
9.471599092332751752e+03
1.281028238905561011e+04
1.591207976145148314e+04
1.137725654530715292e+04
7.022962048682844397e+03
2.994750814507935138e+04
9.223997007826917979e+03
9.220245779167982619e+03
3.214103347414585369e+04
1.994677876217098674e+04
1.319223838339835311e+04
1.482227678415173978e+04
1.944492438535267866e+04
1.024198314228711024e+04
7.377390486507560126e+03
2.073114859756783335e+04
1.822182847478373515e+04
1.176505179107342883e+04
1.638540017687203363e+04
1.038317767789096797e+04
9.264027742543961722e+03
2.639442432982172613e+04
8.129137054645416356e+03
8.842699401678859431e+03
1.516786925181009246e+04
7.246171527411459465e+03
1.916717447947485925e+04
2.127998667117854711e+04
1.206251398937951126e+04
1.163395332545862220e+04
1.056545076706650252e+04
5.524297530436429042e+03
1.517021443496652500e+04
6.982196414002599340e+03
1.615613965083700896e+04
1.563684862009929384e+04
1.729858489803313205e+04
1.317212061562885356e+04
2.409917348094802946e+04
2.921297552344741780e+04
1.132713938583765957e+04
1.424881131389402435e+04
1.140748615524535126e+04
1.142910172981361757e+04
2.361165899954655106e+04
7.159019808072907836e+03
8.420771647931220286e+03
1.583204507291448863e+04
8.993879175986150585e+03
2.449849794374034536e+04
8.834951059489318141e+03
