3.733422255410362413e+04
5.132614493976941958e+03
2.398121347919961408e+04
5.121093242680964977e+03
1.626663068490821206e+04
4.022417352737105102e+04
2.005015254020800057e+04
1.580134222792222863e+04
1.079448991252283304e+04
1.384677172557719314e+04
1.883540626132636316e+04
1.487770464851377255e+04
2.080790678208461395e+04
3.155694952695129177e+04
2.817270406999067200e+04
1.490578961807974702e+04
1.352834144733645371e+04
2.005335241862753537e+04
1.468629630311821529e+04
1.373488044215231457e+04
2.003032096494935831e+04
2.386128532513916070e+04
3.145744591759484319e+04
1.272281246524501512e+04
1.039931692575664056e+04
1.276129273331453805e+04
1.773114846438466338e+04
3.178453205484609498e+04
1.529474084254278023e+04
2.147596367396711139e+04
2.086084377036585283e+04
9.504583453626337359e+03
1.769318380605325001e+04
1.007496084177602279e+04
1.778244391875368092e+04
2.502078628668257807e+04
9.471122254968206107e+03
2.295923615676756890e+04
3.218899341722105964e+04
7.648043523784202080e+03
1.484810239050774908e+04
1.970853878539407015e+04
2.606097485062107808e+04
2.678172610395964875e+04
2.643855416515138859e+04
8.654344565618346678e+03
1.062228627774020970e+04
1.420971414744556569e+04
1.132032335179688926e+04
1.311591362845144977e+04
9.178529966189600600e+03
9.544919204477153471e+03
1.096896642044177133e+04
2.330765563951315926e+04
1.308804732027661157e+04
2.280177054174511795e+04
1.268459019429892942e+04
1.417018220843126073e+04
1.380846252176638336e+04
1.802955024614288777e+04
7.831880445437364870e+03
2.714800692722355234e+04
1.304398521226143021e+04
1.479632536469725710e+04
1.853980616644752081e+04
2.447288819947578668e+04
2.400795047052483642e+04
3.497010300801260746e+04
1.800946661037097147e+04
2.093264498763688243e+04
1.789286612379083454e+04
8.490787969888246153e+03
1.491703219364052893e+04
1.434038849822060547e+04
1.190222149197373074e+04
1.486134783141320986e+04
1.251911295756122490e+04
1.678071242567642912e+04
2.321231307478327653e+04
1.283282152671928270e+04
1.304029747711214986e+04
8.988729124889634477e+03
8.608824807207311096e+03
1.552386293115418448e+04
2.044315267963154474e+04
4.955581044605444913e+04
2.434450183608243970e+04
6.673309544577631641e+03
2.106608759637068579e+04
2.100970791534010641e+04
3.866270967056130030e+04
1.093310043113158099e+04
3.653949671634144033e+04
8.379179260501779936e+03
4.940735025649068120e+03
2.209899068131166132e+04
1.021056052190964147e+04
9.514703213248259999e+03
1.271441891148777904e+04
2.029718549627943503e+04
1.358906949214793167e+04
2.048137951116343902e+04
1.287906877312132929e+04
3.758079269433933223e+04
2.644491377531378021e+04
1.367734683869102992e+04
1.840445243469418710e+04
1.795630158544948790e+04
9.362560129945377412e+03
2.042785844424209790e+04
8.750995271091494942e+03
2.510897277810365267e+04
1.795220081969434614e+04
1.905565633859307127e+04
1.174846004945430650e+04
1.078016236231901530e+04
2.005336619514144695e+04
3.164651406166325978e+04
6.617901440206616826e+03
1.361946927044851327e+04
1.320447591874547834e+04
2.095267386571028328e+04
1.296191033164612236e+04
9.614446489935859063e+03
9.364213099315764339e+03
1.745958990333907786e+04
4.128030351526724553e+04
4.163252807508104524e+03
1.914267613746307325e+04
9.072300862892872829e+03
3.471686784401236218e+04
1.151534700213394717e+04
6.346376443183660740e+03
1.190503481904801993e+04
5.154833536602716777e+03
3.558921367609744630e+04
2.296034888684648467e+04
2.709584026122723299e+04
2.973095095968174428e+04
1.013548579736722240e+04
1.344548302473727927e+04
1.704429217251870796e+04
2.071044899370897474e+04
1.043978443588055961e+04
1.810388102544620051e+04
1.829461259345985673e+04
1.729357320265294766e+04
7.718931776343188176e+03
4.867210138917216682e+03
2.355435617395152076e+04
1.483458527081470857e+04
1.634096705224484685e+04
9.871507537751354903e+03
1.906436036131661967e+04
2.012886456385922793e+04
9.291291708759667017e+03
2.284858008059094573e+04
1.940474492446357544e+04
2.023812355804637991e+04
5.873867529726805515e+03
1.816504973415202039e+04
1.091230315442986648e+04
2.320429172327943161e+04
6.586408693708965075e+03
6.481688132415064501e+03
2.248895600664490848e+04
1.989625384019925332e+04
1.072496833618872552e+04
8.990566093570301746e+03
2.567841000537307264e+04
4.591651614171620167e+04
1.219173514011396401e+04
2.363646562950898806e+04
2.282717951940036801e+04
1.698402793147304328e+04
1.318050544490831635e+04
1.294776165609052441e+04
1.837503960567724425e+04
2.491189867642640820e+04
1.763918105243669925e+04
2.876535077593905589e+04
9.145586454750606208e+03
1.125608242816369057e+04
2.157418627551278769e+04
1.267850348347127692e+04
1.149020871941256701e+04
2.168988199946978057e+04
1.355575442333753927e+04
1.283593004302726331e+04
1.685419319224001447e+04
8.909853433959855465e+03
7.313132746948432214e+03
1.243420862794645291e+04
1.255883055720567609e+04
1.031246479830809039e+04
1.267156920198118314e+04
3.715216426325693465e+04
7.361907897285818763e+03
5.937815211498462304e+03
1.942834569414384168e+04
1.282434398046183378e+04
3.455209252202376956e+04
2.553404905363481157e+04
1.167732229857244056e+04
1.030430852068847889e+04
8.741831063456702395e+03
2.086273511886263441e+04
3.496182697120316152e+04
2.779203198264961611e+04
8.038122809035471619e+03
2.325914860240849157e+04
1.446848487969881171e+04
8.250120275967248745e+03
3.449796178158641851e+04
2.556972148263839699e+04
1.130927055069316157e+04
1.830257027705981454e+04
3.159833439489847296e+04
1.857505344976328706e+04
6.677725781103941699e+03
2.415733190522405857e+04
9.803031746357542943e+03
4.661149872236122974e+03
1.252521444721219814e+04
1.015018509167885713e+04
2.033729173257974253e+04
4.066101047733769519e+04
3.684131269629391227e+03
1.304026882351155109e+04
2.315141496792978069e+04
8.433797462990489294e+03
3.172230780957080060e+04
2.750313060545070039e+04
2.029305587150724750e+04
2.370883416726250289e+04
2.417890778004620006e+04
1.143858654387569186e+04
2.156813149615932343e+04
1.580423053039477963e+04
1.115093915375359211e+04
1.054038502352526484e+04
1.091426563371208431e+04
3.339930260822005221e+04
9.725747244808659161e+03
1.616079025589498269e+04
2.162023880807305613e+04
1.143210777571812650e+04
1.867637220714189243e+04
1.498438187948050472e+04
1.410397668126198914e+04
1.699020698364092095e+04
2.348504987169718515e+04
2.530613469450243429e+04
1.275352744267365051e+04
2.467384758865273398e+04
2.484180276973738728e+04
