3.296961098259828577e+04
2.768302210978725270e+03
1.876799428167581209e+04
1.091216637725978399e+04
6.661364495837659888e+03
1.286889773694293035e+04
1.526609525622533874e+04
1.399642135266377954e+04
2.766209960403204605e+04
1.169276995916846681e+04
1.967885784210145357e+04
1.778712652962114225e+04
8.782056050586765195e+03
2.277280429749248651e+04
1.825452570867392205e+04
9.420405052641535804e+03
1.035637560492467310e+04
3.449865743783700600e+04
9.365794641204842264e+03
7.792455016973702186e+03
1.495253629255369015e+04
9.130824276697559981e+03
1.556585455604538765e+04
1.786548848952059416e+04
1.214676400087033471e+04
1.750411484720330554e+04
7.541560452409809841e+03
2.383901493187705637e+04
1.523591941286527799e+04
1.580337142127577499e+04
2.467070421436737161e+04
1.586605688509928041e+04
2.711096197073211442e+04
2.254921610066373614e+04
1.156887433772289478e+04
1.890633901048487314e+04
1.424698364660858533e+04
1.624010686334388083e+04
1.674441856821376859e+04
9.923348411170059990e+03
1.024269108124796912e+04
7.407240749927391334e+03
2.390970620109239098e+04
2.301808954160167195e+04
1.643513405701080410e+04
8.461638955030230136e+03
7.348625570301857806e+03
2.289050277000156711e+04
1.441997714918287420e+04
8.619866009834095166e+03
2.231074310543446700e+04
2.200729166858212557e+04
7.604548997447026522e+03
3.867367282579143648e+04
3.013036577675708759e+04
4.759562175751251743e+03
9.147516871247637027e+03
1.277850420870427479e+04
2.116700657557664817e+04
1.065388317131935764e+04
5.716439931256860291e+03
2.534127006554980835e+04
8.967480513991331463e+03
2.072838586589063561e+04
5.581512452789678719e+03
1.776174382860208789e+04
6.812303751076454319e+03
2.458463917751003828e+04
8.651110833404607547e+03
9.445409138660324970e+03
7.074512417212215951e+03
7.340250521802935509e+03
1.232936683393666863e+04
9.779327480875897891e+03
2.130155809852981838e+04
8.015734149593412440e+03
1.104592212398399352e+04
8.521167718623109977e+03
2.030203469022432546e+04
1.624833559177562347e+04
1.731307740505398033e+04
1.030842300062325376e+04
1.599737180323708344e+04
7.670204749444878871e+03
8.265553219537050609e+03
1.590253094132927436e+04
2.242933419525068894e+04
1.213905928533880615e+04
2.001282760785014034e+04
1.153341099650802062e+04
4.240210125752998283e+04
1.073497618606903961e+04
1.959263910546718034e+04
1.058165471842731858e+04
1.472215459890439342e+04
1.845574983987800806e+04
1.268482390606022636e+04
9.638151515050121816e+03
2.869419293650993495e+04
1.644968285521174039e+04
7.591698028814435020e+03
1.227453266890008854e+04
1.243996157631474853e+04
8.413986124903287418e+03
6.931821547443624695e+03
6.515456220406724242e+03
1.762621222407885944e+04
2.238217819807621709e+04
1.147999337004925655e+04
2.254095801491698512e+04
1.322945292686824178e+04
1.146011734729471755e+04
1.725835675978872314e+04
9.697137949962027051e+03
1.697884951497753354e+04
1.649665487681711602e+04
1.879872792079859937e+04
1.819463978628276527e+04
1.003055359038620736e+04
1.854792257100028291e+04
1.682314554252033122e+04
2.427918728669086704e+04
1.046485732620989984e+04
1.901103434039501008e+04
8.984993863204708759e+03
2.010233494982235788e+04
3.843347652842041862e+04
9.099634271341896238e+03
1.352622139177479039e+04
1.123208572829291188e+04
2.324888568497798042e+04
8.591135902061925663e+03
1.977254363601277873e+04
1.747681105993378515e+04
3.999349222166305481e+03
1.681494595397745434e+04
2.324894875528658304e+04
1.435739910763020271e+04
1.686379255616685259e+04
7.718065015321056308e+03
1.574793280403720200e+04
9.831763130076917150e+03
1.567279303636110308e+04
1.573273565854464505e+04
1.467237731023144261e+04
1.947990997878337657e+04
1.725542662994558850e+04
1.847864056989362143e+04
1.548749987505976242e+04
2.108252218675102995e+04
1.885561318721327916e+04
1.752533401044657512e+04
1.181816018277055264e+04
8.869472751792382041e+03
1.885274250537250555e+04
3.040905603458070254e+04
2.089579484693492486e+04
1.294189709341562229e+04
2.349112349710752460e+04
8.727650327698076580e+03
1.649254900859523332e+04
1.186468434504796642e+04
1.596833965378093308e+04
2.199239907225664865e+04
3.731563811754366270e+03
1.486702806040600080e+04
2.749313877542364571e+04
7.971060328338832733e+03
7.809223171661805281e+03
3.063018981259297652e+04
2.617085378568345186e+04
7.754261792274754953e+03
2.013429845881235087e+04
8.897293509766086572e+03
2.432567694111222590e+04
1.248537697179119823e+04
1.033697442220227094e+04
1.556904316504430244e+04
1.775390708616732081e+04
2.637294770913164757e+04
1.338729149346124177e+04
1.409391291283429018e+04
1.125943396513934022e+04
1.009516526087779857e+04
1.516752095627388371e+04
2.518994754872234626e+04
3.399010070865396847e+04
1.527748975982759657e+04
1.980495361385912474e+04
1.057225497586652273e+04
4.757304967213876807e+03
2.950811565254365269e+04
8.971556152160681449e+03
1.452242545740935566e+04
9.570801795712988678e+03
2.589894786317381295e+04
1.274378021392622577e+04
1.381309152352922320e+04
2.068115944176805715e+04
1.349116216643154621e+04
6.780959145852172696e+03
1.196346082545993886e+04
2.524057501199117905e+04
6.578791003866072060e+03
2.119573531190158246e+04
1.174913796151983115e+04
1.487497085856426020e+04
1.975260348132729996e+04
1.179732788858442655e+04
6.806746345108001151e+03
3.221863965436324725e+04
7.224958585203939947e+03
8.736925617089647858e+03
3.297391385379165877e+04
2.640197439045060673e+04
1.780152889857179252e+04
1.360763506702818449e+04
1.298279156218479693e+04
1.723545947457483999e+04
1.153387987130376314e+04
1.985165898593854581e+04
1.248952964680788318e+04
9.505985236372800500e+03
2.001322457890896476e+04
9.228911173202357531e+03
1.280747084843316952e+04
2.689328156181116719e+04
8.085486567690541051e+03
1.371140239100201688e+04
2.198397903534197394e+04
6.591593740092659573e+03
2.584714973010843460e+04
8.260644861743512593e+03
1.226027209254389163e+04
1.306056109484269473e+04
1.485232853619885645e+04
6.194024252921552943e+03
1.658037057371539413e+04
7.616152022447839045e+03
1.493167921877568187e+04
1.293482399733919738e+04
1.804324583989598614e+04
1.485211683416066808e+04
1.649258381316758459e+04
1.522258212222338807e+04
8.632220135511077387e+03
8.069997954957068941e+03
1.994529190205301347e+04
9.798023798695463483e+03
1.830603489651404743e+04
9.932771869290078030e+03
9.136566028737550369e+03
1.052375813128952905e+04
1.582124395940519753e+04
1.182082485348266891e+04
7.348458129682820982e+03
