3.749443880267790519e+04
5.344128648191003776e+03
1.406396621084283834e+04
1.904696988034455717e+04
5.210388451352595439e+03
3.482517601129688410e+04
2.151425415115410578e+04
8.550265832970038900e+03
2.077807988343447141e+04
1.305755487591499514e+04
1.918715481746296791e+04
1.449032774559228892e+04
1.509638250024099580e+04
2.585621886327291577e+04
2.271009850225890841e+04
9.713463891473402327e+03
1.343231472644225505e+04
4.089970265080584795e+04
9.086347706945221944e+03
1.478121766382025635e+04
1.842876367221813780e+04
1.613394157760352755e+04
9.760017135912985395e+03
1.830079879419855206e+04
8.349310828052170109e+03
8.737932733104998988e+03
7.979464923940368863e+03
4.183451816830909229e+04
7.400269962552851212e+03
2.318865298916140091e+04
2.458519582714848730e+04
1.401109089511240381e+04
3.645632136228015588e+04
2.702069666162152862e+04
1.472230057741377459e+04
1.157325377167635270e+04
1.330842500333783573e+04
2.048918479428106730e+04
1.591942064464767645e+04
2.009662015379078366e+04
1.484714206551325697e+04
8.125445696679604225e+03
1.842448565358971973e+04
3.824439149154552433e+04
1.452678531158266014e+04
1.460444226440582497e+04
1.288313764308042664e+04
2.334381906072466154e+04
1.893162785789549162e+04
1.407647211910166152e+04
9.664890661917816033e+03
2.610857572438452917e+04
7.508058651729257690e+03
5.192521914400906098e+04
1.977456851977245606e+04
8.581571419009225792e+03
8.670027205087400944e+03
1.786178892017895123e+04
1.759451243831540341e+04
1.578914651746952222e+04
8.066549779758273871e+03
1.939741793595459967e+04
1.117225625036254314e+04
2.942634300088094096e+04
1.197599152346440314e+04
2.090281630445179326e+04
9.061757055709174892e+03
2.332585030564353656e+04
1.084085231978658703e+04
1.905780503869761014e+04
2.199163551378517150e+04
1.251147441531258482e+04
8.527634979536976971e+03
1.271679750777094887e+04
2.601014223034269162e+04
1.859863780429211693e+04
1.190528750858748754e+04
1.649815255672295098e+04
2.760292599451541173e+04
2.220874423669653333e+04
1.678997937870699752e+04
1.099895888683721205e+04
1.491321827160821704e+04
1.450110581822653148e+04
1.886618919223504781e+04
3.690391888412383560e+04
1.363375302836411356e+04
2.069327594407819925e+04
1.813392927834665534e+04
1.092221335011258634e+04
2.312350791954303713e+04
2.139461556528369329e+04
1.292263718401371443e+04
9.852104660283417616e+03
2.009798520839095363e+04
2.598698461316154135e+04
1.581526400041887973e+04
1.662154326755682268e+04
1.751520988246628258e+04
2.860215657616611134e+04
1.617721312577504978e+04
1.301272579406472505e+04
9.676765683309706219e+03
1.301668374524260435e+04
2.219954210620244339e+04
1.203034850504244605e+04
1.042420127277432766e+04
1.744734431644410870e+04
1.031257753083655916e+04
3.478244633779264404e+04
9.615663144229270983e+03
2.884159225338337274e+04
1.602715526227537521e+04
2.137430683605355443e+04
1.254902647809861446e+04
2.772330040886248025e+04
1.207019166937313457e+04
2.644907049144333723e+04
8.168787539385536547e+03
1.744728638068796499e+04
1.869857340000831391e+04
1.633401379804518729e+04
1.829317569747643211e+04
2.436975475492246915e+04
1.223292190398108323e+04
2.202314166153653423e+04
1.688037783665739698e+04
2.001141778896839241e+04
1.262836143488212110e+04
1.274670052541187579e+04
9.212186470814071072e+03
2.144193752516477980e+04
1.703523248111729117e+04
1.685452377171886837e+04
1.127928013946418469e+04
8.000387172559345345e+03
2.868084793482563327e+04
2.833203076137340031e+04
1.346375260798555064e+04
1.284849126474864897e+04
2.077019562541009509e+04
1.656801617265748791e+04
4.073052026506256880e+03
1.689845624228526867e+04
8.735353679507374181e+03
7.613858627660310958e+03
2.488751338023105563e+04
1.816056348041616729e+04
2.311172144351620591e+04
1.015254720397559686e+04
1.668539282686885781e+04
1.601121454846485722e+04
1.592182133308508855e+04
2.457689773943432738e+04
1.129667127229857397e+04
1.534893237947284433e+04
1.175306031470374182e+04
1.292348684603283436e+04
2.695860965750491232e+04
1.403380822954046744e+04
1.730803366171960079e+04
1.229350584552528017e+04
2.391428280864177214e+04
1.529100425062021895e+04
8.605932677619697643e+03
1.881378678899076476e+04
1.135106674196270978e+04
9.704456076116501208e+03
1.154351746853154691e+04
3.702020039651133993e+04
1.897039939483374474e+04
9.645924225227396164e+03
2.950811206394925102e+04
2.187000004296268889e+04
2.426226674119292511e+04
1.590737403116164205e+04
1.836842855857323229e+04
1.604406799330498689e+04
2.131169322892080163e+04
2.128581419467365049e+04
1.455772317115016085e+04
1.067291473829031202e+04
9.044611297378105519e+03
1.605209790712689937e+04
1.010137575860093602e+04
3.220698583220432920e+04
2.052730694765094086e+04
2.387019977457415007e+04
3.459076254437090392e+04
1.257093141903317337e+04
3.743934167019584038e+03
3.746768500470030995e+04
1.880379026659635565e+04
1.641221176545445633e+04
5.281342102601339320e+03
2.226079670916669056e+04
2.362339184148549975e+04
1.156093898827751582e+04
9.084170323160942644e+03
2.948698693665496467e+04
8.610938873960783894e+03
2.309741709569103477e+04
2.581575163146063642e+04
8.064155630614957772e+03
3.192678905444919292e+04
6.006186362774433292e+03
5.579300005086541205e+03
2.743413237559130357e+04
1.903716565443415675e+04
1.619137993392009230e+04
4.353476633883736213e+04
5.368630216556452979e+03
9.411051228163487394e+03
2.189067075092661253e+04
1.302139124740308034e+04
2.181457202022962520e+04
1.277592211605999364e+04
2.227248789482366192e+04
6.333264423348105083e+03
1.610815508121565472e+04
1.739235388300746126e+04
2.593533085653459057e+04
1.908872785646202465e+04
1.811413316679813579e+04
5.740461793144269905e+03
2.194438828140295300e+04
2.977627855204722073e+04
9.439880343910781448e+03
1.803794929661659626e+04
2.064407410666790383e+04
8.641465557415940566e+03
1.960671891742060325e+04
8.172333490577084376e+03
1.676308065016564069e+04
1.979264180135037896e+04
2.525022936188905805e+04
9.295109287216899247e+03
2.161056952063932113e+04
6.816680589271191820e+03
1.192586419280934206e+04
1.624062492714970904e+04
1.302533352312729403e+04
1.371125331510696924e+04
2.410588321355720473e+04
3.264796245804580758e+04
1.685998325370580642e+04
1.332648534681644742e+04
2.054036115472824531e+04
1.343930426534447179e+04
2.841047426716323389e+04
1.551533363888235363e+04
1.507651737303278787e+04
1.243662497749984504e+04
1.283880852411689557e+04
2.275083480451603464e+04
1.018051132820430576e+04
