2.907208738202777386e+04
3.613236577552057952e+03
1.556693108352957279e+04
7.245529907252187513e+03
5.806366333293593925e+03
3.001101959289392471e+04
1.926343296366459617e+04
6.573530723280211532e+03
1.357617603349654564e+04
9.233394557930014344e+03
2.287231345734642309e+04
1.549063028231977660e+04
2.766502801167459620e+04
2.300429601839518364e+04
1.278028229644657404e+04
1.398905741841804775e+04
8.731346687697268862e+03
3.797871927497492288e+04
1.320775618170619055e+04
1.063482282826779920e+04
1.449191375291121403e+04
1.877287455500274882e+04
1.898177706347361891e+04
1.855604706273495685e+04
1.261507214265670518e+04
1.318089373410007829e+04
9.296171615401401141e+03
1.577395997958785483e+04
9.530905440397500570e+03
6.554693352823404894e+03
1.235416056346978621e+04
2.614011251994520717e+04
2.622659167074821744e+04
1.537896174533615340e+04
1.648226329364105914e+04
6.157123737279633133e+03
1.143745135592086626e+04
1.350021946877190021e+04
1.420209581655023612e+04
1.217484425918439592e+04
1.567165914390184662e+04
9.047727967202259606e+03
2.342502595020152512e+04
1.996618273232434149e+04
1.447692185033780152e+04
1.001912269277908854e+04
8.578117068494575506e+03
1.802481259357804447e+04
1.007805180793596446e+04
2.043929497608353267e+04
7.202367093054428551e+03
1.336080644841968569e+04
6.748862661789923550e+03
2.212480584344796807e+04
2.646456606305183232e+04
4.744789763459628375e+03
1.571942943698239651e+04
2.364690283655524399e+04
7.569292617511886419e+03
1.086767367769319753e+04
1.113089928104858518e+04
1.893936403714628250e+04
1.404779401081443029e+04
2.451078779715925702e+04
1.322757072670437992e+04
1.848101071890886305e+04
1.162659249553377413e+04
2.293179835653882401e+04
1.559948376939100490e+04
1.229090425043398864e+04
8.504766429855484603e+03
1.482139360904016030e+04
9.793445583967633866e+03
1.718994397186804781e+04
2.555083245642179099e+04
1.168219382270610549e+04
7.922006883713443131e+03
2.021124820844027636e+04
2.221398161334745237e+04
1.172168306304642829e+04
1.669979820956138428e+04
1.489932334922534028e+04
1.513510288365212000e+04
1.435554480322739801e+04
1.539592796986255416e+04
2.126623000408763619e+04
1.297158818865432477e+04
6.309294578948842172e+03
2.231314700915378126e+04
1.654587583968207764e+04
3.008438558382833435e+04
8.965002465722307534e+03
6.014980448469184012e+03
8.302997035811938986e+03
2.065522795419062459e+04
1.076863294615069390e+04
4.324307552378093533e+03
1.589383136558511251e+04
1.758748913050802366e+04
1.751225658182010739e+04
1.790556114188794527e+04
1.351941731753539352e+04
8.354049494970804517e+03
1.357921271785064891e+04
1.682775249785329652e+04
1.456631958733212377e+04
7.322350093145460960e+03
1.166445027666504939e+04
1.242252141667845899e+04
1.643030606726701808e+04
1.882485933880928496e+04
1.224922733565839553e+04
8.324124391376532003e+03
1.259425323435582868e+04
7.446448202239565944e+03
1.022729980618495938e+04
1.504887128620307158e+04
1.648216900539812923e+04
4.756352106173083484e+03
2.221824077142152964e+04
1.469650855704579408e+04
2.184461475645947576e+04
2.065065070275355902e+04
9.508192916561174570e+03
1.117275627449523563e+04
2.582153622594718763e+04
3.119512387976983518e+04
1.230622868414320874e+04
2.185905501850999644e+04
1.338052232297825503e+04
1.737059290404367857e+04
1.490925842070143699e+04
1.555106491405847009e+04
1.600450782797410284e+04
9.582855486026523067e+03
1.901728350686220074e+04
2.046441288814552900e+04
1.768084284156644935e+04
2.934512733067490262e+04
5.225783146653774565e+03
1.611653007415847787e+04
1.299764341268626777e+04
1.561969765050773822e+04
1.427251145983882452e+04
1.170312079006991189e+04
1.193242717648326652e+04
2.281561842011822955e+04
2.384268354327353518e+04
1.548732694219481164e+04
1.541935814917820244e+04
1.170705284153737375e+04
1.540953196113281047e+04
1.036231077697780893e+04
2.121980745895196378e+04
1.157476721108141646e+04
1.829620880636300717e+04
1.042883083120106130e+04
1.054451944925286625e+04
2.606942694329076039e+04
7.881105530894423282e+03
2.884374828099576189e+04
1.055715693537550760e+04
1.168134001185440866e+04
1.514524349578684269e+04
8.359831042675599747e+03
1.548340479776321263e+04
1.408621399587779160e+04
1.748115435859460194e+04
1.153059908741231084e+04
2.610032667459382355e+04
1.999707601499194789e+04
5.139316445660108911e+03
2.746712993726284185e+04
1.979868248621044040e+04
2.738608878534800169e+04
1.304151523639723928e+04
1.834285632419148533e+04
1.000580898022278598e+04
1.151841275939424122e+04
3.754002388914454787e+04
1.451609525658910388e+04
1.993432667193541056e+04
9.343741034536544248e+03
1.412336392507811252e+04
9.173893980388707860e+03
2.017807878821976192e+04
2.165889498357144112e+04
1.491926172080423021e+04
1.344812381894171813e+04
1.128261696203254360e+04
1.157411892956548036e+04
1.758691732630890328e+04
8.848754612507123966e+03
1.980470211999910680e+04
1.014125175886041507e+04
1.743987431661031951e+04
6.100688183800270053e+03
1.054357426620678598e+04
1.860940640460206851e+04
1.292857593362568878e+04
1.581903716126424661e+04
1.629577517346282912e+04
1.754899698756818543e+04
6.350849663543956922e+03
1.213280888448582300e+04
6.064121370089002994e+03
7.487653573648114616e+03
3.259606198205999317e+04
1.330736919941577617e+04
1.116360090326358295e+04
2.827317562935112801e+04
4.624646975431845931e+03
8.934809870836965274e+03
2.181650521108570683e+04
1.610312063137538098e+04
1.420948513040809667e+04
1.722296863675805798e+04
1.795715141561366181e+04
9.058565167845590622e+03
2.628048284227259865e+04
2.095253475887271634e+04
9.373910703953693883e+03
1.454922644322868291e+04
2.166332569648528806e+04
8.365351053937223696e+03
2.388755428589447183e+04
2.178984344620144839e+04
7.872115814569075155e+03
1.526827710623842722e+04
2.731852284014621182e+04
5.479836016572861809e+03
2.856170900002827329e+04
2.267765329995838692e+04
1.337117697661694729e+04
1.462302597676092773e+04
2.891738731445369194e+04
5.664369403796998085e+03
1.306698968877958032e+04
8.740254794833024789e+03
1.465500830690953990e+04
1.860393767269672026e+04
1.287442251498845144e+04
1.460312330250604464e+04
1.044739293107009144e+04
2.334512493785654078e+04
2.375396344771066288e+04
1.499836480752176067e+04
1.102312501358790360e+04
1.022894258700831597e+04
2.162658271387840432e+04
2.541912496534514867e+04
2.196365662468947630e+04
1.532118945120293574e+04
9.326956059920337793e+03
7.314645946365874806e+03
1.334510986616518858e+04
