4.420579873295644938e+04
1.096691306903088844e+04
2.532216533190501650e+04
8.718660090628203761e+03
1.468258495716509606e+04
4.053697636790602701e+04
1.299995233440131960e+04
2.514648605368435528e+04
1.713348639846433070e+04
1.237579540725948755e+04
2.253248976923265218e+04
3.041196677734153855e+04
2.851359390885381072e+04
1.560125118425174878e+04
1.997425412627746482e+04
2.076231902731328228e+04
1.322599282310093076e+04
1.227395775698646685e+04
2.757893245241294062e+04
5.717386308740899949e+03
2.191726048958144020e+04
2.697336385175704345e+04
4.795165773627818999e+04
1.400758918501528024e+04
1.046490434832529172e+04
2.439460548109313459e+04
1.905955880389583035e+04
1.788983534340879487e+04
1.763605040528429527e+04
2.146217429678517146e+04
1.711920824865969917e+04
1.117648888767845347e+04
1.363429207663303168e+04
2.021352477115147121e+04
2.066306935499044994e+04
1.550122315355767023e+04
2.170787323270874549e+04
2.243181312546183472e+04
3.020226428120632045e+04
5.757226861786487461e+03
1.848090001585048230e+04
1.198851353893550731e+04
3.737260911092274910e+04
2.658701563678177990e+04
1.537058673526880739e+04
2.558490111601427270e+04
1.618648137536145805e+04
1.121149361259445868e+04
1.479396786383411199e+04
2.092916590987529707e+04
2.137257805441252276e+04
1.828408426963895909e+04
5.881963572085993292e+03
3.967858319936572661e+04
1.781727833296865356e+04
3.498410853037243214e+04
1.632197732823900151e+04
9.304595603248291809e+03
1.305170909115161521e+04
2.482599307428306565e+04
9.341444006652318421e+03
4.719071981513450737e+04
6.148969794003350216e+03
2.360635214129282758e+04
1.851389701068620707e+04
1.606767211340791800e+04
2.619791242118458104e+04
2.679435382512840806e+04
2.058925249261811405e+04
1.531862190143257612e+04
1.274819266143257119e+04
8.573091708540596301e+03
3.099128981809486868e+04
2.145450002818428766e+04
1.910871773564815521e+04
1.790060766225417683e+04
2.494360710397376897e+04
2.529967804429170064e+04
1.748746579343950725e+04
1.115513649073572378e+04
1.598106470984991029e+04
1.483677796392229175e+04
1.606582705941773565e+04
2.023567292335884486e+04
1.390453931107651260e+04
4.805627040170125838e+04
1.706226655499671324e+04
1.410352281063076043e+04
2.463328911061709732e+04
7.908301059052158053e+03
3.273230390217486638e+04
1.128042965582823672e+04
1.312235003996748310e+04
1.717128257811558433e+04
1.686592113461270128e+04
1.654655938275774315e+04
1.052110064595257245e+04
8.429401803055025084e+03
1.849511184623047666e+04
1.350274656351384328e+04
1.286001701765278995e+04
3.614933864827541402e+04
9.393734087582975917e+03
2.548970054839820295e+04
1.504505615226471855e+04
3.322855372132466437e+04
2.603565193436207119e+04
2.708866163519127440e+04
7.903143053319963656e+03
2.483295519747237631e+04
2.082320762335468680e+04
3.029953223969816099e+04
9.678256946161796805e+03
5.913165458544983267e+03
1.619355832302626368e+04
1.849299359618958260e+04
2.583859160748737122e+04
1.306630750381681901e+04
1.702854619763849769e+04
2.723593807949420807e+04
1.264018810702246810e+04
1.311740634303082516e+04
2.315884089367894558e+04
1.621510666110608508e+04
2.857103175143980116e+04
1.450462505801174302e+04
6.177712677775901102e+04
6.185255615255399789e+03
3.019235501405216201e+04
1.179007850860922008e+04
4.077110048118441773e+04
8.013576879707989065e+03
1.266431868567123638e+04
2.077831038821297625e+04
2.133691145217584562e+04
3.490429088671823411e+04
3.300310996011969110e+04
1.869520808682330608e+04
5.959325426243933180e+04
6.592217578050774136e+03
2.381519984646585726e+04
1.885897991682896100e+04
2.278287350869914735e+04
4.056662845235702662e+03
1.900710898661109240e+04
2.428135952615640053e+04
1.619542437617316682e+04
1.353245034363343257e+04
1.651626403159100300e+04
2.599465062931873399e+04
1.712025938705586304e+04
1.758965621665714934e+04
1.067086231820841203e+04
3.705752556795495184e+04
1.766837841177592418e+04
2.465869409256270592e+04
3.898975896859466593e+04
1.849423570919570193e+04
1.961556695806611242e+04
1.038814191019929785e+04
1.639765816628160974e+04
1.397101822758435264e+04
2.114179680726248989e+04
2.165209724197202377e+04
1.867375137747723056e+04
1.623423010986327427e+04
2.959232945333458701e+04
2.238454030175530715e+04
1.856154218177374059e+04
2.337484301838091778e+04
3.017771447207098026e+04
1.552385508952662349e+04
2.682683420532321179e+04
2.021240744902375081e+04
1.057033518252372596e+04
2.402145750105576735e+04
1.817729466826753924e+04
2.578354106199448506e+04
3.304324506081248546e+04
1.117144278910462890e+04
3.359959030422459182e+04
2.962035651898245487e+04
9.547454788671704591e+03
2.226954014003170596e+04
1.250609782601877851e+04
8.917838112515270041e+03
1.772201973420193826e+04
9.016512523741304904e+03
1.911207522633203553e+04
4.405714152051918063e+04
2.597870241389776857e+04
2.032469575245164378e+04
8.635074701854049636e+03
1.927265655448419784e+04
1.666076834765125386e+04
1.382194521746854662e+04
1.802749366891459431e+04
1.211704166720850117e+04
1.941983691424003700e+04
1.424066685823573243e+04
6.383081764130306510e+03
3.777439296949803247e+04
1.446079204634675443e+04
2.299451653710738174e+04
1.214918724540614312e+04
1.708323001132206991e+04
1.651976058174286300e+04
2.212088971012446927e+04
3.025239970810205705e+04
9.091424979889270617e+03
1.632644825683972886e+04
1.253778440070166653e+04
1.873065811924387890e+04
1.337155132076143855e+04
3.052468666242846666e+04
1.111231509210945478e+04
3.284321891933132429e+04
1.427536493358417647e+04
2.911064613258371901e+04
1.176503394788097103e+04
2.697272501884352459e+04
2.453503252488583894e+04
6.902933509812783086e+03
1.876348232389505574e+04
2.046181844548882873e+04
2.546707018932062419e+04
2.628678953102602100e+04
6.863902231215914981e+03
1.998790535838134747e+04
3.072141144549633827e+04
1.124964440642629052e+04
2.966892273653451048e+04
3.651731220099333586e+04
1.431365617498880238e+04
1.935645823291021588e+04
3.021838268512864306e+04
1.522875305254661725e+04
1.247021059225318277e+04
1.667349215535065014e+04
3.091803170674467765e+04
1.124859276616254647e+04
2.876525315708750350e+04
3.594809473060021992e+04
1.990142123624187661e+04
1.547993991796563023e+04
2.770767767556401304e+04
1.891909004089681184e+04
1.909320663885661634e+04
8.914225371903494306e+03
3.424902602094473696e+04
2.298889748780018999e+04
1.718082022838278863e+04
2.500970100790133074e+04
1.823197668500844884e+04
2.089987704669235245e+04
1.766521343397640521e+04
