5.049045984820227750e+04
6.673979146830832178e+03
3.037119258575686763e+04
1.310647111937890259e+04
6.820490909055156408e+03
3.399989544516830210e+04
1.486317805763101933e+04
1.365417580759895827e+04
2.511203278444891475e+04
1.439807990731395330e+04
2.593234878483340435e+04
2.229804976604698095e+04
2.567807677401627370e+04
3.349121669548811042e+04
1.591983295558723148e+04
1.801363058092537540e+04
1.017284718928648363e+04
3.695244812259969331e+04
7.849379447125824299e+03
1.324649402454774099e+04
2.231572986507041060e+04
1.695834884242589760e+04
2.884964235947652924e+04
1.272256486541513004e+04
3.584235331141973802e+03
2.091014008816670321e+04
1.102028091627734284e+04
3.283063530158775393e+04
1.746182420430372804e+04
1.858311082763452214e+04
1.233329298913100138e+04
1.313923224231978202e+04
2.544068063614017228e+04
1.736653607559562806e+04
1.666984568196015607e+04
2.051257770686099320e+04
8.343058004117981909e+03
1.270374952328847030e+04
2.030363364244329568e+04
1.043915742257629245e+04
8.349102536676169620e+03
1.203782658880193412e+04
1.765845285999667249e+04
2.336677558891929948e+04
2.343670156422611763e+04
1.654169916171664954e+04
1.700145907958288080e+04
1.716933420376396316e+04
8.988864608826132098e+03
2.427331403584626241e+04
9.747530170751826518e+03
1.207917136156365450e+04
7.625801529854454202e+03
3.037712819318671973e+04
1.181355727666501116e+04
1.696870499061462760e+04
1.734602560139421985e+04
1.559544848652152541e+04
1.292323474831737803e+04
1.562214875987996857e+04
5.418783238201421227e+03
2.600974781921117756e+04
1.600617159243629430e+04
1.951027610803322386e+04
8.431620823219245722e+03
2.034575200257950928e+04
1.401597490114524044e+04
3.161946112758945310e+04
7.886097747792467999e+03
2.090118755706076627e+04
1.278208537498370424e+04
1.307043287964740739e+04
7.209938654582245363e+03
2.214661346805014909e+04
2.119635696907106467e+04
1.508470343942017280e+04
1.154092706439698850e+04
2.827396306477987673e+04
2.125639277473922266e+04
7.097141360552798687e+03
1.134712187037147669e+04
9.285698302140222950e+03
1.236139942709074057e+04
1.260254222750885674e+04
1.770028288035446167e+04
4.540355533824118902e+04
1.924697253539396843e+04
9.535321093152006142e+03
2.826356215906201396e+04
2.241153535252935762e+04
3.264389856171250358e+04
9.731367214161544325e+03
2.400354552909263657e+04
1.534054597390719209e+04
1.504309284732612286e+04
3.063812717171747863e+04
1.052500628504377528e+04
1.295260237305157716e+04
1.581920784310716772e+04
1.773125526757720945e+04
7.583487498390833025e+03
3.073102746810852841e+04
7.161060265349678957e+03
2.472757660715260863e+04
1.844086157001756146e+04
1.558179729619329737e+04
1.665866311280815717e+04
1.416964549472935141e+04
6.790709879453618669e+03
2.502939222520832845e+04
1.945181324072515781e+04
2.977076772862897997e+04
1.649533275686051638e+04
2.192297833976322727e+04
9.884715927008111976e+03
1.593100673675433427e+04
2.696708532049885252e+04
2.060728745571877880e+04
8.568656452320003154e+03
2.501534826352022355e+04
1.039626960999274706e+04
2.120796467866784224e+04
2.057686687517073005e+04
1.889095027832553387e+04
9.928527061699569458e+03
2.353545605136319500e+04
4.418602545664795616e+04
1.187281119118754214e+04
2.522302053054362841e+04
1.910591392824302602e+04
3.346780098481173627e+04
7.549281376024519886e+03
9.323669501741362183e+03
3.223157231824787959e+04
1.163231569587954618e+04
2.462716203167771891e+04
2.151278471178696054e+04
1.430078656840511758e+04
4.189774882876243646e+04
1.180965514896599052e+04
9.322242269731168562e+03
2.648547453263571151e+04
1.311310521412193521e+04
2.226155596115570734e+04
9.875984668019478704e+03
2.128622437833106233e+04
2.080740341253839870e+04
3.115364392165574463e+04
1.663516519133841575e+04
1.586379514363779163e+04
1.939679004032746525e+04
1.418809349425501568e+04
6.703717465355935019e+03
2.244928678330634648e+04
7.625078555072774179e+03
2.411321145295575843e+04
2.396843388928044078e+04
8.252096108278803513e+03
1.793369064253952820e+04
1.618581992298243676e+04
1.516106301110434651e+04
1.041986768451996249e+04
1.367000660308181796e+04
2.548742256893072044e+04
9.774814557235207758e+03
1.683227305745724880e+04
1.543301226875217617e+04
1.426458530928549590e+04
3.670282863436393654e+03
3.839728628064465738e+04
3.353147185122688097e+04
1.045410301681085548e+04
1.390844171441639628e+04
2.203577720928687995e+04
2.004666039251031907e+04
9.056494403461969341e+03
1.791992991841537878e+04
1.931934832472256676e+04
1.623965085671162706e+04
2.364838370967331866e+04
1.805294939917909869e+04
2.691238436271564933e+04
7.569773493035574575e+03
2.450797861644261138e+04
1.704863211108349060e+04
2.126751641304135410e+04
2.200296679660339214e+04
2.589053981224594099e+04
1.797880963502580198e+04
2.903786658634836931e+04
7.034576042619219152e+03
1.396674073185256566e+04
5.898552429316296184e+03
1.582752184165928702e+04
1.850211874167549468e+04
2.030694335368142129e+04
2.663621422306460954e+04
1.435168367188379307e+04
1.986018695072094124e+04
9.849848377959711797e+03
1.392313526469859789e+04
3.103854622524190563e+04
1.087280283986380164e+04
9.361316553618496982e+03
1.581530342233747069e+04
9.205511664413228573e+03
2.177082774315920688e+04
2.443310742921661222e+04
1.605145208841738167e+04
8.751970458959705866e+03
3.210206459751626244e+04
1.303028190557674316e+04
1.079058603937211410e+04
2.763689030311776514e+04
1.136568305335238256e+04
2.115825094204059860e+04
1.301316512376547689e+04
2.149581307086650486e+04
1.113203540152446476e+04
1.164353279155388736e+04
1.714776297074613103e+04
1.882982603670786921e+04
1.568664369037327197e+04
2.459342466126392901e+04
1.388526242285827539e+04
1.880755694540526383e+04
3.073810711763107975e+04
1.279405316705061523e+04
1.332721469915526905e+04
3.269200290431562098e+04
8.019465395481799533e+03
3.210033368345543204e+04
1.914472203864865514e+04
1.434485646182958044e+04
1.947443736794023062e+04
1.838672111984048752e+04
4.855066294596519583e+03
2.123953027522847697e+04
5.934564042979259284e+03
2.424864320869552830e+04
1.189909830006979246e+04
1.919210692678980922e+04
1.286940483675060386e+04
1.888997046332129685e+04
2.143643323927082383e+04
2.066565482237594551e+04
1.076323597357214749e+04
1.425520867583579638e+04
9.534031770794350450e+03
1.518235386320979342e+04
1.507324453719291523e+04
2.555808438550909705e+04
1.503057406579027520e+04
1.447620994318162593e+04
1.647041350798320491e+04
1.304860801616482604e+04
