3.480188100043011946e+04
4.380326406435291574e+03
1.985668528301214974e+04
9.903467279290814986e+03
8.053342592232187599e+03
2.889462379458723444e+04
1.573072037078802168e+04
1.040439827131115635e+04
1.540307554456787329e+04
1.533641932003849070e+04
2.418424217330508691e+04
1.195360108343742650e+04
1.642351185783920664e+04
1.629146201526553523e+04
1.871707800097676591e+04
1.421650245597250432e+04
1.256339801291430740e+04
2.522956298913355931e+04
1.146708981473445419e+04
1.996900876924160912e+04
1.359048425708171453e+04
1.721607364585239702e+04
2.200930495633856117e+04
1.694748307113642659e+04
1.445390985087561603e+04
1.677430049498095468e+04
1.652766004734015223e+04
1.898122070470988911e+04
6.509688247663248148e+03
2.253312759604121311e+04
2.416628684639911080e+04
9.349415461100496032e+03
1.930671310818391066e+04
2.685791060371301865e+04
2.213962358516661698e+04
8.465442471544814907e+03
2.155388130701050250e+04
2.367583064498479871e+04
2.970300298585481141e+04
1.208820772379234586e+04
5.565731586526873798e+03
2.186622298267254519e+04
2.364570781446293768e+04
2.523520318264362504e+04
1.099946635567700287e+04
9.693180954251365620e+03
1.404997867006203705e+04
1.648071178756324662e+04
2.592545099206790837e+04
5.647945869860866878e+03
8.460701992416124995e+03
2.096370613147820768e+04
1.620604673487420951e+04
3.306620157828790252e+04
1.967261662194392557e+04
1.019069203767125509e+04
1.266954064035894589e+04
1.444702033456643039e+04
2.560454339077441546e+04
1.583111157442234253e+04
9.185084125773524647e+03
1.875922431263187536e+04
1.569495860814882144e+04
2.114805224672549957e+04
1.806388085320231403e+04
1.349253239623702211e+04
1.397929583669504609e+04
1.976129815329316261e+04
1.271974915857290034e+04
1.936118062901802477e+04
2.480687952088568636e+04
1.747294706648013744e+04
2.006764027228789928e+04
1.095629310579827143e+04
2.286433309723964339e+04
2.098311233439568605e+04
2.008505993319007757e+04
1.142060190711386713e+04
1.637242216894738885e+04
3.064122626687726734e+04
1.545532953182832534e+04
1.576212425545918450e+04
2.053822440090642704e+04
4.009635253426714826e+03
1.878043348045901803e+04
2.545893122130163101e+04
2.654902173260778000e+04
7.279079270058634393e+03
9.511286154977267870e+03
1.126694014419472114e+04
3.774933069306721882e+04
1.051302979071769551e+04
2.232327878201941348e+04
7.723597910692104051e+03
1.129222992419903676e+04
2.048758177844918828e+04
9.918277320843508278e+03
2.237392213427493334e+04
3.003206081089961299e+04
7.234640266016685018e+03
8.215427924718611393e+03
1.718054637576854293e+04
9.583858217414423052e+03
1.354695406768942848e+04
2.088177946455093115e+04
1.880262583829443247e+04
1.931705092609858548e+04
2.051758196149480500e+04
1.699051086815118470e+04
1.973079057601905879e+04
9.922831878537206649e+03
6.992110840240444304e+03
1.839836082873745909e+04
9.870811853742126914e+03
2.177701173183518767e+04
2.442928508522675111e+04
1.372075801720508207e+04
3.066477706222865527e+04
1.546288605670385368e+04
1.900537513861686602e+04
2.148696866012329338e+04
1.985109084683001493e+04
1.304345154579995869e+04
2.044183979657117743e+04
2.286957751149821343e+04
1.438411779570062572e+04
2.594869073356692752e+04
1.923210854749393911e+04
1.453590314995603148e+04
1.201055708726936427e+04
1.526078069232306734e+04
6.748146179343782933e+03
8.731194134108100116e+03
1.548887146473857683e+04
6.970539088761346648e+03
1.200598317663208763e+04
1.353091793993831561e+04
2.087612141075031104e+04
1.941008603246034909e+04
1.054264787571390116e+04
2.039555371835043115e+04
1.580642025718431614e+04
1.135790075102221090e+04
9.873966494164471442e+03
1.206718901170801109e+04
1.195660668958676069e+04
1.607240627933819997e+04
1.720151538676709606e+04
1.122596744269468945e+04
1.685071866187690466e+04
1.063061629691578491e+04
1.999739498927559180e+04
2.022473327754061756e+04
1.538157339734670313e+04
9.124641207933245823e+03
1.783540614349571842e+04
1.690456050108079944e+04
1.175827345948008406e+04
2.193804909385384599e+04
1.029927880889914013e+04
2.750547716120390760e+04
2.092150771812721723e+04
2.557927037949939768e+04
1.517395700677410059e+04
1.007822330752428570e+04
9.138687494619416611e+03
2.263961452454673781e+04
9.296635287873819834e+03
2.650781538241746603e+04
2.344928235759703603e+04
2.066454853361444475e+04
2.445499089503896539e+04
3.498264323135565792e+04
1.377611480130252676e+04
1.125251087605311659e+04
8.156575986079599716e+03
1.514076050522838705e+04
1.423515331503304151e+04
2.420155148578423905e+04
1.567150132357020811e+04
1.092146931295254035e+04
8.489436625620022824e+03
1.761930675830370819e+04
1.498884632807388152e+04
6.193878542247449332e+03
2.434583574224040422e+04
2.962792408852921653e+04
5.061946998260600594e+03
1.165078013707020000e+04
1.238787583805491340e+04
8.657500607831800153e+03
3.003094551934474293e+04
2.058573217493087577e+04
1.262892537732813980e+04
7.286826390402704419e+03
2.669118989924147172e+04
2.679892553183337805e+04
9.250819619346068066e+03
1.175970243782723264e+04
1.504671994797896696e+04
6.968988316464427044e+03
2.011507340583056066e+04
4.557224960511124664e+04
2.944314199182559605e+03
1.054482000475425048e+04
1.647398533304827288e+04
1.455771905741981391e+04
1.542429635257846348e+04
2.399139619065885563e+04
8.724367816250280157e+03
2.109287123648577108e+04
7.799067970825743942e+03
1.296026599498500764e+04
2.847106619210615827e+04
2.691357319605287194e+04
1.489451211426877853e+04
1.782860606333926626e+04
2.821248769664257634e+04
1.068694200837062817e+04
1.477306176783654155e+04
1.789939006242460164e+04
1.774626568916821998e+04
1.879018632728779630e+04
2.032401417616276740e+04
5.658117445205787590e+03
1.998431760987072630e+04
2.301741279649253920e+04
1.052992703312831509e+04
2.547681989634461570e+04
2.674492098647569219e+04
4.002459799396201106e+03
1.887211061916651306e+04
2.424945649894786766e+04
1.276093052526334941e+04
1.810098196388165161e+04
2.674220824678606732e+04
1.074655490051498600e+04
2.333906071683967457e+04
1.103101088028283812e+04
6.190291630913879999e+03
1.835795601010166502e+04
1.100606163209994702e+04
1.889785964015423815e+04
1.906480644240400579e+04
1.572104564169956757e+04
1.896472342955364365e+04
2.166182264353807113e+04
2.028212010422557796e+04
7.296826474798247546e+03
3.372560292757439311e+04
1.432990424114259076e+04
9.249808548686598442e+03
1.475077563546731290e+04
1.257867408424392124e+04
3.152460850576268786e+04
2.030593626338734975e+04
