3.415757289345588651e+04
7.144493669384366513e+03
1.280028201171987894e+04
1.150226331099584422e+04
1.706828255925168924e+04
2.678814324100822705e+04
1.407253187248174982e+04
1.841996234529852518e+04
2.556131354746131910e+04
5.832469391153935248e+03
2.426834728897820605e+04
2.109077296351183031e+04
9.986679021653060772e+03
1.623391591995975614e+04
2.083066132886305058e+04
1.941607849216300383e+04
1.257058231737586539e+04
2.875222860668153953e+04
6.146258232721772401e+03
8.355424586862747674e+03
1.407427297428591919e+04
1.109257762461128732e+04
3.541070670331551082e+04
8.430265216710846289e+03
2.290521079208351512e+04
1.464710496552161567e+04
1.429083704594562369e+04
1.713024704659387498e+04
7.519703904425025939e+03
1.139809318202066970e+04
1.654720250023001427e+04
1.356762242062081350e+04
4.208937850027945387e+04
1.263627820347180932e+04
2.408424076486663398e+04
1.675105784497903005e+04
1.459289718172129142e+04
1.916578876596405462e+04
2.722462809213023138e+04
9.071089313294331077e+03
1.176580541151070975e+04
1.737091311309566299e+04
1.532319832578323258e+04
1.445266398918514824e+04
2.688233119060864556e+04
4.584167233229090925e+03
1.134007899228787210e+04
1.049422966982510297e+04
3.479963708576218778e+04
1.376734145648462436e+04
1.039999583404896293e+04
9.576493920218747007e+03
1.164525369056056297e+04
2.727940719834568517e+04
2.035934395681766546e+04
2.620607968112324306e+04
1.900595697392029615e+04
7.542498927375658241e+03
1.407225145806218643e+04
2.592306590889345898e+04
1.833617903426859630e+04
2.974109361212035219e+04
1.355510284365212283e+04
1.845962690271138126e+04
2.243953621009724884e+04
1.361467848045470964e+04
2.576082076363997840e+04
3.126423577236529309e+04
3.738535811017205560e+04
1.374598832049175689e+04
1.482411145599653901e+04
1.543225759780152657e+04
2.910839362784496916e+04
1.623467576562005706e+04
9.105956123989852131e+03
1.851733552722402237e+04
1.676231360120917816e+04
9.378644803175895504e+03
4.117148143738912040e+04
2.030085432833560117e+04
2.446033241544838893e+04
1.379460109972563805e+04
1.322289751168588555e+04
1.460418926158368231e+04
7.667209175337803572e+03
2.000814988942124910e+04
2.005585252474830486e+04
8.312537166461992456e+03
1.445846720442367769e+04
1.624858504710215493e+04
4.655489741915365448e+04
6.373349028282517793e+03
1.588113751344117554e+04
1.566567619426744022e+04
1.082197260305585223e+04
1.934986736499577455e+04
8.381957111003694081e+03
1.768292744691677581e+04
1.561054136279788509e+04
1.762130583157595902e+04
1.872293791787946975e+04
2.536528219295661256e+04
2.429760332667737748e+04
2.281984813643728194e+04
2.800088920033646355e+04
1.053350210224588773e+04
1.625507347643952198e+04
2.906631753798693899e+04
6.371964604951200272e+03
2.100177732418512460e+04
1.812038547395969363e+04
2.357427959888206897e+04
1.560275939524643036e+04
1.120032951931413118e+04
1.614789273364605287e+04
1.499478972277322464e+04
2.455418787523281208e+04
1.666005107757568476e+04
2.030963044885240743e+04
2.113367773122431390e+04
4.011996018139499938e+04
1.457273736215209283e+04
1.334466754588755612e+04
1.971385443463212505e+04
1.780816467532229944e+04
1.426310104133366258e+04
3.077117309731087880e+04
7.635717316236095940e+03
1.203164930807229939e+04
7.805823722203557736e+03
2.727137889848261693e+04
7.255652631602309157e+03
3.163096348841780855e+04
1.174398794490831096e+04
8.661446831848974398e+03
2.422802800053380270e+04
3.118742844008209067e+04
1.291894859463658031e+04
3.931743145734311111e+04
6.626922320462693278e+03
1.461616673410712610e+04
1.180699158100173008e+04
2.506189135317756882e+04
7.983297389820505487e+03
1.646657453132764931e+04
2.539042242047276159e+04
1.791075990055378134e+04
8.643406037117667438e+03
8.568454901854052878e+03
9.096595024234358789e+03
3.227982730674116829e+04
2.316719227979245625e+04
1.392361521710842499e+04
1.780281982382076239e+04
2.036260206808574003e+04
1.103231878422105001e+04
3.115634467922181284e+04
1.981579758127775494e+04
1.153410295806847171e+04
1.335154517616692101e+04
2.105060246722391821e+04
1.459728770784445624e+04
1.203517797871418588e+04
1.300855954777991610e+04
1.366154259538779115e+04
1.917677858414464572e+04
1.484709739149066081e+04
1.698500469379915739e+04
1.494933817578299750e+04
1.952483432960215214e+04
2.610604557849040793e+04
2.549923669710028116e+04
4.508110909140767762e+04
7.152532619292597701e+03
1.217514662421377216e+04
1.712778795585285843e+04
1.935422331541225140e+04
1.690950321626908772e+04
1.779119777773498572e+04
8.823862530583093758e+03
1.718326846210233998e+04
1.713115598924172809e+04
9.031900707693199365e+03
2.397387102979634437e+04
2.093617039977416789e+04
2.098768939775986291e+04
2.126045325368467820e+04
1.432895166108629928e+04
1.903001283440894622e+04
2.118272248790039521e+04
2.380207443954264090e+04
1.068091480705519098e+04
1.400801188200154684e+04
2.287674948059900635e+04
2.256384453912242316e+04
1.177224655962206998e+04
2.391056766612820866e+04
8.112366345746854677e+03
1.105455369817401515e+04
1.718275525760754317e+04
1.171077175175018601e+04
2.578867033031295796e+04
1.897539219619992218e+04
1.446859331482543166e+04
1.855608637113823715e+04
1.190758503238493540e+04
1.490979151291084963e+04
1.940157467692524369e+04
4.141732830717814068e+04
5.210490456730655751e+03
3.285785428854238125e+04
8.266870908382177731e+03
6.092730960339708872e+03
2.114478274587372653e+04
3.632322500406538165e+04
1.864528187332872403e+04
2.425460452587260806e+04
9.657844717593210589e+03
3.335942729554769176e+04
6.219052685764648231e+03
1.972619978660487686e+04
6.092078232417635263e+03
9.727226073080018978e+03
1.835299658398908286e+04
1.285924403231940778e+04
1.321839764003546043e+04
2.097675097490641565e+04
1.466618555101263883e+04
3.459148472081172076e+04
1.700622257762700610e+04
1.062584737818531539e+04
2.566910918595315525e+04
3.576210395036089176e+04
1.181606199002669018e+04
1.077294535589115003e+04
1.107142787780100844e+04
1.147659645123084010e+04
1.055227416106387864e+04
1.901229256653259654e+04
2.077617284067836590e+04
1.041903740850137001e+04
2.353929454823823835e+04
2.835041066368293832e+04
1.134261270981149391e+04
3.736952852915857511e+04
8.919567042347161987e+03
1.930249476750321628e+04
1.317301456298478115e+04
7.200038824850694255e+03
1.663346819645470896e+04
1.598137360935108154e+04
1.852717071804845546e+04
1.522282440169558140e+04
1.710106886427646532e+04
1.963080258480248449e+04
1.721435753397700319e+04
