4.468863086954896426e+04
7.052819584338157256e+03
1.942443265556941333e+04
1.173584064302239312e+04
1.031731763206490541e+04
4.796518208518821484e+04
2.370361614735385956e+04
2.392264252421515630e+04
1.973074350194235376e+04
7.482370767082974453e+03
2.322904528476631822e+04
1.752792706693406217e+04
1.551311451739016593e+04
2.769177466816804008e+04
3.497038883922371315e+04
2.251218549610485934e+04
1.613914444525257932e+04
3.512432130779832369e+04
2.865362185840994425e+04
9.806637079596514013e+03
2.235766652114924364e+04
1.215609964327865600e+04
2.108955653035226351e+04
2.112902972382413645e+04
3.029235492727208839e+04
2.058359360383066814e+04
5.941801783792153401e+03
4.100313767490194732e+04
3.487917995195667027e+04
1.939083789311275905e+04
5.346598700627205835e+04
1.256582175393158832e+04
4.860384394411008543e+04
3.117948625490776976e+04
1.419379519600607091e+04
2.773141306877453462e+04
1.212799652416156459e+04
2.418961645620609124e+04
3.135893302152871911e+04
8.074358958047744636e+03
3.207374450418122797e+04
1.343959706067909974e+04
3.886956836579758237e+04
3.323797874659609079e+04
3.863571960857299564e+04
8.969671186755211238e+03
1.207067913595299069e+04
1.985422741394128025e+04
2.936195378258441997e+04
3.510326570713886758e+04
1.530181523357687911e+04
8.494486600923284641e+03
1.269557913408240165e+04
3.932744903287442139e+04
4.877659537070465740e+04
1.622136788207541758e+04
2.461670326743516853e+04
2.383856517230741520e+04
2.871179190549107079e+04
2.920353466177506925e+04
2.010655479859288971e+04
3.672423764109428157e+04
8.982785782313902018e+03
3.400970553180897696e+04
1.951030146429840534e+04
2.250832894346065586e+04
1.795701862429693574e+04
5.971403516945506271e+04
4.312507745162521314e+04
1.594658545288660571e+04
1.900349939634677139e+04
9.687337126388567413e+03
2.160025518401392765e+04
2.932214933146744079e+04
4.089722400194605143e+04
1.033630614948205948e+04
1.197742953319711523e+04
2.529921271810831604e+04
6.091999092038244271e+04
1.816351125377104472e+04
3.000538307951045135e+04
1.809393192827298481e+04
1.339199981763200049e+04
3.098773149803507113e+04
2.329593832791969544e+04
3.966959776550816605e+04
1.624323855825069586e+04
2.036027333024095060e+04
3.183435039714951927e+04
2.932821791882009711e+04
6.513930676289145049e+04
1.283406914143001995e+04
1.041426342731081422e+04
2.809665411124727689e+04
1.834655261322102888e+04
3.056275709112739787e+04
1.856340849071219782e+04
1.813749811891152058e+04
2.074601183503657376e+04
2.164374247883359567e+04
2.569209980179460035e+04
2.276501241671584648e+04
1.741125854481961142e+04
4.715476594600038516e+04
3.583811974594890489e+04
1.917588953730952926e+04
2.600103481534318780e+04
2.703076495799658369e+04
1.638635361798686426e+04
5.001906752436602255e+04
1.474533130418657856e+04
1.984231750536350955e+04
2.785634332507996442e+04
1.851998286642138191e+04
1.489362822328030779e+04
1.864812397852863069e+04
1.877841825998633794e+04
2.520849567342043883e+04
1.302351168978516034e+04
1.667116643711954384e+04
2.492727857797376782e+04
2.812940025517112008e+04
1.982846193713758475e+04
1.347516633287862169e+04
1.422230353294630549e+04
1.313356995984618879e+04
4.308536558782981592e+04
1.108979135930983648e+04
2.433301040417930926e+04
4.439169488476100014e+03
3.959159512227840605e+04
1.537253921743598949e+04
3.517196263846224610e+04
1.142116136162837211e+04
9.694838843556206484e+03
4.453459687349761953e+04
3.322189220683536405e+04
3.139878919679984028e+04
1.883225087600349434e+04
9.501325329556222641e+03
2.429951457438360376e+04
2.578220047985203928e+04
1.959356258244361015e+04
1.510662418179529959e+04
2.168957138612882045e+04
3.261471685261286621e+04
2.513103513618046782e+04
1.808970168471814395e+04
1.736005325962863208e+04
1.769805591236918553e+04
1.936083116619587963e+04
3.257256140354279341e+04
9.365897175233163580e+03
3.126521861313062254e+04
3.197684440068735785e+04
3.248533493723108768e+04
1.911448071298226205e+04
2.640234577112289480e+04
2.726376863828183923e+04
7.096515267914069227e+03
1.725829004047746275e+04
1.630288761651890127e+04
1.000432104179718772e+04
1.913370486523523141e+04
1.570773805667970919e+04
1.597162485813335115e+04
2.127242058853265553e+04
1.703315344409903628e+04
1.109010201592701742e+04
3.833014289344290592e+04
3.023715762566259946e+04
1.670888167969911592e+04
3.710350513488560682e+04
2.074138817814227150e+04
2.390603663490801773e+04
2.123234873463322947e+04
1.599211887469727480e+04
2.068928741488727974e+04
1.649037680454893780e+04
3.899715599125173321e+04
3.826268027761528356e+04
1.663417430688728200e+04
2.062867545873360359e+04
2.588080095712552429e+04
3.718311461091591627e+04
2.604674431977544009e+04
4.348523217163622030e+04
9.398714054592574030e+03
1.941107122777124823e+04
3.861494226072068705e+04
2.291792156309090933e+04
1.893009441705545396e+04
1.340833295887208260e+04
3.907917550469666458e+04
1.585744496052616341e+04
1.599044514412878380e+04
3.256672943626595952e+04
1.436718909441351389e+04
3.043680434768019404e+04
1.672869839881403459e+04
1.883543909515198175e+04
3.137204212091321824e+04
2.578816462645807405e+04
1.203476703371476833e+04
4.119053195451974898e+04
1.481746796577642817e+04
1.427444042493470261e+04
5.325581488614211412e+04
2.625932017685819301e+04
1.879627206749241304e+04
7.130234834270994179e+04
2.065431661562702720e+04
1.776472184930841104e+04
2.608560553270163291e+04
2.364024568953595372e+04
2.735989341649860944e+04
3.430036395196709054e+04
1.497653492826863658e+04
4.419361038578537409e+04
1.081205772267422435e+04
2.444145833291610325e+04
1.781419106622889012e+04
1.421772547753939944e+04
2.126872915327139708e+04
1.864608471228853523e+04
2.288082442629202342e+04
6.142424642045491055e+04
4.510199140077301308e+03
3.002360979129441330e+04
2.366988126359701346e+04
1.957643862167884436e+04
4.568843251878782758e+04
1.742756389860996933e+04
9.928233303451263055e+03
2.532742481205520744e+04
3.464120296745668020e+04
7.431646712513946113e+03
1.252151953710694761e+04
1.459126413142433557e+04
1.421716543813021781e+04
1.708342186330062032e+04
1.578641377510022176e+04
5.334011460448721482e+04
1.450646446985697730e+04
4.202620989871439815e+04
1.517042316258748906e+04
2.209079012765459265e+04
1.240822413660448547e+04
2.169479693434936780e+04
2.383893488015753610e+04
1.608117752180909156e+04
3.364949062081894226e+04
2.832619673588871956e+04
1.363781118303643780e+04
1.734587384876363649e+04
1.709582225405392819e+04
