4.652527638754298096e+04
8.824462721193254765e+03
1.967456651877527838e+04
1.267473170428959020e+04
1.493259580680387080e+04
2.014046186644804402e+04
2.024545647950975035e+04
1.684858671010641410e+04
2.186796634840270053e+04
1.436486960296257894e+04
3.193788740699257687e+04
2.372669250219976311e+04
2.248072383410891780e+04
3.784830736020058976e+04
2.193449621999911687e+04
1.630459219611430126e+04
2.278559293873163551e+04
3.741549838089136028e+04
1.112990613460321401e+04
2.367459255822536943e+04
3.001512725519420565e+04
2.077197264423285378e+04
2.718838669880453381e+04
2.075659524389011494e+04
1.833803320984381207e+04
9.205481994841371488e+03
1.927740318256116007e+04
2.702297900801061769e+04
6.768570146120129721e+03
1.885250817251135231e+04
2.015756181393223960e+04
1.737655902336840882e+04
3.023080107424531889e+04
1.717758458256419908e+04
1.400744270154246624e+04
2.694122363015749215e+04
1.725078783709269192e+04
1.928938268534782765e+04
1.944495428199673188e+04
1.693563591836905107e+04
1.361097063939429790e+04
1.419588622000708529e+04
2.461285277376611702e+04
1.560753820377704142e+04
3.378382913979000296e+04
2.112366104099856602e+04
1.106806715535723379e+04
1.533859144274477694e+04
1.906817607518377190e+04
6.717057874567469298e+03
2.228951928677490287e+04
2.053673786686813037e+04
9.683985413931604853e+03
3.398462570595861325e+04
3.286523325562727405e+04
1.333657091025901536e+04
1.771522570158346207e+04
2.245843384611293004e+04
1.889915104530518875e+04
2.364147560459635861e+04
7.916672549263666951e+03
3.057435177666921300e+04
1.774514862457772688e+04
1.465875255489216761e+04
1.796569931258860015e+04
2.119665528745804477e+04
1.806179617154520020e+04
3.474573907750858052e+04
2.121652427795102267e+04
1.904159504229731829e+04
1.039010920101596275e+04
9.264991005558533288e+03
1.835921017629739799e+04
1.941421275812935710e+04
2.129747267445665420e+04
1.737013720765869584e+04
1.364987870303714590e+04
9.514851355833243360e+03
3.695344619515842351e+04
1.803313818705583253e+04
1.769340858315218429e+04
8.815229050576972440e+03
2.043199315626029056e+04
1.052806819713528239e+04
1.215684698163802204e+04
4.315223049233218626e+04
2.609517242295508186e+04
6.584062581107591541e+03
3.551878500964141131e+04
1.925533460702306911e+04
3.580313907631664188e+04
2.161665810523569598e+04
2.838168648792190652e+04
1.653456921054531995e+04
1.624077222562942916e+04
7.367108367839334278e+03
1.213218352444887387e+04
1.235565809188247840e+04
2.239682037143683556e+04
1.415839902832883672e+04
1.292480536346333247e+04
1.403001677734792247e+04
1.175939729016780439e+04
1.548823056178052684e+04
2.093176763515007406e+04
7.830297501419088803e+03
1.459984182386500470e+04
1.991592507497040060e+04
8.997805893652681334e+03
1.766993183170685370e+04
3.013102154400906511e+04
1.122120823946400560e+04
1.995385715460894426e+04
1.523638373297606086e+04
1.471377731942831088e+04
7.409027098642425699e+03
3.049596261269608658e+04
3.049813054003036450e+04
1.183490225117273440e+04
5.028819605205908374e+03
2.278639846915236558e+04
2.207720438421525978e+04
8.733178113874197152e+03
1.091161504494940527e+04
7.694988250734708345e+03
2.589463149095394328e+04
4.989565938371211814e+04
7.111874431290641951e+03
1.458718102273121076e+04
1.927247487505559548e+04
3.279356382896848663e+04
9.658983710044212785e+03
1.032111550125380745e+04
1.794516986331779844e+04
8.239210349398257677e+03
4.157653944144934940e+04
2.276933391478695921e+04
1.197417332213835653e+04
3.954631144491185842e+04
1.097924157893002302e+04
2.434147947380384358e+04
1.674920005473190395e+04
1.731675731070444090e+04
2.962417186667564238e+04
6.988801814795330756e+03
2.740389581571684903e+04
2.012957021057836755e+04
1.489748078872434235e+04
1.584744507377548325e+04
2.323802130356474299e+04
1.936289248857510393e+04
2.524544364618187319e+04
2.132934516248542059e+04
1.535180902845976743e+04
2.300003882577513650e+04
2.435529923962106113e+04
3.177625896925364941e+04
1.544318980368093617e+04
2.153802077290423767e+04
1.109879968305964212e+04
2.220114281054699313e+04
1.952606396556960317e+04
3.544130774260449107e+04
8.207182207828042010e+03
8.675361296606228279e+03
1.699271276582248538e+04
3.170860593937150406e+04
2.188290303721706732e+04
4.347312709029634789e+03
2.610591902854156433e+04
4.561491131923910871e+04
1.526236146511359948e+04
2.458457799946195519e+04
1.338127859724461450e+04
2.666107004909035095e+04
1.016857220543751828e+04
1.892262556514544485e+04
1.359146238832996823e+04
2.859681788343903463e+04
3.164746938828955899e+04
7.321623001612483677e+03
2.573571185401897674e+04
1.614004203982536455e+04
2.021875306947467107e+04
1.612387397947294266e+04
1.630791080224892175e+04
1.979317535188678448e+04
6.942643264368206474e+03
2.483786116978023711e+04
1.707455417862629474e+04
1.186969400417207362e+04
2.365470094807447822e+04
8.695828514622282455e+03
2.070242882243863278e+04
2.181346056079908158e+04
3.490174104414864996e+04
2.089832552409371056e+04
1.489031181735376413e+04
2.219816205064910901e+04
1.989308246207046250e+04
7.585628078497187744e+03
4.334809977548017196e+04
2.622616218433000540e+04
1.132174397930811210e+04
1.948155075996340747e+04
4.632746916414957013e+03
1.655693224201767589e+04
2.812807013877062491e+04
1.780262891141241198e+04
1.068114393701076369e+04
2.820070078954509154e+04
8.445603345010724297e+03
1.709229118068419848e+04
2.922344889144608533e+04
2.774759164192821845e+04
2.394457773142927181e+04
2.083357968023288413e+04
3.122559423821119708e+04
1.789102347317959720e+04
1.188809510377393599e+04
3.820517577296901436e+04
1.134974556068091078e+04
1.146725769471061903e+04
2.485375229746537661e+04
8.369694813827523831e+03
2.361530268390273341e+04
3.957039878635573405e+04
9.947542362585911178e+03
1.682419993033432183e+04
1.604148522020907512e+04
1.519321007528359041e+04
5.148789410166785092e+04
2.768544052818893033e+04
2.128522302823912833e+04
2.813372808094666107e+04
2.135485780884026462e+04
1.309309536616544756e+04
2.823139982317719114e+04
1.064691742749209880e+04
1.247245665520762122e+04
7.361003667748336738e+03
1.006041805937276513e+04
2.725814718259368601e+04
1.199037790576528823e+04
2.247521213237886695e+04
1.013580221278076169e+04
9.218477346817229773e+03
2.829612498493146268e+04
1.065651916277116470e+04
2.922112202350642110e+04
1.834033050226970954e+04
1.192190100440096103e+04
1.702163880192619035e+04
9.829471061615733561e+03
1.199703545874088013e+04
2.509544256978172780e+04
