4.149725196112035337e+04
8.443893811944000845e+03
1.929722705808396495e+04
1.096025646375447286e+04
1.672105360061895044e+04
3.321167744762326765e+04
2.270979290112485614e+04
1.360227609691181715e+04
1.260932201306773095e+04
7.509682943415645241e+03
1.855351550747419606e+04
1.529261437506645598e+04
1.178014124454833109e+04
2.807557570644844600e+04
2.502813293718124987e+04
1.737064132300068741e+04
1.382691869061505531e+04
3.116054788298146741e+04
1.565593038104745756e+04
1.265865663230778591e+04
1.653926711349139077e+04
3.200979254871325975e+04
3.198799806849698507e+04
1.448786554024027282e+04
1.082267073602636447e+04
2.149020600830649346e+04
2.349717011375445509e+04
4.308500826846496057e+04
1.078202557626292037e+04
4.024145447224665259e+04
2.095800846412809187e+04
5.314743861530496361e+03
3.277028828437023185e+04
2.284198547572469397e+04
1.860012350349994813e+04
2.727972309372250311e+04
1.191364491902881673e+04
2.656673720095485987e+04
3.755679923518090072e+04
1.768060463660803725e+04
1.210971494224261187e+04
2.379790541138160552e+04
1.534627641064261661e+04
2.169555141252632529e+04
2.408471812223715096e+04
2.101770526040612822e+04
2.833958988008418601e+04
1.980423359417733445e+04
1.377071337227408731e+04
1.189436216459048592e+04
3.389144877736303170e+04
2.178248769542477021e+04
1.504763326593848251e+04
2.027846245457712212e+04
2.762642874731718985e+04
2.708900458754513238e+04
1.391425413891923199e+04
2.151697919013675346e+04
3.721026857951707643e+04
2.504647684290030520e+04
4.316915421906372103e+03
1.550348553606675523e+04
2.758862454135971711e+04
1.747799082145495413e+04
1.446698097562854673e+04
2.498527886699236115e+04
1.708768729610339506e+04
2.863542965661035123e+04
2.300075226261880380e+04
3.857079984877920651e+04
3.297730824168167601e+04
1.408249201096248362e+04
1.822704769918818783e+04
1.089030071290022897e+04
2.101009375362952051e+04
2.536562333726883662e+04
1.425277654660676671e+04
1.251428527689262773e+04
4.263859517126504943e+04
1.990188323877366929e+04
1.223099305476494919e+04
1.182300543429825848e+04
1.580245477712050706e+04
1.741868602200158784e+04
1.882980375189278129e+04
4.982982579298313067e+04
2.757401993252688408e+04
1.097812567706484333e+04
1.698980214801638067e+04
1.876758388237771942e+04
4.254004193184655014e+04
6.644087640887383714e+03
3.526911254850760452e+04
1.766973320653896008e+04
1.747899562130777122e+04
2.390705898032931509e+04
1.489320790059202227e+04
2.183997438209646134e+04
2.786148121732668733e+04
1.982464520471748619e+04
1.412978693029424721e+04
3.974618135187547887e+04
2.142301442794108516e+04
2.164255173007009944e+04
2.657024947289640841e+04
1.863862794380569903e+04
3.875871694063895120e+04
1.860139200077786518e+04
1.348726352087296436e+04
2.435765223819685707e+04
1.543324392344426815e+04
3.143553785223095110e+04
1.787527157994641675e+04
1.649754999454384233e+04
2.356201109079829257e+04
1.789145457715854718e+04
1.833114651670574676e+04
5.767794754083314911e+04
1.926862093616912171e+04
1.731147709177888464e+04
1.298610285637079869e+04
2.691380879869917044e+04
6.182598625766304394e+03
3.315447943181028677e+04
1.446627121285394060e+04
3.242068249980092514e+04
2.121476707604346302e+04
6.166700723565629232e+03
1.200513934747903477e+04
1.088898114581463415e+04
4.370286547050460649e+04
1.361734267488249134e+04
1.673750396183414705e+04
2.463174918787392016e+04
1.430356221680644012e+04
2.533269415460035452e+04
9.163253261018033299e+03
2.698634977211023579e+04
4.027456370237898955e+04
1.698638090222422034e+04
2.563312585445479635e+04
2.096383329519955805e+04
2.072389084830072534e+04
1.492236854460367795e+04
1.317130061793867935e+04
2.985387090487536261e+04
1.653719199210310762e+04
8.961342183338441828e+03
9.667687699213147425e+03
4.318572067981248256e+04
2.465484939437459252e+04
2.081170895134744569e+04
1.654076343977497163e+04
1.522256382546161876e+04
4.259383659034302400e+04
8.553090373156246642e+03
2.300817301925433276e+04
3.372169500424646685e+04
1.850545481183828451e+04
1.615657108893736768e+04
1.289196693600125582e+04
1.448087183199817082e+04
1.472814365366539641e+04
7.187557735264845178e+03
1.119233962301157044e+04
4.474356585749328224e+04
2.660553663317511382e+04
1.426210796681192369e+04
1.221885315196451120e+04
1.758500795261599706e+04
3.276098990612531634e+04
2.430639271099351390e+04
1.641435562339146418e+04
2.038783323948954057e+04
2.827787902497141113e+04
1.181411380291433488e+04
1.327877188637874315e+04
2.633557283502173232e+04
1.111176873013968361e+04
1.568873004662538733e+04
2.593005144789347833e+04
1.201779414130439181e+04
1.540444851853607361e+04
2.360084095762511060e+04
1.414868293051866567e+04
3.208407343007969757e+04
3.167732599873053914e+04
1.679322995729475952e+04
9.007205614790904292e+03
3.378152745837713883e+04
1.035961865997062523e+04
1.859898180376352684e+04
4.971005727638301323e+03
2.193758704749815297e+04
3.185628650888846460e+04
2.731793841536888067e+04
4.093366921691229072e+04
1.979172885233962006e+04
1.123658291138354798e+04
1.135300902947076793e+04
1.136083422175807937e+04
3.746410495314502623e+04
2.926595749005642938e+04
2.271526038867715033e+04
1.495449773216337235e+04
2.394769204897548479e+04
2.505091613157575921e+04
3.307060755618652911e+04
2.127081766565532234e+04
2.133312333198960187e+04
4.091274443540547509e+04
1.206038959299398812e+04
1.020865144271438658e+04
4.779208027446136111e+04
2.947663014788924193e+04
2.455968055847210417e+04
9.683587367487221854e+03
2.805396314371384142e+04
3.805595324278391490e+04
1.290669637380448148e+04
1.713356349796109862e+04
2.785062794390453564e+04
6.877703470758466210e+03
1.879480804907640413e+04
7.945158844179029984e+03
1.883296773166979983e+04
2.998910065287565521e+04
1.333088032424031189e+04
1.419707007417681962e+04
1.875397691409336039e+04
9.828448871964608770e+03
2.989320370335211919e+04
1.466112902349225260e+04
4.082640325462691544e+04
1.035679533891110077e+04
3.097213987874694067e+04
6.272740739021886839e+03
2.603275281189236557e+04
1.445245677607087964e+04
1.980160914306547784e+04
8.203563142486698780e+03
2.325299489228577659e+04
4.419666902246796235e+04
1.207101348550220428e+04
1.843140802609266393e+04
1.992461840150132775e+04
2.569238201884597947e+04
8.029306797221437591e+03
1.119719496391828579e+04
3.281588265995705297e+04
2.481744674660203600e+04
1.296651526932707748e+04
2.414162035857728188e+04
1.704349540963336767e+04
3.629069439179114852e+04
1.823973024083928249e+04
