4.887918033778312383e+04
1.233981299210851648e+04
2.568960385207568834e+04
1.618361134862333165e+04
1.218155579213627425e+04
4.203009169477094838e+04
2.090846173582091069e+04
8.063215627803565440e+03
1.766395751353681044e+04
1.029767529884882060e+04
3.040143953066407994e+04
1.403170663462244011e+04
1.187152333639836615e+04
3.214054745992076278e+04
2.587762844669709739e+04
1.602288197768377358e+04
1.674444692125462461e+04
3.161500607409252189e+04
2.015811272125054529e+04
1.601469223813863391e+04
2.254234489245976147e+04
2.536980664578462893e+04
2.086548044439796286e+04
9.744251863237566795e+03
3.293832546287769219e+04
1.743392786927938505e+04
1.661706398371528485e+04
3.734652464256325766e+04
2.849545932479375915e+04
3.300269363122363575e+04
4.580195910107599047e+04
9.237403253134101760e+03
5.223646702444172115e+04
3.088854081011747257e+04
1.916231507891785441e+04
1.547181158921676979e+04
2.723651196143994457e+04
1.952427236450053169e+04
3.994242289443028858e+04
9.769070777668872324e+03
2.578125800541015269e+04
1.738949259261726183e+04
2.712014472676212608e+04
3.004823314226048751e+04
2.482644438329922559e+04
8.662312787458289677e+03
3.609549534551250690e+04
1.708128934068442322e+04
3.181175820397186180e+04
2.708142364640169399e+04
1.600097380303685895e+04
1.954131211463403815e+04
1.535510093603223504e+04
2.439186851628198201e+04
4.307072734715740808e+04
1.966744268337014000e+04
1.375837795506252769e+04
1.578882486898914976e+04
5.045632764937228785e+04
2.984741437649885120e+04
1.131591508362230888e+04
2.339804663004574468e+04
3.059786086654040628e+04
2.176452208932767462e+04
1.603762431558134085e+04
1.478740056089389327e+04
1.412766066696567759e+04
3.134378047906875145e+04
2.657193880899451324e+04
3.829167556800735474e+04
4.254938629697183933e+04
4.881305344530389448e+03
2.227118581626677042e+04
1.988916430833673439e+04
3.530995910566532984e+04
1.957594341882937078e+04
1.915033267850672928e+04
2.025345225723802650e+04
6.223828972005151445e+04
2.472733413640424988e+04
3.485666753357142443e+04
1.170810231360355283e+04
1.582523393512705297e+04
1.583516156317875902e+04
2.668139202073660272e+04
2.860711213376978048e+04
3.071598851000035575e+04
1.065881984321553864e+04
2.234548395190087467e+04
2.460780879250116413e+04
3.868662744114611269e+04
9.702323192475054384e+03
3.597751145246188389e+04
2.910057002345195724e+04
2.988996974822969787e+04
3.778587318624920590e+04
3.108355790296146733e+04
2.819392221670569779e+04
2.546141789050490479e+04
2.340974704934674082e+04
1.745176493256982940e+04
3.476602535390384583e+04
2.755117208344326355e+04
3.129443931326278835e+04
3.698953394629728427e+04
1.929773252210760620e+04
4.124960249675824161e+04
3.553708961978384468e+04
3.182917737546880380e+04
4.496504122411777644e+04
1.758703282277791004e+04
1.091020800916686676e+04
3.753962229224861221e+04
1.747134438158701960e+04
3.874245130403399526e+04
1.440509940314108826e+04
1.149847900807354381e+04
4.525632395858804375e+04
3.837692909116363444e+04
8.855045858336605306e+03
2.215921592936171874e+04
3.158534148559969253e+04
2.722999464406239349e+04
3.752136814198753564e+04
3.232391099958825362e+04
2.102578307193227374e+04
3.175232915690289155e+04
9.477148034216701490e+03
3.182044072991469147e+04
5.508584552974411963e+03
4.295573521300081484e+04
5.137145485997901233e+03
3.670527970081071544e+04
1.906091074658346042e+04
2.209928161505106254e+04
2.201234176558560284e+04
1.961473538836238004e+04
3.283671998219119268e+04
3.809838437811620679e+04
1.850721828032760095e+04
3.726779648602515226e+04
2.292898619804897316e+04
2.679196321233443814e+04
1.455701447192869091e+04
1.558192277462129641e+04
2.976482966403229875e+04
2.168272743555243142e+04
2.110645177870080806e+04
2.296634887142017396e+04
2.354213912523562976e+04
2.619164422114996705e+04
4.420682192351821141e+04
1.402528282700985437e+04
2.015132586819686912e+04
3.921864886519106949e+04
2.539042890702506338e+04
1.533418627584126079e+04
3.482869263117380615e+04
2.630034063937936662e+04
1.676260911581187975e+04
2.581579896639871004e+04
2.474681424939298813e+04
1.969776575599890202e+04
1.685808305112465314e+04
1.194444166472504912e+04
3.145762180676399657e+04
2.356108476738825630e+04
1.522108885208471656e+04
2.061799051966372281e+04
4.054231142913370422e+04
2.631602065549552572e+04
3.168831112360980478e+04
3.142994447580842825e+04
2.754625185517958016e+04
2.559904581930462882e+04
6.820017991295308093e+03
1.553245269392410592e+04
1.594712978878878857e+04
2.112624339023076027e+04
1.630923481760837785e+04
4.581034912824079220e+04
1.373984242327482207e+04
2.267709900526173442e+04
2.926537979508537683e+04
3.474371887691633310e+04
3.438023540434957249e+04
5.338988513406451966e+04
8.554953748460511633e+03
1.413143570614367127e+04
2.158577352359884753e+04
1.684436264844949983e+04
2.749247137917076907e+04
1.830267022520818864e+04
2.965482211892158739e+04
3.179058702358286973e+04
3.464442957255027432e+04
4.091053746810249868e+04
1.644726424099776341e+04
3.269171665581825437e+04
1.551158289990058802e+04
1.632850415010263350e+04
2.604597568252148631e+04
4.117640079830985633e+04
8.974968973833289056e+03
3.738339167372542579e+04
3.490695093635925150e+04
1.821141771470879394e+04
2.547599641966507988e+04
1.947118279193668423e+04
1.786860125120589510e+04
8.318532238708552904e+04
1.219309673328650752e+04
2.858562716911666939e+04
3.803598326765644015e+04
4.533336373549468408e+04
2.822949115714223444e+04
1.509231658470590446e+04
2.264819903323287872e+04
4.497715120489466062e+04
5.019098251027245169e+03
2.085961254025637390e+04
2.616883618368744646e+04
2.479937301165023018e+04
2.021850438206432955e+04
5.646366379175944530e+03
9.892179062637267634e+03
6.004293160232871014e+04
1.640219261368397929e+04
3.278095539662677766e+04
2.940549722907915202e+04
1.805868710919977821e+04
2.559716095455692994e+04
1.024485881257927394e+04
2.700499706132779829e+04
2.143620437248853341e+04
1.685517131117750250e+04
1.085721358133001740e+04
2.090804380708543613e+04
1.687184444427643757e+04
1.494292364713231473e+04
1.777638876239010642e+04
2.837249469818256694e+04
4.130451033817152347e+04
2.254130962396064933e+04
4.082497153038581746e+04
3.044411817706046713e+04
2.668292680711260618e+04
1.098637802389091121e+04
1.226378840287670755e+04
4.988813931554057490e+04
1.835019970444719729e+04
2.249678000172077373e+04
2.530356164071360399e+04
1.511326504759260024e+04
3.571220881612968515e+04
1.376728679758235012e+04
