4.038153065512489411e+04
3.353426747686266481e+03
1.507267772338064060e+04
4.517001443686621315e+03
1.285363079157854918e+04
3.329057335317620891e+04
1.633869761475868472e+04
1.260493494417092552e+04
1.025701801910232280e+04
7.750189984526780790e+03
1.978206806675986809e+04
1.030942361686547338e+04
2.428023306771698844e+04
1.908866456510589705e+04
1.698615279389367788e+04
1.037822912504318265e+04
1.195678418904484170e+04
2.383581852339360194e+04
1.628658421650048695e+04
1.043749542774890142e+04
1.262545339591505399e+04
2.056505745560742798e+04
2.235470881262412513e+04
1.387072829245186767e+04
1.333025155587131667e+04
1.247928575773512966e+04
1.210186001319134084e+04
2.658645186073870718e+04
1.290298715547419852e+04
2.575085020533594798e+04
2.024092392071002178e+04
1.073533755979470516e+04
1.978485138104892030e+04
1.195377423773569535e+04
1.637315106889059280e+04
1.334680738147514603e+04
1.140069690168523084e+04
1.920399272420442503e+04
2.086110211209399131e+04
1.035032429966385098e+04
1.085827061685625631e+04
1.479899908533641246e+04
1.913647664774061923e+04
3.727879093843314331e+04
2.532068647297980715e+04
1.172259183696745276e+04
1.107696091192849235e+04
1.106363572158090756e+04
2.095026860343422959e+04
1.030810852334148694e+04
8.510322222438040626e+03
1.189552894532947175e+04
7.221735719424490526e+03
3.038482407796704865e+04
1.306228968262517992e+04
1.797092855627432436e+04
1.426268267634348376e+04
1.126849424269772499e+04
1.321136892660926969e+04
1.266618788554059756e+04
1.020972597422670151e+04
2.232687852820114131e+04
1.526228574887536706e+04
1.452588218504557699e+04
2.042886799482696370e+04
2.101737484598395895e+04
1.665069957809092739e+04
3.137551102094790258e+04
2.063219598867093737e+04
2.690791765889468297e+04
1.358448457904858878e+04
1.195272829723524774e+04
1.545076671549857747e+04
1.365719832226994549e+04
1.229383903637205185e+04
1.861074716773993714e+04
1.492351064115986810e+04
1.211878639195240612e+04
2.827666210853467419e+04
1.114976726755583695e+04
1.824984769303916983e+04
5.645608971306382045e+03
1.012946372797568074e+04
8.620444515892413619e+03
1.886735175615837215e+04
4.528141941592037620e+04
1.774869851795315481e+04
1.105048765084853949e+04
1.626842603478358069e+04
2.032310403490365934e+04
2.872073264054024912e+04
7.653869071666746095e+03
2.943449271678652804e+04
4.479764595650127376e+03
7.905463823012858484e+03
1.920530440059660032e+04
7.937071949344620407e+03
1.099210598308979206e+04
1.122410860616575519e+04
1.423471714583266839e+04
1.807333524970879444e+04
1.918093600998574766e+04
5.612284758961654006e+03
3.155687395104388634e+04
2.821117005076055648e+04
1.361563688107847520e+04
2.003331214962842932e+04
1.904931636552140117e+04
8.875773189577870653e+03
2.774361667066096561e+04
5.563912181872663496e+03
2.246875261424393830e+04
1.101432544889018209e+04
1.534890969204033900e+04
1.143373273109532420e+04
2.088376248473306987e+04
1.698874495046358425e+04
2.579270158050222017e+04
8.213090037759708139e+03
1.165724711540211683e+04
1.868397012340462243e+04
2.225652905858639861e+04
8.726419908665280673e+03
7.121778505413471066e+03
1.089847349001299153e+04
1.518101243850261744e+04
2.868945985613266748e+04
1.042982485651705065e+04
1.270405815916050597e+04
9.991636441083499449e+03
3.084345131758341449e+04
1.049450443139605341e+04
8.232223664647950500e+03
9.099763799775790176e+03
5.908649390030465838e+03
2.716507485058480961e+04
2.117435313402896281e+04
2.422887677657186578e+04
2.495028178175258654e+04
5.490977817703562323e+03
1.510566824861074383e+04
1.571697434453186906e+04
9.983620628337726885e+03
5.126873459198599448e+03
9.423278020886982631e+03
1.740144787109706886e+04
1.241955552117112529e+04
1.008775411742613869e+04
1.061667686028862772e+04
1.913428045536290665e+04
1.000905453865029631e+04
1.486370959970464901e+04
1.632279342455349797e+04
1.259589914786098598e+04
1.921684804852019442e+04
1.300246690239828968e+04
1.609049718693782415e+04
1.856598622027837700e+04
2.519910630075168592e+04
4.905875258091453361e+03
2.605037205108647686e+04
1.183944617002829364e+04
2.282523477926921623e+04
8.353304382356265705e+03
6.416602018346869954e+03
2.031035734799597049e+04
1.888338741905310235e+04
9.352915949700894998e+03
8.050279498283412067e+03
2.270750705609351644e+04
3.148392603704411522e+04
1.515473227498617598e+04
3.123078589725505662e+04
1.876047867528052302e+04
1.640389823256911041e+04
5.417706711291749343e+03
1.347112617036855772e+04
1.655629909340848826e+04
1.659183214260742534e+04
1.281244542714395538e+04
2.001088669519957693e+04
9.599098709215741110e+03
8.418781597975657860e+03
1.880235418818774997e+04
9.689708925429817100e+03
1.746012083540669482e+04
1.677114916003953840e+04
1.064395070147608203e+04
1.180289021717580181e+04
1.559445645843331840e+04
1.275607178131696128e+04
1.112462702616789284e+04
1.839311907162806892e+04
1.100646866874230545e+04
1.123815927405453476e+04
1.158039949944294858e+04
2.752555478527398009e+04
7.372498867352183879e+03
7.092177653572118288e+03
1.527626269337379381e+04
1.254097583538971958e+04
3.378644354024773202e+04
2.386914684317355204e+04
1.014278245353751299e+04
1.635217539800286249e+04
9.306412184443432125e+03
1.074298968352035808e+04
2.243943063983788670e+04
2.052251401535564582e+04
5.537282357847185267e+03
3.416194608549517579e+04
9.977033485714839117e+03
7.424835690629921373e+03
3.339000740167883487e+04
1.451157684503262317e+04
7.746434628844666804e+03
1.774960185035040558e+04
2.639142296483178870e+04
1.802501234387164732e+04
8.230423759862356746e+03
1.757010252375555865e+04
7.192411195094799041e+03
1.065768803947883862e+04
9.438843618647189942e+03
9.486463738274007483e+03
2.471931622054045147e+04
2.986382158136537691e+04
5.481620702191677083e+03
1.328770197921439103e+04
2.187699628835513795e+04
6.906305346629731503e+03
2.445130727517840569e+04
2.784822090630415187e+04
1.661426872176979668e+04
1.864507200471067335e+04
2.989498538014613951e+04
6.583794921628196789e+03
2.042757527339660010e+04
9.719261213102112379e+03
1.024234385394538913e+04
1.102293690390400479e+04
8.435970061782421908e+03
3.256032892145122605e+04
1.028885169056226732e+04
1.974440301884249493e+04
2.175242983089746849e+04
1.581801657608102323e+04
1.251798909118862503e+04
1.249188616474758783e+04
1.476722703915282182e+04
1.592297908773857307e+04
1.702082147337292190e+04
1.647598061937130842e+04
7.059887306554168390e+03
1.923583657994801251e+04
2.405344027979182283e+04
