5.278062305991639732e+04
1.168033064817378545e+04
3.845076656876777997e+04
1.570623817650178535e+04
2.251697311275475658e+04
2.742899726371049837e+04
1.919918020654419524e+04
3.248289441264646302e+04
5.913482060705080221e+04
1.409298094021491124e+04
2.841858905296666126e+04
4.534375318968146894e+04
1.339952274037942880e+04
4.082439067835782043e+04
4.783481138668877975e+04
2.991129435074191861e+04
2.272969900688152848e+04
3.727903501813351613e+04
1.469350466132106158e+04
2.723736316743654970e+04
2.882905235928291950e+04
1.406873327576851079e+04
2.552614012550593907e+04
2.694972285893719527e+04
1.881251083266625574e+04
2.326687213086203337e+04
1.637169839391571986e+04
4.706519889095499821e+04
1.150198591890933312e+04
2.788819416071385422e+04
1.781025114907709576e+04
1.930146580679854742e+04
5.611547187088112696e+04
2.956127835713241438e+04
1.758181223216415674e+04
4.103170431076001114e+04
1.500839871845878770e+04
1.973658310644289668e+04
3.365076064519690408e+04
1.817447022740466491e+04
1.583474911601136409e+04
2.462614896531333943e+04
2.925871593929308438e+04
2.250500397372532825e+04
2.484796066476508713e+04
2.375452793376810223e+04
1.552398753981571099e+04
5.338240110309357988e+04
4.008026475038097851e+04
9.397041331488786454e+03
2.320091197341919542e+04
4.110161082613140024e+04
2.622630280849500195e+04
3.424476610028962750e+04
3.055337911018794330e+04
1.808865130455249164e+04
1.990669782970169399e+04
2.168393681960436879e+04
3.411063213443099812e+04
2.578037877026204660e+04
2.204599637177342811e+04
1.073456014668516582e+04
2.539208492734914034e+04
4.559690937462836882e+04
2.989435778681140437e+04
2.248812219478367842e+04
2.249411792915179831e+04
3.682008404586796678e+04
1.445355229348748253e+04
2.151013683837031931e+04
3.391299389166239416e+04
3.552438953443954961e+04
2.854252929651463637e+04
2.463268730406695613e+04
1.838149505855813550e+04
1.452296975512121935e+04
2.989688317839637239e+04
1.643203129366388748e+04
2.708965387475850366e+04
5.492229619376984192e+04
1.800762494698736191e+04
2.275776566241600813e+04
1.527762126264528524e+04
2.459108162505525979e+04
1.775970061952144169e+04
2.473528666049127423e+04
5.168462913597443548e+04
1.223741396438817173e+04
1.889725039608059524e+04
8.729340385107276234e+03
6.355321680416983872e+04
1.408308198651879684e+04
3.820440354784460942e+04
2.218756560483737121e+04
1.963394483555309853e+04
5.259198983404570754e+04
2.213364573207895955e+04
3.688998462295786157e+04
3.256878394858754109e+04
2.161661767749549108e+04
1.646121560316239629e+04
2.741250538148840133e+04
2.750866666659480688e+04
2.339177413860369415e+04
2.290035027305705444e+04
1.492415562831829084e+04
2.238833767981441997e+04
3.569917152723547770e+04
2.041821890018591148e+04
2.835351106667508429e+04
3.811439930287262541e+04
3.397550995577164576e+04
2.501659172586982459e+04
1.809203079908909058e+04
3.821117884602055710e+04
2.964347434758937743e+04
4.099816742777202307e+04
3.292383039793072385e+04
9.912099383118824335e+03
4.992351587354573712e+04
3.678598419692790048e+04
2.692882374631469429e+04
3.117315714793316147e+03
4.693303785997262457e+04
3.164327006461208657e+04
3.896371225105097983e+04
4.182627155528953153e+04
3.398829043426984572e+04
2.734385613150308563e+04
3.229770728960014458e+04
4.249048543028408312e+04
2.160630889749314156e+04
3.583494363252184121e+04
5.134927086566283833e+04
1.394607734966016687e+04
1.864999672863315573e+04
3.759170543978203204e+04
2.079850598561431252e+04
2.812581610800946510e+04
3.069794760619464432e+04
1.502860333908724351e+04
1.547469084541661141e+04
3.107063332353063015e+04
3.297771965146040020e+04
3.293341385258610535e+04
3.380749850264694396e+04
4.012289790217256086e+04
2.643841785032156622e+04
2.479843185622803503e+04
1.661776340834691655e+04
3.266973307864167509e+04
2.462274166257191973e+04
2.447555512474757779e+04
1.851408319335082342e+04
1.067671044210793116e+04
3.235285881158928896e+04
4.902793253202144842e+04
1.457164353660811685e+04
1.800113030174058804e+04
3.225497553051077921e+04
3.381202851771241694e+04
1.830575708237153594e+04
1.659148007826033427e+04
4.607875531950430741e+04
7.120552114807285761e+03
1.547439562593520350e+04
3.801612228465008957e+04
1.786811978060393085e+04
2.811557639949415898e+04
3.334878289453542675e+04
4.598586096413870109e+04
2.004580215685661460e+04
2.813721895316165319e+04
1.935421184457613708e+04
1.987488840381301270e+04
4.232541133123275358e+04
2.490254384416558605e+04
1.793510181284223290e+04
1.415935484509762318e+04
3.354383282120466174e+04
2.332603553090592322e+04
4.207682392351702583e+04
1.862432703789601510e+04
2.782774877243645096e+04
2.280725243373509511e+04
4.235306975793692982e+04
2.217420363770113909e+04
2.391564394801690287e+04
2.867829729610436334e+04
2.078491825725067611e+04
1.694474996946071042e+04
5.855367957254683279e+04
2.664863848838670674e+04
1.301585496528062868e+04
3.116800911133195405e+04
2.939316908913972293e+04
4.264969025942721055e+04
1.835080727141038369e+04
3.114311460578270271e+04
1.266201509253172662e+04
1.336249875810818048e+04
2.577121189948774554e+04
2.664503548409864015e+04
1.152307851304083852e+04
2.944094465007879990e+04
1.812984118403369939e+04
3.943302483270336961e+04
4.797209346072725748e+04
5.540638218226208119e+04
2.061818490896507501e+04
2.060261258594286119e+04
3.487854961072590959e+04
2.102810118163637526e+04
3.066145539777914018e+04
2.992104129230446415e+04
4.165172489555137872e+04
2.271682016432949604e+04
2.828521311236765177e+04
2.194291327887168154e+04
3.102874656404400594e+04
1.857809413263859460e+04
2.753341323504134198e+04
1.021771836802224425e+04
4.979369479778335517e+04
1.810567450484508299e+04
3.776585616182801459e+04
2.294717025065128837e+04
2.261084917578171371e+04
4.821815644370409427e+04
2.089255903970918371e+04
9.686128817249686108e+03
3.628152246920597099e+04
1.690594404319634486e+04
2.112440002743155492e+04
1.209511564162745162e+04
4.548032310078643059e+04
1.506459468132316397e+04
2.877170747547825158e+04
1.915325053795325948e+04
3.565937677555242408e+04
1.571193104654548551e+04
3.781769577177271276e+04
2.744431030243745772e+04
3.473899801328824833e+04
2.848852687362207143e+04
1.346625414790963077e+04
8.977904034779303402e+03
2.821789737016163417e+04
2.909499346860440710e+04
3.395057821899469855e+04
1.303877795504610185e+04
2.239965105057155961e+04
2.363631629428506130e+04
3.666366714221099392e+04
5.209115266619917384e+04
1.621312976999395141e+04
