6.283100729530600802e+04
1.244491304036041583e+04
4.287255393598762021e+04
5.878544642620419836e+03
3.104085115496372964e+04
1.707956612889561802e+04
3.033241804305613186e+04
2.473568237100799161e+04
1.707446345880553054e+04
9.929612698198290673e+03
3.566777495360883768e+04
1.237523679658316905e+04
1.616472171524060832e+04
3.272128424557163089e+04
2.871456265933550822e+04
1.207646178845444410e+04
1.352434760755465140e+04
3.256280607214601332e+04
1.488683436219293435e+04
2.649603940004138349e+04
1.953901074933099517e+04
9.413404632681722433e+03
2.659244319063645526e+04
1.437702795224380498e+04
1.838656668624783924e+04
3.123415108471162966e+04
1.591497510554100336e+04
4.649739681859911798e+04
3.017720233022328466e+04
2.467962077241792940e+04
3.228211531245521110e+04
1.715286279759313038e+04
1.939470835667650681e+04
2.555531890948969522e+04
2.017921143058876623e+04
3.124368250395769792e+04
2.872176398610703836e+04
1.437054407660119068e+04
2.747468266167366528e+04
1.836210716463198696e+04
1.828431876206807283e+04
3.890564108566376672e+04
2.082104256640674430e+04
1.890558544124221226e+04
4.069056398156605428e+04
9.479685356148842402e+03
2.233430017040760868e+04
3.021767597565008327e+04
2.118407099522667340e+04
2.000803155735573455e+04
3.866474318450382270e+04
1.214384543850518094e+04
2.017414604344369582e+04
2.191366672720627685e+04
3.421888516566508770e+04
2.524116005976499946e+04
1.729502027081976121e+04
1.075450776732804115e+04
4.469014410127783776e+04
1.533972784987798150e+04
1.258236232451317483e+04
1.977645127826390308e+04
2.981443048117981743e+04
1.636246307608791176e+04
5.706502370422482272e+03
1.504700270965021991e+04
2.029598857089266676e+04
3.736648185102808202e+04
2.660014348768748096e+04
3.257331805464928402e+04
3.328233081499372202e+04
1.960983208981817370e+04
9.786651226022091578e+03
2.357981102168056168e+04
2.266457482110206547e+04
1.901023434692438241e+04
2.697837913880781707e+04
1.192102123763444251e+04
4.658597100250985386e+04
2.514505180577126157e+04
2.704456785785573447e+04
1.269767004520297996e+04
1.199634820571758792e+04
6.985375924874540033e+03
2.622646865865918880e+04
2.578448473830065632e+04
4.796878683269662724e+04
2.498083365416765446e+04
2.544004265182384188e+04
1.929380928594471698e+04
4.886672114792852517e+04
7.533981917298291592e+03
5.740835946396346844e+04
2.118664830219417127e+04
1.585101434643809262e+04
3.598664530670475506e+04
3.732806108492059866e+04
1.110407749879382936e+04
3.368659701609507465e+04
1.343092249940240617e+04
2.059794255563913975e+04
2.207384802014007073e+04
2.563575551935670956e+04
3.246474146212473715e+04
3.297163098161142261e+04
1.356489706130514423e+04
3.511789231282621768e+04
1.307736711568595456e+04
4.109365089538451139e+04
2.509592011482526505e+04
2.267560061688106725e+04
2.249165894866141025e+04
2.148030770652875071e+04
1.820025173993567296e+04
2.893949222775266026e+04
1.221894717687975572e+04
2.896432658468811496e+04
3.496459496449845756e+04
2.215953642476430832e+04
1.040078544688504735e+04
1.347835075901774144e+04
3.116991248464054661e+04
1.715488124510935450e+04
2.917220698174981590e+04
2.312890969042004508e+04
1.283390065049224722e+04
2.539005558769588970e+04
1.142887443128245650e+04
2.891771237919284613e+04
1.615855699346916299e+04
2.827229192876406159e+04
9.967576344025163053e+03
1.632909030763769442e+04
4.841372663242078124e+04
1.210807114107242342e+04
1.813398626908451843e+04
1.522004705808174367e+04
1.867024624815022617e+04
2.916438864594987535e+04
2.955313876046552468e+04
2.095410009598551551e+04
1.606190590570153654e+04
3.304529231746801815e+04
2.502166716487512531e+04
3.847997261183649243e+04
2.433953387328558165e+04
1.951075865699459609e+04
1.511112651505892973e+04
1.944427573629696053e+04
2.206599995394199141e+04
2.323412242752256861e+04
1.928197438067203620e+04
2.628502604932325994e+04
1.039889900057946579e+04
4.668728373335950891e+04
2.850130749160054256e+04
2.400645289202913409e+04
1.617480102592572985e+04
3.269530190746979133e+04
1.067524448566752289e+04
4.353287123731101019e+04
1.876017395950304854e+04
2.475503229955348070e+04
1.538459634366314094e+04
1.428863031355853309e+04
1.504265698283189522e+04
4.609624494991840038e+04
5.199832977631142967e+03
1.877090292737801428e+04
3.068787640505943637e+04
4.986863067791134381e+04
3.157020578811645828e+04
3.109105449732409397e+04
1.699680484730026365e+04
3.304054752112567076e+04
5.107791583187134165e+03
2.069762977387346109e+04
1.846988360332197044e+04
1.602664840614080276e+04
9.324276610580354827e+03
3.211821427322875752e+04
2.241610294817237082e+04
2.348024003847577478e+04
3.435309856197074987e+04
3.072959414004131395e+04
1.403213911972984533e+04
4.027992591351753799e+04
1.906922006434627474e+04
6.706263059367905043e+03
4.385063981407201936e+04
1.297425207700098508e+04
3.326365116571832914e+04
1.988358531580746057e+04
1.812015288297661391e+04
2.388040694901019015e+04
3.234199206020483325e+04
6.691360451564697723e+04
1.926128815324940661e+04
4.016558808505971683e+04
1.421095454524974048e+04
2.788589366245501878e+04
2.271390369927424399e+04
4.035841117469432356e+04
1.606506781794741983e+04
2.283697446084797048e+04
1.626908733943525658e+04
5.622392324548069882e+04
2.853403685130917802e+04
3.237581078110835733e+04
8.965345622214832474e+03
5.898040040180850337e+04
1.867556951161877805e+04
2.835018402240233991e+04
5.330186809390020062e+04
2.824828735686806249e+04
1.047903763348197572e+04
2.664549585912935800e+04
3.853732107240981713e+04
2.429893684451658191e+04
9.000904964722853038e+03
9.991424086483331848e+03
3.170570709802782585e+04
2.317040673876627989e+04
2.070068933568305874e+04
1.433025014644655676e+04
1.557895018605946825e+04
5.381262545968771155e+04
7.484353989577687571e+03
2.176942713543209175e+04
2.095761551116560440e+04
2.463332013744208234e+04
1.261216389391739540e+04
1.520667396894349622e+04
2.018784660230934605e+04
2.574363830678146405e+04
1.182772585699984666e+04
1.056469076686096378e+04
4.364713965209875460e+04
3.179916368425059045e+04
3.266786002132034264e+04
3.827095775930407399e+04
2.477823297148080746e+04
2.980329369148875048e+04
1.910701553187076934e+04
2.536030774925635342e+04
7.789282303507850884e+03
2.966917431046660204e+04
1.788007016092036793e+04
3.542660000127290550e+04
2.298132791889554937e+04
1.815591134601749582e+04
2.648958429043570504e+04
2.401884655214090162e+04
2.116133135228896572e+04
5.689710122277557821e+04
7.926578468656632140e+03
