2.179513876358350899e+04
9.678929359942829251e+03
3.343038065114713390e+04
1.366613922584578359e+04
1.798918653643963989e+04
4.340529477885101369e+04
2.700989563885795360e+04
1.234811029638382206e+04
3.016204095930342010e+04
2.024507540216492998e+04
3.682074452906489751e+04
1.541248923656810985e+04
2.242446349256528265e+04
4.126992003377301444e+04
7.820143371861958258e+03
1.412005704604335369e+04
1.465909384575318654e+04
4.421952949830349826e+04
8.174602983486758603e+03
3.057044392374085874e+04
2.239718329434441330e+04
3.719605163124015962e+04
3.106906244195499312e+04
1.893659287794062038e+04
8.404124362199370808e+03
3.228587855233219307e+04
2.830120801940861929e+04
2.327582086530001106e+04
3.307827097369964758e+04
2.035518353066051350e+04
1.816353842027991777e+04
3.041639761530531177e+04
3.572880576167636900e+04
2.180587213182442065e+04
4.245017251269927510e+04
1.459890776207339513e+04
1.675286744565311528e+04
1.539993890740842289e+04
2.847817750759476985e+04
1.085174624014713845e+04
1.804253488637737973e+04
2.843446444424470974e+04
2.368535329683434611e+04
4.033294265620923397e+04
3.421022045122615236e+04
1.079801059418899058e+04
2.144813411367767549e+04
2.100491252287270618e+04
2.609464373140556927e+04
4.671389942456549034e+04
1.211266830711815601e+04
1.041463838917005523e+04
5.103717237593453319e+03
2.892473801555566388e+04
9.951793514295175555e+03
2.274147491526865269e+04
1.862564973292591094e+04
1.262415143896367590e+04
1.978507778910210254e+04
4.080793759639145719e+04
8.705994209239726842e+03
3.112700194297351118e+04
2.298766425753819931e+04
1.119420505452788711e+04
8.097974136177412220e+03
3.404498846201934066e+04
2.472687108363780135e+04
2.102008360858690503e+04
1.575975993420568739e+04
2.860118550579652583e+04
1.363992992178481472e+04
2.133823186370105759e+04
1.020514523850572732e+04
2.962215996306220040e+04
1.967996202375657231e+04
3.437206839743664750e+04
1.613805380837279881e+04
3.300443755332858564e+04
4.647578151073060872e+04
5.990992841195005894e+03
3.138568973357584036e+04
1.049801031225856241e+04
3.852909238530022412e+04
1.963586364577501081e+04
1.748295051575073740e+04
3.062692703769521177e+04
1.427784890817907035e+04
1.908648296864025178e+04
2.252508981207538454e+04
3.933419692916094937e+04
1.889891674477285778e+04
6.828126008893282233e+03
2.203261947286387658e+04
1.165873774692966435e+04
2.542040156930854937e+04
2.870038379194548179e+04
2.132532104268807234e+04
1.890782385419571801e+04
1.571931101279345603e+04
4.064186592984158051e+04
1.637422254249712023e+04
3.862542389330639708e+04
1.417525095243014039e+04
1.462394237201273972e+04
2.117518773694613265e+04
3.210985998999222284e+04
2.375514131541300230e+04
1.372936589766792531e+04
1.100863895929654609e+04
3.436514566049398127e+04
1.084774151494992111e+04
2.682525748358007695e+04
1.196804891344823591e+04
3.965431338579377916e+04
1.587216585257505540e+04
1.947044338639391208e+04
2.055929343460196833e+04
2.205134897283267492e+04
3.827691420825590467e+04
1.775640618453507705e+04
1.837208869995761415e+04
4.142562660100859648e+04
3.594371772965679702e+04
2.083014609516784913e+04
1.756291523893870180e+04
3.079810108475088055e+04
3.756669593546284159e+04
1.102814767023845525e+04
4.199296486497575097e+04
2.171571425548541447e+04
4.268205598364690377e+04
1.073488437388876810e+04
2.528407520324392317e+04
1.471918490706013836e+04
1.680061019625635527e+04
2.895470763034773699e+04
4.124893539813996176e+04
2.339264219880840028e+04
3.774432686940114945e+04
1.780405240337643409e+04
1.798475722732193753e+04
4.169354692198934936e+04
2.878449477464397569e+04
1.637812347038618282e+04
1.839311389566555954e+04
1.963730284044699147e+04
1.813512235013526879e+04
5.844893685682384239e+04
1.523949848788402596e+04
2.070663481403931655e+04
3.582141165271912905e+04
1.728002977097591793e+04
5.619009186515036163e+03
3.591052035573289322e+04
2.239608689017841243e+04
2.447903680412076574e+04
1.920999551167564641e+04
2.449003470490962354e+04
2.633866901620047793e+04
1.611918311470126719e+04
3.005470987977515688e+04
1.491004529984869805e+04
1.679653476103085268e+04
2.517498753431822479e+04
1.030687743653290636e+04
4.319389395188063645e+04
1.759346620197440643e+04
2.102822962980538432e+04
6.330564058659764669e+03
4.911622492615642841e+04
2.541693941396990704e+04
2.007603049043187639e+04
3.613338557818854315e+04
2.830516420710995226e+04
2.657435054859835873e+04
8.930874650437297532e+03
1.515864869006838308e+04
2.275651623027397000e+04
3.422645548691740260e+04
1.631448625047850328e+04
3.015668544574648331e+04
1.492820868800768585e+04
8.139597066004886074e+03
3.224186905396704606e+04
2.364359759996365028e+04
2.462777800640839632e+04
4.122063159667198488e+04
4.372609140568098519e+04
2.002333820737778660e+04
2.997259952771651297e+04
7.577025172200233101e+03
1.263648439523439447e+04
6.362620603417625716e+03
3.327177147821517428e+04
2.763283463204732834e+04
2.135243979057387696e+04
2.865342115919714706e+04
1.684906367229881289e+04
1.861854848301084348e+04
3.717945954530117888e+04
2.917072461163339176e+04
2.775010817939470144e+04
1.645177773850090307e+04
1.161184480439996696e+04
2.174776378248502078e+04
2.287501825495290177e+04
2.427806586952607904e+04
1.620630374043203301e+04
2.000151207725007043e+04
6.133858059949466224e+03
5.128877959096583072e+04
1.048253364426107510e+04
1.130063764997828730e+04
3.819443438387136121e+04
2.821084879593994265e+04
2.241626067488611079e+04
1.528571102374034126e+04
2.073934816501721070e+04
2.197149651288251698e+04
2.162382474143207946e+04
3.306487893517030170e+04
1.435990286690680659e+04
1.720558883534776396e+04
2.121309509617053118e+04
1.170950264583464377e+04
1.406368380833412266e+04
4.117239490849729191e+04
2.423904764839324343e+04
1.208192693377588876e+04
5.733044887573976303e+04
1.340559102344595703e+04
1.544873009158301647e+04
2.378824743625173869e+04
2.282104580910822187e+04
3.651074627881900233e+04
1.380840986174632963e+04
1.683374753803320345e+04
2.237715192973347075e+04
1.109824587949771922e+04
1.968636717594165020e+04
1.489627491676138743e+04
3.215852711273991736e+04
2.319154977970395703e+04
3.490297805537746171e+04
3.791906423934514169e+04
4.373223102370993001e+04
1.638911320293917379e+04
9.597712461549668660e+03
1.228900771507557693e+04
3.586451367752868828e+04
2.753517274671086852e+04
3.606308770484322304e+04
1.581511917350168369e+04
1.831410146789158898e+04
1.756470412248805587e+04
1.394758402436928009e+04
