2.895982444195815277e+10
1.810434653620692901e+06
7.378745086728262901e+09
7.661417079704088211e+09
5.951538944040710449e+09
1.407271279097631454e+10
2.001893929268970108e+10
2.117927806506537437e+09
1.370848880604750252e+10
1.774085538584794617e+10
1.992159554760902786e+10
5.631621726043652534e+09
1.482865730438873672e+10
1.173810827688470125e+09
4.059866735845719814e+09
7.365831739411676407e+09
5.208675798099572659e+08
2.306840943789435959e+10
9.703955096282630920e+09
5.672062285146534920e+09
1.466597402872064209e+10
8.619593300697185516e+09
2.107831749637480497e+09
1.729647282422999573e+10
1.725116544012734985e+10
1.419708686455280113e+10
6.409382437223372459e+09
1.943408810518104553e+10
3.084745979795597196e+08
9.041476613515113831e+09
9.813552776474136353e+09
7.492860864020608902e+09
1.669244393724724388e+10
1.166385278311660576e+10
2.130823694393497849e+10
1.181071297090657425e+10
6.842204305074440002e+09
7.617752808420985937e+08
8.236597645386074066e+09
2.094234461531413555e+09
1.935626006719920349e+10
2.564299179208680153e+09
1.543558200167254829e+10
5.228403545716313362e+09
1.142433526312348175e+10
8.330211847061746597e+09
8.615568865015541077e+09
6.866794250516897202e+09
1.143898832186429596e+10
1.693887262347954750e+10
1.164583158690687180e+10
1.997640310588861847e+10
2.697029036808092117e+09
7.019215462981876373e+09
2.181343138321301460e+09
4.518018235554237366e+09
4.909543758218645096e+09
1.425984474101704788e+10
7.472738013369634628e+09
1.146257988499356842e+10
8.307218309351497650e+09
9.139160159779352188e+09
8.318075278547727585e+09
8.735932678435766220e+09
8.104255013757333755e+09
1.551420781418362617e+10
1.146632541234420395e+10
1.811055213655308533e+10
6.996227206107917786e+09
6.627873677433029175e+09
6.737927930634424686e+08
9.877901783575782776e+09
7.636097924280238152e+09
8.001738756556163788e+09
3.126500559808100700e+09
1.627902318986109161e+10
2.913722982860145569e+09
1.711740850441325378e+10
1.131115820389903641e+10
8.475206543615139961e+09
1.362315933259019279e+10
1.039384516411277771e+10
1.497635397226732063e+10
1.342080501285344505e+10
8.513814835856525421e+09
7.706891625273431778e+09
8.195425955899870872e+09
6.410871253559237719e+08
8.495134061024787903e+09
6.047623521649497986e+09
1.835953377682019806e+10
1.864086314951258898e+09
1.451865546746909142e+10
2.873983009274438858e+09
8.744991377039119720e+09
1.319802872261285400e+10
6.185867517162277222e+09
1.346388847165575790e+10
9.930222824049526215e+09
1.381603199103877068e+10
9.082072706732511520e+09
9.692019481349330902e+09
9.089998320539154053e+09
1.062558927378090668e+10
1.279060065962558365e+10
1.889449097618791962e+10
8.925561326977313995e+09
1.919331795073497009e+10
4.264422652271404743e+09
8.851988876076269150e+09
3.075685638473717213e+09
6.185438488658255577e+09
1.751638759535611343e+10
4.541476788478762627e+09
1.444383520344985962e+10
7.541170151098390579e+09
1.181037054604059029e+10
1.040209519972312164e+10
1.008284773455366898e+10
7.173314235104049683e+09
1.918109063540849686e+10
1.442964775702927971e+10
1.983487389704021072e+10
8.588773683856860161e+09
9.823257879669193268e+09
3.548129464784564495e+09
8.157619239782445908e+09
2.049026176837811232e+09
6.603191091015696526e+09
1.026689124615579009e+09
6.163324916261155128e+09
2.365480604433855057e+09
2.237417094389428711e+10
5.725143382905888557e+09
1.204937878935755348e+10
1.698595394642617607e+10
1.919225356492165756e+10
2.624430070423864841e+09
1.189535536201255989e+10
3.377979740939125538e+09
1.309730289876654243e+10
8.172979029237219810e+09
6.920654609690639496e+09
1.021955282782327461e+10
1.783490003767189741e+09
7.732483429121402740e+09
2.111863006107203484e+09
5.804238679918422699e+09
4.660959799517046928e+09
2.602370008225830841e+10
1.566802590432994461e+10
1.375619552095486069e+10
1.513960688997367144e+09
1.898271983357704163e+10
3.648964155219238758e+09
1.466141681942242813e+10
1.019496934694067001e+10
1.115187844627467346e+10
1.253904975229311752e+10
7.375626942054550171e+09
2.378108873595860291e+10
5.066450813649671674e+08
9.821140017955453873e+09
1.042410218629329491e+10
9.265342849510492325e+09
1.404158323011650658e+10
1.169071153217508888e+10
4.542727663331493378e+09
7.798516397979576111e+09
4.405219983472231865e+09
1.218016624245115852e+10
2.007189093117337465e+09
2.947440716262523651e+10
3.309027747903367519e+09
1.002220947685899162e+10
1.371121433384585381e+10
1.701039997653612852e+09
2.404090876989699936e+10
1.037880919324624252e+10
7.007291514254775047e+09
1.810684793714275360e+10
9.850806366786195755e+09
6.538584565584249496e+09
8.245153695457685471e+09
6.270648300826112747e+09
6.760157746279672623e+09
2.369597092662846565e+09
1.035281402758214188e+10
3.947778225574820518e+09
2.913820740179602051e+10
1.366144936028657913e+10
1.054141253181978416e+10
5.474704154266377449e+09
1.550373708982577324e+10
3.961843792206414700e+09
1.542975959449791145e+10
1.530836640983663750e+10
4.288391390153983116e+09
7.369172917712696075e+09
1.838792767205716705e+10
7.275375299005290985e+09
6.771678810755069733e+09
1.077575306547139645e+09
7.623679332225495338e+09
1.485986447869083405e+10
1.766221776647413635e+10
9.806136286208854675e+09
1.854677364160505295e+10
1.687689342819730186e+10
5.739256664482542992e+09
1.332316558436073112e+10
3.750678855608858585e+09
5.674806077816920280e+09
1.154885485702900505e+10
2.119883530878517151e+10
5.744820317668243408e+09
4.561428114747399330e+09
3.844825160687978745e+09
1.053520229023979759e+10
1.651658192611026764e+09
1.621723091615220642e+10
1.488893001809610558e+10
1.876519104164057922e+10
1.043869695300685883e+10
2.587181235168091297e+09
7.665683909607494354e+09
5.551148634926432610e+09
7.225680957534234047e+09
1.275062407553033066e+10
1.067899766214084244e+10
5.605190536365521431e+09
2.252800480832981491e+10
1.102448786710282326e+10
7.384859564127638817e+09
1.187313398782936335e+09
1.915596373138471222e+10
9.487030222565748215e+09
6.501325760112343788e+09
1.247281769112223244e+10
1.002080467493918610e+10
1.113291269293914223e+10
1.631905702207605600e+09
5.619208170634748459e+09
3.381755448483381271e+09
1.045290947653851509e+10
1.374123963298950195e+10
2.338278616076044846e+10
5.972011786276890755e+09
5.197516095286403656e+09
1.099953457176840782e+10
2.275421644185925293e+10
1.205253065521317720e+09
1.036298979876810646e+10
5.679772067243171692e+09
1.244561793432971191e+10
9.286388552580656052e+09
