3.312618648074837112e+10
1.881808324982867837e+08
7.529522795251667023e+09
7.883380145961273193e+09
4.336063724106518745e+09
1.436311507257830811e+10
2.214286827671234512e+10
2.064553260863363981e+09
1.194260942659656143e+10
1.663052561308689499e+10
2.217930149414792633e+10
4.493700320788633347e+09
1.787424549579397964e+10
1.457731180473196268e+09
3.358049637052039146e+09
7.985527965919955254e+09
5.279300292262143493e+08
2.342774094117862701e+10
7.509294512982645988e+09
7.880847735190570831e+09
1.286671687919336319e+10
1.058982261853590965e+10
2.818481815663812637e+09
1.769342826260036850e+10
1.507478165765883827e+10
1.700851339434785843e+10
6.426720651095175743e+09
2.038805962510530853e+10
9.167811088877577782e+08
8.751724249953891754e+09
7.919953098776551247e+09
8.784383410623409271e+09
1.357055883002789116e+10
1.354578001255910301e+10
2.131659414384720612e+10
1.273970142919398880e+10
8.061883992983114243e+09
1.099398154493119240e+09
6.049854960088049889e+09
3.076611934053603172e+09
1.977665315597724152e+10
3.320959288042025089e+09
1.273373380641901207e+10
6.946003425469218254e+09
8.993444575065374374e+09
9.652805582773664474e+09
9.583099580510915756e+09
7.536632388215982437e+09
1.228903822906929588e+10
1.846047419978083420e+10
1.438062472214315987e+10
1.929956682527920532e+10
4.010377684587409019e+09
5.586898310439715385e+09
1.918132669370402575e+09
5.560319044215415001e+09
6.502649229952415466e+09
1.185695652453882599e+10
7.173099217541152954e+09
1.125012850912300301e+10
7.938742985401264191e+09
1.066056030156875038e+10
9.534160018832267761e+09
7.790715936236264229e+09
6.095533726073687553e+09
1.849329683376699066e+10
9.898632559323648453e+09
1.747949259291088486e+10
6.740114754321907997e+09
5.473702319784156799e+09
2.528319819787468612e+08
1.264206322331976700e+10
7.263124323193155289e+09
7.981034198781474113e+09
2.320499551066289902e+09
1.987646824664868164e+10
1.774512285720220566e+09
1.974768429649545670e+10
1.032879483804616165e+10
7.179148559731949806e+09
1.336977456894883156e+10
1.079601002370657921e+10
1.740131331933531952e+10
1.245013699068108749e+10
1.099804329432664490e+10
7.429452302746535301e+09
7.693126110684878349e+09
1.460300556452059984e+09
1.085327122199884033e+10
4.425769080991212845e+09
1.803132584910552597e+10
1.607063750494193316e+09
1.314480669943852615e+10
3.406011763089693546e+09
1.036567192546623039e+10
1.264140572610597992e+10
7.544528182551227570e+09
1.082655546564258575e+10
1.174919910505445862e+10
1.572219569725364876e+10
9.527236079792991638e+09
1.202705834579233932e+10
9.351026122332546234e+09
8.725315559354484558e+09
1.376778534951361084e+10
2.054322733098996353e+10
9.450431420821304321e+09
1.630655859271039009e+10
4.680825607286928177e+09
6.522726072661064148e+09
3.668223131655144215e+09
8.083487221778079033e+09
1.701280211472252846e+10
4.374158293817361832e+09
1.156288331662051582e+10
9.079666350952833176e+09
1.051335357322284889e+10
1.285856263279362297e+10
1.085501296804197693e+10
7.647786909124037743e+09
1.710109892166024208e+10
1.735346837123675537e+10
2.012424752415099335e+10
9.798778598645185471e+09
1.001897766828167534e+10
2.861792439160415173e+09
6.292157821119885445e+09
3.352684944573455334e+09
7.607812265044225693e+09
1.133251432349366903e+09
4.465598927118653297e+09
3.852876810146644115e+09
1.893859287195757294e+10
7.277375629596708298e+09
1.159232799249663162e+10
1.746553646341279602e+10
1.681840556245174980e+10
4.020068558504594326e+09
1.221585352637808228e+10
3.384783314522566795e+09
1.416928142219513702e+10
9.597226604116537094e+09
5.022106906578650475e+09
1.272445115661331558e+10
2.682362102366550922e+09
5.869687700937191010e+09
2.561705657606241703e+09
7.575594607510209084e+09
5.501808074273337364e+09
2.752009796847840118e+10
1.664971944741964149e+10
1.134226168533863831e+10
1.824610203841448784e+09
2.119924689112454224e+10
4.416644111757246971e+09
1.325179324446392441e+10
1.155001438280558586e+10
8.526931845460378647e+09
1.374524846465073395e+10
8.653011044431423187e+09
2.265748822888523483e+10
1.272920051728709221e+09
1.105090278638253784e+10
9.492563469866849899e+09
1.174283002549522209e+10
1.252307673520889473e+10
1.209101550279813576e+10
5.030219025480583191e+09
9.664055472997835159e+09
3.525093285136895180e+09
1.168434096801032639e+10
2.816875062328161240e+09
2.922113853036984634e+10
3.727310781650732040e+09
1.185412506307704926e+10
1.213150050079136467e+10
1.502440013911209822e+09
2.759579324874870682e+10
9.711892588301862717e+09
6.042682322006295204e+09
1.602209001600365257e+10
8.102315436362504005e+09
4.613959129350487709e+09
1.073997636523452377e+10
5.321368799800439835e+09
4.928821401790907860e+09
1.896635304533123732e+09
1.304897239406257629e+10
3.410377686616366386e+09
3.360461919841801071e+10
1.295591531681695938e+10
1.075650974322541428e+10
4.321390742896822929e+09
1.625630124759777641e+10
5.018254413339494705e+09
1.430886666773267174e+10
1.826511951713027573e+10
3.265152850974293709e+09
7.840021899514824867e+09
1.892996201274308014e+10
9.441664112033294678e+09
6.176299806686722755e+09
1.026139037961273670e+09
8.893756363710828781e+09
1.389445746520943260e+10
1.735236040002264404e+10
1.133463442643087196e+10
1.667964440781500816e+10
1.384761783739903641e+10
6.479467534053264618e+09
1.433347735329903030e+10
4.447296011065271378e+09
6.131621828923086166e+09
1.235793966397184753e+10
1.792424783866836166e+10
6.873678886464155197e+09
6.055661056834614754e+09
4.440999223935517311e+09
7.997848877307042122e+09
2.299426997741512299e+09
1.325500285132321358e+10
1.691451223043737411e+10
1.952636513285940170e+10
1.213650437536352348e+10
2.932780050064251900e+09
7.129225911163267136e+09
4.020005261020840168e+09
8.863657740126337051e+09
1.042642881167109299e+10
1.335861476583961868e+10
4.881557385084978104e+09
2.272500293038090515e+10
9.583506562090517044e+09
9.697362661317667007e+09
1.615073241801973581e+09
1.928603100762580872e+10
9.217560925961566925e+09
6.568123441423186302e+09
1.061078729365250778e+10
1.257822236598035431e+10
1.308545157673026085e+10
8.387788285408320427e+08
4.465507801434731483e+09
3.533566338166031837e+09
1.026237788660601807e+10
1.422225970254395294e+10
2.660667800123449326e+10
5.784274200804332733e+09
4.378724482585229874e+09
1.207061843708329582e+10
2.504966509634524918e+10
1.339400241754014492e+09
1.317754970798070717e+10
4.498338308100734711e+09
1.183775343854488182e+10
8.765711463340492249e+09
