3.218531988571769714e+10
3.586614918509538174e+08
1.076645703568317032e+10
4.987407232775764465e+09
7.857526807785399437e+09
1.032805662739280891e+10
2.281952633473340607e+10
2.583413242200206280e+09
1.764352745589257050e+10
1.337807584513546944e+10
2.366380146223523331e+10
4.269086871242815018e+09
1.636475650060851669e+10
2.610904818292115688e+09
4.731983038613085747e+09
4.623400379003702164e+09
2.730642456093036532e+08
2.726196044607969284e+10
8.832013300091856003e+09
6.048397396448755264e+09
1.640737906256951141e+10
6.603539708831892014e+09
3.294094536942926884e+09
1.804081938938084412e+10
1.599619139466943359e+10
1.195429332815144157e+10
5.809163092150250435e+09
2.103912672653854752e+10
7.521229365372517109e+08
1.127930515493377495e+10
1.078172711223958397e+10
6.939672892546123505e+09
1.851261838099718094e+10
1.243497526073567963e+10
2.263819094417529297e+10
1.540715743828718376e+10
5.805451066496719360e+09
1.457969721535364628e+09
8.746880527270841599e+09
1.144387564377602100e+09
1.693854203532898521e+10
4.649167996209261894e+09
1.347746814490290642e+10
4.457334099403347969e+09
1.359252748186806870e+10
6.802177962331610680e+09
9.267341237910129547e+09
7.015417915261588097e+09
1.559151788002518272e+10
1.273235145131364441e+10
1.391963179340453148e+10
1.720669507994490433e+10
4.027582745263206959e+09
8.189531448310038567e+09
4.211345474214374542e+09
3.194705391984642506e+09
6.623117684143496513e+09
1.316600679203319931e+10
1.109565755371170807e+10
8.962545110731983185e+09
1.114440174972873116e+10
6.386932083201383591e+09
1.042519384675360489e+10
8.446717154955681801e+09
8.683287737479360580e+09
1.510542104112396812e+10
1.117888427235777283e+10
2.002836895587353897e+10
8.072432579063644409e+09
9.498259227093902588e+09
1.559656324579092979e+09
9.242403043205024719e+09
5.648957703421606064e+09
1.045595285546677589e+10
1.975217923688737869e+09
1.637601746067376518e+10
4.086624609642576218e+09
1.453285147484803772e+10
1.270501789880277634e+10
9.427150059909902573e+09
1.839751855839198303e+10
6.870386207992010117e+09
1.647751691841675568e+10
9.817227180465869904e+09
7.519708516869135857e+09
6.613780090908937454e+09
1.165379660881718254e+10
6.849101085174579620e+08
1.036599547682488823e+10
5.049840534775057793e+09
2.353420773945514297e+10
9.770384596803363562e+08
1.853138415125764465e+10
1.236067690422991753e+09
8.274626859006035805e+09
1.039256257962896347e+10
7.812407093895323753e+09
1.228301617956370354e+10
1.269000763796553040e+10
1.045286246163753510e+10
1.297243896875414276e+10
7.992974232468176842e+09
1.079030370956412697e+10
9.929560549585412979e+09
1.702763694751980782e+10
1.477247654413631439e+10
1.199873609804771042e+10
1.722298448440514374e+10
4.447417119901400566e+09
8.874745660605081558e+09
5.479357308564001083e+09
5.235794978115900040e+09
1.349879252920273781e+10
5.026468567006044388e+09
1.626353669214192963e+10
1.054791605369412804e+10
1.580944431119744682e+10
1.070494286367632103e+10
9.423905640239461899e+09
6.011223409223176003e+09
2.266573284493312073e+10
1.686523796939150620e+10
1.751283577836182404e+10
8.533226037190892220e+09
7.050830075379801750e+09
2.508649300712759972e+09
1.001259103687340164e+10
2.443868202369143009e+09
5.000427497833333969e+09
1.218105728196829557e+09
7.925606387136813164e+09
2.606399788382127285e+09
2.440395377879479218e+10
6.767106752094994545e+09
9.657300922972043991e+09
1.679913402652628517e+10
2.313736623049350357e+10
2.812084103567996979e+09
1.250603923220142365e+10
3.546747401835566521e+09
9.783270872422489166e+09
9.300301348855371475e+09
7.997867063831520081e+09
1.254504219669670105e+10
2.846639686708169460e+09
8.696627905761163712e+09
4.072102802599247456e+09
4.349930823933724403e+09
7.393472188677587509e+09
2.045839426025028229e+10
1.868272888737112045e+10
1.166615776136160088e+10
3.283163427241789341e+09
1.510127850531010056e+10
4.490460523290540695e+09
1.316781161471467590e+10
1.395202389663375282e+10
1.204028859738443756e+10
1.604452992824811935e+10
4.819385303459169388e+09
2.956257644817022324e+10
6.987212480738310814e+08
9.857179940070550919e+09
8.063807980032530785e+09
8.653284715559946060e+09
1.062211319516306305e+10
1.576728550983429337e+10
2.496347338626893520e+09
6.535966253072909355e+09
2.982432093736367226e+09
1.669368013408515739e+10
3.167387871692585468e+09
3.636500167581073761e+10
1.840571546648524046e+09
1.219355557514417458e+10
1.083905219413486481e+10
3.539614114626343727e+09
2.218325675633900070e+10
1.111475434892201424e+10
7.240087946882386208e+09
1.602785604950958252e+10
1.227440133930688858e+10
6.741502392467129707e+09
9.635115903168516159e+09
5.824784858115791321e+09
8.047242003688657761e+09
2.995746396041918755e+09
9.518833559219774246e+09
5.629265711361092567e+09
2.977064289776329041e+10
1.309164341185009766e+10
1.223809706916222191e+10
6.767358659617465973e+09
1.114574754947158432e+10
5.848020511060053825e+09
1.498083470774693108e+10
1.816316744579690552e+10
4.274548055326268196e+09
1.068726745091653824e+10
1.564430039008429527e+10
9.233833199661500931e+09
8.631131519638420105e+09
2.473127276058667183e+09
5.604683628828788757e+09
1.894400658175237656e+10
1.344854166848159027e+10
1.339636865299761581e+10
1.703226525620566368e+10
1.832570212827427292e+10
3.430606732268044949e+09
1.451790903518921471e+10
4.503506071737191200e+09
4.861151158958740234e+09
1.517655425404824448e+10
1.945996495692926407e+10
5.254226907122824669e+09
4.827186053434348106e+09
5.904763273514781952e+09
1.102440927946003342e+10
6.195029019595835209e+08
1.502700549282456398e+10
1.271088512589590263e+10
1.853079728636539078e+10
1.240956115363628197e+10
1.026961876767152071e+09
7.838412225592179298e+09
5.839042343227801323e+09
6.053444911527033806e+09
1.380469337057105255e+10
1.068401495498592186e+10
5.867962454957496643e+09
2.505726721605500793e+10
1.374803586842820549e+10
6.412181412695821762e+09
2.093364599039293766e+09
1.955886619639953995e+10
7.897923218542397499e+09
9.414805604667676926e+09
1.164439181862267876e+10
1.037942320560256386e+10
1.230386711496108246e+10
2.642622433190897465e+09
7.188534267185237885e+09
1.597766398018343210e+09
1.471909500652468681e+10
9.648374475845273972e+09
2.607131934428084946e+10
3.617036702818794250e+09
7.946676383893090248e+09
8.159283376141942024e+09
2.507438883143732071e+10
1.129091315993075371e+09
1.174590157994059563e+10
4.255271965908337116e+09
1.543679834138624573e+10
6.154614634570003510e+09
