2.906171936749120331e+10
1.694972298946698196e+06
7.520555696980799675e+09
7.519375544285138130e+09
6.027740640436405182e+09
1.390434757568600273e+10
2.009391121960448074e+10
2.134657549900678158e+09
1.387145974508465004e+10
1.753811938166573715e+10
2.004353005884218597e+10
5.569691054431399345e+09
1.485696630389859772e+10
1.225732439877587795e+09
4.090526249104918480e+09
7.233779138685867310e+09
4.917161550593140125e+08
2.326379480595375061e+10
9.653456157871246338e+09
5.664258378780439377e+09
1.471382849752090645e+10
8.502665006332973480e+09
2.133864852917647839e+09
1.734404788907444382e+10
1.716947097203507996e+10
1.407623263213734436e+10
6.350156227507037163e+09
1.951754389010839081e+10
3.090086626135478020e+08
9.145407437552131653e+09
9.834787466085292816e+09
7.431167583399322510e+09
1.676591452293998528e+10
1.169592212039002228e+10
2.131766626060108185e+10
1.196506576546574593e+10
6.761627286371248245e+09
7.823535409942642450e+08
8.258747814833631516e+09
2.035698146791778803e+09
1.920526814902715683e+10
2.640085535671012402e+09
1.534751061333172417e+10
5.180785706680008888e+09
1.151491955530578613e+10
8.258254864052958488e+09
8.604546714918855667e+09
6.875072578783723831e+09
1.159568042723468590e+10
1.672761630147540855e+10
1.172013230922497940e+10
1.986908013025279236e+10
2.731491735394281387e+09
7.075049286247478485e+09
2.255028334415877342e+09
4.431232800750873566e+09
4.970520916209194183e+09
1.422105299595161438e+10
7.617227296658926010e+09
1.132097553815618134e+10
8.404017008360028267e+09
8.993633431049076080e+09
8.374530738499695778e+09
8.731904467604757309e+09
8.114165857109675407e+09
1.548495889356896591e+10
1.142565861314359474e+10
1.821256733308751678e+10
7.010787640868459702e+09
6.745830873672213554e+09
7.002449520266505480e+08
9.821425978209783554e+09
7.521687699378739357e+09
8.111865322981278419e+09
3.061547231200655937e+09
1.625676489616781807e+10
2.952776845877770424e+09
1.699167960415326118e+10
1.133944108198112106e+10
8.525031385283190727e+09
1.381545080590358734e+10
1.022042969619787407e+10
1.499748925229265976e+10
1.325807510849063873e+10
8.446978385821382523e+09
7.663667788364995956e+09
8.342914584852494240e+09
6.258636364854967594e+08
8.548696182203474045e+09
5.999175255356501579e+09
1.858537283554751587e+10
1.806073227503716946e+09
1.467435256923778152e+10
2.785113202936197758e+09
8.685242664733673096e+09
1.308003782233127213e+10
6.223622874881154060e+09
1.340187492934611702e+10
1.004043992242656517e+10
1.364015545933710670e+10
9.230987059362302780e+09
9.598608407667400360e+09
9.127765022176752090e+09
1.060287230533704376e+10
1.296772849457896042e+10
1.870367038513952255e+10
9.029106678567213058e+09
1.911523960298756790e+10
4.240621400845998287e+09
8.849558751833353043e+09
3.164152782502248287e+09
6.113435003902670860e+09
1.731266777029890442e+10
4.564535238308673859e+09
1.451725195496986961e+10
7.655040453894896507e+09
1.197493439992589951e+10
1.040411777507485199e+10
1.001344389619511986e+10
7.123210872218816757e+09
1.930998966255591583e+10
1.451714553524837112e+10
1.968775708810116959e+10
8.586580354854831696e+09
9.672522575942304611e+09
3.498549435236441135e+09
8.239730888038931847e+09
2.050451343250354290e+09
6.500581352398120880e+09
1.027476145912650943e+09
6.235233596938637733e+09
2.354461320213251114e+09
2.245056237340475464e+10
5.762375050153331757e+09
1.191256588862334251e+10
1.699182303848307991e+10
1.935050147176920319e+10
2.617895214462393284e+09
1.188020558991653633e+10
3.384371930561490059e+09
1.291955669297377205e+10
8.219769615363967896e+09
6.954991999656844139e+09
1.029658524881583405e+10
1.805335964830536842e+09
7.777942005006692886e+09
2.185407348776713848e+09
5.715070910423189163e+09
4.759403662596170425e+09
2.575643700138594818e+10
1.575794026933755684e+10
1.366224470289941025e+10
1.572767400583476305e+09
1.879695963160984802e+10
3.654951740476027489e+09
1.460916222435311508e+10
1.033529184093956757e+10
1.119019055365753365e+10
1.268902248631804848e+10
7.241747533148669243e+09
2.401496138545384598e+10
4.981923034418506026e+08
9.781238318501033783e+09
1.032371681931762123e+10
9.204405736433412552e+09
1.388087721339949226e+10
1.186486285558021545e+10
4.430785358888298988e+09
7.709393173385483742e+09
4.337467884825696945e+09
1.236593810812218475e+10
2.032490330194208145e+09
2.976874304697719574e+10
3.235415205717750072e+09
1.008033618367860794e+10
1.358771734097449112e+10
1.769770246715616941e+09
2.394709774095827484e+10
1.037619844345250893e+10
7.023981245231051445e+09
1.798982453084043121e+10
9.960561236082862854e+09
6.536071041180915833e+09
8.283093718876440048e+09
6.225151073394805908e+09
6.815815798737154007e+09
2.394320121796381474e+09
1.029685057656657600e+10
3.998264564533039093e+09
2.914729249263096619e+10
1.359854656273170471e+10
1.062343321226845551e+10
5.509701816842445374e+09
1.529416784035455894e+10
4.017068230573483944e+09
1.542674184732775307e+10
1.541041717201143456e+10
4.288431764955689430e+09
7.489682820900462151e+09
1.822458542915529251e+10
7.337210634053695679e+09
6.857126762092090607e+09
1.120304613269163370e+09
7.503696521130228996e+09
1.501388113870988655e+10
1.745052748448860931e+10
9.940573066318998337e+09
1.849734523735127640e+10
1.692776260026325226e+10
5.625343075861254692e+09
1.333075684471757126e+10
3.779812080620345116e+09
5.606188742049480438e+09
1.170477431250728798e+10
2.113032700483937454e+10
5.719007047545405388e+09
4.541037924110359192e+09
3.927831732637147427e+09
1.055696927106062698e+10
1.590497210296486139e+09
1.615597207071551895e+10
1.478851140733152962e+10
1.870494390755747223e+10
1.052113181427387238e+10
2.500980205677419662e+09
7.680638155599673271e+09
5.546218243378761292e+09
7.140064085862861633e+09
1.277711077600385284e+10
1.066408311276969337e+10
5.589092511574845314e+09
2.265683026242092514e+10
1.112080172965522385e+10
7.318632144609184265e+09
1.203477364667542219e+09
1.919142817667054367e+10
9.384248490073535919e+09
6.625322301958816528e+09
1.241149994104807091e+10
9.999940472982481003e+09
1.114259332717770195e+10
1.662957464587720156e+09
5.689567847255517006e+09
3.291644494548398972e+09
1.062730013029457092e+10
1.354768186032744980e+10
2.345332888766867065e+10
5.860930812727336884e+09
5.308970563895484924e+09
1.086866361680561447e+10
2.280387112698648834e+10
1.194424078592132330e+09
1.039726285453213501e+10
5.614276219183931351e+09
1.258485966072344208e+10
9.139536647252481461e+09
