3.061320915541804886e+10
7.975756185788670778e+08
6.671406787501660347e+09
9.960285674834596634e+09
3.447034932694704533e+09
2.041448503931949997e+10
1.734708836287220764e+10
4.135571062868526936e+09
8.796907483928058624e+09
2.118457644089490128e+10
1.744397617118491364e+10
7.645478242445387840e+09
1.614664451566177559e+10
1.832196738477853060e+09
5.471961931112148285e+09
1.227510774592769814e+10
1.191733146745818853e+09
2.460924290347983551e+10
8.007923500110321045e+09
8.709824994459657669e+09
8.962381491472288132e+09
1.280087224287424469e+10
1.592161887920696974e+09
2.250889237386292648e+10
1.386686985955611610e+10
2.089568102532775497e+10
5.318745078460289955e+09
2.456251410148134232e+10
1.300196205496506214e+09
1.041219222358164787e+10
5.690590589652989388e+09
7.905674690155032158e+09
1.181761628454290390e+10
1.701839271635669327e+10
1.616705320914263535e+10
1.274211477472797012e+10
7.900676875907856941e+09
2.345719640608853817e+09
7.033356380922997475e+09
5.280291408514867783e+09
1.886970364711367798e+10
2.801232850749798775e+09
1.528862056662731361e+10
9.961714254724283218e+09
7.691911698833087921e+09
1.433618196025376511e+10
7.071620267321526527e+09
1.119741288551755905e+10
8.570139063211711884e+09
2.257180353129920578e+10
1.371941809968235588e+10
2.639498770366970062e+10
3.391184587081281662e+09
7.200247563195728302e+09
7.540884733942465782e+08
6.441466526810520172e+09
7.134186833046185493e+09
1.548039050142182732e+10
4.681706458892049789e+09
1.182423303687118721e+10
4.208184602577744007e+09
1.373992488740257835e+10
6.413690679817858696e+09
1.166752010784913635e+10
4.957551160678888321e+09
2.245039374598096466e+10
8.056885704277434349e+09
2.092017575781969833e+10
3.960555282900639534e+09
3.971195759771211624e+09
4.289266980535224676e+08
1.416881170123956108e+10
7.932846470238376617e+09
9.168455192857395172e+09
3.759223951009716034e+09
2.164554087325983429e+10
1.174237625653486967e+09
2.526279464922165680e+10
6.707628154946039200e+09
9.599765917932865143e+09
9.486707058179468155e+09
1.461269526156477356e+10
1.444716642625330925e+10
1.738309335813573837e+10
1.341558613150729752e+10
1.194906167439422226e+10
6.668906976712125778e+09
2.611748943040214539e+09
9.843111811362310410e+09
6.537981747909517288e+09
1.602700792768339539e+10
2.537767391835120201e+09
8.680372799662055969e+09
5.881976559379823685e+09
9.408237859399599075e+09
1.855076936307613754e+10
5.301492562658638954e+09
1.157541616468791389e+10
1.208214059636549568e+10
1.912063447142059326e+10
6.285484013956124306e+09
1.559522923068236351e+10
5.785186762647356987e+09
1.215674971754104614e+10
1.246438415146876144e+10
2.707005457806222916e+10
5.636290947273120880e+09
2.024904567632078552e+10
3.309464551342097759e+09
7.383907335815410614e+09
2.555711502555124760e+09
9.016167302574567795e+09
1.938168065797925186e+10
7.130259925031352043e+09
9.979847148519992828e+09
7.957454192471498489e+09
7.474663560177825928e+09
1.580478193840291214e+10
9.255396361788145065e+09
1.222043008396100998e+10
1.208039956676975822e+10
1.755832424409094238e+10
1.899022503567557907e+10
1.381671036419246483e+10
1.153776100088433266e+10
5.788104408927925110e+09
6.437105666479289055e+09
4.717810855762788773e+09
8.201812020642583847e+09
3.004304045849172115e+09
3.934964458122063160e+09
4.672896144782714844e+09
1.587007939987288094e+10
9.303941635019542694e+09
1.190033858268438721e+10
2.305597708957572174e+10
1.248309064028639030e+10
5.800138652625910759e+09
8.939934963179967880e+09
6.150648809539649010e+09
1.634281558005651093e+10
1.228845959680172920e+10
3.884354861993776321e+09
1.191704740900465584e+10
1.877015798551728725e+09
7.166407974911541939e+09
2.394885837071028233e+09
9.584442235098308563e+09
3.634703703724475384e+09
3.335274634234589767e+10
1.163124729046303177e+10
1.421089279091579819e+10
8.171757795080120564e+08
2.713221114910621262e+10
2.835921135015205383e+09
1.853786797822293472e+10
8.692764281847383499e+09
8.792053850392393112e+09
1.397412831623327827e+10
1.181691238332611084e+10
1.686560951170552635e+10
2.290964279229408741e+09
9.015225166551250458e+09
1.445415929523859215e+10
1.225375785775365257e+10
1.602590087393978882e+10
1.109763207878677368e+10
7.102332873734435081e+09
1.036809344764992142e+10
6.461673545358668327e+09
8.566939983885498047e+09
1.744665834420541286e+09
2.475428410537583542e+10
7.090684867720496178e+09
8.956819772494503021e+09
1.699082272112474632e+10
1.051300184734611034e+09
3.312956267444723129e+10
6.619537792221556664e+09
9.122587327638998032e+09
1.573966647675354195e+10
8.207114979226545334e+09
4.459909253150307655e+09
1.104675052342646599e+10
4.373465744641023636e+09
5.388446963243663788e+09
3.655185151324303150e+09
1.602770026382885361e+10
1.227082067594962597e+09
3.664687877728260803e+10
1.057900813082124710e+10
1.353155686212893677e+10
2.267665278684145927e+09
2.114297447679836655e+10
3.194940969458302021e+09
1.935235097817329407e+10
1.756604479876685333e+10
5.688450232770112038e+09
4.658645344810073853e+09
1.868360699945426178e+10
8.849401310253705978e+09
7.686103551879037857e+09
1.382263641980681419e+08
1.018151117182881927e+10
8.970732331780212402e+09
2.012838795410938644e+10
8.958448977186803818e+09
2.219056227487528229e+10
1.159077174775122833e+10
1.033800648472351074e+10
1.061748363781158066e+10
6.773086280255351067e+09
5.529552837937627792e+09
1.227356948805293846e+10
2.129416786911626434e+10
1.057394719655520821e+10
5.357819722488209724e+09
5.020210768323694229e+09
8.824393107460830688e+09
4.476625023028731346e+09
1.394443392079370689e+10
2.269902280919601440e+10
1.617856930886899376e+10
1.407113855587546921e+10
5.097893560966084480e+09
1.070186808379964066e+10
3.192664180925188541e+09
9.256494701177209854e+09
8.021207581783332825e+09
1.617894877820549583e+10
3.216900967111608982e+09
2.621230079931614685e+10
5.825185662273358345e+09
1.192395103928203964e+10
7.839691270929569006e+08
2.462718666319942474e+10
8.767184843266441345e+09
6.504970470522192001e+09
9.485084300254560471e+09
1.191334337866402817e+10
1.052162162453370094e+10
5.074911726875323057e+08
5.493989866189314842e+09
6.607240168700385094e+09
7.512203296699309349e+09
1.930231362148085022e+10
2.277703276386328506e+10
9.711256461438055038e+09
3.057927035962424755e+09
1.755974392935868073e+10
2.020179352035806656e+10
3.488802123477222443e+09
1.324024891681231499e+10
7.552933843007841110e+09
1.291468543045030785e+10
1.290814078185620308e+10
