3.570066700604920197e+10
7.266330082113411427e+08
6.228699515349920273e+09
1.026110776972394943e+10
3.850590438827530384e+09
1.378896917577116203e+10
2.658995040557648087e+10
8.308990510251116753e+08
1.150201337696299362e+10
1.763146174353270340e+10
2.558338035351758957e+10
3.624732089942850590e+09
2.095209332323274994e+10
1.091861395679583788e+09
1.533970951903390169e+09
8.309795372209973335e+09
1.592710595903711557e+09
1.919293475621115494e+10
8.366578812425580025e+09
9.153124584353254318e+09
1.564026608944075203e+10
1.294903488883249283e+10
4.619760156028232574e+09
1.348830593295875359e+10
1.815779789480621338e+10
1.826950343174673080e+10
9.747862041933895111e+09
1.617259553971421242e+10
1.801909760799451113e+09
5.867470938925806999e+09
9.746723725463407516e+09
1.243383584401281548e+10
1.335295601900502396e+10
1.144489321892081833e+10
2.673539138751964188e+10
1.068315098672166252e+10
1.145945560311888123e+10
6.663300594963784218e+08
4.868278115235770226e+09
3.778974658251226902e+09
2.509977242453340912e+10
3.405749578493499756e+09
1.238982413975462151e+10
6.955828531121202469e+09
8.252614320311530113e+09
8.558896146432490349e+09
1.345204664181408691e+10
5.337921022216529846e+09
1.348433882391013908e+10
2.103604922650102997e+10
1.536875687138409042e+10
1.607590963156826210e+10
5.307941760989757538e+09
3.379486993645931244e+09
2.243098095816448212e+09
8.094888348057233810e+09
6.198381025511157036e+09
9.577917728834865570e+09
7.106628346359207153e+09
1.480095078743643188e+10
1.001161529154724884e+10
1.270601777157438469e+10
1.254900212817878342e+10
5.063563899408440590e+09
7.152010698698352814e+09
1.772774762845089722e+10
1.287042938863472557e+10
1.291468394607402229e+10
9.823053021954114914e+09
4.787258670661315918e+09
3.631988052068837285e+08
1.457511184070775604e+10
1.006622665012358475e+10
5.484549784007149696e+09
3.177653140505901337e+09
2.114861437361457062e+10
2.031405467840789557e+09
1.959024054790216446e+10
1.358888836496743584e+10
4.432841397852583885e+09
1.350956235863973427e+10
1.237732998542330742e+10
2.150319267321708298e+10
1.227896926267816544e+10
1.225716629344523430e+10
5.244857678759963989e+09
6.169924696392052650e+09
2.085445248196923971e+09
1.247122434823628235e+10
4.007693844842291355e+09
1.571781626126374435e+10
2.972105082906960964e+09
1.419380132463556671e+10
4.366333749431276321e+09
1.416636208838844299e+10
1.076135954123548508e+10
1.024078574052373123e+10
1.154804241875528336e+10
1.070778279760481071e+10
1.829807255182438660e+10
1.031502750368344879e+10
1.278743492342191505e+10
1.281923980035474777e+10
6.451535119690602303e+09
1.239507037867091179e+10
2.055078677673516464e+10
1.178476141211995316e+10
1.442909926876993561e+10
7.604094136437025070e+09
5.941019171106554985e+09
3.941698260735213280e+09
1.056656626032677078e+10
2.022096084043163681e+10
2.343988060565727234e+09
1.128487299026445007e+10
9.155390780242750168e+09
1.011792921374115372e+10
1.211005910263175964e+10
1.512552482071033478e+10
5.850640321839061737e+09
1.897580398743038559e+10
1.734488946419277954e+10
2.551575054379149628e+10
7.714933920333148956e+09
1.307911958294853592e+10
2.091294662499891996e+09
4.655734663510739326e+09
3.600201358148898125e+09
1.073557036905949020e+10
4.916275902809207439e+08
3.723152097701519012e+09
4.933111793524385452e+09
1.971682533105086517e+10
6.233581876370244980e+09
1.518351375591141319e+10
1.352011676834513283e+10
1.731929753475529861e+10
4.106623569565455914e+09
1.661757928181225204e+10
1.780108407316738605e+09
1.757007573703908157e+10
7.698434179160374641e+09
5.579319023252994537e+09
1.369665580268350792e+10
4.269996637296903610e+09
4.013604622943336010e+09
2.264649214264317036e+09
9.426884281122337341e+09
6.323800604655021667e+09
2.978362269897817993e+10
2.053617010032766342e+10
1.095566522509831238e+10
2.554284527025075436e+09
2.184024859827888489e+10
7.000380526615527153e+09
1.015479329155421448e+10
1.252558287395119286e+10
7.466471975245478630e+09
1.168698775912192535e+10
1.027330125813643074e+10
2.325981915325004578e+10
1.847836125940865993e+09
1.523128943555390167e+10
7.930956008199449539e+09
1.457669144859662437e+10
1.338216757166904640e+10
1.028956960516850090e+10
6.846066263929683685e+09
1.271854533148724937e+10
3.074607757437892437e+09
1.119140399371842003e+10
4.533541953031728745e+09
2.762595166876720428e+10
3.512398331002720833e+09
1.486361666575137520e+10
1.092920278267882347e+10
1.322749757899744749e+09
2.706302382281338501e+10
1.330050505395265579e+10
3.563636359603024960e+09
1.909228963462096786e+10
5.934186067364270210e+09
5.095623125741759300e+09
1.157537514304782295e+10
7.831910163904205322e+09
3.608723047081573486e+09
6.082450169455033541e+08
1.364452169935926437e+10
5.058546511482852936e+09
3.336950405946148300e+10
1.722324863330784607e+10
7.548495351544484138e+09
5.964655634139171600e+09
1.781089351338813400e+10
6.838386698374230385e+09
1.044826260194336891e+10
1.875659045998009109e+10
1.720595415185275555e+09
9.211877039619565964e+09
2.398036808616653061e+10
1.043011983570537186e+10
3.721037902596356869e+09
1.868356263456356764e+09
1.188431969582674599e+10
1.554558820924079323e+10
2.044502331522424698e+10
1.207475207482811928e+10
1.314671495876704025e+10
1.461628768324719429e+10
6.833800444873760223e+09
1.888556434409833145e+10
2.992982351552330971e+09
9.372641922996110916e+09
1.029937302295940018e+10
1.620208366395680809e+10
5.566507230583872795e+09
8.705387784200719833e+09
3.321344040727243423e+09
6.833529555828519821e+09
2.957789483108687878e+09
1.389086938778145409e+10
1.572835256768184662e+10
2.515604484873735046e+10
1.022957862302647972e+10
4.042394803341446400e+09
4.408200945791199684e+09
5.306159579514870644e+09
1.203375164892783546e+10
1.213261693303758240e+10
1.318151892586386108e+10
7.468457527630496025e+09
1.783655535602770615e+10
1.128871051705609894e+10
1.104948746988805771e+10
3.174366519975375652e+09
1.477766584317303848e+10
1.280559552295045662e+10
4.917829066093111038e+09
1.328748097823126030e+10
1.560865081784149170e+10
1.691356266680447197e+10
1.161914509107010603e+09
2.565332169431722641e+09
3.842994579407394886e+09
9.807106559144355774e+09
1.514726277340074158e+10
3.069992623003119278e+10
5.665733118314500809e+09
3.799499858379332542e+09
1.146397894131949997e+10
3.016809828559555435e+10
7.158393068002012968e+08
1.443293235715016556e+10
3.778950366629938126e+09
8.575245392820378304e+09
9.120496562455438614e+09
