3.057421107838047409e+10
7.858023779102736712e+07
6.677549337968679428e+09
8.516152364622361183e+09
4.778640376504718781e+09
1.487071245239079094e+10
2.093441749161567307e+10
1.884427604516599417e+09
1.208174220956972885e+10
1.815077968910019302e+10
2.061701347560635376e+10
5.270162767458972931e+09
1.628528223369159508e+10
1.000717350465066314e+09
3.421532614215590000e+09
8.217655987930589676e+09
6.805091196844176054e+08
2.202048381924386597e+10
8.920606294885526657e+09
6.774694161604863167e+09
1.376146815131515121e+10
1.017390954015621376e+10
2.399850616856373310e+09
1.692743706451716805e+10
1.677077028039066124e+10
1.608341227598053741e+10
6.865395376190454483e+09
1.916327378548930740e+10
6.027227126396092176e+08
8.193930234681095123e+09
8.917858371994300842e+09
8.575248654971852303e+09
1.484997973095326233e+10
1.220127357741858673e+10
2.160020031834663773e+10
1.136268468157005692e+10
7.957839541435337067e+09
7.487804752341843843e+08
6.990599823016949654e+09
2.813154385578990459e+09
2.054870700037615967e+10
2.536014542883587360e+09
1.450018357662691879e+10
6.192150232424744606e+09
9.790312681594583511e+09
9.141846931762437820e+09
9.336597177635185242e+09
6.939932398064529419e+09
1.117072515892912865e+10
1.872044481225190735e+10
1.260697947455989075e+10
1.986750963835322952e+10
3.196542719621120453e+09
5.902175183878451347e+09
1.704980114210273981e+09
5.518649142140246391e+09
5.309090637726556778e+09
1.310861035322202682e+10
6.636291582291231155e+09
1.219522895071214676e+10
7.800776179658109665e+09
1.059045183239475632e+10
8.794092038623674393e+09
8.076135447562840462e+09
7.151797686328946114e+09
1.692847107158180809e+10
1.107818313757960510e+10
1.699558262558344650e+10
6.979337069052184105e+09
5.469189048095643997e+09
3.197931371211531162e+08
1.150198435109735870e+10
8.120633799263631821e+09
7.278707432930085182e+09
3.053303595408784866e+09
1.809180692720664597e+10
2.179769751634345055e+09
1.884227738036086273e+10
1.090773228233198738e+10
7.410726026193364143e+09
1.260938951683028030e+10
1.141674628009230423e+10
1.624785501347451973e+10
1.363542912980607986e+10
1.000692364543956566e+10
7.570282115847124100e+09
7.149729524169438362e+09
1.085549017442471266e+09
9.417598620064132690e+09
5.432471289875024796e+09
1.699014526576782799e+10
2.050628840014022112e+09
1.321058112417369270e+10
3.536806875117081642e+09
9.982304508604207993e+09
1.328636337805991173e+10
6.789356159266143799e+09
1.251659584511903191e+10
1.016371556103214073e+10
1.561862019836305046e+10
8.631812831921327591e+09
1.119949345222225380e+10
9.236939795632730484e+09
9.636716716476036072e+09
1.231110706979003906e+10
2.046483271733742523e+10
8.822645804891794205e+09
1.802036106995980072e+10
4.720212022608489037e+09
7.691224301942366600e+09
2.927691447386403084e+09
7.514438203843046188e+09
1.836683271339647293e+10
4.171190292337732315e+09
1.270942427480395126e+10
7.705904322148239136e+09
1.039767456294104576e+10
1.143505688823716164e+10
1.100147341402354431e+10
7.444049777828571320e+09
1.772182794008442307e+10
1.535027000554849625e+10
2.095388495933969116e+10
8.967793120262756348e+09
1.075218395853295326e+10
3.348425506734168053e+09
6.761805856250140190e+09
2.618130622226620674e+09
7.698280517139243126e+09
9.799840774572708607e+08
4.953396851890063286e+09
3.133634708230616093e+09
2.044230910602602386e+10
6.160002136152574539e+09
1.264973996135683441e+10
1.685948788803375053e+10
1.736957976436217499e+10
3.260578381369712830e+09
1.237111686098533630e+10
3.192686681356132507e+09
1.457792008855509186e+10
8.446029072314110756e+09
5.875631021395247459e+09
1.106050990558109474e+10
2.166801219483849049e+09
6.486076269769123077e+09
1.924276969251800060e+09
7.106810967082293510e+09
4.622194221370789528e+09
2.802160541901264572e+10
1.594662320587108994e+10
1.297791588869206238e+10
1.399035521378088474e+09
2.083869288351635742e+10
4.111518400111294270e+09
1.397499261262922096e+10
1.021919899623671532e+10
9.638491238726243973e+09
1.223933429494208336e+10
8.631842535079319000e+09
2.220949472997623825e+10
8.927848474110289812e+08
1.081465534060805321e+10
1.028180350828876305e+10
1.083888139292894554e+10
1.406434048470505142e+10
1.092634622095783234e+10
5.347457782530905724e+09
9.228642498263355255e+09
4.218792113975143909e+09
1.103860070520443535e+10
2.342617486783235550e+09
2.788444837333359528e+10
3.768904285012964725e+09
1.077673671507499123e+10
1.339570025550654984e+10
1.241603580696098566e+09
2.602713008542443848e+10
1.028278646415742493e+10
6.263378591932534218e+09
1.782575072735544586e+10
8.348977545239351273e+09
5.640539332953815460e+09
9.246253600536989212e+09
6.159409799548093796e+09
5.520289157743867874e+09
1.901527201821275949e+09
1.184966188607356453e+10
3.539735039992535114e+09
3.111004920429331970e+10
1.386377197261164474e+10
1.000374346323039436e+10
4.849029380775018692e+09
1.684896060148734283e+10
4.285741601753278255e+09
1.460467895127847290e+10
1.621427871130544281e+10
3.656686844938915253e+09
7.098307158696462631e+09
1.967299295099182129e+10
8.027812684289849281e+09
5.894397832209736824e+09
8.738579171938010454e+08
8.910120269862810135e+09
1.379121067107219505e+10
1.863023487534765625e+10
9.920842739917621613e+09
1.760460318399015808e+10
1.524712294013592529e+10
6.568308258151441574e+09
1.402872402345868492e+10
3.795182709958067894e+09
6.371463321032420158e+09
1.103794490588977242e+10
1.981369792701158142e+10
6.245663623467028618e+09
5.484069626760245323e+09
3.625672196247344017e+09
9.129097026552148819e+09
2.223635149528746605e+09
1.510953106901392555e+10
1.614795071725549698e+10
1.973270353503837967e+10
1.067938223872352028e+10
3.161833512413800240e+09
7.111706128491548538e+09
4.902972063337257385e+09
8.542422191526395798e+09
1.162287500386355591e+10
1.193113360886251259e+10
5.473064751261003494e+09
2.165588737988710785e+10
9.995864421008081436e+09
8.801893793531984329e+09
1.374936565188897133e+09
1.869569672994668198e+10
1.002259599424475098e+10
5.816159904052094460e+09
1.201934232685495949e+10
1.146647443420170021e+10
1.221674840525975418e+10
1.099187483540493011e+09
4.588362940585708618e+09
3.827904140581731319e+09
9.506687975511743546e+09
1.484485347865429497e+10
2.480478001130856323e+10
6.323964272610547066e+09
4.231260575507983685e+09
1.199101283406272507e+10
2.390922406795829010e+10
1.224446654563879490e+09
1.155842136504288864e+10
5.324422402363401413e+09
1.126625199496002960e+10
9.676118073109092712e+09
