2.775638291962110138e+10
2.247181956377086788e+07
7.342341692293095589e+09
7.739143234892048836e+09
6.547678221571257591e+09
1.396028616952360916e+10
1.960841006946223450e+10
2.127389886476619005e+09
1.437742131042805672e+10
1.818459434677149582e+10
1.941884397363772202e+10
6.013649980993277550e+09
1.401881789695234108e+10
1.123285779840170383e+09
4.261341778666907787e+09
7.198063985287432671e+09
6.250323069394190311e+08
2.281255722432273483e+10
1.054311497416734886e+10
5.041231855001989365e+09
1.549639309915047073e+10
8.105487517750997543e+09
2.024302215930184364e+09
1.699697561314369392e+10
1.819867584903199768e+10
1.333528387338483429e+10
6.626543632648944855e+09
1.895190928178285980e+10
2.042758231861664653e+08
9.060633234287879944e+09
1.061865663386504745e+10
7.292762937154187202e+09
1.781643788579558182e+10
1.096924144473492813e+10
2.165795665207515335e+10
1.147038456451260185e+10
6.648739057458716393e+09
6.823735253212730885e+08
8.977776268792064667e+09
1.839503215117165804e+09
1.952502196826023483e+10
2.382336043822953701e+09
1.637397217623479843e+10
4.687511512212797165e+09
1.228785033393313980e+10
7.858493975126688957e+09
8.549086004373019218e+09
6.575051829370457649e+09
1.130350909783549118e+10
1.656890793737406731e+10
1.083808991654938507e+10
2.006273318230865860e+10
2.382273989549322128e+09
7.454482856680652618e+09
2.359897067138737202e+09
4.336621260425935745e+09
4.417800155011816978e+09
1.500149594471629143e+10
7.657902801114248276e+09
1.175258231651089478e+10
8.622102508507911682e+09
8.754770369495046616e+09
8.135004534640233994e+09
8.963561338017339706e+09
8.904111301377244949e+09
1.450475069691141891e+10
1.220914992826153755e+10
1.815403663276350403e+10
7.309859941562598228e+09
7.064861795812975883e+09
8.840876339561113119e+08
9.082994868987758636e+09
7.946025507346089363e+09
7.951649381754817009e+09
3.488813927992407799e+09
1.517134625256952477e+10
3.379773325917942047e+09
1.623893397028994942e+10
1.188519234424474716e+10
8.833273037270601273e+09
1.381427693763068199e+10
1.035976923434926605e+10
1.443250944390372086e+10
1.376174030530674362e+10
7.775360225823520660e+09
7.727751366414855003e+09
8.370886914467825890e+09
4.473052808452088833e+08
7.845686919597289085e+09
6.622279275334597588e+09
1.844969471677408600e+10
2.068376787537323952e+09
1.513352726712097549e+10
2.780288928899161339e+09
8.441301655812516212e+09
1.331433028633652496e+10
5.932694028259137154e+09
1.444410979769146919e+10
9.332025278872226715e+09
1.332267206871126556e+10
9.060749445369695663e+09
8.971422236592706680e+09
9.253329505984827042e+09
1.119961985133016968e+10
1.247613834664329338e+10
1.834554321181623840e+10
8.951477092180320740e+09
2.011330545973823166e+10
4.331524225393081665e+09
9.669112916011249542e+09
2.962778742040756702e+09
5.712580691702546120e+09
1.787336800791992950e+10
4.547732163255463600e+09
1.548233691597066879e+10
7.100389661023300171e+09
1.232219630775643158e+10
9.578688015503173828e+09
1.009210563019397163e+10
6.957312552934998512e+09
2.007600376114123154e+10
1.350595557392552948e+10
2.005291164522441864e+10
8.116763321925421715e+09
9.945265568248661041e+09
3.784200612639055729e+09
8.777548815381107330e+09
1.673045890016679049e+09
6.463533656450108528e+09
1.010387087470272183e+09
6.772567453748525620e+09
1.969521374235584736e+09
2.366012864566945648e+10
5.201787695913976669e+09
1.242606688384840584e+10
1.666330201284182930e+10
2.011889412512619400e+10
2.206545764940093994e+09
1.207774186176386261e+10
3.344398574001077652e+09
1.293307503152862740e+10
7.648734228438660622e+09
7.661050434658015251e+09
9.489958342245870590e+09
1.623172861191339254e+09
8.331480641661822319e+09
2.013223549608878136e+09
5.336356445684727669e+09
4.495469191823365211e+09
2.563301592346866608e+10
1.561981103241865349e+10
1.459276049065462875e+10
1.515579712347338915e+09
1.827577293306518555e+10
3.584259489635630131e+09
1.501670347524283600e+10
9.871661020297477722e+09
1.205267301418698502e+10
1.210311163007962799e+10
7.053818364113288879e+09
2.430338564921290588e+10
3.296679811361510158e+08
9.675853465293914795e+09
1.068951502462424278e+10
8.616397877179420471e+09
1.462603305161742592e+10
1.154898036538781548e+10
4.505834147401908875e+09
7.364150471758695602e+09
4.720876489150335312e+09
1.241802968404392624e+10
1.885101672329446554e+09
2.959322300540243912e+10
3.193358133512106419e+09
9.629165538749296188e+09
1.421224214429303169e+10
1.828945509278734922e+09
2.283358132004413223e+10
1.085638469531914520e+10
7.259607444505600929e+09
1.901465373325736237e+10
1.040788713151006699e+10
7.275673817464179039e+09
7.502960721706898689e+09
6.776313487731530190e+09
7.379886435781111717e+09
2.520946309697518349e+09
9.508253390405076981e+09
4.286957233601381302e+09
2.765878111449384308e+10
1.417599089385820198e+10
1.036590595676675415e+10
6.020296875653262138e+09
1.534076390256082344e+10
3.767795396833167076e+09
1.565570249345029449e+10
1.440391347922396278e+10
4.608041373148093224e+09
7.364730737958836555e+09
1.849761503286744690e+10
6.658828484171035767e+09
6.914446363017105103e+09
1.205315543092954636e+09
7.382176766843187332e+09
1.536790843422416115e+10
1.794506817798423767e+10
9.409523562143369675e+09
1.903494074922718048e+10
1.801815233547393036e+10
5.535990709517629623e+09
1.328344848889961052e+10
3.494994085755909920e+09
5.735629487335528374e+09
1.124966131023546600e+10
2.226168126205593491e+10
5.337675982078598022e+09
4.246720137098043919e+09
3.653472568889071465e+09
1.139682435212957382e+10
1.508078493309868097e+09
1.730376732036580276e+10
1.416615302963149452e+10
1.885435085225526047e+10
9.828516745097007751e+09
2.565808459232749939e+09
7.758374609778747559e+09
6.197392296681633949e+09
6.876014778486367226e+09
1.369717528211607552e+10
9.806943558133802414e+09
6.044494911877568245e+09
2.227726107906599045e+10
1.168504899382312202e+10
6.710187715091606140e+09
1.184903998629866362e+09
1.892829475065963364e+10
9.807019314532314301e+09
6.470589809796995163e+09
1.329540767154058075e+10
9.364112448078542709e+09
1.073275093429116821e+10
1.981766412354721546e+09
5.979382768534953117e+09
3.381979156464293003e+09
1.058620465344398499e+10
1.364004937302129364e+10
2.257679152750081253e+10
6.060088880064522743e+09
5.524530126997503281e+09
1.062727463446885490e+10
2.231624814132085800e+10
1.177984140398100138e+09
9.533840841543947220e+09
6.084017917854067802e+09
1.256040476184652710e+10
9.506013008294155121e+09
