2.756668540381587601e+10
1.873657912440134585e+07
7.049489576464468002e+09
8.024524867093731880e+09
6.092243625967873573e+09
1.495621496021690369e+10
1.882606478575619507e+10
2.354300022286020279e+09
1.349380638132975769e+10
1.878918021297035980e+10
1.865084276678631592e+10
6.341578063185975075e+09
1.387372600329067993e+10
1.077482299307357311e+09
4.430701470649203300e+09
7.908819986382146835e+09
6.192715012771797180e+08
2.288796217316960907e+10
1.030063554580394173e+10
5.272189672390894890e+09
1.449860066621138000e+10
8.577773234752878189e+09
1.743130144035661697e+09
1.774377375201345825e+10
1.766396674898215485e+10
1.418397905477966690e+10
6.316094052918482780e+09
1.963259248769301987e+10
2.012715086618869603e+08
9.175632115025957108e+09
9.911491081693391800e+09
7.145708502448060036e+09
1.706468661108735657e+10
1.162581266977048874e+10
2.062263162891228867e+10
1.140127411333656883e+10
6.624602573565507889e+09
8.011584433318567276e+08
8.807148233347879410e+09
2.204068066412388802e+09
1.930658494133767319e+10
2.220146558518783092e+09
1.645156801862653732e+10
5.263462816565173149e+09
1.167861406591634941e+10
8.694417614868747711e+09
8.073882172412562370e+09
7.152736418811849594e+09
1.057201792313742447e+10
1.735053578549850082e+10
1.084163783663019943e+10
2.113729215895850754e+10
2.264212830585456848e+09
7.460628359105671883e+09
1.986698597318708420e+09
4.479900886358894348e+09
4.541401672878391266e+09
1.528614151629791069e+10
7.034006128541134834e+09
1.173183761598325157e+10
7.782999361427008629e+09
9.342112382745338440e+09
7.563497839663976669e+09
9.426228289622936249e+09
8.379981533731897354e+09
1.536402521781302452e+10
1.161355949222759819e+10
1.854957898020041656e+10
6.664799125847356796e+09
6.537804184555253029e+09
7.405528278106793165e+08
9.499571139785495758e+09
7.921351617557437897e+09
8.008141258271197319e+09
3.548059865034272194e+09
1.570402941738519859e+10
3.028162765692221165e+09
1.735740156723761749e+10
1.101959671350238991e+10
8.995647595238382339e+09
1.294082229837864876e+10
1.097451537820867920e+10
1.401342960136551285e+10
1.443858976118336296e+10
8.323646239859784126e+09
8.375325795450961113e+09
7.984896400677183151e+09
6.027110997250176668e+08
7.755672772575365067e+09
6.718227403295153618e+09
1.789284665714536285e+10
2.089762487561641693e+09
1.405718109892943573e+10
3.155306113999511242e+09
8.311691113425198555e+09
1.419397518163450432e+10
5.532820156296536446e+09
1.420527995751402664e+10
9.415258683719751358e+09
1.400905745207507133e+10
8.375724996070142746e+09
9.712842938255874634e+09
8.515263051497438431e+09
1.149572704986289024e+10
1.217762101408683968e+10
1.956014488680173874e+10
8.182311612446430206e+09
2.041515105377748489e+10
4.006260157537751198e+09
9.468055477084608078e+09
2.678097557470581532e+09
5.944377600423301697e+09
1.815229958697066498e+10
4.882911286215545654e+09
1.478365504319617844e+10
6.900063232936090469e+09
1.150219282083839989e+10
1.020384445796721077e+10
9.769813873441278458e+09
7.687909235903104782e+09
1.883912077451224136e+10
1.367739509401890755e+10
1.978118303419271851e+10
8.811249270636552811e+09
1.013167408416077042e+10
4.113530567824378014e+09
8.478704733585304260e+09
1.909394688209680319e+09
6.555784074775476456e+09
1.220640699011430502e+09
6.373065767964443207e+09
2.130130780892129660e+09
2.264631072680275345e+10
5.571374047929297447e+09
1.233406635609065247e+10
1.756243428473720932e+10
1.896852814323430634e+10
2.526257931984206676e+09
1.140666891724018288e+10
3.701295836357869148e+09
1.332418604258483124e+10
8.121010995637136459e+09
7.142803114595803261e+09
9.445148272071456909e+09
1.434956490479100466e+09
8.242552681988215446e+09
1.884008785924242020e+09
5.748537977834315300e+09
4.100052491893911839e+09
2.672580002618159103e+10
1.468549101295918083e+10
1.475436975361641693e+10
1.228037597988142729e+09
1.943959421134527969e+10
3.250174934935798168e+09
1.569187431072390366e+10
9.343451519273832321e+09
1.171042578480182076e+10
1.210134635492651939e+10
7.630286823474721909e+09
2.300247477303550339e+10
4.552022687257322073e+08
9.315178736561244965e+09
1.136301393491492271e+10
8.827637044379497528e+09
1.499831627237966537e+10
1.125004869531370544e+10
4.810054433149625778e+09
7.555964828959199905e+09
5.036897498557178497e+09
1.165714883083271790e+10
1.640698894338948488e+09
2.859724378953580856e+10
3.710497931890679836e+09
9.155816278220645905e+09
1.480990395280222702e+10
1.588273480687910557e+09
2.403806922093666840e+10
1.012014630140772629e+10
7.576257467128398895e+09
1.865837647924338150e+10
1.010785741357749176e+10
6.935061199753402710e+09
7.660703576575010300e+09
6.398328457986434937e+09
7.144822798847456932e+09
2.650986787324952602e+09
1.017348673218216324e+10
3.712680120541908264e+09
2.849282650159242249e+10
1.357359000418014717e+10
1.072971963423085594e+10
5.412566294713557243e+09
1.618439670418366814e+10
3.409242566123277187e+09
1.630640509234736252e+10
1.441674623367919731e+10
4.806836394774836540e+09
6.698320459595286369e+09
1.840943851034712982e+10
6.622232240254581451e+09
6.977138516076358795e+09
9.070824574686065912e+08
7.625340006860662460e+09
1.425042205258154678e+10
1.831578257727338791e+10
8.983739296209850311e+09
1.970508578045692825e+10
1.719110858694208527e+10
6.179025104411602020e+09
1.259693669593437195e+10
3.836452491937940598e+09
5.558250272447233200e+09
1.115344785787446213e+10
2.242367183762593079e+10
5.973103786035382271e+09
4.142912703627856255e+09
3.667668329274416924e+09
1.116494408829063225e+10
1.836309313782835007e+09
1.702308129948140907e+10
1.526887129714370155e+10
1.822183592987707138e+10
1.018713460567567825e+10
2.867710365213511467e+09
8.203197937984946251e+09
5.776714272474242210e+09
6.990529619287640572e+09
1.291663620519611359e+10
1.043472699481507301e+10
5.556470497994965553e+09
2.275545122724105453e+10
1.073795765826830482e+10
7.208256338433211327e+09
9.479335305476049185e+08
1.974421270619015884e+10
9.593094339939918518e+09
6.312912384776286125e+09
1.280142713858378029e+10
9.368487377076538086e+09
1.033908777434361649e+10
1.712309878314076185e+09
5.906670721527589798e+09
3.825745202905090332e+09
9.921478606446607590e+09
1.448844233266763496e+10
2.207101613149760818e+10
6.625324562159436226e+09
5.062958232127745628e+09
1.159214786579978371e+10
2.154618427175189209e+10
1.442093928315908194e+09
9.680147386509061813e+09
6.391368517600569725e+09
1.253530152625183296e+10
1.008406175824307632e+10
