2.526826173354534912e+10
5.448616128099189758e+09
9.250060880998867750e+08
2.500876745581456757e+10
4.829746967918586731e+09
3.460287125589904785e+10
1.792984104331980896e+10
6.585882323298762321e+09
4.953860404144775391e+09
4.067845819432550049e+10
1.403718758693386650e+10
1.677672401400996780e+10
1.732504050879043579e+10
2.336105026971749306e+09
7.415512152427385330e+09
2.448228566672246933e+10
8.339380577010945320e+09
1.280407930315640640e+10
1.923252912380748749e+10
1.178051418104167366e+10
1.505060357074624634e+10
2.394769993702460861e+10
4.944059382846970558e+09
1.998128004830812836e+10
2.886036014840982056e+10
3.027730116842057037e+10
1.620047183409745216e+10
1.903347632766106033e+10
5.638814479537802696e+09
6.329254215895624161e+09
1.280033870014067078e+10
1.753198204540314484e+10
1.557928606287710571e+10
1.523780287206142044e+10
2.446400136383216858e+10
4.558687863569869995e+09
1.860315424026181412e+10
4.696251214523902893e+09
1.199914256299042892e+10
1.269302636616150284e+10
3.664100865517124176e+10
1.550116279841716051e+09
2.855945233098519135e+10
1.514824010111633301e+10
9.034975951649425507e+09
2.066824135478670502e+10
1.411657038796297073e+10
1.243246365532287025e+10
3.016736688741253853e+09
4.042494046938890839e+10
1.069531849187138939e+10
3.583931199014151764e+10
5.003572523634846687e+09
8.207758291962370872e+09
1.177807362474926233e+09
1.705920261016061592e+10
5.392061477484325409e+09
2.366464257899558258e+10
3.754730235754351616e+08
2.838249254607387161e+10
4.752896740178318024e+09
2.702070067923029709e+10
8.181877221739234924e+09
1.537287574371702194e+10
1.229863334683631706e+10
2.417960579420409012e+10
1.957394065595114136e+10
1.602646615303400993e+10
1.036320222002997971e+10
1.952286461771522045e+09
3.857013478755397797e+09
2.011345768928960037e+10
2.237665509610129929e+10
4.659452838769615173e+09
1.406186494842606354e+10
2.379426539268221664e+10
4.876989323919625282e+09
3.402415197622388840e+10
1.335013477963260651e+10
1.036276267495989037e+10
2.280500790664845943e+09
3.074341778392944717e+10
1.773741597715382385e+10
3.321137731523011398e+10
1.982751459386709213e+10
1.768650231689624405e+10
1.243745864940032482e+09
7.450215598297431946e+09
9.138755664709676743e+09
1.582961346223930359e+10
4.791390553545597076e+09
1.209703250895311928e+10
6.002568643540643692e+09
1.600984658165203857e+10
1.860232855067017365e+10
2.961241870330068970e+10
7.796648341784486771e+09
2.399694936502607727e+10
6.337108820770984650e+09
3.424009567842376709e+10
1.420650999422348499e+09
2.346645981174152374e+10
1.036195400587586021e+10
1.867068613003871918e+10
3.346126039849380493e+09
4.135833578774406433e+10
4.793025561524992943e+09
3.187420421962611389e+10
1.110823884680712700e+10
1.457780437075764275e+10
8.780802853980280161e+08
1.753255334440953445e+10
3.995163502083655548e+10
8.677792781493766785e+09
1.337747405191823387e+10
3.270775174172806263e+09
2.950075063375075817e+09
1.626918858846995544e+10
2.056250157846411133e+10
1.771763589649139786e+10
1.269930793141325951e+10
1.263497305501865005e+10
3.674665558786425018e+10
1.509276579490299797e+10
2.772897384688676453e+10
1.362737146455884361e+10
6.831430117052706718e+09
7.559083992755152702e+09
2.035281258607991028e+10
6.733748303263344765e+09
5.485093335256881714e+09
8.739584331457880020e+09
2.068028944022803879e+10
8.502281520053459167e+09
2.851283295112104034e+10
2.325770689016712189e+10
1.051311069933565140e+10
8.888764327416255951e+09
1.753602136398662949e+10
8.867225299862699509e+09
3.335831293636296844e+10
1.035114590204654884e+10
9.132373056392103195e+09
9.011149179338783264e+09
5.068582117070090294e+09
9.683486573264669418e+09
1.375674036888549089e+09
1.882885819974702454e+10
1.452555744220842361e+09
5.450752719444830322e+10
1.231924371741763496e+10
2.743692362946598816e+10
1.753111364210611343e+09
4.087382089137042236e+10
8.017440124188684464e+09
2.558694560204623032e+10
3.322922173187962532e+09
1.341819970057964897e+10
5.699336549683543205e+09
2.433700306989257431e+10
8.570411920034928322e+09
6.731830374625014305e+09
1.778793930581778336e+10
2.516404255066274261e+10
1.959777476213912582e+10
3.329629521254684067e+10
2.575149971246916771e+09
1.944434379714782333e+10
2.047457552687564468e+10
1.596327840773332977e+10
1.570705163864751339e+09
4.942448231187808990e+09
9.699313406671049118e+09
1.544225351146352386e+10
9.803153341027507782e+09
3.030558014211279678e+10
1.286789173982704878e+09
3.835404671401711273e+10
1.506040898333920288e+10
1.175355921781214905e+10
3.282527791000956726e+10
6.270304895518575668e+09
1.199950466842901611e+10
1.050203997299202156e+10
1.499970026317885399e+10
7.662735753718350410e+09
6.110842553644688606e+09
2.093030644753489685e+10
4.560237751528450966e+09
3.443777484782682800e+10
2.342337451124536514e+10
9.895548196345699310e+09
7.383976690012861252e+09
3.906495996277416229e+10
4.269099355079058647e+09
2.229406800977672195e+10
1.209439415948766899e+10
1.021278752833849335e+10
2.027734966568075180e+09
3.684757910523304749e+10
7.359940809555882454e+09
5.522155305293164253e+09
2.656113600873263359e+09
2.296302615121802902e+10
6.354936564825827599e+09
4.084952096700653839e+10
3.536718139257424355e+09
2.930686583816790771e+10
1.746350688581552505e+10
2.126934730236358261e+10
1.699608786017380333e+10
7.272180632918796539e+09
1.635682113553507805e+10
4.148026787327592850e+09
3.295620087256688690e+10
1.408206374567864609e+10
1.129542351815679550e+10
2.536258295422587872e+09
1.429093310953929710e+10
1.245972426982098007e+10
2.667660714243740845e+10
2.981932593937869644e+10
2.804117260742646027e+10
9.522977252410205841e+09
1.542641427684086800e+10
1.267844303169693756e+10
1.102668732365839767e+10
1.953746656223212051e+10
1.526922324666430473e+10
1.788470479426113510e+10
1.175800152509233093e+10
1.827302625902536011e+10
7.512736208665605545e+09
1.860049672316425323e+10
4.931211994408390999e+09
2.296453018064102173e+10
2.298786829314716339e+10
1.703232433729207993e+09
2.244748810913964844e+10
1.679144122726993370e+10
1.493086550100869942e+10
4.311857773830357552e+09
5.472371047787218094e+09
1.677963857733079910e+10
8.605490356273268461e+08
3.605719867084997559e+10
2.189687481725091553e+10
2.129952242593564987e+10
1.094068747263966322e+09
2.833194930663885880e+10
2.270360314487255478e+10
7.927780887110073090e+09
1.284985572668303108e+10
1.708891802204964638e+10
6.717990513383134842e+09
2.757593886510348892e+10
