4.402581159169783020e+10
2.468384847408437252e+09
9.417595343990274429e+09
1.055571558979782486e+10
5.779677761724875450e+09
9.601154868390911102e+09
3.597161153478872681e+10
6.749722348858673573e+08
1.577957279481729317e+10
1.411366446632885551e+10
3.493008388174421692e+10
1.486974295612292051e+09
2.759924271530667877e+10
3.102491426178307056e+09
7.956511401247869730e+08
6.355642493991273880e+09
3.174120390182688236e+09
2.011711655690136719e+10
8.432050258157212257e+09
1.225047270990063095e+10
2.093889643537786484e+10
1.443159992959634781e+10
8.849585339160791397e+09
1.048137949519159126e+10
2.024975253336486053e+10
1.849226607551649094e+10
1.342285955026018143e+10
1.428929648330119514e+10
4.136006478020379066e+09
5.865884681776111603e+09
1.308252102545346260e+10
1.685463639291494751e+10
1.509147676711278343e+10
1.118001286431848335e+10
3.495304923187668610e+10
1.347672144380786705e+10
1.502590954130731010e+10
1.762891792890459776e+09
4.271920050436479092e+09
4.401829048352199554e+09
2.900021032016020203e+10
6.783168653064502716e+09
9.744020288773473740e+09
7.207692206346582413e+09
9.991084773576890945e+09
6.615510456174564362e+09
1.942043365932176971e+10
3.935347258681609154e+09
2.049678096323059464e+10
2.011892544883781433e+10
2.047316629228239441e+10
9.830066938698963165e+09
9.301872864754623413e+09
2.602689609270464897e+09
5.560318422204776764e+09
1.033048475090509033e+10
8.933019973058668137e+09
5.863373113342317581e+09
1.181640452515344810e+10
1.648222976235573769e+10
1.616590406647303581e+10
1.287761407092814636e+10
1.931289713673680115e+10
2.155661829115649223e+09
9.157415746496868134e+09
1.786396066691141129e+10
1.611078047656526947e+10
1.059673848559561920e+10
1.509531377007153130e+10
7.723836422107869148e+09
2.084188361570484400e+09
1.738110464473402023e+10
1.146958311999777794e+10
6.230678217740108490e+09
3.278958907468074322e+09
2.428179679817970657e+10
4.060164290610974312e+09
1.780293398798327637e+10
1.923602294052879333e+10
2.843224406805757999e+09
1.978602853508812332e+10
1.085843948219209290e+10
2.908339921320856094e+10
8.374714460648833275e+09
1.383211283256338310e+10
2.183284848805180550e+09
9.025874316577182770e+09
3.725561831393767357e+09
1.771135142543429947e+10
2.664428155520112038e+09
1.972130747439675140e+10
4.081308245236092091e+09
2.031029448286335373e+10
4.365925261805671692e+09
1.893474758694449234e+10
5.992157060172631264e+09
1.613520373291126251e+10
1.099327683370355034e+10
1.389015703898826790e+10
1.845194952075260925e+10
1.647017246581649399e+10
1.295988742334616470e+10
1.937010337477806091e+10
3.330601586000708103e+09
1.669579920753092003e+10
1.692194970166121483e+10
1.873042932450506210e+10
1.002451509093641663e+10
1.184392100656740952e+10
5.410117555942374229e+09
7.852911184361978531e+09
1.339615525375312996e+10
1.969972799853243637e+10
1.299736385058099270e+09
1.301807989765359306e+10
1.378626520454073906e+10
1.464004767174181366e+10
1.295032144462748718e+10
1.997794697314366150e+10
3.332101708428853035e+09
2.521571944540143967e+10
2.158140375047502518e+10
2.956833075471674728e+10
6.343426742398100853e+09
1.400875403507333183e+10
5.510368872105612755e+08
5.187960806531293869e+09
5.351639981930574417e+09
1.329595629124635696e+10
7.163305178627793789e+08
5.181111390113191605e+09
7.476074349430182457e+09
2.271801956446444702e+10
7.365584140748785973e+09
1.697080945540283012e+10
9.749115891439445496e+09
2.249368746682751846e+10
5.464948172552944183e+09
2.296150041927432632e+10
8.872779190287389755e+08
1.847850386445170975e+10
7.949634318743741989e+09
7.634541053502600670e+09
1.878375453453680420e+10
8.170069961345582008e+09
3.277158588478054047e+09
4.996881041015264511e+09
1.094328305613421440e+10
1.128483408642592812e+10
2.694929946167493057e+10
2.924978853003571701e+10
8.184822375710752487e+09
6.166773664524748802e+09
1.933583601492558670e+10
1.171360652911466026e+10
5.330431343389343262e+09
1.896936991134122086e+10
7.326866239060525894e+09
1.444529439241752243e+10
1.013731980657837677e+10
3.098419759407650757e+10
3.589522046192931652e+09
2.090254185234373093e+10
3.930411274902807713e+09
1.833267882245368958e+10
1.068897131595597458e+10
1.378235781281131744e+10
7.310357272185900688e+09
1.581162097652716446e+10
1.396954836282498598e+09
1.640471019164371109e+10
8.665224325081371307e+09
3.442048871482769012e+10
2.377369469527198315e+09
2.185424817972068787e+10
6.569582203677230835e+09
3.877612619226296425e+09
2.593603051404281616e+10
1.863451621607815933e+10
1.526686718745249510e+09
2.024436061896535873e+10
6.563238257199628830e+09
6.053289298776802063e+09
1.543070879088552284e+10
1.053864880328620529e+10
3.845569515024057388e+09
4.687307544543455839e+08
1.472421986347494507e+10
9.367902091184579849e+09
3.567545849425299072e+10
2.179411360174013138e+10
6.695272956290769577e+09
9.661942129133069992e+09
1.539127832667109489e+10
1.198450695671838379e+10
6.056794912932216644e+09
2.403790892380720520e+10
4.185211746470356584e+08
1.536068691815284920e+10
2.723488990872747421e+10
1.502512255278432465e+10
3.679521279909188747e+09
5.081629817509846687e+09
1.388176017060984039e+10
2.251592159720792007e+10
1.961999996221192551e+10
1.811048943755400467e+10
7.697991029732404709e+09
1.704226700782232094e+10
5.443714421677139282e+09
2.624647859208927155e+10
3.117144962189117432e+09
1.282632132362903214e+10
1.309582435888604736e+10
1.213608459554081726e+10
4.532384894427178383e+09
1.301555447208674049e+10
5.295827686796343803e+09
6.141656693199325562e+09
3.350919902744133472e+09
1.314686874970408058e+10
1.311515997974659729e+10
3.199882720678266907e+10
1.151406440908627701e+10
4.248672276362259865e+09
2.144586214277925253e+09
7.353365071642515182e+09
1.530016963489369965e+10
1.532298640706785583e+10
1.436848721440955734e+10
1.113422403869654465e+10
1.607823452154874611e+10
1.662887160822719193e+10
1.270779241570127678e+10
6.740704143042865753e+09
1.097304267332262421e+10
1.556280344298091507e+10
7.152018173237004280e+09
1.550218721742172050e+10
2.072102458383718872e+10
2.368868008171786499e+10
3.166303418651909828e+09
2.659998720319930077e+09
2.856037243708757877e+09
1.485581432831875610e+10
1.226640469974150276e+10
3.984434143908503723e+10
3.459896171181193352e+09
6.801482956474267960e+09
8.483269574526148796e+09
3.978342766471393585e+10
6.593715074896854162e+08
1.882729081572830200e+10
1.724125266415445805e+09
8.941000986755544662e+09
6.457754941125174522e+09
