5.006202788795646667e+10
3.571031174638890743e+09
1.407836925730200005e+10
8.100234351781138420e+09
3.145234027378540039e+09
1.704748902505320168e+10
2.991708307506412888e+10
6.328195605714342117e+09
1.122523814681724930e+10
1.258984026548856163e+10
3.189011944444717026e+10
3.660205411916203976e+09
2.952643029587005234e+10
6.590665323273657799e+09
6.003995651586151123e+09
1.149799938855977440e+10
2.473803625724972725e+09
3.388581878875593567e+10
1.588566520513234615e+09
1.769332290019166183e+10
7.877928812546179771e+09
1.730917547251552582e+10
7.283023062617836952e+09
2.648033428695833969e+10
6.926475847032617569e+09
2.760208888905166245e+10
6.103822077246072769e+09
3.158604353288808823e+10
5.501446284320230484e+09
1.465007597949254990e+10
3.092483274383077621e+09
1.265637631937982941e+10
6.787365935641982079e+09
2.558685703973433304e+10
1.998157554348021698e+10
2.284317670838882065e+10
1.166941573272921371e+10
6.103005148473710060e+09
2.787261942221434116e+09
8.431092978831196785e+09
1.805111961880970001e+10
1.002524137758152771e+10
5.601220276837463379e+09
1.562908167505803299e+10
5.311135164057965279e+09
1.759624841609542847e+10
1.272972058272790909e+10
1.508800685291994476e+10
1.934088251996731186e+10
2.227139311205240250e+10
2.728653948897249222e+10
2.157878004034755325e+10
1.114216789839662743e+10
6.281826480336773872e+09
4.782580190742339134e+09
9.208903361153381348e+09
1.632263970986277962e+10
8.041567263302326202e+09
1.109782488089706802e+10
8.925250601081855774e+09
9.203644431042751312e+09
1.571827677417350769e+10
1.510759854014255714e+10
9.935970584120838165e+09
1.387954789606141090e+09
3.252759923657418442e+10
4.493016002458475113e+09
2.359475851424742508e+10
6.542972540168607712e+09
6.590246723315153122e+09
2.175677837341755867e+09
2.326437180008310699e+10
5.341605996322684288e+09
1.457172013339947128e+10
1.138213149561544657e+09
3.442738498515824127e+10
1.182060844934965849e+09
3.086337378817715073e+10
7.575161032642354012e+09
8.747879510551797867e+09
1.785572803876564026e+10
1.195864941564865685e+10
2.588983455931186676e+10
1.039434538134036255e+10
2.108582643153050613e+10
1.099798477028994560e+10
1.219161373763167000e+10
6.825313608455034256e+09
2.163482047563251877e+10
1.654327250742587090e+09
2.476911293887881088e+10
2.012858607954124212e+09
1.244382828542349625e+10
6.580236959795031548e+09
1.529518336736344337e+10
1.406034469579277611e+10
1.367164955573213577e+10
3.318297076846002579e+09
2.359556735351142120e+10
2.131896038929948807e+10
1.540419131499714661e+10
2.169682859513870621e+10
1.093068489948313141e+10
6.876790499440917969e+09
2.372688812869070435e+10
2.726140470680218506e+10
1.373148158757616615e+10
9.960907247814094543e+09
6.538534406564553261e+09
1.943572781348613739e+09
9.782034038144443512e+09
1.498143496900542068e+10
1.320569351487238503e+10
8.996865346390817642e+09
5.683349370420710564e+09
1.901572415731530380e+10
1.143480686169321823e+10
2.540576818402991104e+10
1.226216387975547409e+10
1.345969125953241730e+10
1.286860030492341042e+10
3.194523968530255890e+10
1.792297992499292755e+10
1.903600486351513672e+10
9.450671577078355789e+09
3.689561619264492989e+09
5.279348472907639503e+09
1.095694966690310097e+10
1.042182221664912796e+10
5.260947978069863319e+09
3.153458097664103031e+09
1.124019870757310104e+10
1.022326053392308807e+10
1.730392456975390244e+10
8.425096846696309090e+09
2.581918783823564529e+10
1.308273513632764435e+10
1.199253900707107353e+10
1.256513950906451225e+10
8.056434108198356628e+09
1.608225528573074722e+10
2.002240475166679001e+10
1.428173878213614702e+09
2.486372124212453842e+10
7.946335345191981316e+09
4.614410272531168938e+09
8.482522178980645180e+09
1.436293658499551010e+10
1.214166282981740952e+10
3.083663869669119263e+10
2.104600319128037262e+10
5.194232522176543236e+09
6.191459563416359901e+09
2.944129990317600250e+10
8.167844510052681923e+09
1.349242113606027031e+10
2.038048588622973251e+10
3.804412248960941315e+09
2.477809669352554703e+10
1.335386705369635582e+10
2.416715369779044724e+10
6.575400506716342926e+09
1.450941064114950180e+10
9.522887509897714615e+09
2.052156720091070557e+10
7.666434185530361176e+09
2.034286074168157959e+10
7.032460655068334579e+09
1.574888966603151131e+10
3.173065456717295647e+09
1.577913845537461662e+10
7.695809321304613113e+09
3.642965546559949493e+10
7.694902295046954155e+09
1.963072827609214401e+10
9.281402209743715286e+09
4.970427820860510826e+09
4.268953333285749817e+10
7.419439145846433640e+09
8.154982321735482216e+09
7.783804719278168678e+09
8.293845735681342125e+09
5.493872942927733660e+08
2.249099633647528076e+10
2.442448668601703644e+09
3.445976488946207047e+09
4.819350691118072510e+09
2.458876189409642029e+10
3.886170540893169880e+09
5.290468201129447937e+10
9.216800349813413620e+09
1.845588861118370819e+10
2.436283967259546757e+09
1.824639811709543228e+10
1.104094355075842285e+10
1.682098331832039452e+10
3.271786289055625916e+10
4.164905101424945354e+09
1.296301889935589600e+10
1.772096681467841721e+10
2.018626048747078323e+10
1.040164549034668732e+10
3.821745193723667145e+09
1.255588796191313553e+10
1.409951305107375526e+10
1.423410191853426933e+10
2.091063067278261948e+10
1.571132777226158714e+10
6.270650420795351982e+09
1.061064102943325615e+10
1.726708783133335114e+10
1.170327130749017334e+10
7.319331363396553040e+09
2.205785348519441605e+10
1.018810723975671959e+10
1.487074138895043182e+10
1.200272481159550858e+10
1.170174962218899155e+10
3.475529040852000713e+09
6.476569882173755646e+09
4.680274657578355789e+09
2.708166533074026489e+10
1.983429276481078720e+10
2.396531451512575912e+10
5.351066713616744041e+09
1.094358779615984917e+10
6.254157659365360737e+08
1.408614235755633736e+10
4.242811820243797779e+09
2.599926774215121841e+10
3.088866087479377270e+09
3.237080545582313156e+10
7.365307439354341507e+09
1.910491584197450256e+10
5.168555960803180695e+09
2.724426714473324203e+10
7.126122387335140228e+09
1.290650051829006386e+10
4.169617358873770714e+09
2.195264421496264648e+10
2.000076124723795319e+10
1.317226453110704660e+09
6.056226108744363785e+09
5.908421427023774147e+09
1.526772625940469742e+10
1.598668263670691490e+10
3.852334543680044556e+10
7.074240141629072189e+09
6.511056545687408447e+09
1.799576546348272705e+10
3.254778281085910797e+10
5.409334122004245758e+09
2.565379180165034103e+10
3.339200674749308586e+09
1.736148210529023361e+10
8.039836535503553391e+09
