2.687361599773713303e+10
2.318411440223790646e+09
1.480439175153327179e+10
4.868972352998769760e+09
1.543201538746618462e+10
8.322466381518373489e+09
2.292191888461600876e+10
4.751122100889797211e+09
2.729180650337202072e+10
1.489732841710025406e+10
2.390804897869152832e+10
7.812131249387358665e+09
1.267466820757085419e+10
4.958789763088757515e+09
8.568383732416665077e+09
2.852379088876233101e+09
2.341143658948274612e+09
3.060765870141669846e+10
1.597519504107373810e+10
3.041374555341126442e+09
2.523114540360755539e+10
2.537925139398778915e+09
4.947644234934666634e+09
1.845038331298467255e+10
2.340020897864035797e+10
5.235449416846331596e+09
8.192471347583276749e+09
2.072739686256344986e+10
1.798235544416483641e+09
1.505408897458638763e+10
1.894366343835515213e+10
6.184885196431939125e+09
2.995610610458673859e+10
9.646815597302196503e+09
2.722632296838777542e+10
1.740903726058886337e+10
4.765093450952079773e+09
3.037497427392517567e+09
1.643942124202613258e+10
2.899015292749105766e+07
1.734838658787303925e+10
6.445417288414232254e+09
2.068827552574684143e+10
1.409151015385924578e+09
2.340390252153341293e+10
3.832957976390163422e+09
1.040021092863137245e+10
6.795515934078516960e+09
1.916672549948031616e+10
8.069746713845462799e+09
1.105014902276766014e+10
1.774479503733401108e+10
4.112807114503101349e+09
1.420394319839693642e+10
8.646145975750450134e+09
2.130869798777483940e+09
5.857788655321221352e+09
1.978091751053156662e+10
1.682941192775948334e+10
1.043114400583483505e+10
1.700576381334717560e+10
2.777001200873305321e+09
1.188258689968193436e+10
1.186064059273832893e+10
1.660331565436569977e+10
8.902587510380626678e+09
1.778896960336391449e+10
2.394341617224597931e+10
1.247469484678745270e+10
1.662919276960326004e+10
5.394318716760679245e+09
4.160341383701284409e+09
7.743244349799739838e+09
1.382785834378930473e+10
5.325054325173711777e+09
9.575649264614953995e+09
1.004206590013334656e+10
7.598911875037358284e+09
1.928245210898044205e+10
1.476059847335192108e+10
2.502115038729570007e+10
5.364991558553776741e+09
1.463791904966686630e+10
1.127642617145384598e+10
2.670795168990045547e+09
7.802840026892877579e+09
1.736322738243331909e+10
7.869189031743757725e+08
8.306711718017897606e+09
1.026201062205204964e+10
2.999254665520409775e+10
3.279007817820747375e+09
2.765564957751526642e+10
7.802542171978009939e+08
6.786155245518402100e+09
1.096940723367663956e+10
8.417895265442678452e+09
2.026874405914048004e+10
1.200236968075344086e+10
5.500069035722681046e+09
1.725569304320461273e+10
2.804935366665997982e+09
1.448914130181642532e+10
1.558492853954416656e+10
1.962650365575817490e+10
9.133530843149917603e+09
1.583633600384151268e+10
2.446816716340436554e+10
6.342046917778233528e+09
1.669856278344703293e+10
8.012796518791831017e+09
2.270598115303090572e+09
1.436522691413584518e+10
7.279307689259986877e+09
2.707157492082972717e+10
1.109696377058763504e+10
2.432037291639086151e+10
6.435276482001446724e+09
1.008834485157638550e+10
5.322890960103248596e+09
3.339709568819894791e+10
1.336495340990390587e+10
1.835698779548471832e+10
6.791125850093211174e+09
7.109776749726211548e+09
5.187481350128050804e+09
1.786363422296342468e+10
1.486973310073011160e+09
3.968826037803571701e+09
2.915175484726318359e+09
1.552041354642194176e+10
1.284482919184128046e+09
3.710448721749684906e+10
5.344778715232256889e+09
1.185388318561394119e+10
1.630067819250890732e+10
3.461767851485668945e+10
1.403015478690415621e+09
1.541433592952594376e+10
5.211058355623856544e+09
7.242452273627449036e+09
8.037101587752113342e+09
1.590660667167705727e+10
1.030357722193109894e+10
3.855752351671194077e+09
1.574371385631801987e+10
6.445551123980973244e+09
1.115957115791698694e+09
9.715153806006544113e+09
1.465104941315367889e+10
2.173518930253479004e+10
1.801741500023645401e+10
6.143827971239596367e+09
8.381864193144772530e+09
5.932396547498531342e+09
1.667506388675938034e+10
1.584350846673189163e+10
2.120322699909803772e+10
1.725962872563502121e+10
1.878114500961005926e+09
3.938002142740139771e+10
1.044873275329180241e+09
9.896199987069698334e+09
1.005935841113980675e+10
4.578594632443109512e+09
1.392766282377537537e+10
1.959347782725135422e+10
2.057384129271203518e+09
3.556012031552092075e+09
5.931665224613504410e+09
2.354654385469102859e+10
4.521615493405405045e+09
4.424926060652261353e+10
1.487018100355568171e+09
1.212253919055310822e+10
1.417561857052612877e+10
7.509113678853991508e+09
1.337216134640866852e+10
1.643177304839254189e+10
1.120433497613660049e+10
2.251283769306072235e+10
2.014578770250507736e+10
1.397407931692468834e+10
6.608702374511420250e+09
1.058818537885047913e+10
1.543052781682602310e+10
6.357234941406927109e+09
4.072383963475383282e+09
1.085071318201752853e+10
2.076044296649336624e+10
1.761988851942141724e+10
1.418008996209210014e+10
1.324653120467333603e+10
8.044841261793208122e+09
7.197697879784695625e+09
1.839582837781684113e+10
1.506471613469764900e+10
8.447550551114891052e+09
1.459585395153464317e+10
1.539651731871065521e+10
7.562591695220193863e+09
1.299786327341874123e+10
5.985774006202743530e+09
3.509908353837619781e+09
2.724817095421294022e+10
1.362367952601124763e+10
1.463910223282732582e+10
2.157379571350181961e+10
2.950147025766028214e+10
1.716993962718496084e+09
1.618085973683995819e+10
4.922471006622051239e+09
5.918270893875061035e+09
1.751129281305832672e+10
2.793478778235358810e+10
3.578845129445511341e+09
3.948245527401482105e+09
7.754494008635646820e+09
1.960389326471851349e+10
2.822628754731790423e+08
2.381453851383069992e+10
7.375556672710309982e+09
1.995502017298405075e+10
1.113874592853814507e+10
1.155448291607047319e+09
1.058678398644254112e+10
1.235782632460097885e+10
3.764290779232401371e+09
2.310845660997583771e+10
5.756130838279417992e+09
1.065897074199225807e+10
2.726202329328005219e+10
2.216405191699765015e+10
2.047602497618682623e+09
4.173476142728690624e+09
2.028620606894471741e+10
1.027537034750535011e+10
1.317865747451905060e+10
1.848020092252116776e+10
6.956241812783038139e+09
1.132688754755867386e+10
7.594830194606488228e+09
1.290373161410928345e+10
1.814327673649069548e+09
2.059506020269552994e+10
7.286527279583718300e+09
2.315999330622489929e+10
4.113293417385583401e+09
1.414714540262256622e+10
4.888459391074235916e+09
2.452828804153559113e+10
2.539520894250879765e+09
8.011110920668872833e+09
7.900721046245967865e+09
2.054369188651876831e+10
6.996352715040694237e+09
