3.924615682559420013e+10
9.617981453676748276e+09
6.819112771592800140e+09
2.745339137172208405e+10
2.960498997166034222e+09
4.408402515669255829e+10
2.019572853337099457e+10
1.338555005655210114e+10
1.105386492635605335e+09
4.173538213950514984e+10
1.838689585304351044e+10
1.967278293579758835e+10
2.688137608181050873e+10
8.071340299366034508e+09
1.272231860916090965e+10
3.278461346012008667e+10
1.109483533771965408e+10
2.506330720923680878e+10
1.405657381020764351e+10
2.246737902856417465e+10
5.837510354201746941e+09
3.296487790316636658e+10
8.068603771256233215e+09
3.451947399076818085e+10
1.941264381349254227e+10
4.504728556258364868e+10
1.456977197429281044e+10
3.526143009129836273e+10
1.071637342269687843e+10
1.446558221294496346e+10
5.654653610452926636e+09
2.026168758969306946e+10
7.221928377388171196e+09
3.132693321753967285e+10
1.724806437497404480e+10
1.497261723687447929e+10
2.187344186351567841e+10
1.125409512836444664e+10
1.017935650363493347e+10
2.051984368304576492e+10
3.364088970790897369e+10
7.824983232262118340e+09
2.453230637445542145e+10
2.721270158205260468e+10
4.282918095441115856e+09
3.391766741205367661e+10
1.434019256736323738e+10
2.429852268546657562e+10
6.060849950691190720e+09
4.860323882390781403e+10
2.285456740910032654e+10
4.631612431094049835e+10
1.147147171648278618e+10
1.108334446751520729e+10
2.936798496360030174e+09
2.158492778182105255e+10
1.603091179072643661e+10
2.426617587008834839e+10
1.784794183479721546e+09
2.657111820654107285e+10
1.977861207817034721e+09
3.536727975652661133e+10
1.023014335502091026e+10
2.218370942268455505e+10
6.530027029197403908e+09
4.262870023783220673e+10
1.216155626990774536e+10
2.647273535423163223e+10
7.071398085773683548e+09
1.719251365914286613e+09
6.157640500274480820e+09
3.228947534551607132e+10
2.114241719786759567e+10
1.292898807683717537e+10
1.458579889542664337e+10
4.018101947275697327e+10
3.837070237306956768e+09
5.121450407182101440e+10
6.603390894249395370e+09
1.502966837007966995e+10
2.717362116010073185e+09
3.608567695421219635e+10
2.273716794058866119e+10
3.675747994035874939e+10
3.250717876046203613e+10
2.654506619820067978e+10
4.954291888555390358e+09
1.415628296617572594e+10
1.875787781273170471e+10
1.564020582439244843e+10
9.733228534396383286e+09
1.358938773638067627e+10
5.933734874816558361e+08
2.195105326997052383e+10
2.227664510501335144e+10
3.782051549190518188e+10
1.137375821029376030e+10
1.753674217303101730e+10
1.872915190420822906e+10
4.341144324985617828e+10
3.861135365985948086e+09
3.702855878358772278e+10
7.936158194689522743e+09
2.100745783827669907e+10
1.213535732832599258e+10
5.528175212747183990e+10
4.881717293313453674e+09
3.028045937865531158e+10
1.138717656214488220e+10
1.126442909011893272e+10
5.908904559780949593e+09
2.533011165555031586e+10
3.865260292566963959e+10
1.665374658054282761e+10
6.103038658598638535e+09
1.208794717427348900e+10
8.323233745675610304e+08
3.215292086598034286e+10
2.001392572662516785e+10
2.881149686799403381e+10
3.115440014065698624e+09
2.749759313690995026e+10
3.302379741420564651e+10
2.899977397288480759e+10
2.872513824330198288e+10
1.791109216501337051e+10
6.372812285301020622e+09
1.674706955210927582e+10
2.368348958129506302e+10
1.312319434966131592e+10
3.909698886389872074e+09
1.703958049752968025e+10
8.889744715017984390e+09
2.092943756266953278e+10
2.557701271761979294e+10
3.818054027606507111e+10
2.299954301565249443e+09
1.890587911271111679e+10
1.411454280591962433e+10
1.685939635201246834e+10
3.748086372459981537e+10
2.397746984377542114e+10
4.514593041182049751e+09
2.025618933860234833e+10
9.460178267396442413e+09
1.025398243789585495e+10
7.296654730162974358e+09
2.774536018764062881e+10
6.131375019268581390e+09
6.409174430896952820e+10
1.106245096732580757e+10
2.472648154161477280e+10
5.125588163180393219e+09
5.559669952366780853e+10
9.974926033866470337e+09
3.207821175813665771e+10
9.079296682915462494e+09
9.366044421109815598e+09
1.727692950616436005e+10
3.246511323492983246e+10
3.953723900192091465e+09
1.323675692283130646e+10
1.880347371255463409e+10
3.094214443045380020e+10
2.876213178118104553e+10
3.242333516855866623e+10
1.005593756848404503e+10
2.370443585996293640e+10
2.716378806171789551e+10
1.906017788986613846e+10
2.513301620385854244e+09
8.651778790475236893e+09
1.236879354710278893e+10
2.324591875093047714e+10
1.427059655375067329e+10
3.309058677419970703e+10
4.464481586007476807e+09
5.953322306102848053e+10
9.308774629470338821e+09
1.764436167303022385e+10
2.429166392748643875e+10
7.011676796775098801e+09
7.988990024549831390e+09
2.258313275541732407e+10
1.109788301479278755e+10
7.048474787872777939e+09
1.125274579576039886e+10
3.571881304815204620e+10
2.722807792621769428e+09
5.704683287640351105e+10
1.694845163119913101e+10
2.105049169644064713e+10
3.354329495526935101e+09
4.638571462804291534e+10
8.285255873442049980e+09
3.084400479212776947e+10
2.579103497856684875e+10
1.410089856271660042e+10
3.729919079055266857e+09
3.510028046034425354e+10
1.745804974397536850e+10
1.179916393783095360e+10
4.594025182544385910e+09
2.789645907502492142e+10
1.283484725294355154e+09
4.068346694523703766e+10
1.057411667281278992e+10
3.489061507658646393e+10
7.677356309616164207e+09
2.971346790911343384e+10
1.563690666437876129e+10
1.732664894608910751e+10
1.677446721254145622e+10
1.406944599529367256e+10
2.935310512045978928e+10
2.634178816479129410e+10
1.637177400420698929e+10
1.067137782151056862e+10
1.105470791429557419e+10
1.909888968936756897e+10
1.910682731921069336e+10
4.646724689353327179e+10
2.437774101206208420e+10
2.371819925746601868e+10
2.026918698331826019e+10
2.080877207141069031e+10
6.868718101698833466e+09
2.502610071571705246e+10
6.605205679850624084e+09
3.366717526946702194e+10
8.146072953227406502e+09
3.229096405805494690e+10
1.302719624768467903e+09
3.039196405487727356e+10
7.607543758316503525e+09
3.728329873122150421e+10
2.029454196156899261e+10
8.284892001847950935e+09
1.481646649982178497e+10
2.525202702170800400e+10
1.882597523409690475e+10
4.614654498282289505e+09
8.569240979763916016e+09
2.264324261611693573e+10
3.096624200533936024e+09
4.342745894188481140e+10
2.933741733486622238e+10
2.705762833916781235e+10
2.050709102577139854e+09
4.041020425460263062e+10
2.457287693491439438e+10
1.455962217735629845e+10
2.534123695304229736e+10
1.954298220472980881e+10
1.389051086250146484e+10
3.152776372806354141e+10
