6.590018089622640228e+10
9.652206002943016052e+09
1.940253832905614090e+10
1.493841490722554970e+10
3.453108401419088840e+09
2.597641002387994385e+10
3.889296367452693939e+10
1.244021885311543274e+10
1.005546848980137634e+10
1.683995205401403046e+10
4.128781246077285767e+10
7.206789906631598473e+09
4.255700491336619568e+10
1.285151285301403809e+10
1.031308558918799782e+10
2.052226605111766815e+10
8.065876551273120880e+09
4.079423428182517242e+10
8.869732985523018837e+08
2.957906199650797272e+10
6.211764465210636139e+09
2.914896216108642197e+10
1.397041680895476341e+10
3.518877513988909912e+10
5.447377786804026604e+09
4.261619299489253998e+10
1.086491170593172455e+10
4.156934549453462982e+10
1.266399848884543228e+10
1.992780550698924637e+10
1.954955846632075548e+09
2.111893006315855026e+10
2.432887675811383724e+09
3.783253801843395233e+10
2.280147790239822006e+10
3.077833436190480042e+10
2.026731636657023239e+10
1.292304014449886322e+10
2.364804101286508083e+09
1.750175928078667831e+10
2.401438437575916672e+10
1.719789167042548370e+10
4.443583009824172974e+09
2.716573377592279816e+10
3.127024497668615341e+09
2.881113175346300125e+10
1.951248984899290848e+10
2.399878031043252945e+10
2.526914185683832932e+10
3.372649091010013580e+10
3.996777443075373840e+10
2.830194943639979935e+10
1.982279987164309311e+10
8.299688388544367790e+09
8.770128638255479813e+09
1.780467146559413147e+10
2.640080829515331650e+10
8.255800627895936966e+09
1.436953954762139320e+10
1.381793379670165634e+10
1.167095851160541725e+10
2.669968045008691788e+10
2.232147471224370956e+10
1.439294646080767822e+10
4.456291071309295893e+08
4.807847577618753052e+10
4.439623217867350578e+09
2.876357799949306107e+10
9.755854834476547241e+09
7.918306365343358994e+09
6.345605193101925850e+09
3.703438032592544556e+10
9.836662273948106766e+09
2.038311899888928223e+10
4.797815226155439377e+09
5.067431933111413574e+10
2.958800681927556515e+09
4.614606468372851562e+10
8.341377303709526062e+09
1.153514289162402344e+10
2.060619001703560638e+10
2.012899280129163742e+10
3.657990137735816956e+10
1.523330371372798920e+10
3.449048383849859619e+10
1.763291504658661652e+10
1.559677440882336807e+10
1.494565103593675995e+10
3.307984262458571243e+10
3.342371158406734467e+09
2.822105184122039032e+10
6.978809028122224808e+09
1.174428507452134514e+10
1.450174034541242981e+10
2.464861538098250961e+10
2.054991937214378357e+10
2.170216428538303757e+10
1.484876537194522619e+09
3.418370979683840942e+10
3.352807138011329269e+10
2.041725084871975708e+10
3.522397768597472382e+10
1.523209468446384048e+10
8.421300008368243217e+09
3.117911354575317764e+10
4.024046853337671661e+10
1.867955785467580414e+10
8.950918017025712967e+09
1.231016867374139977e+10
1.052436984543171048e+09
1.621183955926251221e+10
2.601946019571555328e+10
1.811783592300063324e+10
1.511839333010733986e+10
2.089620698693517208e+09
2.811628479734187317e+10
1.163876562540694427e+10
3.900872101118492126e+10
1.891210188986456680e+10
2.223763337765153503e+10
9.902453498662580490e+09
4.557925212407146454e+10
2.340922582851464081e+10
2.963750602146721268e+10
1.594423332977587509e+10
8.405257742891766548e+09
5.380409540873954773e+09
2.055113485213700104e+10
1.876833941338448334e+10
1.172264250338150024e+10
3.399935001063601017e+09
2.108675679402966309e+10
4.354277672842334747e+09
2.792814390667251968e+10
1.250213222588971519e+10
3.511843553870485687e+10
9.626684411435125351e+09
2.204243930516368484e+10
1.715565058457692719e+10
1.466799233475814056e+10
2.535133460540708923e+10
3.060782665169986343e+10
8.047135506855151653e+08
3.682759323168439484e+10
1.536492993168603897e+10
5.263277774154598236e+09
1.495870548057559395e+10
2.555429661416321945e+10
1.891287562370364761e+10
4.302773292109787750e+10
2.669973541294571304e+10
4.996856233319169998e+09
1.186705718197776222e+10
4.373794410690663147e+10
1.483933203341603661e+10
1.730005133277006912e+10
2.814035676234299469e+10
1.807304922938427687e+09
3.360196971064618683e+10
2.369175154846820831e+10
2.356241473665755081e+10
1.448475109333820534e+10
2.225010731132820511e+10
1.450668384478015518e+10
3.299457552795398331e+10
1.027550726328916359e+10
2.631641137588922882e+10
1.462697980756917572e+10
2.657987304578868866e+10
7.341278753918334961e+09
1.821120776547022247e+10
1.473609836092013931e+10
3.893441641917868805e+10
1.572650171824434662e+10
2.868842551135057068e+10
1.238103390730505371e+10
9.480463548177324295e+09
6.059856305524663544e+10
9.318368742085344315e+09
1.218191607672177505e+10
6.995210497760927200e+09
8.714637043819116592e+09
3.120073573686125278e+08
3.494790574703215027e+10
4.559717847539445877e+09
3.785380033772077084e+09
9.601204600013706207e+09
3.886373996442234039e+10
6.604023283928981781e+09
7.222269396669769287e+10
1.132996033872777939e+10
2.568430390662230301e+10
3.474686346637466908e+09
2.790584706758398056e+10
1.842649062557099533e+10
2.134267307927639389e+10
4.601595424988426971e+10
7.706018232652385712e+09
1.806798770056888580e+10
2.433994714354103851e+10
3.129362895748458481e+10
1.473928683833908081e+10
8.528490489439826965e+09
2.197781002108111191e+10
1.433060547882954788e+10
1.988507573545062637e+10
2.938832421570125198e+10
1.833791285791721725e+10
1.928007676098499775e+09
1.977394935825815201e+10
2.359886477250202560e+10
2.005609529937277603e+10
1.355899410592663002e+10
2.961385881973281097e+10
7.813242382122220039e+09
2.508320882894693375e+10
2.113731088844305420e+10
1.895151305874687576e+10
1.989174127246762514e+09
1.459029611673024940e+10
1.902620833923786640e+09
4.079721374196929932e+10
2.561768811380603409e+10
3.497092214682119751e+10
1.259874147222277641e+10
1.641339695775667381e+10
1.173593594689863682e+09
2.412744432268263245e+10
1.808697360790151834e+09
4.016531255143560028e+10
5.508270830453834534e+09
3.990546546152795410e+10
6.795427201984490395e+09
3.193402960763625717e+10
1.124469426010345078e+10
3.544840953546740723e+10
1.137954938824759865e+10
1.836931308877524185e+10
3.623003811761799812e+09
3.410031997659588623e+10
2.954235144548090744e+10
4.196046588054458618e+09
8.583871251554014206e+09
1.304428631671212578e+10
1.873287567970866776e+10
2.497867050345601273e+10
5.106233185765275574e+10
1.365516103591942978e+10
8.869650718594373703e+09
2.886844920523047638e+10
4.197380059417359924e+10
1.207845160624085426e+10
3.889383017561599731e+10
6.715303775662007332e+09
2.147420503117113113e+10
1.377352801867013359e+10
