2.373059599018771362e+10
3.263195218561446667e+09
7.454578295361720085e+09
1.410835338728653526e+10
1.377810300967971039e+10
1.295205908629757500e+10
2.638013338318974686e+10
2.096362416622688532e+09
2.286534020410331726e+10
2.514447820587582016e+10
2.366214813208866119e+10
9.738456060248983383e+09
1.423148662029055214e+10
2.318212164296919823e+09
5.039302995513188362e+09
7.522381868685139656e+09
5.461551159675950050e+09
1.575076478083396339e+10
2.183355786764366531e+10
3.423826634209434509e+09
3.078038966099787521e+10
8.980880081382856369e+09
6.748688352288374901e+09
8.748658834711952209e+09
3.443424673506139374e+10
8.877998063542512894e+09
1.651478143288229370e+10
9.156827346988422394e+09
2.904816281387204647e+09
6.573479286260561943e+09
2.377221649715422440e+10
1.382272733801593399e+10
3.051935561204759979e+10
2.766120368527969360e+09
3.704429921915917969e+10
7.386589489068049431e+09
1.267219013919029427e+10
1.304948121285973549e+09
1.599712465586108017e+10
2.448438237041826248e+09
3.212414046072357559e+10
3.296325319280084133e+09
2.618307471245324326e+10
1.375583860067848682e+09
2.165911851246179199e+10
3.034340270529028416e+09
1.703104798927487755e+10
1.871128778920571566e+09
1.515360554429168701e+10
1.867778727093626785e+10
7.483884343942282677e+09
1.640321160195094872e+10
4.039275742026358128e+09
9.880560200401182175e+09
7.115514431787222862e+09
8.851777375013074875e+09
1.601611878529787540e+09
1.966500012028184128e+10
1.215260748308551216e+10
2.229107845691132355e+10
1.801291681121124268e+10
1.012011487422352982e+10
1.432061218242814255e+10
8.133236082259277344e+09
2.052754172515013123e+10
5.435324455836726189e+09
2.653301855625266647e+10
1.279458553873002243e+10
1.808615123490167618e+10
1.265345872693662262e+10
5.280618538210159302e+09
6.855930311965604782e+09
1.744989613512326050e+10
5.557208712203570366e+09
1.018565523955551529e+10
8.960339469965074539e+09
1.053663928426604652e+10
8.987195971572189331e+09
2.552840980941218185e+10
9.503787563013681412e+09
1.901266967326245880e+10
1.403012694606581688e+10
1.900590305875591278e+10
1.781663582799610138e+10
4.784589411087869644e+09
5.719238282061297417e+09
1.011080153449928284e+10
1.733576529860519886e+09
7.031819649127367973e+09
1.307492237431663704e+10
1.836741752583678818e+10
8.243073182522756577e+09
2.580955831267837143e+10
5.217668068537363052e+09
1.428005625621063995e+10
1.235033405996513176e+10
1.076395187059536552e+10
2.675506008558315277e+10
4.428214184120408058e+09
1.446265245725016403e+10
1.319793645762372589e+10
5.083139471440273285e+09
1.944626315548137283e+10
1.437662059880998039e+10
1.002273135244703484e+10
1.415091906953728867e+10
1.612654787131743050e+10
2.698306023489977264e+10
1.226632277707400322e+10
1.837298703654173279e+10
4.948421666375549316e+09
7.457762366277852058e+09
2.806731270292973709e+10
3.056547623216133595e+09
2.726484063203446960e+10
5.761863171657566071e+09
1.941538615439729691e+10
2.476455979186386585e+09
1.970242277571229172e+10
3.381744681596388817e+09
3.477086150816158295e+10
7.294774516411540985e+09
3.326580131148866653e+10
1.859515367891399145e+09
1.794015225523048401e+10
6.378210851342814445e+09
1.414871720165092278e+10
6.338009632794737816e+08
1.237630666000119400e+10
1.735465681809377193e+09
1.363011267372688675e+10
2.203471136431834221e+09
3.974412100925477600e+10
5.929233917782248259e+08
2.388596484300903320e+10
8.439880242725995064e+09
3.275102249908515930e+10
4.300701772577929497e+08
2.387168906720612335e+10
2.165642880978683949e+09
1.869471885347278214e+10
1.512066727761435747e+09
1.794019755530755997e+10
6.861257356057288170e+09
5.204524798163168907e+09
1.289509030204304123e+10
3.000728307157796860e+09
5.870217798296710968e+09
7.048495457988302231e+09
2.665800715494857407e+10
2.487237084063483429e+10
2.332682218142774200e+10
5.258106056926397324e+09
1.377964740738871765e+10
9.814041937409534454e+09
1.444373511196423721e+10
1.144836931503582382e+10
2.089589166541232681e+10
7.086877404415690422e+09
8.294557707688872337e+09
3.371965962831890488e+10
1.720472197245197535e+09
1.782334148340471649e+10
1.182107015246870995e+10
9.402662379944126129e+09
2.289198998936735153e+10
9.924708648010763168e+09
8.925353860789068222e+09
1.042899514184758949e+10
8.554796748319095612e+09
1.685825131825830841e+10
6.084862024197987556e+09
3.148735130448842239e+10
3.346269317350460529e+09
1.382723898469198799e+10
1.810499957955300140e+10
5.149041756497425079e+09
1.195825572675308037e+10
2.401814086704867935e+10
7.235478610176235199e+09
3.465299403634567261e+10
1.436109820226036644e+10
1.717804053507982063e+10
4.284297269619966030e+09
1.798030079055046463e+10
1.318299722839360428e+10
3.776682670829233646e+09
4.353576370791007996e+09
1.286683532852092552e+10
1.533262039357649994e+10
2.859843353255177689e+10
5.318210950160409927e+09
1.645771654213613319e+10
1.753953172241939163e+10
7.644699940870932579e+09
1.272985624701573181e+10
9.376264342068113327e+09
6.846902553435907364e+09
1.257691886906869125e+10
2.996677672070134735e+10
5.044674406569875717e+09
6.282549995905758858e+09
6.258267640929926872e+09
1.198148547679266548e+10
2.613127054915194321e+10
2.718039524941413498e+10
9.826457274225782394e+09
1.893337638049156189e+10
3.257218643195149994e+10
5.681420841321848869e+09
2.337968579076811981e+10
6.185284869908477068e+08
1.394445187273954010e+10
7.560172380789277077e+09
3.082261404329039001e+10
9.907606441470520496e+08
8.084269087867973328e+09
2.303327153492356300e+09
1.958557898214989471e+10
3.073237693386841774e+09
3.046748965487928009e+10
6.637018662631572723e+09
3.177255376184568024e+10
3.063399931482229233e+09
5.977160671652474403e+09
5.768850359853259087e+09
1.670645547573382759e+10
1.097466458598642731e+10
2.799685116628569031e+10
3.200580674667693138e+09
1.692578196674416542e+10
1.368841050419677925e+10
2.366777584425675201e+10
4.497492689674957275e+09
6.176510925385307312e+09
1.073401668351672935e+10
2.091533047848987961e+10
5.893771749064150810e+09
2.771551651280622482e+10
1.066319107050110435e+10
1.609807166961083984e+10
8.116162710189393997e+09
8.341505452960024834e+09
5.503640595323776245e+09
1.404235404949420929e+10
1.535498162666029549e+10
2.493045258349748230e+10
8.108433929729005814e+09
1.023325917170075035e+10
7.310533867276146889e+09
2.992158415033236694e+10
1.767387240581555367e+09
6.244424330588986397e+09
1.027429384963383675e+10
1.048006760301691818e+10
1.346946732455783844e+10
