6.867062626583792114e+10
8.951716962255964279e+09
2.586229721392909622e+10
7.077677963936956406e+09
9.901426445644098282e+09
1.091157806761353874e+10
4.683190802420606995e+10
1.031583233788089371e+10
2.316903212228168869e+10
4.672882266544973373e+09
5.056199797367110443e+10
2.049903700001718998e+09
4.297441102640222931e+10
1.416572554168539429e+10
9.389929838068662643e+09
9.046097692204027176e+09
6.514564631205492020e+09
4.562125155179663849e+10
1.571277532446451187e+09
2.579213383601934433e+10
1.664733081584785461e+10
1.978541761812672806e+10
1.639016928773464394e+10
2.925923624486169815e+10
7.723927986338549614e+09
2.946137314825814819e+10
1.105590987590617371e+10
3.717853564231951141e+10
1.182189064113525963e+10
2.169654360993658829e+10
8.978597450468484879e+09
1.930359832177468109e+10
1.199029721301749039e+10
3.165844885736555099e+10
3.166564307260969925e+10
3.536082018587847900e+10
1.677509068730759621e+10
1.174153145148582840e+10
4.745762473348569870e+09
1.134387321610773277e+10
2.028103147139636993e+10
2.014299662971512222e+10
1.253409786269549370e+09
1.920419948078788376e+10
1.171031058923639297e+10
1.789543581962802887e+10
2.237265617610020828e+10
1.820952632249864578e+10
3.585790235130986023e+10
1.873448906315960693e+10
4.065697939173600006e+10
1.486021159842058563e+10
2.083800655601824570e+10
9.911573036591264725e+09
1.390469331120078087e+10
1.268635221638165855e+10
2.601330730390094376e+10
4.697494126111126900e+09
2.403165825282303619e+10
8.859427745488573074e+09
2.174007172940156174e+10
1.555577232061622620e+10
2.812116562779751968e+10
9.829177873414579391e+09
5.516324143451997757e+09
3.771780077656092072e+10
8.354959485715210915e+09
2.809710622388578796e+10
1.540576337029717827e+10
1.617906087769335175e+10
7.970932472294144630e+09
2.982073414743434525e+10
5.848379160918049812e+09
2.277316512108267212e+10
1.814826286980417013e+09
4.322009792546089935e+10
7.109459892810982704e+09
3.049761300026849365e+10
1.666668222221910667e+10
1.151115637983768845e+10
3.401439712630279922e+10
8.256566438801777840e+09
3.943688564553586578e+10
3.659216312474862576e+09
2.587307483272226334e+10
9.912312541211641312e+09
2.331078557199545670e+10
1.210664969568669319e+10
3.407395098047114944e+10
8.655450469413291216e+08
3.991644709494849396e+10
4.353708468867843628e+09
2.619591786655240631e+10
7.440223065872159958e+09
2.261876353381755829e+10
8.456736742902742386e+09
2.531755090489892578e+10
1.929457587540627241e+09
3.565825660968562317e+10
2.038199345236272430e+10
3.049125130208283615e+10
2.408495673925904083e+10
2.226699484259622192e+10
5.092740708827111244e+09
3.852129512358384705e+10
2.200188774849980164e+10
2.801251460387940216e+10
4.152932028224035740e+09
1.362660365079427910e+10
2.965549834506963730e+09
2.071743918155537033e+10
2.027217592138026047e+10
8.596318804124164581e+09
1.227533411977889061e+10
1.108339418431268120e+10
3.233869717164981461e+10
2.406347488119160080e+10
3.193444830094507217e+10
1.860171789588390732e+10
1.327782908120187187e+10
2.518237164177465057e+10
4.512767160545539093e+10
2.032391758699179077e+10
2.227051836826528168e+10
8.694993295060939789e+09
3.466734765088605881e+09
1.071619838036523438e+10
1.734807918307847214e+10
1.360897375798162079e+10
9.174122658707355499e+09
9.241985153012168884e+09
1.808983369473778534e+10
1.645676220023092079e+10
2.459925847499209976e+10
8.423260842545235634e+09
2.645775602353748703e+10
2.518961265304587173e+10
1.780625675557428360e+10
2.186722726936214066e+10
1.103027746913471603e+10
1.508432111020397949e+10
2.671914223065736771e+10
6.568991313953373909e+09
3.812063873799438477e+10
1.675207484791364288e+10
7.547229355945702553e+09
1.765127339636428070e+10
1.769385182752891922e+10
2.463463727934128571e+10
2.346886103954398727e+10
3.689627147587080383e+10
7.623207280356806517e+08
1.554711357282029724e+10
2.590485036519129944e+10
1.706390098119396591e+10
9.461289501559848785e+09
3.620395239918122864e+10
6.399966256025418282e+09
3.734085525812129211e+10
1.311014108576450348e+10
4.244021350320915985e+10
1.214952863662790680e+10
2.306280852337763596e+10
4.955925410098642349e+09
2.757269656894565201e+10
1.682822667594106436e+09
3.377968995138671875e+10
7.469633761265458107e+09
2.064955193533475876e+10
2.007635449155930042e+09
3.049604856033187103e+10
1.676805534574111938e+10
5.672084139420207977e+10
7.932164466573287964e+09
3.343962845246285629e+10
3.001293943412270546e+09
1.325070176132543182e+10
4.486981911221023560e+10
1.537951094311816025e+10
9.593638080866369247e+09
6.510221701644311905e+09
1.490810625620094490e+10
3.316311916319558620e+09
3.318084909984670258e+10
6.151974016380194664e+09
7.688353332062657356e+09
8.752492171283279419e+09
2.947618293094061661e+10
1.288437375379644585e+10
6.277154562001585388e+10
1.427108166407073021e+10
2.434374600723631287e+10
9.782003414320817947e+09
1.270001393867042923e+10
2.234812691831155777e+10
1.520097868539895058e+10
4.743409369626753235e+10
5.653223376166153908e+09
2.705174771396426392e+10
1.900321122016445541e+10
3.214923867741481781e+10
1.649170318353787804e+10
1.191984520546023369e+10
1.481615208527743530e+10
2.894361317171796417e+10
9.217449824131664276e+09
3.628564676617497253e+10
1.080416385994672203e+10
1.139406260882321358e+10
9.440893517456102371e+09
2.892541288170241165e+10
1.703335185458504105e+10
1.209941112691731453e+10
3.453260494008766174e+10
4.712968651636429787e+09
1.751170278524856949e+10
2.019189991110258865e+10
2.061694789220098495e+10
5.033205451228501320e+09
8.795354131783946991e+09
2.864562976968374729e+09
2.632778601350447845e+10
2.837038532423985291e+10
3.314181116681072235e+10
6.343554420012128830e+09
1.246892706465754890e+10
4.667897533117113113e+09
1.908290363518343353e+10
9.814450220534864426e+09
3.243956658840038681e+10
8.944472557713479996e+09
3.905998792335593414e+10
1.820753610725273514e+10
2.384715648159169388e+10
1.305737648177164078e+10
2.861167154846532822e+10
9.413778888577789307e+09
2.308200063683147812e+10
6.076719949420308113e+09
3.178267491003168106e+10
3.197866596867233276e+10
7.229038848341340065e+09
1.126323678040223312e+10
5.470768061618200302e+09
2.968150363646663666e+10
1.034653622034655380e+10
5.598771120756732178e+10
4.449597517490201950e+09
1.621350047982038307e+10
1.499927767141187859e+10
4.892453481589950562e+10
8.665726238360368729e+09
3.699237041175189209e+10
1.643038355924672365e+09
2.574605804885007095e+10
3.424756452514855385e+09
