4.593097250780694580e+10
1.600393309874180603e+10
3.972348887287854004e+10
7.320918609424487114e+09
2.631457292859226608e+10
3.167125845244008255e+10
1.891933314774639511e+10
2.926444485420646286e+10
3.633823139196728516e+10
2.056904971019808960e+10
2.735414375744309616e+10
2.497883861176224899e+10
2.320179591965970993e+10
2.490937873875314713e+10
3.371924423603215408e+10
2.137702680877838516e+10
1.174497642167035294e+10
7.631381591964999390e+10
1.577552373406144333e+10
2.204871141960387802e+10
1.299443999498076057e+10
1.380537932080999756e+10
1.238348766239875031e+10
6.544006037245489502e+10
8.247834715502267838e+09
2.838253072729963303e+10
2.382190677005880833e+09
7.031188796821694946e+10
1.524190600939680672e+10
4.895914587958639526e+10
1.297619572992567062e+10
4.629129600769550323e+09
3.134299005692502213e+10
4.985597620881693268e+10
6.330415570294532776e+09
5.138508048615336609e+10
4.742493646164972305e+09
2.399910500794115829e+10
2.967621019830942917e+10
1.715467026039484787e+10
6.172364004637742043e+08
2.549377043920439529e+10
2.650132722149282837e+10
2.695203198410493088e+10
3.176296351068513870e+10
3.517335763348302460e+10
5.238472818025321960e+09
4.171043238041656494e+10
3.033802315315888977e+10
1.638916171527187157e+10
3.397352633801142120e+10
5.386596401074135590e+10
1.801278742900836563e+10
3.805020585295270538e+10
2.086309117012662888e+10
7.198781100792836189e+09
3.197592835901674271e+10
4.000440140724300385e+10
3.093406140292204666e+10
2.591463552975741386e+09
1.645308279861480141e+10
1.416773361822836304e+10
1.327435146754115677e+10
4.229113480618563080e+10
1.545036563967134094e+10
4.604909297475621796e+10
6.143915807881796837e+09
6.769313418293467712e+10
6.263539569700207710e+09
3.087942380214549637e+10
1.869866977870909882e+10
2.187640463553862000e+10
3.993611141542676926e+09
4.638054956056069183e+10
1.232893532690036583e+10
3.578653851949212646e+10
1.856755501358522797e+10
3.962856055920949554e+10
8.031024370265610695e+09
4.306300441243225098e+10
3.752268581897213745e+10
1.449182344057218552e+10
1.501727952549678230e+10
2.537639919129783249e+10
2.368983085150717545e+10
3.824533700514551544e+10
4.043539330867524719e+10
1.723287196361122894e+10
2.515772147129964066e+10
2.174118558587768173e+10
5.870432096106102753e+10
9.523631196155208588e+09
2.851083143926129913e+10
1.410167074237274551e+10
5.849617497308709145e+09
3.854877799212654114e+10
1.289288472438762474e+10
1.884907780400885010e+10
4.391333455856984711e+10
1.546670396082811165e+10
2.923693279598110962e+10
2.672958859859504700e+10
8.057808354919991493e+09
3.819232516764253998e+10
4.894168327323557281e+10
3.559682789674170685e+10
1.797695081413550568e+10
3.980657351149548340e+10
4.993069665558181763e+09
2.529586799554514313e+10
2.481498160731857681e+10
1.192374921569222832e+10
7.945257863814749718e+09
3.663884191884097290e+10
3.010238410029869461e+10
3.385760232287832642e+10
3.543099667745669556e+10
4.052723881335942078e+10
1.679145598314711332e+09
3.699034630878161621e+10
2.520586527719337082e+10
4.399599965340705109e+10
4.535685717902380824e+08
4.375965730871981049e+10
4.807270550258019447e+09
2.386918245618617249e+10
3.534236156324505615e+10
2.285459179479813385e+10
4.900675406510971069e+09
2.430841120035444260e+10
2.779020641878976059e+10
1.796598797118764114e+10
3.001316182903145981e+10
3.655290896661816406e+10
2.448017099447761059e+09
6.228958377276597595e+10
3.412749430097489166e+10
2.441699097786402893e+10
3.324797900498063564e+09
3.267535384907888412e+10
7.297115297434243202e+09
4.439408897038030243e+10
1.853722094051026535e+10
3.214119975595004654e+10
1.375788733734176636e+10
3.506931015449351501e+10
2.657837938539940643e+10
1.462257250037751007e+10
2.391975818614340973e+10
2.548095009946883011e+10
1.564005572192789078e+10
2.564289411090530396e+10
1.862979788000502777e+10
3.333406863280342102e+10
8.449083789918861389e+09
4.770765977930140686e+10
3.124392622320509338e+10
3.123181001506623077e+10
5.269837374862205505e+10
1.484970860640584183e+10
4.389915560780479431e+10
1.750742101849318314e+10
4.180324398705630302e+09
3.338221238540544891e+10
1.467285846929741669e+10
1.812727082993346024e+10
4.894615415490990448e+10
9.465730655074272156e+09
9.260712589363750458e+09
2.158264809592910767e+10
3.922484377059593201e+10
1.305088155442464828e+10
6.779814857088066864e+10
2.218402352587990189e+10
1.667442508577285576e+10
3.192529598495918655e+10
2.357218782814217377e+10
5.241657405042942810e+10
4.797461380115303993e+09
3.964667795762576294e+10
8.225349577443723679e+09
4.163780301421338654e+10
1.731493243300002289e+10
2.967938469449718094e+10
5.311356740442397118e+09
3.113790666135874176e+10
2.903920283613394928e+10
3.064324292344950867e+10
1.276654044920740891e+10
6.149854682309660339e+10
1.645964065816346169e+09
5.307811623348476410e+10
1.219355650648711014e+10
1.945810110920109177e+10
1.600963782614711952e+10
5.572367687418714142e+10
4.229419164489474487e+10
3.030519136079933929e+10
2.293701226971548843e+10
1.270524624232363224e+09
2.769624181475906372e+10
4.255497477253115082e+10
1.599309907318219566e+10
6.891020517600544930e+09
2.605487745942036438e+10
9.055682461693111420e+09
3.259553648081847000e+10
5.325084256333533478e+10
2.477005994935074615e+10
2.048974329456804657e+10
6.371940415660648346e+09
3.466738525730181122e+10
2.981158036115886688e+09
5.087650431994475555e+10
4.014422867815204620e+10
3.499529434063961792e+10
9.944167024809791565e+09
3.421180176321191025e+10
3.093873443742892075e+10
1.602881625473007011e+10
2.132206661915514755e+10
4.318254034943872070e+10
2.054583903061086655e+09
4.863308138669274902e+10
1.247595051602655792e+10
4.289149363766825867e+10
1.218765939910313606e+10
7.483014907271377563e+09
1.573079126745182610e+10
3.720074203570890045e+10
5.748571966805534363e+09
7.722357528390409851e+10
1.868126569549157715e+10
2.154615473974507141e+10
1.191994861809311676e+10
6.810933325121428680e+10
1.548613696213281393e+09
4.023140418585328674e+10
7.547588177733804703e+09
1.575345832954764938e+10
1.128379308540672302e+10
1.749801809639698792e+10
3.592766017439598846e+10
1.768922234572187424e+10
3.766952406046766663e+10
2.150910862934797287e+10
2.723647898267776108e+10
2.138757059982808685e+10
2.942534959221405792e+10
3.211007721121976852e+10
1.700087992165601921e+10
2.405084233979298782e+10
2.985248451399747849e+10
2.384743879755234528e+10
5.512163315060208130e+10
1.962996409290515518e+10
