2.753625961400155575e+03
2.788214812397302921e+03
2.626397889174976171e+03
2.793103082627008007e+03
2.420523289630358249e+03
2.673984556572970178e+03
3.026387327807422480e+03
2.410542520614598743e+03
3.145368424592481006e+03
2.463526168868955665e+03
2.294437012281224270e+03
2.987981414675854921e+03
3.230179583764168456e+03
2.214403451603748181e+03
2.589410874782267456e+03
2.803795581989860239e+03
2.922479702547114357e+03
2.807229196559710090e+03
2.512337933865466766e+03
2.721784612305745668e+03
2.612777633874066851e+03
2.863430249162865039e+03
2.778160774130923983e+03
2.822395701024940536e+03
2.757829341269635279e+03
2.774749811655395206e+03
2.654792098081997210e+03
2.770289860067807695e+03
2.759850934155947016e+03
2.758660147053903529e+03
2.900333009903178663e+03
2.530188551503925737e+03
3.002075573182903099e+03
2.427239036196668621e+03
2.760568475822122764e+03
2.824179805689519981e+03
2.622069774201253495e+03
2.916382418017025884e+03
2.230306457873319687e+03
3.116691056346403457e+03
2.723615133987023910e+03
2.443537266493206062e+03
2.509643833456886568e+03
3.035268699373414165e+03
2.872127895059649745e+03
2.762734811871674992e+03
3.082894191966012841e+03
2.448323232050753177e+03
2.417742983080067006e+03
3.214418613909916530e+03
2.948660087710992684e+03
2.557148875751328433e+03
2.478212482473413274e+03
2.941792720544741314e+03
2.725184624137523315e+03
2.793028307523500644e+03
2.706279585467837933e+03
2.910255827229468196e+03
2.553238809363244400e+03
2.753108090176278893e+03
2.655273910973697639e+03
2.320124541995191066e+03
2.314860486096439672e+03
3.014433022519150654e+03
2.634177627532714723e+03
2.710379342167715095e+03
2.815866910036777426e+03
2.547370992885734267e+03
2.753326029751785882e+03
2.630724118520247885e+03
2.518834480956854350e+03
2.795887928377301705e+03
2.893863295037361240e+03
2.501576717096732409e+03
2.540715582454071409e+03
2.999531316597272507e+03
2.906750181857875305e+03
2.450848227925898755e+03
2.507063482259240573e+03
2.794634270735247810e+03
2.902067535220153786e+03
2.642909304616854115e+03
2.704018162429565564e+03
2.771292094958285816e+03
3.022186338822285506e+03
2.330670357839855569e+03
2.824408704703640069e+03
2.657239455676813577e+03
2.910553080240899817e+03
2.676853664408104578e+03
2.424982587224117196e+03
2.551533078053531426e+03
2.471033569678915683e+03
3.061539685897872005e+03
3.211993649687949073e+03
2.319682320140815591e+03
3.000922928566037626e+03
2.779940846898913151e+03
2.576345284386174626e+03
2.789145682081410087e+03
2.740562294050877881e+03
2.671261552399363609e+03
2.451386879004445291e+03
2.839170427305112753e+03
2.845318991692617601e+03
2.770251320466250945e+03
2.451055899380979099e+03
2.960822932162061079e+03
2.561971676473063781e+03
2.968229460894502608e+03
2.536525756298128272e+03
3.028014061032329664e+03
2.878183309113745509e+03
2.605032611429257031e+03
2.824415919706171735e+03
2.277094915524925455e+03
2.198874527444598243e+03
3.211549212817053558e+03
2.718854162692341106e+03
2.223092009064543618e+03
2.993156757129946527e+03
2.451663774159453624e+03
2.453147879074405409e+03
3.183818185340302080e+03
2.623014048563543838e+03
2.706575698324547830e+03
2.565900945765741653e+03
2.843671370932693208e+03
2.880008746680262902e+03
2.391776899807583959e+03
2.617237702974343392e+03
2.958564527051317782e+03
2.421389426324154556e+03
2.768784340628230893e+03
2.945016775721830072e+03
2.292839717415466112e+03
2.573087285816510757e+03
3.055243530881752577e+03
3.059220719867920707e+03
2.231811596863507020e+03
2.487098236832629482e+03
2.873209664765370690e+03
2.941515657583231587e+03
2.569404574223196505e+03
2.658308600298181773e+03
2.949284378212782940e+03
3.022185827676825738e+03
2.364369867950341813e+03
2.762615255510943371e+03
2.821270349087555587e+03
2.934870258335547987e+03
2.684883851261281961e+03
2.376868443786096577e+03
2.827142214519790286e+03
2.713685858246685711e+03
2.714455881502979992e+03
2.842902923718565944e+03
2.766958311041827983e+03
2.635196208540302905e+03
2.820360390727945742e+03
2.360704626982398167e+03
2.835128574459826723e+03
2.709485496580608924e+03
2.652222415824746349e+03
2.391031182937629637e+03
3.164893936775628845e+03
2.933472678526616619e+03
2.352736440977264920e+03
2.608298542614369580e+03
2.499229369471330756e+03
2.181825611689971993e+03
3.005964008648541039e+03
2.831042957606713571e+03
2.326875976376222752e+03
2.774784582390326250e+03
2.652957919405485427e+03
2.565909325980112044e+03
2.908750613162883838e+03
2.343891726494230170e+03
2.928776457329915957e+03
2.588556100188025084e+03
2.574133222808602568e+03
2.616075404791168239e+03
2.987350236140988727e+03
2.495088753401155827e+03
2.859035687369850166e+03
2.807589858477574580e+03
2.572128291715549494e+03
2.722367490345882743e+03
2.987099383177458549e+03
2.657513054112842838e+03
2.779405493337369535e+03
2.990550599164301275e+03
2.419710818777275108e+03
2.882011466019005638e+03
2.751247188665002341e+03
2.726174852364822073e+03
2.982823071373656148e+03
2.763386722730141173e+03
2.860341507367685608e+03
2.570357107109765820e+03
2.752210458488255426e+03
2.662748606711040338e+03
2.592421305569471770e+03
2.508547918758066771e+03
2.634278680867332241e+03
3.000875070395539296e+03
2.700650877918706101e+03
2.658347439542196298e+03
2.709861248103903563e+03
3.088199946193528376e+03
2.329677088218423251e+03
2.342902062357932664e+03
2.965866582882054900e+03
3.107587997030535007e+03
2.487947386254719277e+03
3.111641461250087559e+03
2.182500709992745215e+03
2.301931149023135731e+03
2.647684027587870787e+03
2.598141276418514735e+03
2.822375662623002881e+03
2.450863070980245993e+03
2.897986365077691516e+03
2.245040019108394972e+03
3.289061039520443046e+03
2.877754998037049518e+03
2.383076398584074468e+03
2.608360293140377507e+03
2.934424113015712464e+03
2.674661924288113369e+03
2.903112315081585621e+03
2.587989711601799627e+03
2.817609409387072901e+03
2.647037839306620299e+03
2.895942994486706084e+03
2.977380436754383481e+03
2.574753304313276203e+03
2.649620104292825999e+03
2.885331782001347165e+03
2.975338572681238020e+03
2.452573560652841024e+03
2.452109429096715758e+03
2.852075870269070492e+03
2.502220710615867119e+03
2.782976896409077654e+03
2.872450102394409441e+03
2.613888403082292371e+03
2.325875558931270916e+03
3.243827844502921380e+03
2.828513190558517636e+03
2.819214180791899707e+03
2.980551331698462491e+03
2.864779427382398808e+03
3.126763027063856953e+03
2.396642896878904594e+03
