3.442314612054884492e+03
2.150412102760805283e+03
2.743621892853681857e+03
2.775137589711440341e+03
2.929830709858696537e+03
2.716142760485645795e+03
2.484482317506527579e+03
3.033004544917650492e+03
2.803257601954905113e+03
3.025111652294685882e+03
2.743884017986467370e+03
2.480079540964326043e+03
2.791045505546474942e+03
2.314429578295073497e+03
2.492114455808345156e+03
2.590575860435184950e+03
2.320061769256049047e+03
2.780027325862936323e+03
3.044189945329241255e+03
2.384378307756036520e+03
2.504067307645838810e+03
2.797470297198466142e+03
2.757858197136473791e+03
2.654779651457840373e+03
2.265396413381075035e+03
3.056103983090042675e+03
2.870525545103576860e+03
2.429323103631245885e+03
2.623407854158656846e+03
2.634804519072986295e+03
3.028960395655146840e+03
2.447977125086452361e+03
2.672308584270378560e+03
2.528054787349006801e+03
2.775998566815756021e+03
2.828763194925715197e+03
2.781309810069469677e+03
2.928106343475248650e+03
2.779784127794510823e+03
2.727052400251555810e+03
2.974811354049109013e+03
2.651781313207737185e+03
2.546505758541887189e+03
3.116207760257289920e+03
3.181832905631657468e+03
2.396805021247072091e+03
2.458481578172371428e+03
2.826406178207457742e+03
3.081182327513734890e+03
2.545927114069366326e+03
2.621816312139119873e+03
2.770216623677345069e+03
2.093105241715044031e+03
3.366437293888100612e+03
2.676057845271579026e+03
2.219212303457352391e+03
2.174080090582244338e+03
3.429751436868571545e+03
2.613691578007431417e+03
2.618596689080852229e+03
2.584389164347098813e+03
2.994349366277447643e+03
2.917117382668593564e+03
2.404893734114757535e+03
2.746300081935164599e+03
2.548909988751076980e+03
2.755454750311337648e+03
2.866831224565413322e+03
2.262350659184563483e+03
2.645942674291562525e+03
3.056753722670016487e+03
2.434610774023180056e+03
2.744633382875037569e+03
2.891015920086810183e+03
2.917708340058068188e+03
2.637577459592565447e+03
2.377244776796041151e+03
2.912540502739698240e+03
3.083329850968472783e+03
2.694600182267818127e+03
2.617699477480144196e+03
2.767739642335145163e+03
3.023403435338752843e+03
2.479425941166954544e+03
2.613358636991818003e+03
2.854033331700218696e+03
2.639533830625311566e+03
2.614242860564063449e+03
2.620488642457802143e+03
2.703363782660836478e+03
2.866342825685434491e+03
2.793323604724361303e+03
2.863136792705671269e+03
2.265236868445309483e+03
2.812551519072787414e+03
2.714555607456659345e+03
2.588192330374187804e+03
2.894474428171952241e+03
2.844351151267370824e+03
2.652911418226176465e+03
2.697208164547344040e+03
2.876516699277583939e+03
2.728443791658536156e+03
2.572792170019466539e+03
2.755090651438194072e+03
2.877898064287424859e+03
2.649181870348138546e+03
2.612030260154941061e+03
2.759807670537098602e+03
2.793678392321933643e+03
2.642534316932096317e+03
2.644631376593289588e+03
2.654497952435884145e+03
2.756225234743402325e+03
2.298905281716722584e+03
2.894317648422623279e+03
2.929970460070823719e+03
2.612041263751463248e+03
2.665359642874931069e+03
2.904882891588792972e+03
2.630504674968322888e+03
2.832261670618510834e+03
2.950085874631163733e+03
2.570652590857162977e+03
2.593149714704990856e+03
2.490999114363374701e+03
2.709502278622589984e+03
2.900866815426598350e+03
2.701449177709106152e+03
2.668214803713060064e+03
3.168603185496554033e+03
2.225494700038169867e+03
2.887071832160612303e+03
2.588800992994256831e+03
2.608758920657297040e+03
2.787777955465583091e+03
2.669314437643092333e+03
2.710595937735080952e+03
2.910423002106820604e+03
2.447024227660841461e+03
3.128201126595090500e+03
2.398171331874801581e+03
2.764070369082114667e+03
2.821958553223321815e+03
3.220539387903565057e+03
2.499618251650063030e+03
2.321314700403416737e+03
3.033005085975785278e+03
2.817771285405397975e+03
2.661946804809556852e+03
2.710971738915466631e+03
2.769878143465488392e+03
3.046608195949283072e+03
2.274858027228054198e+03
2.140740510140655715e+03
2.646167421768866916e+03
3.001014410370052246e+03
2.873779236444559956e+03
2.600380020890921514e+03
2.849351431349686209e+03
2.562067578654762201e+03
2.963361920902595557e+03
2.778843963010623156e+03
2.317490850936404968e+03
3.105048588379223020e+03
2.618664031665085531e+03
2.703812681263309514e+03
2.882977579134294956e+03
2.435378579453440125e+03
3.199078361728991695e+03
2.945102242399324496e+03
2.479414846449366905e+03
2.427899153935830327e+03
3.071832700610568281e+03
2.949321318175238048e+03
2.554500638417833670e+03
2.692317413390113870e+03
2.988875021780645966e+03
2.827429242794130460e+03
2.712490286939460020e+03
2.803863696593321947e+03
2.642292887924077149e+03
2.790561897967980258e+03
2.941098341366257500e+03
2.669749743234136076e+03
2.815856031831176551e+03
2.586882055731509354e+03
3.112684235354574867e+03
2.784420630722072929e+03
2.413902466607413771e+03
2.359664652403373566e+03
2.810433091815205444e+03
2.711979867772161924e+03
2.591626874038409369e+03
2.689068946826040701e+03
2.868213061959448623e+03
2.798260238359623145e+03
2.735847602979821659e+03
2.456143818822953108e+03
3.017617704113555646e+03
2.686834402366340328e+03
2.776265670773012971e+03
2.459607457016755689e+03
2.755500456401204247e+03
3.117367488183748719e+03
2.324194605733496701e+03
2.381572622592773769e+03
2.862272271391061167e+03
2.531694113995658881e+03
2.562037730508264303e+03
3.125048042883219750e+03
2.325948549726178499e+03
2.761130227762399500e+03
2.645654093279853441e+03
2.583635807213577209e+03
3.222260872440012463e+03
2.423492160851914832e+03
2.999492936720169382e+03
2.946674641741636151e+03
2.854698767042451436e+03
2.865629302767827539e+03
2.635336802521521349e+03
3.079518960520517339e+03
2.189207462545477938e+03
3.027296359921065687e+03
2.600708968526385434e+03
2.592388915723834998e+03
2.955069149824068063e+03
2.740454404453917505e+03
2.595544540486244387e+03
2.210409617881507529e+03
3.044153933718138887e+03
2.655395316089292464e+03
2.307641448564466828e+03
2.234563775727866869e+03
3.036428435867647750e+03
2.463260042071916814e+03
2.776920738428458208e+03
2.982647244544566092e+03
2.643435658865307232e+03
2.474733547546252794e+03
2.828261012436880719e+03
2.881614142223460931e+03
2.562508408538494223e+03
2.586122148941078649e+03
2.768579407952413931e+03
2.774251556333723329e+03
2.948413105682562673e+03
2.678486362150802506e+03
2.618400965036796606e+03
2.796400114991264672e+03
2.857159634431945051e+03
2.973429491764081831e+03
2.684915291545992204e+03
2.745094039759725092e+03
2.639095103932194434e+03
