2.953514780792847887e+03
2.465599949999321325e+03
3.066565865450668753e+03
2.409359260360699409e+03
2.760979979627780722e+03
2.852708214948021578e+03
2.895672250876982162e+03
2.573307636496807845e+03
2.651077798707077818e+03
2.757643143956772292e+03
2.985631906811486260e+03
2.670805306622234184e+03
2.604142518117977033e+03
2.592497525491940451e+03
2.782031038925066241e+03
2.599922374797515658e+03
2.682990968476345188e+03
2.724435946509420319e+03
3.103884566959821314e+03
2.315289304752021962e+03
2.395668339124770682e+03
2.989385451909045514e+03
2.775679693542215773e+03
2.836615435764982976e+03
2.836094523419922098e+03
2.718517149429167148e+03
2.437940813619138225e+03
2.998469123366340227e+03
2.524747961222264166e+03
2.953044423487897802e+03
2.428610230971597957e+03
2.804808683448905867e+03
2.378375709311083483e+03
2.911276340022260229e+03
2.607827847849586306e+03
2.268735106299386644e+03
2.869238155396928960e+03
2.771408732006129412e+03
3.138319171741867649e+03
2.581691975788166019e+03
2.725007045597721572e+03
2.655377606443450532e+03
2.261207205728288500e+03
3.064027862171076777e+03
2.926291798141321124e+03
2.257798073416597163e+03
2.442457399618481759e+03
2.948706114783079101e+03
3.014655832703371743e+03
2.540338313772540005e+03
2.529074635824586039e+03
2.894837506234584907e+03
2.291207468939074261e+03
3.364048900167444117e+03
2.694321040589821223e+03
2.908731871576245339e+03
2.640472287693539784e+03
2.639994198302178575e+03
2.689670498590525767e+03
2.724318788928737831e+03
2.774105822025448560e+03
2.762873353420843614e+03
3.089646670906471627e+03
2.652724632398438189e+03
2.807675790141815014e+03
2.748661580633226095e+03
2.832111339451795175e+03
2.931859195563139110e+03
2.688386290531096620e+03
2.596006197620544299e+03
2.989249214495986507e+03
2.321275257737976517e+03
2.679140249898432103e+03
2.719782399455002178e+03
2.471098493235879687e+03
3.065742119101798380e+03
2.888614298641856294e+03
2.590194390774126077e+03
2.816192364444715622e+03
2.812444619903949388e+03
2.592380814420423121e+03
2.608573425200484053e+03
3.361111893405225601e+03
2.269385538051214553e+03
2.422244340576951799e+03
2.852545587955735300e+03
2.771640416213442677e+03
2.784650408088900349e+03
2.866376119305384691e+03
2.561838670151388214e+03
2.797078808970895807e+03
2.762462778064209942e+03
3.034547196434266880e+03
2.430115720604074795e+03
2.703460336921017188e+03
2.859589616574091451e+03
2.305577643510024245e+03
2.984177021007420535e+03
2.720817491179040189e+03
2.634452589708717369e+03
2.586003126680591322e+03
2.946558325022970621e+03
2.856552609432803365e+03
2.463435518281791701e+03
2.559057930031913202e+03
2.435089481483918462e+03
2.284947548303917301e+03
3.142624070109216063e+03
2.835316709650493522e+03
2.477887141901435825e+03
2.864186404822327859e+03
2.468722327842966024e+03
2.699705077357043592e+03
2.743163900282002032e+03
3.035432535587044185e+03
2.612524985187042148e+03
2.681139182681094098e+03
2.580979395559442310e+03
2.783699367898429955e+03
2.765056260176852447e+03
2.603516465439518470e+03
2.889574408562947610e+03
2.686907339866333132e+03
2.615125059724753555e+03
2.627320825628837611e+03
2.799756068236940337e+03
3.110400407605819964e+03
2.649478744161817303e+03
2.387753047814258935e+03
2.862532044111462710e+03
3.286202546288078338e+03
2.343185592219462706e+03
2.811466650041452795e+03
2.611709471385883262e+03
2.843727327826559304e+03
2.605906487060600739e+03
2.658878359505786648e+03
3.111814711878451817e+03
2.552815612432260878e+03
2.667779181324477122e+03
3.401152548206774100e+03
2.213249178570966251e+03
2.488318473364197871e+03
2.596532719668859500e+03
2.709866802564610225e+03
2.764247381658051836e+03
2.784273604194594554e+03
2.598131880232650474e+03
2.507548825293966729e+03
3.117870458776243140e+03
2.428172511925811705e+03
3.093972105334600201e+03
2.952429657643183418e+03
2.348967614439410681e+03
2.724450180246159562e+03
2.613349178001700238e+03
2.861711806227353009e+03
3.019377947725790364e+03
2.503259206813257606e+03
2.791248659084084011e+03
2.629041630536495632e+03
2.924234548446388089e+03
2.670059077764575250e+03
2.819189679510370752e+03
2.833513982936641696e+03
2.610246398197043163e+03
2.420490016776070206e+03
2.919572301459577830e+03
2.639704927844810300e+03
2.761213265346906155e+03
2.976727225207374431e+03
2.552409332757264110e+03
2.963123365155898682e+03
2.554568709703156401e+03
2.514059114595672327e+03
2.669049746018015867e+03
2.971333555644356238e+03
2.526900181554970459e+03
2.972310934158907003e+03
2.533893186685602814e+03
2.413403503886488124e+03
3.192723289167804069e+03
2.568575023196889560e+03
2.567994862762081084e+03
2.861043076009827473e+03
2.761655502525954034e+03
2.470118834978216455e+03
3.041791362077227404e+03
3.074384367059833039e+03
2.770725710086283016e+03
2.186799958563990913e+03
3.123568500867431794e+03
2.352413250735582096e+03
2.948514207749815796e+03
2.696247885339063942e+03
3.095605237797981317e+03
2.282434810626790750e+03
2.761787025804443601e+03
2.843080982868224055e+03
2.434489303047373141e+03
2.759968168227377191e+03
2.664848588380270485e+03
2.448052857410521938e+03
2.870798929094614323e+03
3.236050982643786483e+03
2.191282860977990822e+03
2.615805390661449565e+03
2.776780314063850710e+03
3.077359988406913089e+03
2.609321548537408034e+03
2.859975187405535507e+03
2.598424202756330487e+03
3.102787711773389219e+03
2.466841563989093629e+03
2.353748505603160083e+03
2.869931670118638522e+03
2.669950714522563430e+03
2.968949156017537462e+03
2.903558665538042987e+03
2.772667651276107335e+03
2.954401639764840183e+03
2.391356183114326996e+03
2.718521192037683250e+03
2.476026606881055613e+03
2.608164556190418807e+03
2.738698076057083199e+03
2.883600892138160816e+03
2.661796440537371382e+03
2.845059957618047065e+03
2.481880828021509387e+03
2.647509898918225645e+03
2.567483282760100337e+03
2.547796792104236374e+03
2.990743554647187921e+03
2.388867741404717435e+03
3.174217891523457183e+03
2.729037110836526153e+03
2.635792474425119053e+03
2.909243292220884996e+03
2.788545473813015178e+03
2.559438172575956742e+03
3.034327708458376037e+03
2.990613570711789180e+03
2.277983419742421120e+03
2.462798689940526401e+03
2.976094448549712070e+03
2.872312686037268577e+03
2.715178383706478144e+03
3.027745046969808300e+03
2.376880804727085888e+03
2.819764914088940259e+03
2.634833050295895191e+03
2.824554267105647341e+03
2.362759233206963472e+03
2.331233833554885223e+03
3.094440721164547995e+03
