3.273063569372516213e+03
2.667386546462857495e+03
2.582098010122590949e+03
2.786027682178174018e+03
2.273132380921054846e+03
2.719434676165969904e+03
3.062329167781605065e+03
2.335643245764347739e+03
3.214306094990424299e+03
2.470329908032148069e+03
2.370160821492816012e+03
3.099281979093480459e+03
3.025516168765199382e+03
2.541933306492177508e+03
2.872343446348221732e+03
2.565895077196801140e+03
2.702391812328588003e+03
3.001854168803130051e+03
2.872996292608948806e+03
2.472274141532934209e+03
2.766107778295556272e+03
2.923357880580012534e+03
2.745884410493015821e+03
2.852440883749268778e+03
2.480378031508072127e+03
3.006369096823113978e+03
2.882498290480210926e+03
2.943034208630406283e+03
2.627760902762685873e+03
2.719021534729488849e+03
3.195457532348403674e+03
2.389277140301379404e+03
3.026594329196303079e+03
2.226827183699540456e+03
2.409802040525379198e+03
2.963784640714760826e+03
2.796124638658925505e+03
2.684423863423357034e+03
2.487299103102960999e+03
2.973051029191357884e+03
2.845710263041331018e+03
2.199399249741255062e+03
2.438732813796572827e+03
3.396014456639759374e+03
2.852494947080877864e+03
2.702088556893003442e+03
3.208999545945563568e+03
2.507205722232889457e+03
2.750762787656940873e+03
2.951007827609997548e+03
2.712235552834676128e+03
2.883682261244013716e+03
2.629916789817947574e+03
3.034744919392778229e+03
2.880229993107102018e+03
2.859114114051124943e+03
2.581286585812495105e+03
3.198699285895393587e+03
2.582933310651292231e+03
2.962848262430205523e+03
2.782336008202922585e+03
2.792781706552944343e+03
2.550805531253558456e+03
2.889774004588661228e+03
3.136510505174074751e+03
2.393632702136558692e+03
2.600264112639871200e+03
3.003149229589525021e+03
2.731379705090818334e+03
2.804324090360455557e+03
2.702580030035029267e+03
2.776440535796210497e+03
2.770308774604145583e+03
2.766957702726921525e+03
2.864763371765525335e+03
2.722390526819389379e+03
2.557902437385159828e+03
2.686361578891493082e+03
2.688935417102456995e+03
2.651677365102003023e+03
3.304893100432217580e+03
2.446725964367481083e+03
2.664375381610672775e+03
2.875771364745498886e+03
2.909393691192599817e+03
2.654624358896159720e+03
2.813353686065168404e+03
2.678042127601351240e+03
3.170687642896865327e+03
2.222889428474109536e+03
2.592802542480653756e+03
2.843036418585360479e+03
2.748847136509078155e+03
2.967762416020154888e+03
3.030909125266283809e+03
2.522824245747490750e+03
2.531246793325223734e+03
3.030316987205800160e+03
2.638464115361382483e+03
2.649393750391864160e+03
2.937747980528143671e+03
2.773906785701486115e+03
2.364609682417713884e+03
2.918636258148403158e+03
2.609468761276077203e+03
2.991469342008906096e+03
2.750912828517753951e+03
2.483238184067230122e+03
2.344579969952893862e+03
3.218858804901185067e+03
2.805743677801376180e+03
2.743454126097463813e+03
2.595611651300351241e+03
2.821586091776665398e+03
2.551443856637124554e+03
2.618674871311740390e+03
2.508980155437331632e+03
3.233514372002533037e+03
2.796382302644711217e+03
2.464308213474111199e+03
2.966662579390738756e+03
2.610676235778313639e+03
2.543839301737952610e+03
3.013783876163409786e+03
2.765667841169485200e+03
2.927792992800202228e+03
3.163351421938893509e+03
2.546776352687805684e+03
2.761800177911260107e+03
2.806381793143969844e+03
2.898212497363012517e+03
2.693367704158530614e+03
2.302077666058281466e+03
2.777106112052904336e+03
2.997574610255783227e+03
2.542531877180350421e+03
2.677928093756201633e+03
2.826940093678138510e+03
3.044349358891946395e+03
2.495091761476089232e+03
2.500543792988614314e+03
2.880921091668542431e+03
2.950066974612253944e+03
2.460648122870837597e+03
2.726769661055190682e+03
2.820038377770451916e+03
2.599987131697831956e+03
2.720217051199240814e+03
2.969079040261273349e+03
2.511627293828752954e+03
2.671991856723950150e+03
2.721763838034873515e+03
2.729153208616136453e+03
2.858001546584618609e+03
2.726661269781673127e+03
2.839236189467920667e+03
2.883763963812068141e+03
3.060194348120935501e+03
2.840655841649598187e+03
2.713559865395898214e+03
3.016581870843103388e+03
2.511281099295614695e+03
2.860907483492375832e+03
2.597190689693896275e+03
2.652597207288515165e+03
2.820830281013238164e+03
2.866061137062421039e+03
2.703781901997887871e+03
2.806216512581168445e+03
2.827046880359453098e+03
2.679849654097205530e+03
2.732879957535359154e+03
2.736461155727329242e+03
2.664823580871031027e+03
2.709174352538572748e+03
2.759123788036891710e+03
2.672398543589793462e+03
2.715454764861596232e+03
2.397659749941629798e+03
3.046725985105170821e+03
2.916879322111355123e+03
2.709188939734964151e+03
2.624643082167913235e+03
3.039741485019344964e+03
2.355099318027018853e+03
3.050390883867836237e+03
2.902126178825612897e+03
2.685536698599305055e+03
2.799146936175725841e+03
2.328582023768757153e+03
2.205377803940500144e+03
3.203709675619106292e+03
3.135241329276154829e+03
2.291701027831279134e+03
2.686447276673872693e+03
2.952115577569409652e+03
2.859387658695371101e+03
2.660114691312874129e+03
2.439466499494697018e+03
3.202084732081137190e+03
2.393487917340198237e+03
2.980539132822139436e+03
2.800819910557666844e+03
2.529691349370938951e+03
3.196141082563753571e+03
2.289276465757635378e+03
2.542892217538387285e+03
2.909380221113171046e+03
2.666890152854535700e+03
2.697772493322230275e+03
2.858753542856347849e+03
2.621724301696052407e+03
2.545785052793372415e+03
2.801451272730813798e+03
2.894747266892967673e+03
2.983040125954036739e+03
3.053729115629244461e+03
2.570793111903733006e+03
2.497051501031070984e+03
2.666705646929733575e+03
2.852343775333205485e+03
2.512134676497688361e+03
2.660577655726419835e+03
2.747681850529144867e+03
2.541897402418893762e+03
2.877168441247461487e+03
2.808493135923172758e+03
2.760706623119177948e+03
2.620503873962405123e+03
2.729649064630262728e+03
2.258354040317423824e+03
3.052574650647689396e+03
2.670165479541088189e+03
2.990011699350989147e+03
2.696826914466609196e+03
2.627110372199381345e+03
2.692449559465631410e+03
2.901015932869046992e+03
2.731056515251696510e+03
2.631016712533633381e+03
3.042010825637803464e+03
2.552988765502097976e+03
2.563141452295049930e+03
2.629370590958402317e+03
2.472429145818922734e+03
3.136767195699704189e+03
2.581393875862313507e+03
2.538451647332714856e+03
2.276420891411772573e+03
3.185010068370914269e+03
2.707318836410766380e+03
2.673458734835619907e+03
2.575823051384405517e+03
2.902577679321796950e+03
3.000336783851441396e+03
2.477126536076131742e+03
