2.456741316705893041e+03
2.839579899003897481e+03
2.499567919618141786e+03
2.941971728956478273e+03
2.568206189792537771e+03
2.669402970237239970e+03
2.916536995647580625e+03
2.578658205756287771e+03
2.917981980560304237e+03
2.716902050245246755e+03
2.446712581661260174e+03
2.870230932058227154e+03
3.199300822921442887e+03
2.146139875449551255e+03
2.580467927409559707e+03
2.818218784249024338e+03
2.661709085808222881e+03
2.651325226721902254e+03
2.906561678233251769e+03
2.759448765275552432e+03
2.457046835519799970e+03
2.990416525268321038e+03
2.802951019666023967e+03
2.708386606278738327e+03
2.903813212632568138e+03
2.690817267842160618e+03
2.563817216978537544e+03
2.889283613270758906e+03
2.795264779452504172e+03
2.832984203175020411e+03
2.899606966476085290e+03
2.725265700766241025e+03
3.010085278411535000e+03
2.643483042949537776e+03
2.998845486594330850e+03
2.763028319257219664e+03
2.711301903858426613e+03
2.895790444300748732e+03
2.536428997176287794e+03
3.177157941221651981e+03
2.825450218279197543e+03
2.724938285498137702e+03
2.532296064185489740e+03
2.695921717448524305e+03
2.655006233731115572e+03
2.664695760565469300e+03
2.823565799636969132e+03
2.770233557418052897e+03
2.528927976131240030e+03
3.256340376036261659e+03
3.175755849904484421e+03
2.506948888283124688e+03
2.348117007513551926e+03
3.148828301973883299e+03
2.662695084815200971e+03
2.611835747606656241e+03
2.775963576048168306e+03
2.456997034480760703e+03
2.868651543659171693e+03
2.500380303250005909e+03
2.706685232341153096e+03
2.262351818742257819e+03
2.192475242940839507e+03
3.152621771243204421e+03
2.338457667754671093e+03
2.863842178054768738e+03
3.073587358082932951e+03
2.546451639134140351e+03
2.692105318828709187e+03
2.872787415702772705e+03
2.794936739038988890e+03
2.543945262222122437e+03
2.693785210781064507e+03
2.624865918124765813e+03
2.473624589221227325e+03
2.855781649904805818e+03
3.318545806489208644e+03
2.269387088302807570e+03
2.332496237255983033e+03
3.017931249184482112e+03
2.836831862706006177e+03
2.779270599758819117e+03
2.778786872645926451e+03
2.668197044712531351e+03
3.006800840466825321e+03
2.464489648247477817e+03
2.864119380517474383e+03
2.582082044929048607e+03
2.891440446340924154e+03
2.855203130197797691e+03
2.652925165258474408e+03
2.568368249649159225e+03
2.497875225317672630e+03
2.926334967559041615e+03
2.882396105165701556e+03
2.394549383031897833e+03
3.043256776742079182e+03
2.559925113207234972e+03
2.617331020381797771e+03
2.767407244643903141e+03
2.742796917656003188e+03
2.793167157601109921e+03
2.585689537683347226e+03
2.872963374808942717e+03
2.824482797942408524e+03
2.511129307601817345e+03
2.301066911987523326e+03
3.060939387685421025e+03
2.559377724794208007e+03
2.755962775163326114e+03
2.487351424626426706e+03
3.005060628146815816e+03
2.959237756236654150e+03
2.502876451027904750e+03
3.331265844007555643e+03
2.269647598072187066e+03
2.251021971162043883e+03
3.182255195749722589e+03
2.674512347848775789e+03
2.338931776056825129e+03
2.870674041715246858e+03
2.374066941845358997e+03
2.681189665303007132e+03
2.969287088554972797e+03
2.646694883866007331e+03
2.634035232211421317e+03
2.506169601233919366e+03
2.916975527144591979e+03
2.795182567935604311e+03
2.510644725177431610e+03
2.600399706474548111e+03
2.883588252304076377e+03
2.760572738749667224e+03
2.669399134026175034e+03
2.970629245860789069e+03
2.451488132238207072e+03
2.885436807157306248e+03
2.654869380022201767e+03
2.992603563722574563e+03
2.228221122752871452e+03
2.506873306338619841e+03
2.868876899548665278e+03
2.893035941431801803e+03
2.470127004642872180e+03
2.612156855090334830e+03
2.700291197014929821e+03
2.955064353668265539e+03
2.516852560289223220e+03
2.511992413957879307e+03
2.938378950661086492e+03
2.842051028253796176e+03
2.856369408385409770e+03
2.600514345165774557e+03
2.800687543682177875e+03
2.703617767128860578e+03
2.968847252818236484e+03
3.102433465041955060e+03
2.481413098408865153e+03
2.575481705928441897e+03
2.750035837798611738e+03
2.477158274433757924e+03
2.842455767490774633e+03
2.679238419194183734e+03
2.587765439090705058e+03
2.613133293667346152e+03
3.201706498037368874e+03
2.920566770801264738e+03
2.440076461308470243e+03
2.682143332032598664e+03
2.468691629557401939e+03
2.404148933514449709e+03
3.169754693927006883e+03
3.060943134456605094e+03
2.342652996798828553e+03
3.129758434068424322e+03
2.554491965326076297e+03
2.835759966193529635e+03
2.819915384211567016e+03
2.317618510631231402e+03
2.872922047053475580e+03
2.396917890040380826e+03
3.062055383418365636e+03
2.735590757954650599e+03
2.760675888687955648e+03
2.584892911157944582e+03
2.731840029898116427e+03
2.710467428760344774e+03
2.843672933673992702e+03
2.656807526123273419e+03
2.869448504468701685e+03
2.850946403290979106e+03
2.671425439685096990e+03
2.979006332301779366e+03
2.513011396154029171e+03
2.730465467525640634e+03
2.705603540391383831e+03
2.537505118714477703e+03
2.908425807091526622e+03
2.945627829382538948e+03
2.422009992769203564e+03
2.813037601549429837e+03
2.663013811965230161e+03
2.645575890307997270e+03
2.760653248664598323e+03
2.607753788744904341e+03
2.750360873354012256e+03
2.800635598806547478e+03
2.679995902268518421e+03
2.871896130541211278e+03
2.611489956237154274e+03
3.082424876779612987e+03
2.218794794656329941e+03
2.432838996454568132e+03
2.856006155524124551e+03
3.059207604498412366e+03
2.695351720100649800e+03
2.989365025173002323e+03
2.328509369892608902e+03
2.494875297229046282e+03
2.826800766670286976e+03
2.452684791890972974e+03
2.847785318745773566e+03
2.397622880752060155e+03
2.914505737377402966e+03
2.219759434112753297e+03
3.062135554229559602e+03
2.761219901479343207e+03
2.359915706924763526e+03
2.697897094997721524e+03
2.630547550661524383e+03
2.776887363198033199e+03
2.856390653341612051e+03
2.677611195369428060e+03
2.908101829249606453e+03
2.459827732849587846e+03
3.261645255317310330e+03
2.838152985153042209e+03
2.565031046785538820e+03
2.529605462156264821e+03
3.179127371067736931e+03
2.943029409558721454e+03
2.577339725072514284e+03
2.590507207090476186e+03
2.805620324296836316e+03
2.499430270260515499e+03
2.688047052551402885e+03
2.672583557404418571e+03
2.700058481873334131e+03
2.546143663428233140e+03
3.007667275797996354e+03
2.543481096378998245e+03
2.964408690337718326e+03
2.827595855307008605e+03
2.673222694422417590e+03
2.754643932392587885e+03
2.549952555674849918e+03
