3.045972524588574288e+03
2.382904070171428884e+03
2.663787952973774736e+03
2.915156104289407722e+03
2.838105763130170089e+03
2.539305813324183873e+03
2.532062213008739491e+03
2.764113566636147880e+03
3.145187802715920952e+03
2.761889783928127144e+03
2.582416796466701271e+03
3.213459753687668126e+03
2.815599577151579524e+03
2.586516792784850168e+03
2.705298866604008708e+03
2.690777282998160899e+03
2.650945173596207496e+03
3.159672132350191532e+03
3.008696080137492572e+03
2.637018154293439693e+03
2.570710002679095851e+03
2.473441400566492575e+03
2.367691220741417055e+03
2.204620719687766723e+03
2.691338420076011971e+03
2.847817196884652731e+03
2.644706944806980573e+03
2.584412008730250363e+03
3.005394593417739998e+03
2.486255957602574199e+03
2.452653074063694021e+03
2.885481149171653215e+03
2.757455942222770318e+03
2.523881423195829029e+03
2.460343520150210679e+03
2.731733688053408969e+03
2.493540136711502782e+03
3.174937682381124432e+03
2.845032899003425882e+03
2.433103528430785445e+03
2.844813558510749317e+03
2.844825875289185205e+03
2.869818195061377992e+03
2.915414650998804063e+03
2.715983247515533549e+03
2.608702017805258947e+03
2.437161964389788864e+03
2.401023300460588871e+03
2.531968728460487000e+03
2.713773003770112155e+03
2.486789842618560215e+03
2.790432939919357977e+03
2.379208538330759438e+03
3.333481128512349187e+03
3.032958113636146209e+03
2.486949523339217649e+03
2.668298932643574517e+03
2.887147711960388278e+03
2.560330856924882028e+03
3.067825740652792774e+03
2.355845434176228537e+03
2.696045060050352276e+03
2.658093075795482946e+03
2.590564156731432377e+03
2.781233232163555840e+03
2.281381138227359770e+03
2.438447620568161710e+03
2.363374911774954853e+03
2.410180494096858638e+03
3.174964121080585301e+03
2.847978761258887971e+03
2.507106211826230265e+03
2.980637996681859477e+03
2.726384615269732421e+03
2.432952704492324756e+03
3.171603934296794250e+03
2.794686605365141986e+03
2.568294331113436328e+03
2.765010284665620475e+03
2.282159919819375318e+03
3.131072903091726403e+03
2.704381881711840833e+03
2.846738394614963909e+03
2.645691825740381773e+03
2.606263671443747171e+03
2.766386116202865196e+03
2.765326508418949288e+03
2.524916054531795908e+03
2.513832904236214290e+03
2.891157500325395631e+03
2.942832442514706145e+03
2.485388924094596860e+03
2.539741601370118588e+03
2.421312138964771293e+03
2.823164972306160962e+03
2.438527952814312357e+03
2.897088745149617353e+03
2.716679958569859991e+03
2.831961858664244573e+03
2.751214605511043374e+03
2.312194306602244524e+03
2.452431264028168698e+03
2.232952703796560854e+03
2.809229571916664099e+03
2.461623159413032681e+03
2.623401767162170017e+03
2.614917914111783830e+03
2.751520970578069409e+03
3.056763986757885050e+03
2.568590387902685961e+03
2.592230569290683889e+03
3.107442601454504256e+03
2.726683721692919789e+03
2.786259973441764032e+03
2.813896948217507088e+03
2.551567895031222179e+03
3.005782244930163870e+03
2.856900060050258617e+03
2.425203079870769670e+03
2.863142706017594264e+03
2.558269008863036561e+03
2.646885199926049609e+03
2.691149563416564888e+03
2.594344187565854554e+03
2.815217495366667208e+03
2.741942886811496464e+03
3.142791904121722837e+03
2.662380095291183352e+03
2.908138423743233034e+03
2.472361528757639917e+03
2.979666419357371524e+03
2.311921614180431334e+03
3.148655728236256437e+03
2.468206732115027535e+03
2.426962342261737376e+03
2.934176176747585032e+03
3.037359769229495214e+03
2.732483101634009472e+03
2.553610809263522242e+03
2.594066629811971779e+03
2.657198847364999892e+03
2.585492948129327033e+03
2.773927433858572840e+03
2.715584845671731728e+03
2.621501288176379603e+03
2.297140322252887017e+03
2.695717338291512533e+03
2.645268076790576288e+03
2.395759795127703910e+03
3.053974490884097122e+03
2.953642700141513160e+03
2.824662023408572168e+03
2.797843797682835429e+03
2.684573171240124793e+03
2.554461483595937352e+03
3.024822911330702937e+03
2.624852108472648524e+03
2.314464434827030345e+03
2.658156871345419859e+03
2.273524666730250829e+03
2.761615086386910662e+03
2.742950261405218498e+03
3.142398120862374526e+03
2.611297033859014391e+03
2.669643622378975124e+03
2.572314111597242572e+03
2.613382312946992897e+03
2.827731103206440821e+03
2.188021502924888409e+03
2.831486688979320661e+03
3.000120037707020856e+03
2.563016093128742796e+03
2.916102359146637355e+03
2.517892532152675813e+03
2.700530819989103293e+03
2.970117862998660712e+03
2.472635167460863613e+03
2.877473462654602372e+03
2.963610639464790438e+03
2.352812216293731126e+03
2.793932014469852220e+03
2.802207353616925502e+03
2.705025194991708304e+03
2.896206594894440968e+03
2.188888184088191338e+03
2.834557759950119816e+03
2.250187688330240235e+03
2.436463687755080173e+03
2.981523921786969822e+03
2.667539175818033982e+03
2.716429888416266294e+03
2.843041080564195454e+03
2.344773398964377066e+03
3.124852106077046756e+03
3.161796367645260943e+03
2.457495970658597798e+03
2.714323651096724916e+03
2.552290237573785362e+03
2.672405117930542474e+03
2.960877384290125065e+03
2.229815875562507699e+03
2.249695082222717247e+03
2.638080677842596288e+03
2.406572655287479847e+03
2.978213635592313040e+03
2.601673209974626843e+03
2.786715474032928341e+03
3.017000579243722768e+03
2.666878910439522770e+03
2.789774574689428846e+03
2.748767239604795122e+03
2.605940562568778660e+03
2.619035072365305496e+03
2.909343661749626335e+03
3.110525852161256807e+03
2.665322184333896985e+03
2.524154900740666562e+03
2.940207989077735874e+03
2.886036880258770907e+03
2.400524793301620775e+03
2.623605468204423232e+03
2.606261894931696133e+03
2.814515164756582180e+03
2.547659292946786081e+03
2.562202637660480832e+03
2.728021105422543769e+03
2.662463936227050908e+03
2.608057617330447101e+03
2.470338758334422437e+03
2.887357364533300824e+03
2.778566404340868758e+03
2.584175815706744288e+03
3.062473595796000154e+03
2.611085874055214390e+03
2.386359076570783600e+03
2.919583038663421576e+03
2.352570351481766465e+03
2.774460791190602322e+03
2.403680718267675275e+03
2.605593912805421041e+03
2.503565402215335780e+03
2.357696155087675834e+03
2.351459202348476992e+03
2.642368687652748122e+03
3.018007226554213503e+03
2.535863594472872137e+03
2.596874145943518215e+03
3.043663221158523811e+03
2.984868179845816485e+03
2.654906481284849633e+03
2.490764587608975035e+03
2.904966374617707515e+03
2.644121191560086118e+03
2.771532438681078020e+03
2.785371662314930290e+03
2.587663439348895281e+03
