2.705467062061498837e+03
2.631722685554891086e+03
2.833525808250255977e+03
2.701423431697121032e+03
3.012095069600602983e+03
2.268775884368985317e+03
2.549906190145533401e+03
2.715799702696793247e+03
2.714391171545181805e+03
2.787792570677916956e+03
2.740097878984781346e+03
2.661483513093122383e+03
3.053617626236037722e+03
2.418761574079186175e+03
2.739151940734140226e+03
3.022131573670352736e+03
2.590135657681352768e+03
3.000967897217851259e+03
2.733761356123736732e+03
2.584661918996322584e+03
2.642003365564859450e+03
2.379874979892804276e+03
2.287131131129091955e+03
2.634895089102942620e+03
2.577661576823491032e+03
2.875645622020191695e+03
2.779120734213612195e+03
2.434443317598537760e+03
3.042580678725007147e+03
2.698515798562190412e+03
2.343378361463219335e+03
3.083838438423584648e+03
2.706230542229217008e+03
2.650116574047998711e+03
2.737474333561006006e+03
2.805898904060300538e+03
2.716203684436609819e+03
2.811780459438278740e+03
2.723207032882402927e+03
2.762805355459312068e+03
2.590881244849325412e+03
3.157930625081397920e+03
2.797776513191916820e+03
2.626162653043617411e+03
2.467371844478756429e+03
2.684763739681520747e+03
2.507424598839947521e+03
2.601881987104186464e+03
2.214558921656494022e+03
2.515105848798224088e+03
2.381263919981039180e+03
2.548546243715250966e+03
2.472820571985360402e+03
2.818433466577591844e+03
2.914854649037967647e+03
2.546531406891287588e+03
2.805659630299200217e+03
2.462204987702654307e+03
2.540473586623796109e+03
2.915424972362602148e+03
2.223153082302892471e+03
2.658695196605852288e+03
2.587326362740982859e+03
2.857459183474621113e+03
2.528539178512846775e+03
2.299410764805409144e+03
2.646198617063279016e+03
2.273721743665522354e+03
2.649386225529912281e+03
2.883240008512900658e+03
2.828765274639726613e+03
2.619009397273623108e+03
2.994127721821681007e+03
2.766400357638082824e+03
2.417881071412486563e+03
3.242632840686125746e+03
2.683463420780973138e+03
2.534210646820605689e+03
2.575183136341343470e+03
2.668072361304235983e+03
2.870267875095217278e+03
2.732794264901575843e+03
2.789741578093683074e+03
2.798030128492029235e+03
2.798955702797207778e+03
2.545076486254635256e+03
2.921421826206310016e+03
2.795398261530387572e+03
2.456585531089582219e+03
3.030575764766610519e+03
3.127290694744367102e+03
2.317843370051263719e+03
2.973618151927570125e+03
2.433400224464403891e+03
3.027539310920700700e+03
2.605650826996250544e+03
2.868097531553923545e+03
2.597188847641332359e+03
2.797267636019077599e+03
2.941460214329591508e+03
2.411342178673840863e+03
2.365236811681648305e+03
2.342830547296644454e+03
3.151784108515729713e+03
2.667562693257414139e+03
3.013728366780237593e+03
2.633894755243868985e+03
2.863655747050129321e+03
3.035780200048779989e+03
2.368439855650700792e+03
2.427220793537328063e+03
3.033831813994925596e+03
2.647361536442989745e+03
2.970678370809134321e+03
3.255358657957225660e+03
2.373886344147569616e+03
2.667443285600258150e+03
2.632496900012500646e+03
2.269152157432546574e+03
3.099746143897182719e+03
2.574682839037128815e+03
2.828114981109492874e+03
2.428717037424078626e+03
2.504692540374396231e+03
3.043344340537383232e+03
2.588447289142236968e+03
2.556843555875169841e+03
2.763064204506185888e+03
2.800862681006761250e+03
2.657751451319385069e+03
2.844900422158807487e+03
2.595549191234346836e+03
2.809193835816622595e+03
2.685131348554063152e+03
2.570718373982444064e+03
2.724806823499472102e+03
2.694101248928513087e+03
2.711922389878970534e+03
2.807523833202227706e+03
2.762398051546980696e+03
2.608513406962745648e+03
2.753399939040240497e+03
2.939364645510135688e+03
2.537333000932541836e+03
2.781600438696035781e+03
2.607180646793345659e+03
2.741317330920350287e+03
2.911683779269710612e+03
2.267992258048474014e+03
3.024607083366392544e+03
2.990314840198413094e+03
2.681913010138018763e+03
2.675797723779490298e+03
2.575970433554895862e+03
2.508226808633438395e+03
3.178319324127499385e+03
2.453342050375660619e+03
2.336883117349083932e+03
2.744842531002554551e+03
2.312611036284073634e+03
2.581176244142914129e+03
2.687772850836666294e+03
3.112580390863391585e+03
2.532092169432547962e+03
2.453112981035410030e+03
2.535367048249511299e+03
2.611688067632852835e+03
2.610488015133439148e+03
2.226295626764816916e+03
2.675957810662455813e+03
2.803540402759569588e+03
2.922561808973309780e+03
2.881224906094731068e+03
2.391486071391943369e+03
2.861921492305165430e+03
2.859297272005851482e+03
2.588283569146896298e+03
2.859128971142355113e+03
2.733183643594814384e+03
2.468977952331781125e+03
2.649137473484323436e+03
2.996465908764403139e+03
2.697082531732093230e+03
2.916595850157760196e+03
2.371670756782576518e+03
2.966282845198637915e+03
2.216092764097814324e+03
2.848566681737796898e+03
2.655943324481939271e+03
3.008222623582617416e+03
2.756659067408787450e+03
2.509252798711351261e+03
2.497731341611795415e+03
2.915608511895889023e+03
2.921875336048859481e+03
2.585138838177796515e+03
2.764062471688254391e+03
2.874959793647326023e+03
2.712400110509051046e+03
2.643890655596956549e+03
2.281251354563590212e+03
2.458542573082962008e+03
2.656307362800929241e+03
2.308924129658973015e+03
2.567958383208183477e+03
2.807413402187203246e+03
2.863272332734592055e+03
2.986912710975014306e+03
2.646021511741449558e+03
2.787855494049065783e+03
2.947421095258375317e+03
2.622061599913758982e+03
2.680879683362913511e+03
2.969844719584738868e+03
2.823703050971507309e+03
2.542183103553082219e+03
2.606915509583616767e+03
2.710465595825363380e+03
2.733578012599225076e+03
2.506707936997205252e+03
2.792958788826197633e+03
2.733854758292100087e+03
2.707444137386517468e+03
2.657009336987913230e+03
2.734633258711579856e+03
2.858716690708713031e+03
2.369443659182810279e+03
2.819941927778754689e+03
2.393145262062401343e+03
3.055138122276948252e+03
2.854342457227668092e+03
2.470440923518291129e+03
3.041078660676704203e+03
2.532386679484600791e+03
2.385784059292506299e+03
3.322537447620449711e+03
2.305240629946601530e+03
2.546138510598220819e+03
2.567969039949256512e+03
2.554735512495195508e+03
2.539155152706408444e+03
2.498651696345488290e+03
2.545602659410216802e+03
2.811806430079896472e+03
2.776073517576838640e+03
2.719724022889579828e+03
2.717308044339273692e+03
2.964954430653142481e+03
2.922341438323850070e+03
2.577330013188881821e+03
2.587889069013010158e+03
2.945704755651427604e+03
2.732072746017641748e+03
3.026378770559824261e+03
2.810066995653542108e+03
2.555448576319343374e+03
