3.249709780306774519e+03
2.231064780204000272e+03
2.544203005451802710e+03
2.951232485648972215e+03
3.101256784446694837e+03
2.863885643263836300e+03
2.649053602477201821e+03
2.880285680852846326e+03
2.701889099650583375e+03
2.911946791146864598e+03
2.839755796875206215e+03
2.793291515936138239e+03
3.250098215004319172e+03
2.161754044137039273e+03
2.399832910357235505e+03
2.532471851483247065e+03
2.592171827251507693e+03
3.022304584867498306e+03
2.803061681132151080e+03
2.620031899446292300e+03
2.497410615092828266e+03
3.085790586620045815e+03
2.931524100491343233e+03
2.592964662357743691e+03
2.562223957714249082e+03
2.662561433534182015e+03
2.744047896553913233e+03
2.714425979998252842e+03
2.538852121970211556e+03
2.611754173526088834e+03
2.538817540751942943e+03
2.797926521403313018e+03
2.995655285655242096e+03
2.723424347905648574e+03
2.910194288798151319e+03
2.751328670334497474e+03
2.654590617746815042e+03
2.627383931499282880e+03
2.641860650521937714e+03
2.986891280440096125e+03
2.934815630439810775e+03
2.819093910225995387e+03
2.687844557735554645e+03
2.705753925298425656e+03
2.993350600191102785e+03
2.572625408750446695e+03
2.597634703083258046e+03
2.700907108908850205e+03
2.784284951647508024e+03
2.741119152265003322e+03
2.590402607184379576e+03
2.753006724257510541e+03
2.305839555646764438e+03
3.344375079867477325e+03
2.849883260903875907e+03
2.237615532790845009e+03
2.450897669669090646e+03
3.054346146442411282e+03
2.635242387971632070e+03
2.969795957047101183e+03
2.429510066397701848e+03
3.254199636818354520e+03
3.232526112750280845e+03
2.388685421026907989e+03
2.694394041725777242e+03
2.731841750613002660e+03
2.765798947211207633e+03
2.713371603846830112e+03
2.278302281909745489e+03
2.981149197299490879e+03
2.816083685691850405e+03
2.463017770024602669e+03
2.703431295321674042e+03
2.540222396147905329e+03
2.618129042908874908e+03
2.993198293193175232e+03
2.515387959739126018e+03
2.780490557281204474e+03
3.113439410554577080e+03
2.718267122107498381e+03
2.596352598360118009e+03
2.981660003184434117e+03
2.869185544174627012e+03
2.418984919169592558e+03
3.063498097866242915e+03
2.464959904163943975e+03
2.365403860452803201e+03
2.579821104116080733e+03
2.387023512505857525e+03
2.907009239747706943e+03
2.970466578231259518e+03
2.544521677612488929e+03
2.767041180761508713e+03
2.450487574536276952e+03
3.159246270025706508e+03
2.641456366252335101e+03
2.680349329318152286e+03
2.580387786347120709e+03
2.651907989142456245e+03
2.934924291380220438e+03
2.292708912948263787e+03
3.041726991535075285e+03
2.829587821213808638e+03
2.684074856201827970e+03
2.873272053137895455e+03
2.649069889764986328e+03
2.573860766634342326e+03
3.159944655983374105e+03
2.573675030279236580e+03
2.794272053133568988e+03
2.877333749986225484e+03
2.630365208920809891e+03
2.727161177848118314e+03
2.741531913094064294e+03
2.481391369791192119e+03
2.902258123905629418e+03
2.932187746246985171e+03
2.405804849074862886e+03
2.422206674973737336e+03
2.935081298521879035e+03
2.752953043066175724e+03
2.732060287955905551e+03
3.082060373936264114e+03
2.791409305995175600e+03
2.750319096594980692e+03
2.251957599791978282e+03
2.445993357082722014e+03
2.995712089750866653e+03
2.681002659567371666e+03
2.593760837445174275e+03
3.138152403878135374e+03
2.150717056421077814e+03
3.074860714521359114e+03
2.402380953143018360e+03
2.460361312284523592e+03
2.969344634649498403e+03
2.283263691207474949e+03
2.771500474924175251e+03
3.156324500495214124e+03
2.223472441863206313e+03
3.132014564074515874e+03
2.350720939960031956e+03
2.645830434186656021e+03
2.887832889709735809e+03
2.809503814523118308e+03
2.857619417924448044e+03
2.552851027225208327e+03
2.814199654457401266e+03
2.543389399248600967e+03
3.070780633145852335e+03
2.657515441928427208e+03
2.975876290642441745e+03
2.728633446772877960e+03
2.502592087820213237e+03
2.317882312067091334e+03
2.988235224367947922e+03
3.144116443900767536e+03
2.682645146949107584e+03
2.560963239041449924e+03
3.066975513135287201e+03
2.247401219109415251e+03
3.020108766152173303e+03
2.733902086997400147e+03
2.237713216471962369e+03
2.786535404758005825e+03
2.708262433292456535e+03
2.660222092092548792e+03
3.009326181256326890e+03
2.530915116696573023e+03
3.415373532432186948e+03
3.157171269400846541e+03
2.366638419862268165e+03
2.704127188963274421e+03
2.807973523342769568e+03
2.749616608164327772e+03
2.659374531374255639e+03
2.656124545790247794e+03
2.594633136937230120e+03
2.764712655378046293e+03
2.780654943454566819e+03
2.736933000002605240e+03
3.015262369339975521e+03
2.845619131305894825e+03
2.757661357920834234e+03
2.572351455343503403e+03
2.818609132236650566e+03
2.400860687162971317e+03
2.894648786412904883e+03
2.764259008471805828e+03
2.842739369893448838e+03
2.593925475250658565e+03
2.661727168078107297e+03
2.550979167278869681e+03
2.775380399238940754e+03
3.177955610898076884e+03
2.749746529917109001e+03
2.745955173875704531e+03
2.697429797055485324e+03
2.577037122595351320e+03
3.011615326594404905e+03
2.871882891306990587e+03
2.622823900190336190e+03
2.550104144714489394e+03
2.992482943443995737e+03
2.839119302620130838e+03
2.701548338666735162e+03
2.588939745641983791e+03
2.964877683844158128e+03
2.239683703647090624e+03
2.624576247511752626e+03
3.136893131709125100e+03
2.163221093447682506e+03
2.880868736529730086e+03
2.505967717713707771e+03
2.553571141410591281e+03
3.114143849727915949e+03
2.322548365354005909e+03
3.233568172917079210e+03
3.138315080369189673e+03
2.522637224904995492e+03
2.691812601438000911e+03
2.681254155293239819e+03
2.926890019080784441e+03
2.351925241417845427e+03
2.740825701035959810e+03
2.541125551022061245e+03
2.566606091572674814e+03
2.904466830266841498e+03
2.649194494006877449e+03
2.808507238767922900e+03
2.433664429194847798e+03
3.033834152423974047e+03
2.631740776435251064e+03
2.715056170586465214e+03
2.263430049646083262e+03
2.934370061006804463e+03
2.746530114014755782e+03
2.624785181923431537e+03
2.627574105435111051e+03
2.752906133415699060e+03
2.426884891200604670e+03
2.652666111841543625e+03
3.046698568462549702e+03
2.640208159605497258e+03
2.819825986868293967e+03
2.464793364152229060e+03
2.612355432447035128e+03
3.294193363171023520e+03
2.496975940802025434e+03
3.061405212455999390e+03
2.927084500011013915e+03
2.500759070384016013e+03
3.061841194573151370e+03
2.393015731194544514e+03
2.625739150419874022e+03
2.817843951833217034e+03
