2.887127688820046387e+03
2.577470863185529197e+03
2.827975079233891847e+03
2.477025934374295048e+03
2.781397552969640401e+03
2.559931848208998872e+03
2.782775802489172747e+03
2.889211790792037391e+03
2.922596262536374525e+03
2.775288827193279758e+03
2.776120208742164778e+03
2.882605046362917165e+03
2.975268053999567201e+03
2.791697186903387774e+03
2.414034299490740523e+03
2.935243580774104885e+03
2.982908351545113874e+03
2.635750539569758530e+03
3.055537222610565095e+03
2.441090741173459719e+03
3.100645224684302775e+03
2.386775511490164718e+03
2.629061562535484427e+03
2.944638761884453743e+03
2.319346570423765570e+03
3.027303578102721985e+03
2.618510818316170116e+03
3.047146537831886235e+03
2.312365642721465974e+03
3.023680230831162589e+03
2.730968230361787846e+03
2.687286466830018981e+03
2.898309678643517145e+03
2.365058509201658126e+03
2.933304589246271462e+03
2.556454520432142090e+03
3.273379209574503875e+03
2.168846151883740731e+03
2.556554702623231151e+03
2.770790498295033103e+03
2.443226950370552004e+03
2.959748934378534614e+03
2.593855299715133697e+03
2.861843145196970909e+03
2.432648146978715431e+03
2.763115753447651969e+03
2.635817164398097248e+03
2.712582634420182785e+03
2.669158483644070657e+03
2.970592927757577399e+03
2.318710801312271997e+03
3.189295511379119034e+03
2.674831311033316524e+03
2.832809484013712336e+03
2.846663565191676753e+03
2.847223067498081491e+03
2.597845727265571441e+03
2.711176385949486757e+03
2.818332239241378375e+03
2.594407456968941005e+03
3.037079611968738845e+03
2.458682385184082250e+03
2.875157286994354763e+03
2.532652452174002519e+03
3.249728665394313794e+03
2.305804453009851841e+03
2.862828414595323920e+03
2.627409809953167041e+03
2.742653039401333444e+03
2.791371022844211438e+03
2.801609628355107816e+03
2.675244418521001535e+03
2.337219571090238787e+03
3.130172674807624389e+03
2.623601548095328781e+03
2.841762079395346518e+03
2.676138937223385255e+03
2.904838182031346150e+03
2.530699123786813743e+03
2.862063188183358307e+03
2.814455636714999855e+03
2.759050045349382799e+03
2.731648409489392179e+03
2.738275593955447221e+03
2.727453407959632386e+03
2.783138383917566898e+03
2.478298045213937712e+03
3.040635977874825585e+03
2.721295240477432344e+03
2.823723455156510227e+03
3.017521980516389704e+03
2.564309333746372886e+03
3.126241016335560744e+03
2.541047290764204263e+03
3.135853447337862235e+03
2.486962288091464870e+03
2.490807296944915834e+03
2.843812605017797523e+03
2.322016193842264784e+03
3.041946400191121938e+03
2.738881505150669000e+03
2.626593125340180904e+03
2.236371165954434673e+03
3.430802038442156118e+03
2.943768043325564122e+03
2.473592633314903651e+03
2.872987976474437346e+03
2.462490950172104476e+03
2.875292525595962616e+03
2.940855599245463054e+03
3.020966280542287677e+03
2.363368047871513681e+03
2.379549444053234765e+03
2.823200296550876828e+03
3.237654445479905462e+03
2.585744438583149531e+03
2.962128404701320960e+03
2.570687708168625250e+03
2.598636794962442309e+03
2.728110086429422154e+03
2.462215542773860761e+03
2.887404299567054750e+03
2.707966303215000153e+03
2.739897271090655067e+03
2.856335821802478222e+03
2.498537865972265536e+03
3.107968130464868864e+03
2.446435008374172867e+03
2.934314729269431155e+03
2.567995070888067858e+03
3.082533572192683096e+03
2.522776269924421740e+03
2.968255691952301731e+03
2.702152030323862164e+03
2.814034963214118761e+03
2.534946465925132998e+03
2.332011725483581358e+03
3.192861137543809491e+03
2.661527400634014612e+03
2.995645774882177648e+03
2.945238656289855498e+03
2.596824828965865436e+03
2.745745443565845108e+03
2.463653573867551586e+03
2.518409752106354517e+03
3.146761632968130471e+03
2.286469466333370292e+03
2.893257553839091088e+03
2.557567881425116866e+03
2.627259462205528962e+03
2.343259806464996927e+03
2.888636368597205546e+03
2.752652763100021275e+03
2.678743313725016378e+03
2.694619973530282550e+03
2.855759887903780509e+03
2.620006822555908457e+03
2.968528286609037877e+03
3.103092522783344975e+03
2.210161280444719978e+03
2.852140494167359066e+03
2.504072997426716029e+03
2.788507669528856241e+03
2.712830517599603809e+03
2.502787107718449533e+03
3.173484079077677961e+03
2.685388131389147929e+03
2.764666548030188551e+03
2.746049515376763793e+03
2.799051697284308830e+03
2.826955214104154038e+03
2.511367019077501027e+03
2.764240640391973102e+03
2.623270529618441287e+03
2.828570975621910293e+03
2.814145734213479500e+03
3.371297446992250116e+03
2.312595570923186187e+03
2.619190269161354991e+03
3.039271357377216191e+03
2.917666566103444893e+03
2.910158487290527773e+03
2.856440517860702130e+03
2.463543443420111544e+03
2.361278152250707080e+03
2.949214092884166803e+03
2.759242483035926398e+03
2.798525038592212695e+03
2.317441407256464117e+03
3.021911546470310896e+03
2.604065555796119952e+03
3.088072992442479517e+03
2.747456633529936880e+03
2.617914725555929635e+03
2.308858198823480052e+03
3.068633025900436223e+03
2.479563178129704738e+03
3.220039492053831964e+03
2.491040313947891264e+03
3.024078449716630985e+03
2.597128246202360515e+03
2.789781922439049595e+03
3.035136703577383742e+03
2.542511425927911660e+03
2.756352226965183036e+03
2.570512349039939181e+03
3.290737331015247946e+03
2.725557002145100341e+03
2.598884340136046831e+03
2.751288310366198402e+03
2.640199466328282142e+03
2.845174970010727520e+03
2.803015489526079364e+03
2.863889654089827673e+03
2.801019541801751075e+03
2.649266442121895579e+03
2.805623340621582429e+03
2.810003676620123315e+03
2.714031964472076197e+03
2.590036396594177859e+03
2.884094355645845098e+03
2.400071755543100608e+03
2.967111509216984814e+03
2.627713920385675010e+03
2.977991491672994471e+03
2.469045563442712137e+03
3.002235147892438818e+03
2.577482891358200050e+03
3.062663012292541225e+03
2.549917945859779593e+03
2.558369620892648527e+03
3.046622842099066929e+03
2.603594701395959873e+03
2.675285936203000347e+03
2.538000896014187219e+03
2.858021832469161382e+03
2.248106847481280511e+03
3.241099197050861676e+03
2.711865640938894558e+03
2.795859410057747937e+03
2.674295897392637926e+03
2.719598294501689907e+03
2.461534738241244668e+03
2.766178410191099829e+03
2.641208421211230416e+03
2.868736006466048821e+03
2.380062318987505023e+03
2.857317192128910392e+03
2.633264533985627168e+03
2.659706961165330995e+03
3.007639205872189450e+03
2.559030702179339642e+03
2.704563473419486400e+03
2.593399169276595785e+03
2.932155119819980428e+03
2.421285963626405646e+03
