3.292566594146584066e+03
2.152931875075409152e+03
2.822287145212633277e+03
2.938802063886349970e+03
2.855368716976994165e+03
2.826107563146867506e+03
2.705699535819589983e+03
2.821009555654974065e+03
2.605863546046835381e+03
3.063426211112080637e+03
2.899728267697657429e+03
2.572824359280276440e+03
3.213394047987868362e+03
2.396509287226955166e+03
2.631693957969862367e+03
2.635601104441104326e+03
2.503927472993644187e+03
2.793062116637438066e+03
3.112140005773922894e+03
2.438165809430722675e+03
2.515318954507548824e+03
2.796162996738879883e+03
2.743094095024126545e+03
2.808944439121881715e+03
2.374849271231963030e+03
2.927949927311928604e+03
2.939003650432297036e+03
2.653446962016516409e+03
2.873653825281896388e+03
2.688466933303400310e+03
2.902319609341880096e+03
2.618824804107833188e+03
2.799225101920252200e+03
2.588247188233571251e+03
2.769485527763529717e+03
2.786643316219125154e+03
2.847941269381761686e+03
2.761075210430984953e+03
2.904983934119624791e+03
2.581121893889203875e+03
3.156165355494742016e+03
2.626494382502900862e+03
2.369772171446218181e+03
3.265600453411695071e+03
3.123694212912707371e+03
2.550061337257020114e+03
2.602176609426032883e+03
2.750030722511365639e+03
3.103164233827203134e+03
2.867047806715340357e+03
2.501071655281696621e+03
2.723520570144370140e+03
2.194656811544052744e+03
3.436984720531892890e+03
2.681554233956990174e+03
2.480966922149524180e+03
2.210110296260854739e+03
3.303189241262547057e+03
2.744493710531432953e+03
2.970665205603385857e+03
2.524410492449048888e+03
3.066764511063776354e+03
3.121347381577469605e+03
2.416148605159745784e+03
2.817733047787016858e+03
2.620907308080129496e+03
2.597166022430194516e+03
3.112724659193141179e+03
2.387014038226444882e+03
2.586207515539265842e+03
2.920457395094880667e+03
2.531447068530373599e+03
2.620041125262427158e+03
2.808995755239818209e+03
2.962023818374950679e+03
2.736578775909522847e+03
2.308147778239805120e+03
3.036793676256918388e+03
3.244654826019589564e+03
2.378270911017192702e+03
2.859187753407327364e+03
2.797109239808411530e+03
2.768997392005850088e+03
2.552118441414362223e+03
2.903380396723650847e+03
2.806652855488418936e+03
2.669848568688965770e+03
2.840737340518186102e+03
2.701615854775502157e+03
2.754570717994440201e+03
2.811688642817161508e+03
2.788685170968202328e+03
2.889871868008014189e+03
2.348874803116192197e+03
2.946727015962243968e+03
2.657557477591899442e+03
2.696719964741196236e+03
2.795284057389973896e+03
2.665580414235236276e+03
2.399391225588816269e+03
2.694998092881024604e+03
3.165528596806238056e+03
2.709888545779202104e+03
2.806782355088767872e+03
2.591202276977543079e+03
3.110442765455844892e+03
2.917414645740254400e+03
2.611338999811789108e+03
2.664424935178550186e+03
2.699620633314677889e+03
2.818242715254649738e+03
2.732210268734293550e+03
2.704256249270103581e+03
2.601607273083260225e+03
2.298801901229076975e+03
3.054587954551067924e+03
2.962057246848473369e+03
2.555097150994295134e+03
2.637300017906021822e+03
2.927013564210185905e+03
2.360211751942818864e+03
2.916767820973985181e+03
3.154412810156890373e+03
2.503841510958771778e+03
2.605574772953160391e+03
2.413455616736530828e+03
2.736647752110312922e+03
2.920332165741197969e+03
2.606758081142045285e+03
2.719106899428381439e+03
3.134386389233827231e+03
2.231359609575524701e+03
2.746795047464216623e+03
2.885548144826649605e+03
2.775590073473887514e+03
2.717866893432097640e+03
2.603594823902308235e+03
2.796428606777577897e+03
2.980123245362572561e+03
2.482329559258806512e+03
2.895198933440001383e+03
2.507045997412260022e+03
2.696128739670360119e+03
2.995100810074956826e+03
3.135549298935175102e+03
2.495068349615290117e+03
2.445329964746890255e+03
3.039222048107861610e+03
2.862183993081663175e+03
2.804911221179754648e+03
2.803053706100103227e+03
2.932488558843499504e+03
2.907697949106431679e+03
2.573857815757389744e+03
2.407084413676396252e+03
2.817195556713002588e+03
3.038595404113019868e+03
2.889877730325257289e+03
2.688836115203786449e+03
2.681786783637635381e+03
2.475969340934064348e+03
3.056316559382991727e+03
2.647190191048495308e+03
2.286668232028968760e+03
3.220685536034851793e+03
2.549304228704767411e+03
2.389502791581233851e+03
3.011436259503886959e+03
2.754351860220034268e+03
3.015983162840058867e+03
2.915612661412635134e+03
2.405746400704872940e+03
2.273141072489013823e+03
3.003261254319514137e+03
2.838605990899588505e+03
2.574886185059195668e+03
2.825928984607787697e+03
2.610683643108802698e+03
2.935317168600986406e+03
2.560958009235966529e+03
2.897680750515410637e+03
2.766541825840301044e+03
2.631268548913068571e+03
3.212225966373913252e+03
2.807387283943874081e+03
2.637644116665814181e+03
2.519834751646798850e+03
2.950922321251191079e+03
3.102323446666260679e+03
2.443108826072686952e+03
2.381721752448676853e+03
2.754424643212295450e+03
2.658921933336447182e+03
2.856329249331171923e+03
3.000553751192029722e+03
2.685729025806031132e+03
3.008615460623254876e+03
2.721719556739469226e+03
2.355432762596979046e+03
3.059159813049859622e+03
2.703160294253392294e+03
2.894714381846124525e+03
2.609009282366086154e+03
2.860416471374673165e+03
3.187477226093378704e+03
2.335161459526574163e+03
2.578623756483986654e+03
2.706780388225116440e+03
2.386986178439727155e+03
2.578995586940101020e+03
2.897516972150571291e+03
2.295132373152384844e+03
3.080505900864836804e+03
2.427343815344897394e+03
2.587270726177755932e+03
3.302462963951026722e+03
2.745535473900495163e+03
2.766269111774256089e+03
2.980480894474446814e+03
2.844417393647615427e+03
2.749440846986781253e+03
2.787547118516958562e+03
3.066015906898970570e+03
2.216916979463601820e+03
2.911806101734155163e+03
2.588469415373348056e+03
2.836061860948922913e+03
3.102642732448268816e+03
2.559034612987793935e+03
2.757457935713090592e+03
2.217984479031107639e+03
3.190164275660144085e+03
2.529839700296178762e+03
2.402255507129700618e+03
2.185049557136740077e+03
3.154012544975465971e+03
2.698612307584442533e+03
2.718819339494546966e+03
3.143806345148494074e+03
2.838261049740092858e+03
2.675214595500164251e+03
2.829218213890382231e+03
2.997045026248310023e+03
2.487782715353638650e+03
2.523814091735976945e+03
2.797391453638373150e+03
3.021486217871615736e+03
2.776924497499776407e+03
2.850471885574756925e+03
2.558951712933706858e+03
2.685080516249548964e+03
2.665107162442781828e+03
3.039685284057471108e+03
2.603398560890210774e+03
2.545832990556966706e+03
2.601733778411226467e+03
