2.903030625206390141e+03
2.619992806613222001e+03
2.716989287502309253e+03
2.452574509918818876e+03
3.120606023035573799e+03
2.691643255224839777e+03
2.926187995975003560e+03
2.562599612089155016e+03
3.169498991857668898e+03
2.662230387827338291e+03
2.200816344412899980e+03
2.946916886897286531e+03
2.685583308273900457e+03
2.920568856416148719e+03
2.996740462725526868e+03
2.704621901574844742e+03
3.071353674388588843e+03
3.500580468069787457e+03
2.845463370231591398e+03
2.908840284473816155e+03
2.557996797262982454e+03
2.864524040708224675e+03
2.995024395319227551e+03
3.090719836500257770e+03
2.767022360622233009e+03
2.859468189645280290e+03
2.881560668281266317e+03
3.122314288814492102e+03
2.421122459407997212e+03
2.682032939934581918e+03
3.063848635825310339e+03
2.198629619974477009e+03
3.295368011289628612e+03
2.540787235624327423e+03
2.740750067863522872e+03
3.176025059247764148e+03
2.348041686069823299e+03
2.826867781423662109e+03
2.906439994276023299e+03
2.787651780476283875e+03
2.661729315260000021e+03
2.753547458117584938e+03
3.097399950982180599e+03
3.023392690115541427e+03
2.878128007730862009e+03
2.793003705709690621e+03
2.754135561980273451e+03
2.896772091300660577e+03
2.795685211960711968e+03
2.683720645768734812e+03
2.786130742946720602e+03
2.661210588016331712e+03
2.928846969206302674e+03
2.929032496139348950e+03
2.965386340285044753e+03
3.066910701542970401e+03
2.418473605459274040e+03
2.682387487484890244e+03
2.556362758499519259e+03
2.629286679755270598e+03
2.515576124057668039e+03
2.698927111283957402e+03
2.618324669077683211e+03
3.016843889365900850e+03
2.420747795701083760e+03
2.726126863796966063e+03
2.927813185421438448e+03
2.738985183562982456e+03
3.092896139331288396e+03
3.387107860931753748e+03
2.588929381333904075e+03
2.974828950976510896e+03
2.486816388365261901e+03
2.273369983074114316e+03
2.583496705229953477e+03
2.349037322088710880e+03
2.928613373105174560e+03
2.566906409077106218e+03
3.068235575648880058e+03
2.685879672154676427e+03
3.399236133417996371e+03
2.663111742581377257e+03
2.445080749273961374e+03
2.794214266000385578e+03
2.640496563851405426e+03
3.200652231456748723e+03
3.065094765265734168e+03
2.761535732242117774e+03
2.794717917743120779e+03
2.986474513966137238e+03
3.256693016408732092e+03
2.600361397235341883e+03
3.030104539055076202e+03
2.834349619130127849e+03
3.003312132747456417e+03
2.929575266590655701e+03
2.918150897616732436e+03
2.675914516413753972e+03
2.723952471364801113e+03
3.060738697268744545e+03
3.020035395265084844e+03
3.163592517061245417e+03
2.858793844571518093e+03
3.063710198592663801e+03
3.217682208124197132e+03
2.869004898058180061e+03
2.796557665194351557e+03
2.898671885669414223e+03
2.328769262538637122e+03
3.021230400179465050e+03
2.580166224541653264e+03
2.407685564999395865e+03
2.486125562399753107e+03
2.544222540521766859e+03
2.816409833265363886e+03
2.602933615414542146e+03
2.674239234921415118e+03
2.948504820356262826e+03
2.391153583073052687e+03
2.902094290985062798e+03
2.766523215702702146e+03
2.304393404177802495e+03
2.590802113804590590e+03
3.066217515427496892e+03
2.810265577649021452e+03
3.030744619460690046e+03
3.179532027371390541e+03
2.583117921779319659e+03
2.699290518116101339e+03
2.738103069966298335e+03
2.956962079420363807e+03
2.588848125973530841e+03
2.859929637181431190e+03
2.538337237294873830e+03
2.758243974511543911e+03
3.001083460293319149e+03
2.844441732645046159e+03
3.088480366843038610e+03
2.868375439380991338e+03
2.789077349909613076e+03
2.406295803720158347e+03
2.894678850745864111e+03
2.995750278469048681e+03
2.674343209239067619e+03
2.837494505571591617e+03
2.840634496184962700e+03
2.895279196428678461e+03
2.647464481039530256e+03
2.827200974664614932e+03
2.204973967664553584e+03
2.316579925095953513e+03
2.457717294201303048e+03
2.649953685474232771e+03
3.049089510174483166e+03
3.085159277580431990e+03
3.375760250130351778e+03
3.210789499304429228e+03
3.122458487934884033e+03
2.701685322361278850e+03
2.778102710435797235e+03
3.167365496417379291e+03
2.454648290480045489e+03
2.958632776718100558e+03
3.333401495847891056e+03
2.603799860109888414e+03
2.882769702516709913e+03
3.072065858088556979e+03
2.462862871401664052e+03
2.406451422363674283e+03
2.858995150677309084e+03
2.675347452702933879e+03
2.822902384082787648e+03
2.950654490030834040e+03
2.745108761184844298e+03
2.315754132793985718e+03
2.445378339707806390e+03
2.619818917715759198e+03
2.576777981066584289e+03
2.671213279995808989e+03
3.261681495259419989e+03
3.061967835989700234e+03
2.586000474021305308e+03
2.791221525793733690e+03
3.210960359026742935e+03
2.869784223847567318e+03
3.375900302604014541e+03
3.010530403516373553e+03
2.883438003640150782e+03
3.000645688392786269e+03
2.951274744855946665e+03
2.740360734893914923e+03
3.021938204948397924e+03
2.727324746981275439e+03
2.345509915754438680e+03
2.655132205548339698e+03
2.618094296862220745e+03
2.971889280551615229e+03
2.821685219373659493e+03
2.915384605640568225e+03
2.779501821639289574e+03
2.813751935989738740e+03
3.134685522586649313e+03
2.934900508121279927e+03
2.731733419122244868e+03
2.725152164388208803e+03
2.737112785514989810e+03
3.043654483007920135e+03
3.460816772393309293e+03
3.003169343517139623e+03
2.836753586382269532e+03
2.783091490887736200e+03
2.826957553054990967e+03
2.380034747358122786e+03
2.796296786277639058e+03
3.090835389286831742e+03
3.005218553996548053e+03
2.809720442353233921e+03
2.906551412253219041e+03
2.810475476937634539e+03
2.802917198406107673e+03
3.164412677882455228e+03
2.365280775940899730e+03
2.711315798116419501e+03
2.599750646157548090e+03
2.685791631280832917e+03
3.105460565529853739e+03
2.976580992632512334e+03
2.630781985007377443e+03
2.309304541215477002e+03
2.309668108897291859e+03
2.441940426943100192e+03
2.916466713184461241e+03
3.066797422291558178e+03
3.381803471074999834e+03
3.199448830808181810e+03
2.662756659992920504e+03
2.686587463133022538e+03
2.811478960182613264e+03
2.899624801663755534e+03
2.822340007741530826e+03
2.731070764230044915e+03
3.162163359297627721e+03
3.146807725822528937e+03
2.791024264133654469e+03
2.704726443264984482e+03
2.741293066098004147e+03
2.563842769370342012e+03
3.082684643695470641e+03
2.562993354873953194e+03
2.812320376187360125e+03
2.437073281277000206e+03
2.775868467326190967e+03
2.829596972853200441e+03
3.008985125506985241e+03
3.347623265625319164e+03
2.682736861520684215e+03
