2.788802681952353851e+03
3.163237252934041408e+03
3.059041342294438891e+03
2.716408365820700965e+03
2.977465898991100858e+03
2.653733245738340884e+03
3.031130619203609058e+03
2.716905629251114078e+03
2.836445629643671964e+03
2.196118846837446654e+03
2.684958564624085284e+03
2.575602607008215273e+03
2.781615443204105759e+03
2.457991506545073207e+03
3.150386654517387342e+03
2.904528429039671209e+03
2.981635177967197706e+03
2.823690737168913984e+03
2.750442120032638741e+03
3.095018872049240144e+03
2.775957259781016546e+03
3.094071646145601790e+03
2.790085690112473458e+03
2.704045382713235085e+03
2.790779442199050209e+03
2.759675037948859881e+03
2.932500533794071998e+03
2.916116658871489562e+03
2.664261132490316413e+03
2.801106693045483553e+03
3.276675584060924848e+03
2.892556313062863865e+03
3.369240809516392346e+03
2.832173009457752869e+03
2.524778131401208157e+03
2.694298257320082939e+03
3.027233709833921239e+03
3.080153812906539315e+03
2.562274182263013245e+03
2.734892918678765909e+03
2.332795560969221242e+03
2.780975148171511137e+03
2.846002739683196523e+03
3.154825719965794178e+03
2.844406567494297633e+03
2.686042340158821389e+03
2.937363358043138760e+03
2.801316095110165406e+03
2.805808267257820262e+03
2.430268427369986057e+03
2.145479000915286633e+03
2.931247520601740689e+03
2.943940896579127184e+03
3.044139249584701702e+03
3.259786766428844658e+03
2.681761223690441966e+03
2.961948109332415243e+03
2.430994498001927241e+03
2.591392448805709591e+03
3.423912146091282466e+03
2.554695751171091160e+03
2.991217095215408335e+03
2.982077680232814600e+03
2.980106855072431244e+03
3.327818650482995054e+03
2.352350889362035559e+03
2.434339479934653809e+03
2.844837150830197515e+03
2.758593459230988174e+03
3.058837789684476775e+03
2.692755912489941693e+03
2.650579006482141267e+03
2.892632814967172635e+03
2.462165577936392765e+03
2.459464998946250489e+03
3.431901145373066811e+03
2.712905875895497047e+03
2.835661141356440567e+03
3.068841430387442870e+03
2.745146778874865959e+03
2.671619463737746628e+03
2.292285381592802423e+03
2.597066890059070829e+03
2.560583944465357490e+03
2.964126524083394088e+03
3.158735204475734008e+03
2.707530299992633445e+03
2.812252724319854678e+03
2.902864152486691182e+03
2.722929365928021070e+03
3.141899198000373417e+03
2.430215143714204260e+03
3.383275581234938727e+03
3.158582236698202905e+03
3.134879128966627832e+03
2.927930904109547555e+03
2.943570020727068368e+03
2.888808152759789209e+03
2.363612656494377916e+03
2.959021298233574271e+03
2.737937899989445668e+03
3.084887851568260885e+03
2.817687316257700331e+03
2.782031389178176141e+03
2.743872861907727383e+03
2.755326101464613203e+03
2.747304258896569536e+03
3.514772162878415656e+03
2.523939617813930454e+03
2.845866846598494703e+03
3.165327973097638278e+03
2.530645265028073027e+03
2.553054937749117016e+03
2.980223026308744011e+03
3.450798354200531321e+03
2.479107659334309574e+03
3.014801231604951226e+03
3.236398344117011675e+03
2.428932946339482896e+03
2.629037832600367437e+03
2.535758834984708301e+03
2.511420595876810239e+03
2.216254771815199547e+03
2.638200087486827670e+03
2.776103126135390085e+03
3.048044998681478774e+03
2.847080305898191455e+03
2.711929941273851910e+03
2.603516179611269763e+03
3.077866478491301677e+03
3.748836925396112292e+03
2.882271471820759416e+03
2.856130661090969625e+03
2.226168628522893414e+03
2.624086652758571290e+03
2.790372985185238576e+03
2.661320239652452983e+03
3.463061393468929055e+03
2.944635309472959307e+03
2.521660855247629570e+03
2.962277435605009941e+03
2.346675346244918728e+03
2.610100155938328953e+03
2.404496651268364076e+03
2.791034214986805182e+03
2.999384351415798847e+03
2.710274938605537955e+03
2.630582470916578586e+03
2.573322982619640698e+03
2.640983464612045282e+03
2.891722657661900485e+03
2.756866382050075572e+03
2.495820787537666547e+03
3.102438813428828325e+03
2.981595666852872000e+03
2.647386071885749971e+03
3.147918320176692760e+03
2.386857377693714625e+03
2.801309553213713116e+03
2.828521364110737522e+03
2.880562656818371124e+03
2.785310995006255325e+03
3.334538918361809465e+03
2.747067138004686967e+03
2.531843099336960222e+03
2.370438533034554439e+03
2.428083632201953606e+03
2.677831093817452711e+03
2.454512965849519787e+03
3.340964540937649872e+03
3.188875824869839562e+03
2.561754193962523459e+03
3.691166985162590208e+03
2.359801697241670809e+03
2.387565006544924927e+03
3.343162973406906531e+03
2.871696566209298908e+03
2.596017604476352972e+03
2.891049093855929186e+03
2.878707014851644544e+03
2.776038332333026574e+03
3.028674204300173642e+03
2.803939093919657353e+03
2.992139327062428492e+03
2.759437578413576830e+03
3.412462913427420062e+03
3.029756204676923517e+03
2.799203555876257269e+03
2.606533742038973287e+03
2.865396293585769854e+03
2.643629708598314210e+03
2.954494041004040810e+03
2.677043088416904084e+03
2.852008252391449332e+03
2.867314090253126324e+03
3.037415267903787935e+03
2.861968714072264902e+03
2.979033648861678557e+03
2.773493496895601311e+03
3.087809348058548494e+03
2.631860374172727461e+03
2.696863516851972236e+03
2.885079105843669822e+03
2.504750924082090933e+03
2.788910402287701800e+03
2.715452971569877263e+03
2.753532670457203949e+03
2.793557863690733029e+03
2.670723253612661210e+03
3.173523102294484943e+03
3.174151403239156480e+03
2.635320707211636545e+03
2.967435452770127085e+03
2.240567400070119675e+03
2.899800926452146996e+03
2.913219474605777577e+03
2.747161934373670192e+03
3.088112459843070610e+03
2.891483807364916174e+03
2.277556967091421029e+03
3.228987726826710059e+03
2.564640343458721873e+03
2.292686386765883526e+03
3.010610028426990539e+03
2.668070591539319139e+03
2.719544886759049859e+03
2.705885136525797861e+03
3.000954186954659235e+03
2.694641223163459927e+03
2.844570457747044657e+03
2.943748763824416528e+03
2.778110035064020394e+03
2.880624245468828121e+03
2.873404193077663876e+03
2.856033750332626369e+03
2.921452764646487594e+03
2.757224511105644524e+03
2.753084098535323392e+03
2.443077256606997253e+03
2.372650312419928014e+03
2.813989073565912804e+03
3.063349933107545439e+03
2.963597894289722717e+03
2.587470139611474679e+03
2.746589010920748478e+03
2.549132179555213497e+03
2.243459814164178624e+03
3.304456309925717505e+03
2.712876605163631666e+03
2.914420872201065777e+03
3.089167286920237530e+03
2.611443955629839365e+03
3.060140636590754184e+03
2.724261516528177708e+03
2.476147570626791548e+03
2.980585985407967200e+03
