2.985239045751602589e+03
2.452644786224800100e+03
3.068793942778164819e+03
2.717644882965701527e+03
2.682643161153773690e+03
3.001763216577933235e+03
3.066790402248387181e+03
2.343776512008580539e+03
2.316290455625055984e+03
2.752632843631997275e+03
3.171616864470403925e+03
2.441389752755036170e+03
2.634577063160408670e+03
2.964782756833461008e+03
2.356576814238914267e+03
2.912900806201652358e+03
2.864518641336553628e+03
2.570536900984781823e+03
2.787330019278747841e+03
2.532217252078719412e+03
2.959348535950460246e+03
2.458987770422912945e+03
2.422544117783727415e+03
2.763903185135241984e+03
2.646281857013782883e+03
3.043629344219286850e+03
3.097967249649590485e+03
2.614018368802525401e+03
3.179426939641423814e+03
2.496778866395487967e+03
2.818186569702069391e+03
2.783864860468643656e+03
2.625338666179005486e+03
2.889929063820800366e+03
3.191916804214501099e+03
2.557692536743319124e+03
2.832422705019299428e+03
2.535007859260380428e+03
2.712571330675489662e+03
2.948244423804501821e+03
2.581189855939995141e+03
3.068871846756237574e+03
2.361689962489029767e+03
3.392730519483430726e+03
2.715338586244234648e+03
2.724435722849713329e+03
3.008210040528182162e+03
2.762018876373002513e+03
2.565901532816212239e+03
2.424371299229250781e+03
2.321301064460857106e+03
3.017231001648579877e+03
2.787246258256021974e+03
2.534085126251087786e+03
2.651640638626747204e+03
2.865392462338323639e+03
2.652179391869661231e+03
3.105188661010814940e+03
2.284063372141544278e+03
3.216520525712043309e+03
2.652399797498291719e+03
3.046482287602129873e+03
2.609033041446686639e+03
3.070321994055877440e+03
3.005359946015651076e+03
2.692124524473070323e+03
2.319258747835584472e+03
2.549880537429157357e+03
2.750268636619491190e+03
2.531886908031126040e+03
2.743479859575153114e+03
3.089139354554228703e+03
2.917780739163303224e+03
2.639304872289495506e+03
3.032322298343509829e+03
3.092881051846837181e+03
3.047983743904398580e+03
2.947510135275982975e+03
2.761065236944955359e+03
2.606256772451853521e+03
2.573167376418097774e+03
3.044085448965126034e+03
3.241162240269937683e+03
2.512810124142721179e+03
2.675439072036929247e+03
3.027290109241191658e+03
2.296057961223697930e+03
3.225354366281654620e+03
3.043586441790122990e+03
2.384487259776666178e+03
2.784789665508646976e+03
2.627031777712357325e+03
2.879618202451437810e+03
2.813907121346217536e+03
2.874699825987800068e+03
2.967548104045937635e+03
2.527065603163790911e+03
2.982210244689433239e+03
2.753329959976369537e+03
3.315812631659351609e+03
3.026914663579233093e+03
2.729375836205889755e+03
2.709484233288363157e+03
3.240139290714877006e+03
2.674931935184871691e+03
3.198483202861346854e+03
2.785569238101520114e+03
2.548234921221945115e+03
3.241881041149160865e+03
2.627621894051211711e+03
2.663289159508888588e+03
2.980328431362800075e+03
2.373026802621511706e+03
3.068170126052424166e+03
2.513872404483945047e+03
2.897167525706702691e+03
2.183319795572556814e+03
3.008960642329010170e+03
3.032043114204476296e+03
2.669170742538988634e+03
2.129197028751549624e+03
3.163726464281079643e+03
2.937218353749738526e+03
2.480291265905176715e+03
2.852874044095367935e+03
2.495834606568041636e+03
3.047519138326916618e+03
2.534849821814091229e+03
2.684880334237754596e+03
2.862056735427543572e+03
3.013671927083355968e+03
2.772964117710354913e+03
2.553177330350060402e+03
2.890929010676368762e+03
3.118014093382865212e+03
2.208116477830198619e+03
2.458197707352995167e+03
3.004817590115429084e+03
2.650738472105492292e+03
2.983217048286010140e+03
3.371787528419567934e+03
2.604104257527972095e+03
2.770293605294080407e+03
2.630841853031062783e+03
2.999292311373651501e+03
2.580328353758003686e+03
2.663998483001986642e+03
2.730297799411474443e+03
2.749802523744277096e+03
2.935401203231715954e+03
2.767638393381660080e+03
2.459913412748489918e+03
2.837760699001348712e+03
2.790594524608422034e+03
3.045716905909625439e+03
2.625205102903964871e+03
2.357107420892800292e+03
2.704544855979205295e+03
3.226311785818785211e+03
2.501202891665311654e+03
3.117117290747058178e+03
2.408591139442512940e+03
2.823353534420574306e+03
2.481424206643049729e+03
3.000553404643700560e+03
2.397843875841228964e+03
2.293854007263943913e+03
3.251616634082146447e+03
2.792107305348475165e+03
2.653488061737823955e+03
2.223076582282943946e+03
3.271288867542708431e+03
2.430130997722990742e+03
2.895688309171432138e+03
2.897280040095278309e+03
2.913059015363247454e+03
2.897141323406240645e+03
2.740500374589553758e+03
2.779018309816643068e+03
2.807169870257580442e+03
2.868635655223244157e+03
2.610401379567269942e+03
2.594181138648187698e+03
2.994158204236650818e+03
2.768672136377974311e+03
2.764546589807369855e+03
2.807620748480191651e+03
3.237396422668886316e+03
2.547887523716584838e+03
2.917975561112569721e+03
2.712408720024311151e+03
2.826074182633017699e+03
2.666576749721940359e+03
2.733586070415280119e+03
2.994946064328843477e+03
2.613229564655141075e+03
3.046435068742989188e+03
3.064433440269428502e+03
2.800894450785839581e+03
3.380552151267652334e+03
2.668135327758266158e+03
2.708912233775844470e+03
2.881466911401766083e+03
2.897478615542147963e+03
2.761622135945827267e+03
2.895662844567253160e+03
3.269410410021542248e+03
2.529235511675638008e+03
2.534624773336955968e+03
2.818308429398021872e+03
2.858033534145530211e+03
2.909428120711052543e+03
3.238585825184360601e+03
2.354408100864841799e+03
2.289194489293348397e+03
2.841246579188371925e+03
3.471018867771978876e+03
2.226646049739062164e+03
2.529029346825670928e+03
3.282131713983733789e+03
2.854215851191341699e+03
2.765808263472799808e+03
3.382401780706144109e+03
2.479391719583505164e+03
2.615028642321983625e+03
2.887372338472477168e+03
2.832209644284204842e+03
3.095892342705318697e+03
2.323214964285806218e+03
3.253870513225489958e+03
2.665665391566622475e+03
2.909655462652005554e+03
2.699068066659397573e+03
2.902131906942898695e+03
2.703548782076448788e+03
2.675087805509313057e+03
2.371990371915410833e+03
3.268561706538839644e+03
3.090334131134038216e+03
2.466562861981659807e+03
2.912603495267624567e+03
2.833441239403234704e+03
2.696214311833998636e+03
2.585843343042527977e+03
2.195481367222960216e+03
3.417609381840863989e+03
2.950109348972517637e+03
2.817385633222973411e+03
2.857085248693450012e+03
2.607315146655999342e+03
2.871881750824105438e+03
2.788568541055196420e+03
2.813323215567725583e+03
2.609904258759185723e+03
2.640724672756894961e+03
2.986930118411517014e+03
