3.085877910832666203e+03
2.896418940398593350e+03
2.488832370415307196e+03
3.327103159682543719e+03
2.456799972198225987e+03
3.007755308053764566e+03
2.930533111957216533e+03
3.131281746129306157e+03
2.598828411041009076e+03
2.875048690969460040e+03
3.558047584809226464e+03
2.295847100928437612e+03
3.139962755464059683e+03
2.689488009819212493e+03
3.116056272916578109e+03
2.633599138090925862e+03
2.842029493780315988e+03
2.353830614377343863e+03
2.974471861605401500e+03
3.161475439090449981e+03
2.740742879553401053e+03
2.787786894758544349e+03
3.136926437885339510e+03
2.690927966387108881e+03
2.620351232952265946e+03
2.690885423295464534e+03
3.070592280048465000e+03
2.594311614521644969e+03
2.490183135743946877e+03
2.942131427364316096e+03
2.649929213938000430e+03
2.747406773454024915e+03
2.597760535729319599e+03
3.146621907425684640e+03
3.086691450658577196e+03
2.849031125997003528e+03
3.254285766467479789e+03
2.860860765265611008e+03
2.767287668758395284e+03
2.822910492106012953e+03
3.271075719420697169e+03
2.569781979196720386e+03
2.801896635979837356e+03
2.639501931929128659e+03
2.902121007388056114e+03
2.845810571399177206e+03
3.314073213215255237e+03
2.665256687667095775e+03
2.935125597820402618e+03
3.187739817705900350e+03
2.782714078079410228e+03
2.920913830830503684e+03
2.547370316490960249e+03
2.966681605374150422e+03
2.352631744121518295e+03
3.506611347696973553e+03
2.824328824283356880e+03
2.681525336234839415e+03
3.077061808607174953e+03
2.695649920312137965e+03
3.011745648638473540e+03
2.811583827038233721e+03
3.006140710347310232e+03
2.322573953925676051e+03
2.850428702887950749e+03
2.615414517107249594e+03
2.766907762812936198e+03
2.632088942298812071e+03
3.116685877693658767e+03
2.417486723603536120e+03
2.983459745670411849e+03
3.046270766770344380e+03
2.403560143099896322e+03
3.039176840497323155e+03
2.857176000075525280e+03
3.172790643586792612e+03
2.791550502355325079e+03
2.886785643701094159e+03
2.912533312662397748e+03
2.536413849738413319e+03
2.853894681647628659e+03
2.750500891544249953e+03
3.230670319260583710e+03
2.259120276113399996e+03
2.725506809008068103e+03
2.745814469609359548e+03
2.921629770787099460e+03
2.672338972910312805e+03
2.876333885239442225e+03
3.035419929565096027e+03
2.448210581052844645e+03
2.976122202196272156e+03
2.608457963819284487e+03
2.966148532612513009e+03
3.070784499832826441e+03
2.511105826899191470e+03
3.301831504890851647e+03
2.698346719566140109e+03
2.872117023532207895e+03
2.917255996074120048e+03
2.799155302989150186e+03
2.995226672172342205e+03
3.149570737066229412e+03
2.478182018838112072e+03
2.818817712470003698e+03
2.917424624958151526e+03
2.712491341896957692e+03
2.991210264579437535e+03
2.867295356380293470e+03
2.542501810313346141e+03
3.057133115437510241e+03
2.613030318372270813e+03
3.099116071144692796e+03
2.274505113693547173e+03
2.924997048433783675e+03
2.739198983350381241e+03
2.863199386662623965e+03
2.888040772337806175e+03
2.976600788061010917e+03
2.627705646675503885e+03
2.312171764939358127e+03
3.538919366662492394e+03
3.049335549818792970e+03
2.859144708211449142e+03
2.623810251749632698e+03
3.072024003052995795e+03
2.880805977809524848e+03
2.918399906918068154e+03
2.927046120548302497e+03
2.443763839422685578e+03
2.598759655732173542e+03
2.961179272134529128e+03
2.467314319747631089e+03
3.276322875074703006e+03
2.657101965341174491e+03
2.890944809199232168e+03
2.808879489742431360e+03
2.824388417468627267e+03
3.222483627247232562e+03
2.634690539922507924e+03
3.342607029196181429e+03
2.379622475573355587e+03
2.803409018433484562e+03
2.937156530209334051e+03
2.872911741873984283e+03
2.499397223491337627e+03
2.906709287646055600e+03
3.198796202181030822e+03
2.624365458226277951e+03
2.906560166784671310e+03
2.546775816197452059e+03
3.063030470827958197e+03
2.841880875896385987e+03
2.830111899932084725e+03
3.101763763344723884e+03
2.587374971180186094e+03
2.999077081639509743e+03
2.550502271843733070e+03
2.754656099875813197e+03
2.786966840724026042e+03
2.483965563697557172e+03
3.211142046661324912e+03
2.788973177400331679e+03
3.081753076191272157e+03
3.207867098539919880e+03
3.056071241620818000e+03
2.304967635106232592e+03
3.526263587273348094e+03
3.214832396996506304e+03
2.550110127092857056e+03
2.948655110945991510e+03
2.739115834633199029e+03
2.652567056039832551e+03
2.740697645448077765e+03
3.233535205470899200e+03
2.227497245237151674e+03
2.927488133652435408e+03
3.169717709274155823e+03
3.144042042925744227e+03
2.464174468836453798e+03
2.705380386994079799e+03
2.929683872393939964e+03
2.568117565425769499e+03
3.307041442291173553e+03
3.117990959861244392e+03
2.714479076801188967e+03
2.674935631535332959e+03
3.311631571583301593e+03
3.174800302846309023e+03
2.738405931566806885e+03
3.104530252939846832e+03
2.531395246561701697e+03
2.683719601993493598e+03
3.322516113641514494e+03
2.955155901308407465e+03
2.783466454640448319e+03
2.961340830713748346e+03
2.747121990429600373e+03
2.840569017400257508e+03
2.672045227566797621e+03
2.706472027854377302e+03
2.889579883217284532e+03
2.688142792576171814e+03
3.118461968228071328e+03
2.987115717527653942e+03
3.030946597116085741e+03
3.015906341880477157e+03
2.360745968028942571e+03
3.019472326327750125e+03
2.492106236577480558e+03
3.395273301757918489e+03
2.680171589705195402e+03
3.439323611014851849e+03
2.222672694324715394e+03
2.511716247931365160e+03
2.836112232444945221e+03
2.445998445633446863e+03
3.085804245325858574e+03
2.484573066117694907e+03
3.185084318827482548e+03
2.347225136777699845e+03
3.236677995313384599e+03
3.457378035545987586e+03
2.854685755747215808e+03
2.886044418328650863e+03
2.511551548846485275e+03
3.037716266816459211e+03
3.145982896539640478e+03
3.138109650722713923e+03
2.308286527094255234e+03
2.610790307771139396e+03
2.734895300823417529e+03
2.318922546258266266e+03
3.477033480686583061e+03
2.880840631455497260e+03
2.800240538512877720e+03
2.899684024029279044e+03
2.828715064430019083e+03
2.787727168973787229e+03
3.059241381758679381e+03
2.848215176345205691e+03
2.829829064408322665e+03
2.853887402075774844e+03
2.980355185210987202e+03
2.894885749508335721e+03
2.766756770352419153e+03
3.410631415067361104e+03
2.797731722185636045e+03
2.648417887762169812e+03
2.736351848959306153e+03
2.723107935233057106e+03
2.602386550079318113e+03
2.648316958305864318e+03
2.828383061175795319e+03
2.329437647860461311e+03
2.991772157811348279e+03
