3.982199080646743067e+06
7.344510195078187280e+03
1.122791733173287101e+07
1.818403357961563452e+05
4.847808676715718466e+05
8.555847249533632770e+06
2.191243860355214856e+05
1.330236216065945923e+08
2.658949988629680774e+03
6.248699020919979364e+07
4.936251238634095644e+05
2.965727573569193017e+06
3.225181528531574011e+08
2.982211883490138007e+03
1.006944517422823083e+04
5.335440986865217797e+06
8.722702253871485300e+04
1.644778822150558233e+07
2.308599477853441238e+08
5.852033902619012224e+03
1.263840972820577590e+05
2.807924154016035143e+06
1.129651687566797591e+04
2.520792058110255748e+07
3.271710232882591081e+05
4.555789404774548411e+08
9.172064635159485042e+06
6.013263439472850223e+03
7.986355977469545603e+07
3.032828963194193202e+05
8.547179667785754427e+06
1.602524876933618507e+05
9.790286958224419504e+06
3.836963838927516917e+04
3.461245277934685349e+07
4.755947718918629689e+05
3.052959435475704726e+06
1.839657471242661268e+04
2.717654084884545300e+05
2.340506406922760606e+08
1.094728771524075819e+04
8.360789121037894487e+07
1.175269151618474163e+06
3.569305100275675650e+05
6.690814628705669641e+08
3.621473121943088245e+03
1.406356790755819202e+04
1.609447173265367188e+07
6.474031477363914018e+04
1.672118691006139386e+06
2.158194304167798460e+08
2.372079692423129927e+03
7.385563066071384819e+05
6.264716609193744138e+06
2.370999480954222236e+03
2.706928474457577243e+07
8.732713647956438945e+04
4.175976931028151512e+08
4.593926384952655062e+06
9.780601312623351812e+06
5.046765998444077373e+07
2.115807867208480020e+05
4.663544717464299756e+05
1.816938263482273323e+05
7.316386323830229230e+05
1.584034273368231952e+06
1.428582309651509523e+08
2.929064353170151662e+03
1.584531504675002769e+07
2.966398618568402071e+03
6.804416558889467524e+03
6.560506364624413252e+08
5.145135937540352461e+05
3.369407470331765711e+07
8.808586533979831438e+04
9.854088046121646184e+05
3.093134490135042667e+08
3.522937545450332982e+04
1.679719253745360300e+07
2.705655878120879177e+06
3.195625162239769998e+04
6.984799146482031792e+06
3.939426122781274915e+08
5.431760282856725098e+04
2.026146479041200655e+05
3.581306824994334020e+06
1.411249244312816765e+06
6.585598972142267227e+07
3.222590133014971798e+03
2.116046223545485437e+08
9.119015124300470576e+06
1.421494404571380874e+05
1.943152976766987517e+07
3.271683312871901217e+04
3.573362388034654781e+06
1.538736949645580899e+05
9.748599055674185511e+05
3.493168120159514365e+05
4.920768094969582558e+07
4.153489738325952203e+03
2.568270309419583902e+07
1.905154989688909336e+04
1.170469161866809918e+04
3.906875542003681064e+08
1.446817946516428783e+05
1.730508221093640104e+07
6.549418131201055985e+03
2.390239513754890114e+07
1.345417515739815235e+08
1.125108943128073588e+06
7.748299967304851452e+04
1.239605711066218326e+06
5.461417280878379941e+06
7.576514271529397927e+06
5.582252019039252996e+08
2.058855713691696583e+05
3.613302690994497389e+05
2.354113928138761548e+05
7.709273667904132162e+04
7.433059574257533252e+07
2.792371377586392555e+03
2.116521965449253321e+08
3.436474840598908253e+06
3.366999227575102123e+04
4.440993021714937687e+07
2.808012453618304335e+03
6.918458440008800477e+06
1.043709165671378578e+05
6.285906532739055902e+07
2.560932935679766615e+03
1.797418560989785474e+06
2.079628804853833979e+06
5.156299260948931988e+03
2.871663405936890244e+08
7.294507655120812356e+06
1.814056174491563434e+04
1.927402709462552593e+04
4.270124681163002737e+06
3.707015935273419134e+06
1.347617412004587799e+07
3.100742366282321978e+06
5.202335997978246887e+05
1.344359755190297961e+08
9.977989311192586320e+05
4.504040030682962537e+08
1.968398091720934826e+04
1.094905073990422388e+05
8.421838268995946273e+06
2.216140923500589997e+04
9.226802614196999371e+07
2.448538028839029139e+05
3.000057019321188703e+07
3.849144118830926251e+06
2.024268987194447254e+05
2.651861237172449819e+03
2.599909847271686196e+08
2.140799783540456090e+06
8.173883201282389928e+04
6.468717206555742025e+07
2.590540825614316873e+03
1.228525704725568295e+08
2.551192765214934298e+03
2.112500827686871053e+05
9.177877414684360847e+05
4.042743154045597294e+03
7.282163510237621069e+08
1.014048186237022467e+07
6.784428520234288590e+04
3.195600632520845102e+04
2.115655052643792331e+07
8.781589291321423661e+04
3.986592807890652865e+07
3.343417355935606174e+05
2.566055338347996585e+06
2.305213673112202585e+08
5.096082706990364386e+03
4.166586925069842339e+08
9.162086700009719934e+05
2.076703842719844310e+06
4.383246852034352720e+06
2.798186976237242576e+06
6.001693872627744824e+07
3.087415518370760255e+05
5.046650077049003448e+05
2.352255082114137243e+06
8.536239025501254946e+04
2.634692487563551367e+03
1.510017392107243538e+08
4.451279921145467088e+06
4.794528541634807363e+06
2.630016860040738061e+07
3.059994193089077271e+03
3.971893426346708089e+07
3.355965137377156876e+06
1.029447222158704535e+06
1.459649982996225590e+05
8.355744420530454954e+05
3.028477338614412546e+08
2.434682644915495533e+06
2.533038469530445989e+06
1.279121070720102824e+07
2.799066652305477182e+05
5.103312494477053406e+03
1.385697014090972543e+08
2.864257456224690031e+03
1.918280889944895729e+07
6.027551518753169775e+08
1.317707398566923621e+04
2.473498281115217209e+08
2.991964546846422763e+03
9.934750294471853413e+05
1.211734031970865559e+06
5.990139035582460565e+03
2.795741662305642664e+07
9.460333450952361454e+04
2.966373245109035168e+06
6.908092718644160777e+06
1.653236017987314845e+05
1.349995742805911686e+04
4.023763408505106568e+08
2.503376853652632609e+07
1.744816401355492126e+05
8.012969079284775257e+07
3.650119682365860353e+04
2.160384797844947502e+07
5.557806441048280249e+03
8.474648130197991431e+07
1.008434414820594975e+04
1.213277879505288001e+05
1.338452298853395730e+08
1.118887353687169030e+06
7.259384366373551893e+04
2.944563640311385971e+05
7.296417653843730222e+05
2.817268426655252370e+03
8.475312659477731586e+07
1.071806715365686832e+05
5.638529540560679510e+06
4.423294779291307330e+08
2.720190382670714826e+03
2.068492589674889147e+08
3.080663006007237982e+03
3.900525040711955808e+04
4.227199494049052708e+06
2.423776903777255939e+03
4.117663278092626482e+07
3.193230974769564345e+06
2.783065801257363055e+06
7.340167117285604589e+06
3.295939948327381280e+05
4.877020670383417979e+06
5.414622956599304676e+08
1.942474570429081214e+05
4.984202106170873158e+05
8.314266464297965169e+07
4.313150920296490076e+05
