2.210833957228396833e+07
2.912726604063203922e+03
2.088725095375702716e+06
5.892505839511253871e+05
2.728363375836609339e+04
1.821820388606316969e+07
1.286583175694670645e+05
3.721424029146258533e+07
3.650729386550919571e+03
1.600606161614969559e+07
2.635185205216006143e+05
1.282392178164741956e+07
1.282337957764316499e+08
2.668683728704680107e+03
2.252118410918722802e+05
8.164814490432039602e+05
9.537450313182206592e+05
1.036758651511961780e+07
7.164571967697687447e+07
4.697367233074985052e+03
7.554998640278930543e+04
1.565866769069124758e+07
6.001540979815470928e+04
7.654971381692913361e+06
8.765752452602670528e+05
1.529042892699115574e+08
1.532132291913817637e+06
5.352823202971626597e+04
2.033838154355904460e+07
1.808135713596959831e+05
2.016796699001712352e+07
8.843427568851335309e+03
2.796003382716407999e+07
1.214388879701498990e+04
7.419636567908532917e+06
2.918132916393036721e+05
3.808269437000557664e+05
2.937111124204809312e+05
7.724049537712772144e+05
7.058541139609181881e+07
4.801843665953898017e+04
2.184801314669922367e+07
2.260167580172778398e+05
2.987943545713617466e+06
2.425174417212105691e+08
2.923425774236045527e+03
1.305357133846643119e+05
7.118276378768329509e+06
9.442392947368760360e+05
1.894842915702321334e+05
1.005389605415755212e+08
2.922804841696560743e+03
4.264083127462432021e+05
2.714164969805606082e+07
1.214277321900177412e+04
5.926447758136659861e+06
4.902951475814526930e+04
1.405658644352623522e+08
5.748330126601095544e+05
1.844875247615257651e+07
1.140318050007734261e+07
6.160182625777211506e+05
4.111142993823517114e+06
9.849145586062364600e+03
3.870586303840475157e+06
8.019642144990452798e+05
4.171088280155484378e+07
2.857097777601327834e+03
3.046257725905317813e+06
2.343098247295763213e+04
2.706551809236525514e+03
2.755682075293872952e+08
1.322712097074473044e+06
6.962306343532508239e+06
5.448578912021546785e+03
7.364801881982807070e+06
9.984353650971029699e+07
2.047281421774772753e+04
3.038793938647499681e+07
2.907629971821536310e+05
7.366393025570994359e+04
1.059026926351553760e+06
1.287277773249942511e+08
1.749561370847264770e+05
6.345663910346269404e+04
1.178827264066493884e+07
8.748662974492001813e+05
1.597649841605725884e+07
2.789819560039915814e+03
6.503204698687934130e+07
5.487270702008488588e+06
1.303775154991969466e+06
4.815345640706635080e+06
1.445411851678880630e+05
1.885601527214764804e+07
2.140252514822720259e+05
6.775574398223992437e+06
5.066745584225869243e+04
1.510166627894778363e+07
1.799988695745260702e+04
1.587963274242857099e+07
2.907786878546556691e+05
7.200682389844192585e+03
1.309025646096511185e+08
9.241359117252213764e+04
3.213662139467066620e+06
3.527749949996211399e+03
6.101304338705258071e+07
3.704927338985439390e+07
2.638177297395506874e+06
1.094912274271184346e+06
1.248824689447530400e+05
1.082548169845551811e+07
1.087092585557163227e+06
1.954216297813457549e+08
1.148901677641048154e+05
2.233040526653718553e+04
2.190557178274728358e+06
2.631759575508867856e+05
1.823481689015685022e+07
3.099358688927693038e+03
7.367680406902348995e+07
4.900856645469990326e+05
5.495400409245259361e+05
1.083335769519605860e+07
7.533211517703157369e+03
2.403070966805778816e+07
5.106646607038514776e+04
1.593808892011623457e+07
3.077646917035578554e+03
9.703500507018102333e+06
1.234526057840651833e+06
7.636092977664511636e+03
9.057146240179397166e+07
1.288251323390017496e+06
2.978834266515999916e+05
3.075979882640231153e+03
2.292831907943255082e+07
7.588475052980108187e+06
2.254325971431816462e+06
8.268339931673559360e+06
5.268756351205678220e+04
3.737547605987635255e+07
6.056459105434179073e+05
1.500377311654358506e+08
3.938873608058157697e+04
9.418766676975610608e+04
1.313651889696111437e+06
1.381128202984207201e+04
2.447620153017188609e+07
1.170893639732446354e+04
5.499036012278857827e+07
1.839278907558132662e+06
1.304583921838705661e+06
2.817988039731217668e+03
8.291363647907300293e+07
1.300172906334950775e+07
7.365098377360027371e+03
3.534212931417389959e+07
1.067524195704932390e+04
5.013242495146660507e+07
2.974676991863666444e+03
2.179342562103264965e+06
9.453002601097826846e+04
2.743221725238053750e+03
2.680529788980426788e+08
2.637462491087907925e+06
3.060008939648636151e+05
2.995704613547459303e+03
4.653189432423824072e+07
5.418652607347002777e+04
8.934131742819728330e+06
3.799845203920654021e+05
2.759439891052074963e+05
6.992004215740154684e+07
1.624646550290336927e+04
1.392047932465839684e+08
5.436639588664887706e+05
4.727061797867670655e+06
5.291741138158895774e+05
5.886732136177500710e+06
1.422213393539792299e+07
2.276706550103739937e+04
4.322581543634098954e+06
3.190314292322256370e+05
1.058541825447118841e+06
4.420434842810716873e+03
4.722154902659442276e+07
2.197046874569018930e+07
3.009887615812805947e+06
5.597149796061943285e+06
6.961987010849433318e+03
8.633358236068978906e+06
6.917484733366007917e+06
7.448063438632938080e+06
1.011115016166157875e+04
4.973520863617136492e+05
9.642220161932466924e+07
2.470120406887064164e+05
5.835966491373272613e+06
8.183663131257174537e+06
2.391379517910136841e+06
4.101588573316312250e+03
3.968300296514061093e+07
2.981504405444626536e+04
3.945591571454063989e+06
2.193662647804417908e+08
2.604940945299535997e+03
7.898505518031436205e+07
2.564998796185817355e+03
3.336027041829287540e+06
2.466993395837443240e+05
3.861498428423304722e+04
1.034059563668033481e+07
3.484789545541813277e+04
1.649061528879912198e+07
1.014610936812941218e+06
1.384115316434702836e+05
2.581809851151195471e+04
1.318623196013801843e+08
4.778540148433849961e+07
7.853740289806886722e+03
2.066946361109434441e+07
2.259533887974280879e+04
4.364891500483166426e+06
1.020941959016820692e+04
1.541142498811767995e+08
2.830084162373085746e+03
3.885596582433290314e+05
3.651524793958654255e+07
1.007026820047736692e+05
8.422136143982458161e+05
2.438343815330467623e+04
5.592319185756679624e+06
4.187160024603852435e+03
3.991919511281842738e+07
5.919633626327224774e+05
1.986951591525394237e+06
1.522722048039942682e+08
2.746727272586819254e+03
6.374787593283633888e+07
5.869334120910856655e+03
5.699290219295307761e+05
6.599235186758778291e+05
4.082283305875967017e+03
9.618920777430200949e+06
1.958551538934270851e+06
1.458108579959548451e+07
1.228471845284894807e+06
9.993340663689840585e+05
3.083754230018942151e+06
1.868391666916963458e+08
2.148654264410812873e+06
3.720775594869531778e+04
2.078187107347197831e+07
1.139782182780623669e+06
