1.817213815372526646e+07
2.725705216773410029e+03
2.433279351533064153e+06
8.778538362463045632e+05
4.714071143217790086e+04
2.340248027314678580e+07
6.268622018240366742e+04
4.635868841634032130e+07
3.403431644297403182e+03
2.031772093209280446e+07
1.283707933454810118e+05
1.217548879096619226e+07
1.272787488676361293e+08
2.299266536885973437e+03
1.668712142433182744e+05
1.163132669744743034e+06
7.790676747461052146e+05
6.764182818492706865e+06
8.742365789552810788e+07
3.188864133778292398e+03
1.456635653926941450e+05
1.293767296354381926e+07
8.930664922737258894e+04
6.954020277638075873e+06
1.424036995684917551e+06
1.836427003470538557e+08
2.136459983801782597e+06
3.646791037857978517e+04
2.582935025385530293e+07
9.232031621639365039e+04
2.446214954293579981e+07
1.133930148363477747e+04
3.026028328475014493e+07
5.360802934333263693e+03
9.773659926019594073e+06
1.565291990624637401e+05
5.693282034820150584e+05
2.132959149461114430e+05
1.253018554465707392e+06
8.652289699580381811e+07
8.766374609840792255e+04
2.611335820322703198e+07
3.795679858869448653e+05
2.416280779756284319e+06
2.871242804217225909e+08
2.456789519856977677e+03
1.388043474232516310e+05
5.066558743489695713e+06
7.233428947077296907e+05
2.905990561473044218e+05
8.769215852151708305e+07
2.477862741098419065e+03
2.202083607986088900e+05
2.412087585700347647e+07
8.839148510214756243e+03
7.780066745941769332e+06
2.133103390467944337e+04
1.687929398637931943e+08
8.568791097938251914e+05
2.521428864126834646e+07
1.465665971298957802e+07
9.890650185216144891e+05
3.240530299836707767e+06
1.840038341510227474e+04
3.738046102741301991e+06
4.370839102674887981e+05
5.152952535932272673e+07
2.839651152362269386e+03
4.113590277847037185e+06
1.646533230056013053e+04
2.566463575578041400e+03
2.794723106734691262e+08
2.038732232678670203e+06
9.160798113762086257e+06
8.891554976986342808e+03
5.910333633455631323e+06
1.208813912041611075e+08
9.131408578799848328e+03
4.073007493873317540e+07
4.507338164742115187e+05
4.697465612495488313e+04
1.510704073684425093e+06
1.551545286510484219e+08
3.120786681575666298e+05
2.829366959463390594e+04
1.277262368158624507e+07
5.025139920325544081e+05
2.049311739664296061e+07
2.826409980213458311e+03
7.950902411781302094e+07
3.444012630012054928e+06
1.110016863446911564e+06
4.864510957846935838e+06
2.223318545787883049e+05
1.568411212370125577e+07
3.839841249841139652e+05
5.497828939451783895e+06
9.377333914522714622e+04
1.478505721397118270e+07
2.967553418742785652e+04
1.069204568885614537e+07
2.345866591934135358e+05
3.981199361968209814e+03
1.573387523636035919e+08
4.740956316433785832e+04
4.370875191130498424e+06
2.787727191552849945e+03
6.591297496403925866e+07
4.628050474096919596e+07
4.000043397814861499e+06
8.382058135908163385e+05
1.970244114121456805e+05
1.512312933877593465e+07
1.566751024552072166e+06
2.328853423441334367e+08
5.323542514573173685e+04
3.939875653944382066e+04
1.685618413712783717e+06
4.435125232518900302e+05
2.293020403115906566e+07
2.925742749255195122e+03
7.733094775543658435e+07
7.110267762345565716e+05
4.193310496110427193e+05
1.389793765570795909e+07
7.099671920767839765e+03
2.401359896073287353e+07
2.147419735615623358e+04
2.026980526858652383e+07
2.914259572983782618e+03
8.503314980468655005e+06
6.945128333047777414e+05
1.456946780246834714e+04
1.073356570141561776e+08
1.790059348244003486e+06
2.327859120158902369e+05
3.867005647919599141e+03
1.895078945634653047e+07
1.080244169203945808e+07
3.135606594681847375e+06
1.017674228943296708e+07
5.093453605883847922e+04
4.661163326023532450e+07
3.348867949198296992e+05
1.796424345883312821e+08
7.770844359794414777e+04
5.111581991895278043e+04
1.859935026029108325e+06
6.916621341141586527e+03
3.082965843705118820e+07
2.195059881183361722e+04
7.003083295412430167e+07
1.106981659343850566e+06
1.288647088540410157e+06
2.525851059934523619e+03
1.006353566862928718e+08
1.063938631805711985e+07
1.156127090682353446e+04
2.622582168596008420e+07
9.489059856101313926e+03
4.494197562830085307e+07
3.094766802768953312e+03
1.712465110599368345e+06
1.489604779924311442e+05
2.535590492199514301e+03
3.164359416131650805e+08
2.340197715261667501e+06
4.187967865862852777e+05
3.467386176275646903e+03
5.492188059417295456e+07
2.627797846090246458e+04
1.165990644631567970e+07
2.345312647104257776e+05
4.273483551105345250e+05
8.372692443562991917e+07
3.131281251694739694e+04
1.673825873799544275e+08
2.917012351858386537e+05
6.635292304449716583e+06
7.736730339135755785e+05
8.568223469708815217e+06
1.833042894835763425e+07
3.895353222373416793e+04
3.439066710584476124e+06
4.722863724865040858e+05
8.245911554944480304e+05
6.632651971901887009e+03
5.199105494013225287e+07
1.858731729405603185e+07
1.825531673854919150e+06
7.390315732311727479e+06
5.079619531536340219e+03
1.133430170776661299e+07
9.976206766015989706e+06
6.005714867544453591e+06
1.672162572703808110e+04
2.673865349422159488e+05
1.170359308584211767e+08
3.676624678611570853e+05
7.966951925942739472e+06
5.257239946565259248e+06
1.961846372909371508e+06
3.102262722025488529e+03
4.920910759177047759e+07
2.170669369318356621e+04
5.253152265955773182e+06
2.471692604942805469e+08
3.487417812662792130e+03
9.585601429678475857e+07
2.659852182642440312e+03
4.003839443439325318e+06
1.763251806618085830e+05
5.076039507834221877e+04
8.462472917781949043e+06
6.921731157758869813e+04
1.361375983167744614e+07
1.456875020564550301e+06
7.658373247073066887e+04
5.153382001408556243e+04
1.579626057813858390e+08
6.024688973339193314e+07
1.405999034602663596e+04
2.618662086672870070e+07
1.074208216257946333e+04
5.828846841766688973e+06
6.483687388559247665e+03
1.845440107266946137e+08
2.662955710877381534e+03
6.493726619501906680e+05
4.549769197385485470e+07
1.629698621846310853e+05
6.299470885786737781e+05
4.029358929153499776e+04
4.491393890818984248e+06
4.265508475704223201e+03
3.213945710539074987e+07
6.795660777749022236e+05
1.378861373243086739e+06
1.820787820830006599e+08
2.351778870870246919e+03
7.389720424608151615e+07
9.383315994609623885e+03
4.412779137230874621e+05
9.441592811286381911e+05
3.257016285863131998e+03
1.244666100943779200e+07
1.147216262993310113e+06
1.245454919729788601e+07
1.447437453781215474e+06
1.438611211060881615e+06
1.883349420564676402e+06
2.232392808185187280e+08
1.668631665837951936e+06
6.261295850090450404e+04
2.642208686133126542e+07
1.790222423837003531e+06
