3.258394900817517564e+07
2.512222030343687038e+03
2.531341559684660751e+06
3.364193856994504458e+05
2.451852668705175529e+04
1.274243213000281528e+07
4.277839932511571678e+05
2.340358941793023050e+07
4.321978330143092535e+03
9.664367065311284736e+06
8.676437955226089107e+05
1.635563577450536937e+07
1.530656919979585111e+08
2.975088762240512096e+03
4.139231969497199170e+05
3.785907822221299866e+05
1.520967017327071866e+06
2.193380859544182569e+07
4.717751600477731973e+07
1.754420502624169603e+04
2.000332541918883726e+04
2.293701296513787657e+07
4.647800808699540357e+04
1.248128772713511623e+07
3.260088727195694810e+05
1.043438827864253968e+08
7.452196278932390269e+05
1.162847941847564070e+05
1.224834689648704045e+07
5.682040847232916858e+05
1.651478487453159876e+07
3.263165115199501815e+04
2.876215237387376279e+07
6.292892843626294052e+04
4.110856854269822594e+06
8.467615160305836471e+05
1.572218958293866308e+05
5.562229379462776706e+05
2.895498564157549408e+05
4.622981019791316241e+07
1.661317058139065921e+04
1.811712608072875440e+07
7.823961177361884620e+04
4.642528432697932236e+06
1.705676334244764745e+08
5.944869519447531275e+03
1.753353731073946401e+05
1.471542314189880900e+07
1.606205295061353827e+06
7.406161179008759791e+04
1.477970853737656772e+08
2.280968453059456351e+03
1.284563221448497847e+06
3.657565942308395356e+07
2.416168700795031327e+04
3.318116952690005302e+06
1.952803990132762992e+05
9.585632899983365834e+07
2.400003980715638318e+05
1.025603484959582426e+07
7.255958742308685556e+06
2.439378143613160355e+05
6.581292845422152430e+06
4.181714825410114827e+03
5.022986184411440976e+06
2.273718962904217653e+06
2.674034842335202172e+07
2.797802126630269413e+03
1.597322327021861682e+06
4.972811069462465093e+04
2.666836793977019624e+03
3.057574615798067451e+08
5.700302131343453657e+05
4.157004688473468181e+06
2.868389360971948008e+03
1.137886357542515546e+07
6.687646748611432314e+07
8.851885236720125249e+04
1.758984383678701892e+07
1.097742943022731342e+05
1.877373165282403934e+05
4.877468722748602158e+05
8.780517740318863094e+07
5.369446525914707308e+04
2.628683600217410130e+05
1.249164416448787600e+07
2.277168128983716480e+06
9.408457596162375063e+06
6.954162841197972739e+03
4.264143878039059043e+07
1.237600747033560462e+07
1.988967565972491167e+06
7.025519075101488270e+06
9.112569660618584021e+04
2.732722594211159274e+07
6.357395086696663930e+04
1.029044063980185799e+07
1.561089384968025843e+04
2.095329217602227256e+07
1.100803097867246652e+04
3.221323807397347316e+07
4.864586327999752830e+05
3.329641779137056437e+04
8.908619161840000749e+07
2.991654773002912407e+05
1.653592256686121458e+06
1.291175840199733284e+04
6.138700931334368885e+07
2.320237468019751832e+07
1.142682853656881955e+06
1.860971178914374439e+06
4.540800270065132645e+04
5.748573902502558194e+06
4.987284011614338378e+05
1.354838059018838704e+08
4.121601737007895135e+05
6.939818577660795199e+03
3.685949909520792775e+06
9.432500677810636989e+04
1.228347622099423036e+07
2.706324405284870863e+03
8.076937099272756279e+07
2.184308979557453131e+05
9.486521971303761238e+05
6.391032082675524987e+06
1.310413543821009080e+04
2.816952480380033702e+07
2.161203053423431702e+05
9.579749362903440371e+06
3.505943700190299751e+03
1.359707928016795591e+07
3.277342677075155079e+06
3.648630429844384707e+03
6.873774750328741968e+07
6.402110993529978441e+05
5.111687852344603743e+05
2.628499186336044204e+03
3.343297133362997696e+07
3.839991430626252666e+06
1.122366541167047806e+06
6.854867054942750372e+06
1.652109437896163145e+05
2.344078414405016974e+07
1.666020320177395130e+06
1.048224862583677173e+08
1.074060382126697732e+04
2.832775340004412574e+05
6.143762147591576213e+05
5.711421487962258834e+04
1.501944386987802945e+07
4.201301093454027978e+03
3.699568896002725512e+07
4.648682439501182176e+06
1.719709923456711927e+06
2.950917041634342695e+03
5.525207195470517874e+07
1.934941821820450574e+07
3.493665241801425509e+03
6.427486208138629049e+07
1.726641591993231123e+04
7.346554245534922183e+07
2.583515675118540457e+03
3.519243224414924160e+06
3.515378503437654581e+04
2.666972932333515018e+03
1.897336881595411897e+08
4.882951457298341207e+06
2.499855857567253988e+05
7.001491124650548045e+03
3.921838123717751354e+07
1.905603343157241179e+05
5.058710692589280196e+06
9.385821493930820143e+05
1.036860638807617943e+05
5.181488673735609651e+07
5.463888271777997943e+03
9.463308246031515300e+07
1.555108405404455261e+06
2.677044649648767430e+06
3.354857993206837564e+05
2.787399502296191175e+06
8.296195133789779618e+06
7.790122113727250508e+03
6.796248663169964217e+06
1.375631374687857460e+05
1.751811179198222235e+06
2.846446034380474885e+03
4.744163996044629812e+07
3.122303270532398298e+07
7.120818317664758302e+06
3.090683108929030597e+06
1.657378767396878538e+04
4.833299809812574647e+06
3.348373277751626913e+06
1.140736591206179373e+07
4.572284909950405563e+03
1.427788725199968787e+06
6.421129604999735206e+07
1.997025807749067899e+05
3.612168670574942138e+06
1.767972916510473564e+07
3.693343271682279184e+06
1.380671766077585562e+04
2.521606628855811059e+07
5.820116359202888270e+04
2.141076449829539750e+06
1.890589566330520809e+08
2.524216111084253043e+03
5.266287576995535940e+07
2.796958171569217029e+03
3.091466096461019944e+06
7.265043704795937520e+05
4.079720693921179918e+04
1.852672014794063568e+07
9.631266415124431660e+03
2.416183108694281057e+07
4.592085936128977919e+05
4.022200458083210979e+05
7.600528106919272432e+03
9.284569546559759974e+07
3.348497676847597584e+07
3.934213477517830142e+03
1.252019662816685252e+07
8.876888266745237343e+04
2.346354905116541777e+06
2.793010658795697600e+04
1.192195980157992095e+08
2.675229585542378118e+03
1.382417019908840593e+05
2.355548606086608022e+07
3.369237996363161074e+04
1.504574583368065767e+06
8.799997321439652296e+03
8.638181059213558212e+06
4.671099155332916780e+03
6.703699520070642978e+07
6.597008971251297044e+05
4.641876256771975197e+06
1.048290707838113904e+08
3.025817623518385062e+03
5.382673000822860003e+07
3.154375845726711304e+03
9.644202997145387344e+05
3.067079643607459730e+05
7.046021095000618516e+03
5.559590564907694235e+06
4.887807731202281080e+06
2.072778357547320426e+07
1.583119205065006856e+06
6.111660236941691255e+05
7.224734412813850679e+06
1.288288093586264551e+08
3.545691002571830060e+06
1.196030402637012048e+04
1.272037254064539447e+07
4.613713198255449533e+05
