2.933965715308562666e+07
2.256458093347102476e+03
2.985304257157496642e+06
2.724953454820742481e+05
3.224264101110393312e+04
1.113534029571458325e+07
5.103269363012133981e+05
2.568814094859486073e+07
3.761900083229822485e+03
1.066749166290802136e+07
1.034953147004562779e+06
1.458498253291756287e+07
1.689150569892047644e+08
2.621118698009441687e+03
3.421517940440357779e+05
4.346405977507302887e+05
1.303761920987188350e+06
2.474555246306401491e+07
5.134389777869480848e+07
2.241982772869041946e+04
1.567260958759583809e+04
2.059677783765137941e+07
3.637715679754837765e+04
1.428763194880986772e+07
2.580889527817469789e+05
1.129816466004718393e+08
8.512436099411157193e+05
9.679997449914967001e+04
1.354724250074126199e+07
6.723155738521667663e+05
1.454638138223442994e+07
4.227645628404113813e+04
2.570292956937969103e+07
7.967580588633363368e+04
4.612590610676319338e+06
9.927773523518572329e+05
1.835520073042398726e+05
4.678475037036091089e+05
2.293354040950971248e+05
5.052889643707899749e+07
1.267628139455910059e+04
2.045332015790563077e+07
8.130368090985251183e+04
4.065202678205683827e+06
1.834304656162210703e+08
7.159190591985821811e+03
1.426812285728525312e+05
1.675419984750274941e+07
1.370449016273287591e+06
8.717234187370912696e+04
1.632331356642195284e+08
2.600512680706980063e+03
1.515636505980400601e+06
3.305281977650985122e+07
1.886800791449909229e+04
3.706291608582963236e+06
2.385442423244912061e+05
1.036901857117624432e+08
2.839751562492541270e+05
8.901417396542400122e+06
8.209968514491747133e+06
1.935310873592136195e+05
5.781930752379988320e+06
4.521400299432959400e+03
4.394326343352361582e+06
2.665119006213808432e+06
2.922764126307425275e+07
2.750155808509241979e+03
1.803860394691385562e+06
3.956003358604053210e+04
2.868880601310382190e+03
3.344340918300852776e+08
4.640233004476609058e+05
4.734313757140924223e+06
2.985913206944017020e+03
1.007868154093793593e+07
7.257238294726492465e+07
1.089242262065850955e+05
1.541219896046588384e+07
1.315191612479663454e+05
1.774684749973218713e+05
5.625135524959652685e+05
9.542825809484605491e+07
4.031912943514237122e+04
3.225579577749512973e+05
1.103490749808168598e+07
2.635880652615505736e+06
1.045278895268831030e+07
8.454855099295782566e+03
4.643760555988101661e+07
1.408657256633192860e+07
1.714545064452554332e+06
8.126376894494310021e+06
7.177472285723029927e+04
2.460782434188493714e+07
4.833633474785617000e+04
9.124884308453755453e+06
1.605374209229583539e+04
2.379027215625521541e+07
8.242668469793148688e+03
3.616537918670941889e+07
4.065526542969291331e+05
4.228190663325425703e+04
9.638943107040157914e+07
3.506084918916053721e+05
1.877078293112530140e+06
1.687750190840620780e+04
5.538306787963639945e+07
2.552958074375120923e+07
9.426917233845214359e+05
1.592438341251352103e+06
5.401896896491572261e+04
4.935341222446289845e+06
5.838913479466631543e+05
1.461212942708155513e+08
4.965595660754164564e+05
8.053359733381736078e+03
3.225011647023532540e+06
7.313615002153551904e+04
1.381323352473552153e+07
2.784113991667863047e+03
8.977866830073694885e+07
2.512122659722746757e+05
8.013549975516914856e+05
7.076561671620067209e+06
1.047134581450012229e+04
2.526298069431971386e+07
2.655978692950847908e+05
1.058517740955334716e+07
3.494706704363044992e+03
1.211855907914494537e+07
3.807401802932318766e+06
3.167128918833807802e+03
7.569019045119151473e+07
7.245048889997014776e+05
4.276175712924765539e+05
3.019452758095467289e+03
3.012510128984612599e+07
3.269890614269605838e+06
1.293591228790041059e+06
5.955199901921031065e+06
2.068834493537966628e+05
2.574852145666233823e+07
1.942539123966606567e+06
1.139485607244642824e+08
8.461234132876856165e+03
3.113132188401190215e+05
7.076147946405831026e+05
7.027768794991390314e+04
1.655006956862190180e+07
4.685969055833706989e+03
3.283280512367854267e+07
5.385897713505985215e+06
1.474164927577926544e+06
3.382886326921370710e+03
5.999191566555684805e+07
1.730725967904430255e+07
3.836602008411391125e+03
7.161404435372585058e+07
1.334718774020521414e+04
8.188501960539770126e+07
3.008649953600558547e+03
3.056219098966962658e+06
4.148132931456054212e+04
2.953455401454192724e+03
2.037852906039682031e+08
5.680861088035219349e+06
2.025227180988140462e+05
8.441263041595175309e+03
3.500185761038392037e+07
2.281452646066389862e+05
5.652512822276803665e+06
9.748000992997654248e+05
1.240940090330669191e+05
5.721516705224513263e+07
4.763730991318745509e+03
1.024444306266028732e+08
1.821613723505619681e+06
2.265523639111083001e+06
4.098734446287869941e+05
2.353352804929308128e+06
9.240441194576283917e+06
9.032500092231170129e+03
5.968851556963860989e+06
1.578751076034846483e+05
1.503101090092973784e+06
2.461121624656361746e+03
5.304592783945995569e+07
2.817924912857802212e+07
8.149118479640516452e+06
3.462823563090007752e+06
1.446461102160661903e+04
5.424003006293753162e+06
2.840152829904529732e+06
1.011014499734945782e+07
4.467505539235517972e+03
1.673414544766193023e+06
6.977332809482586384e+07
2.487792779892639373e+05
3.080266927157639526e+06
1.999739796555693075e+07
3.221730684023234062e+06
1.698963785262500824e+04
2.761390281661275029e+07
4.598238433146765601e+04
2.402419551728209015e+06
2.066525807480181754e+08
2.850793581759744029e+03
5.716288272307841480e+07
2.639145332332836460e+03
2.656302312845977023e+06
8.760116192117991159e+05
3.161621940303443262e+04
2.105427425768604502e+07
7.706734994958437710e+03
2.170530536466991529e+07
5.314284277684236877e+05
4.427239896790813655e+05
5.846616674230812350e+03
1.012069398559857905e+08
2.969367991945620999e+07
4.679826042972665164e+03
1.382792224152424745e+07
1.081512917476447910e+05
2.641110846266092733e+06
2.759520387847176607e+04
1.077056994234575778e+08
2.977504124493288600e+03
1.079040424420353665e+05
2.605152016241133586e+07
4.077997993104364286e+04
1.296378770060908515e+06
9.749193306768047478e+03
7.626021994538011961e+06
3.632349667465420680e+03
7.474414193404266238e+07
5.514599151493178215e+05
5.391079129758528434e+06
1.131628482215025276e+08
3.092405356263104750e+03
5.978417413380908966e+07
3.140497045089736275e+03
8.169563613995003980e+05
3.501948070064313360e+05
6.382182784861040091e+03
6.183713388923116028e+06
5.633271157203953713e+06
1.859797638804188371e+07
1.885637622732822085e+06
5.027030001562617254e+05
8.256661024103146046e+06
1.391504340460668206e+08
3.076700182012338191e+06
1.413768042685438377e+04
1.415454950743185170e+07
3.724405613606836996e+05
