5.543863289516786113e+06
3.133825521358502374e+04
5.071798553131233156e+07
2.960494223203837464e+03
2.763355131220451556e+06
3.579631164220822393e+05
1.171816566900528036e+07
1.433110135087684095e+08
1.639251226203207625e+04
6.647133671482755244e+07
2.176739661681427062e+07
8.948120177454676013e+05
1.040342596479681492e+09
3.423616739317649262e+03
8.374397665338551451e+04
5.392029711731002666e+06
1.979377053472492116e+04
2.219407858281988800e+08
2.485787834563190639e+08
1.417319874433466932e+06
8.519678219130048819e+04
1.416489049755981658e+06
2.687262428574390015e+03
1.573111016153669059e+08
1.321849933734598926e+04
5.052772484748257399e+08
9.460173472614273429e+06
7.173950958779046778e+05
8.594652625795698166e+07
1.391186183730128221e+07
6.274300959463940235e+05
3.054101707872999366e+06
1.743664770327971084e+06
4.081433238314992283e+06
3.733022571072547883e+07
1.781807873820679262e+07
3.039894294069337659e+06
1.053716515959398588e+06
3.997881008025407937e+03
2.692614088651773334e+08
2.709879237662694322e+03
1.865093207843432128e+08
1.076310754296723520e+06
1.230611829824443848e+05
7.218802943860495090e+08
7.312036153269526549e+05
3.113112011362959947e+03
1.721696058899559677e+08
1.521988543584035942e+05
1.608782538108274806e+06
1.021259875391689658e+09
5.461335878558191325e+03
2.756732118016564846e+07
2.908748804526341148e+06
3.107572705021765796e+04
2.846728847106300667e+07
7.436576440367499366e+06
4.508815857024177909e+08
5.928905543562862091e+06
2.108287748930159723e+05
8.082498154332418740e+07
2.757150808790533574e+03
2.255333014913122635e+06
1.554215587962442951e+05
1.478132684209494910e+05
4.320779806200449169e+07
1.531772777702357173e+08
5.521148453818136477e+04
1.652528346893234737e+07
2.364708185255570279e+05
9.955536765590466530e+03
1.780300042111518860e+09
3.272773147955855165e+03
5.237673859056933224e+07
6.709016371984135185e+04
1.607853005700520938e+06
3.336181461071298718e+08
4.307083481431654654e+06
5.005547519474411965e+05
3.293663190657863393e+06
2.766316791569988709e+06
7.182200604221616872e+06
4.629200094316788316e+08
7.174925568474113788e+03
1.028839316526331566e+07
5.335287401707442477e+05
3.740699417246440053e+07
7.242014382392655313e+07
6.367748397688657278e+05
2.276542198497967422e+08
1.452366681292972565e+08
3.203253048288359423e+04
1.042106944004661292e+08
2.715553365608723652e+03
1.855346722773278598e+06
7.493977623604125984e+04
4.187286199796936125e+05
2.931616031130722258e+05
2.302542060644273162e+08
2.675956361999816636e+03
2.995987264146636128e+08
4.500560531561613971e+03
2.345329559543256648e+06
4.214422212016478181e+08
7.970105894662658684e+06
1.829805379657435790e+07
1.450554567059427965e+06
4.901271654047908261e+06
1.515765870197878182e+08
4.550023538533814644e+03
3.865560847789393156e+05
1.177016114469101885e+06
8.044759147462314286e+04
1.029946002149721608e+07
6.031995058706736565e+08
1.244072632179322094e+07
3.414973417199431569e+05
3.638504930048395880e+06
2.719141149687897268e+03
1.221288836426122785e+08
2.620339532851135573e+03
6.236017333872704506e+08
3.407388867876773234e+06
2.512630373942913866e+04
4.698672129119616002e+07
4.182957445977668613e+03
1.872540703554746695e+06
8.666946402784280479e+06
6.694414940331773460e+07
1.049896580467312451e+05
6.983559825397492386e+05
5.422469760577563196e+07
3.033797436059591291e+03
4.651231273681588769e+08
7.402035809736788273e+06
5.154400364869690748e+03
1.096450760561976131e+04
2.476845884408667218e+06
3.988333556892731576e+04
1.758483545035062358e+07
1.705833186224988603e+05
8.315092864791650325e+06
1.460272648494428694e+08
3.056002415676334128e+07
5.591221562009828091e+08
7.459448224562474934e+03
6.380393088873606175e+06
8.782149016552038491e+06
2.844944827712493949e+06
9.889123395685333014e+07
5.451664692960907705e+05
1.646599458283203421e+06
7.275440297929026186e+07
2.576413636315858457e+04
1.484307510989417497e+05
2.797563375098724961e+08
1.080109217073315056e+06
5.908577215191510186e+04
5.220366188891648054e+08
3.190513359074202526e+03
5.937963998127266169e+08
2.812477060755614730e+03
1.004627226227322535e+05
8.483702301099922042e+05
1.249135503191002063e+05
7.852972213941600323e+08
7.998972162356381118e+07
3.065718296312181337e+03
1.031518631736682495e+06
2.223715123137079645e+06
6.169356889075323008e+06
4.247127835557942092e+07
1.260453582506616041e+07
2.859361458584176376e+06
3.694785566105887890e+08
2.534392151787975308e+03
4.513867261092815995e+08
3.040140246813254431e+07
2.462086048869925798e+04
1.217171410226850957e+07
1.949865991085383939e+04
6.763386207928915322e+07
2.628471974087799899e+05
3.716031687551666400e+05
2.286018734239863232e+06
2.627414855400377201e+04
2.651387155559863913e+03
4.071261684138760567e+08
2.309428154791610781e+06
9.281949570907881856e+07
2.770519926254799962e+07
3.377788494742452167e+05
4.539404069550807029e+07
2.816663799062506223e+04
6.113767040937134298e+05
1.147226131257783272e+05
2.825236220781294629e+07
3.280951322395461798e+08
9.484021193698931485e+06
4.403495482047256519e+04
1.870647307015417516e+08
8.749966718899713305e+04
1.080838548057072563e+06
1.488011157916727364e+08
1.914021047953322341e+04
2.003421044376980513e+07
1.106018099813228607e+09
7.186194085671193534e+03
2.658478844529011250e+08
9.044962398346278860e+03
5.499287482530172565e+04
2.112543967276906967e+07
2.564562386383252033e+03
2.083946206956457496e+08
6.567884782606789668e+04
1.509812242985916790e+06
7.237555667033254169e+06
8.271813213479578495e+06
5.663950146027154005e+03
5.230988695089294910e+08
1.476504109290247783e+06
6.589567594758588821e+05
8.582180148322770000e+07
3.823519673741579056e+06
2.270917810269569606e+07
8.731839573348878184e+05
9.347502012649063021e+06
6.404261686722734157e+04
2.823841846238214202e+03
1.739377713438394070e+08
1.071449301642245147e+06
2.259811864773435052e+06
2.478317988745780312e+05
3.345282063597711967e+05
2.791176187611693422e+03
5.480639768815798759e+08
5.990467139149664945e+03
7.490733755345295370e+07
4.766920122075746059e+08
1.359988729862485779e+05
4.186258752062674165e+08
2.897854185535938996e+03
1.051787678154079913e+04
4.211332444930559024e+06
1.932078137900074071e+05
4.364698724533860385e+07
7.132495059954588115e+07
1.292717094540379010e+06
3.702867400374891609e+07
4.248081655267267706e+03
9.250790122301615775e+07
5.928337437671252489e+08
1.104310618411307456e+06
4.475946621679642121e+05
1.047953389011180252e+08
3.033697622322985808e+03
