2.353783127772946656e+08
2.713153333820390799e+03
1.268206214806702454e+06
4.177794781863473821e+06
1.564315826002096219e+04
6.227421699888058007e+07
3.307274314015876735e+05
1.534740017765516182e+06
4.035245020110663609e+05
5.350981787899854826e+05
6.111051818579654209e+05
1.213870059294988513e+08
8.381889430000334978e+07
5.404690816680704302e+03
9.708815765622967854e+06
6.196632444191664035e+03
2.182245062671069801e+07
1.594747956768118031e+07
4.269054822819439694e+06
1.952380729746112775e+04
9.332984924077140749e+04
1.708553475282202065e+08
1.522033165486654267e+06
7.824784354646460153e+06
9.843233745067202253e+05
1.141309432900082134e+07
1.147722172077701362e+04
4.300034386883860454e+06
5.953887803403087892e+05
4.748380167618229752e+05
9.191825992687261105e+07
2.493324875843575501e+04
1.697764252773286402e+08
4.764923826335434569e+04
1.086322453232881380e+05
9.534576450056072790e+05
3.154795446962422830e+03
1.220423926641429402e+07
9.061109532127032289e+05
3.874194651557059493e+06
2.340696888119966607e+05
5.153901519820480607e+06
1.115094641108606302e+05
5.007880255357313901e+07
2.326189320572436601e+07
5.710969273355160112e+03
4.488324241135919467e+06
1.032861216414685175e+07
2.473931770562026650e+07
2.839440075175069524e+03
9.879039322864833474e+07
2.585101188823291886e+04
9.144615582908337237e+05
2.358336122036488056e+08
1.537635797676287359e+06
1.168284916579754936e+05
1.461592940076220839e+05
1.068512694248902425e+07
5.448530496655957904e+03
2.974944726626421884e+07
8.063056227739512688e+05
1.235456443166260142e+06
7.011502797587022185e+07
2.646654591844884635e+03
4.908712018411849439e+07
1.592211316254917765e+06
2.097816186736307107e+06
4.932538259617224685e+04
3.636976376491269184e+04
2.547552438353287056e+06
2.762544922272628355e+03
1.574460333420472741e+08
2.489464169712022878e+06
3.594856808543644729e+05
2.612225908696907481e+03
1.048805388252876401e+08
6.682977017974945717e+06
7.004668588253261987e+04
4.795783184808528423e+07
3.004084652771835408e+03
4.830050351404101588e+06
5.849699938239419680e+03
9.521552413063935935e+06
2.274029458171587030e+05
1.851885775009279023e+05
9.000919956534735858e+07
1.731846663087776396e+06
3.813391860191255691e+05
1.311243613311308400e+04
3.780009508230066393e+06
8.891380389589434490e+06
2.605224982658471167e+07
4.044661179421169683e+06
2.043114442809655098e+06
1.947112187197503150e+08
2.549085366633033555e+05
9.259347258662328124e+07
3.191384293789013100e+04
1.211268867726177536e+07
4.987368675614499371e+05
2.354015095278502256e+07
9.806039228864105418e+06
2.806094367708995196e+04
9.876780050347778946e+06
1.481836469733102480e+06
2.736448264198579636e+04
1.156400485940522776e+04
3.062920288541228175e+08
1.441896297488564393e+06
2.929047162378081121e+06
2.781023937778909132e+07
2.353994523843399293e+03
1.790176514632759243e+07
1.333677206971914893e+04
1.670162221319001354e+07
2.988766986435606959e+05
2.770857546824060591e+03
4.578121539745561779e+07
5.733622603999690618e+05
1.682483619566912996e+06
1.551363382487970011e+04
3.861223915080297738e+07
5.267189094088713318e+03
1.662607454243205301e+07
3.183698460576368379e+05
9.184504051872878335e+05
1.796516558944525421e+08
1.558457061782473465e+05
5.018526545681467978e+05
3.044122146227643243e+05
1.091271361874461472e+08
2.326656911669351161e+06
2.015601552637729037e+04
1.369627081273839250e+07
3.047280200379028975e+04
1.033865696519225650e+07
2.852147972517482231e+03
2.357726201571343839e+08
1.160608561907685362e+07
2.772802839601066080e+04
4.815162717664486915e+07
1.127196143122145149e+05
1.486890962133753579e+06
1.225497827687231591e+06
1.320109392978807911e+07
6.106271120499785320e+04
3.531864346610126086e+06
6.746285841068625814e+03
1.057510998122390010e+05
8.552250138030047528e+05
2.824099453374418772e+03
1.247610122995097637e+08
3.263017884595821612e+06
2.219256900790956989e+07
7.534537646930943993e+03
5.458751927930166945e+06
1.528398497954129875e+08
4.064473467470902506e+03
4.665931852193249017e+07
1.073714313943605870e+06
4.703877252434743941e+07
9.243499495646303694e+04
4.259775745055901259e+07
3.051349654873713462e+03
2.788199432676093238e+03
2.702194485034970939e+07
3.121007121037386823e+06
4.670887640622820705e+06
6.806402277086688628e+03
1.840274451183367372e+08
4.749267125431881868e+05
1.632652048964811547e+05
1.022904414270245098e+07
2.648759783745171262e+03
9.454467128301370889e+06
4.118743511514030979e+04
1.024253349617797323e+07
1.119698223317272728e+06
1.460097146460886672e+07
9.269633063660071639e+04
6.653291565191234462e+06
3.153365040009665536e+05
2.493996103901549759e+03
7.022725771445503831e+07
8.605615636043523409e+03
2.518524439305849001e+07
4.228001234917660622e+04
1.963091212655154243e+07
2.132257828117496073e+08
5.137838842285304330e+06
9.308333083263423759e+04
1.186824327598867705e+06
1.390452022603246442e+05
8.177667771037877537e+06
1.032994526926424950e+08
3.046040227520593362e+03
1.033698208062354242e+06
6.086431872818321921e+06
8.398339688434702111e+04
2.126148593522053212e+07
1.283457118546298705e+07
4.175660649014751613e+07
3.679766758219716576e+04
1.825581087345340056e+06
2.633040911517198198e+06
6.442788210489422636e+04
5.770935654481436312e+07
2.725928205402204185e+03
5.290764301511344500e+06
1.429138767542033020e+04
2.907456009579943120e+07
4.913747816623743856e+05
1.573151920276585035e+06
1.241607793114475906e+07
4.480613954657621798e+04
1.787695942496216297e+08
4.614822625782421710e+03
4.257871015064201318e+06
4.389802567534395348e+04
1.235304959805641137e+07
1.261247730064592510e+08
3.518301071660621346e+03
6.510848105942283291e+05
1.491395706972130574e+05
5.786289007329015294e+04
1.385892477212480735e+06
3.932618271988070011e+08
2.707478859145552633e+03
5.542482196620070608e+05
1.973912451184545411e+06
2.646386960031547915e+03
2.414583451551142335e+07
3.260293517457100734e+03
8.277572514623291790e+07
3.420441351723347325e+05
4.674120848067194968e+07
1.049214147347299382e+07
3.190601383115258068e+06
1.262843724282499775e+07
3.472064889650784608e+03
1.549593643506659567e+07
2.503778122601318319e+04
1.631023688448295742e+07
1.510601723352239605e+04
6.166215511605873471e+05
2.259433025980570819e+05
3.498960937870543916e+06
1.533675067498877943e+08
8.289822533838654635e+05
6.611348730775260366e+06
5.235225114139537327e+06
1.513177973943312652e+07
4.448896377588334680e+07
2.890447581997269026e+03
7.631676979342965642e+05
1.527351984295425005e+06
