3.256712406108836876e+05
3.922382479356314871e+05
7.039504724800340831e+07
1.340858059570334153e+06
7.461922050966092385e+06
3.196016516008381918e+07
5.482953918564189735e+03
5.348510815927174687e+08
2.677865303367916567e+03
2.781202118942693472e+08
1.205963650105467997e+06
5.930422412626087666e+06
9.158545512280483246e+08
6.566867601957949228e+04
2.966935896464305642e+03
3.880387315659286082e+07
9.511015658178451122e+04
1.162151519839088246e+07
8.423072551717066765e+08
6.405146372341017013e+03
2.257187974128613248e+06
3.469209050291664898e+05
1.189109875987440610e+05
1.097594822961581051e+08
2.985696881617365871e+06
1.525602519302478552e+09
6.040756629541067779e+07
2.950825088533446888e+03
3.509878048967075348e+08
8.153494206910715548e+03
2.982734210859246925e+07
3.513161387196522672e+06
2.709715920180097967e+07
9.603978873311108910e+05
1.781661199580256641e+08
1.763739983763541386e+04
2.600817114859120548e+07
2.433141450120894660e+03
2.291090295655192807e+06
8.691078399419130087e+08
1.548650207905618881e+05
3.585534296301485896e+08
1.162988222834244743e+07
1.055573682009644253e+05
2.088482538267077684e+09
1.617204893251348112e+05
1.068059678038516722e+05
4.919568745834457129e+07
3.801691599755704374e+03
1.606242203975486755e+07
5.081013737806461453e+08
1.109016426866924849e+04
2.679644726063674316e+05
5.811248448445932008e+06
2.768209686038712789e+03
1.403809904902489483e+08
2.759299586334519336e+04
1.401380313408059120e+09
3.721193804228554666e+07
3.819002889790505916e+07
2.448041057188076675e+08
1.660540660260312259e+06
1.694465685168292475e+04
3.475743941475162283e+06
2.103869498353893403e+06
4.760938336888632737e+06
5.566508808689976931e+08
3.956460523723925689e+03
9.225343228112708032e+07
2.513059569273455054e+03
3.439805128509434871e+05
1.722071939674806833e+09
3.353775546725492924e+06
1.770861804004961252e+08
2.078162570607292233e+06
5.128654372302213596e+04
1.083300432950806618e+09
1.098789343397751327e+04
6.059087978565307707e+07
2.489622598905175552e+07
2.760019478114490994e+03
4.957018658107944578e+07
1.351106962883905172e+09
9.019585126688103192e+05
2.533878707500669640e+06
1.142691325509251840e+07
7.961454521103705338e+04
3.016713885657110214e+08
6.022637822035234421e+03
7.805552383035560846e+08
9.359290421838114038e+06
2.486747953440511483e+05
9.925113301838502288e+07
3.265297397770909593e+05
5.655234305474160938e+05
2.480073902795162983e+06
9.801707242273732845e+04
4.741198839671640657e+06
1.980639324575312436e+08
4.123861508854191197e+04
2.489822033802542463e+07
3.332321793124740361e+04
2.702073063158172590e+04
1.319283248570351124e+09
4.557714864960343220e+03
1.018237413311240375e+08
3.266537356477346038e+05
5.891546527252395451e+07
5.458770064918566942e+08
6.676782066432658583e+06
3.717596857323414497e+03
1.304105588660814799e+07
2.333400809429248795e+07
5.468630447625350952e+07
1.799595624839767456e+09
6.749342198424038361e+04
5.675947254998249933e+06
6.580196305428391497e+03
7.643172568682458950e+05
3.344879594065521359e+08
3.802258061979873310e+04
6.957193521453046799e+08
2.719712922379176691e+07
3.868161694455262023e+03
2.084541005576456189e+08
3.240200763454285152e+03
1.544351421942567080e+07
6.813462815650203265e+05
2.813568496543216109e+08
2.640964525207222778e+03
1.980685725076951552e+06
1.261189113081150223e+06
1.549593402931390156e+05
1.016057846645244956e+09
4.805206690143537521e+07
1.574997156321231887e+04
6.617227705385503359e+05
4.048820023893728503e+05
1.695338879291730374e+07
8.544773262734653056e+07
1.256186981164298765e+07
7.392483967751050368e+06
5.423047904268058538e+08
4.453693159325676243e+04
1.513018636243279696e+09
5.518083603629490826e+05
4.286782440820595184e+03
5.785030760064247996e+07
3.090807597273666943e+03
3.919963319116212130e+08
4.544804568499654531e+06
9.660372017104741931e+07
1.214333237669230625e+07
8.169264442449576454e+05
1.247565871564272311e+04
9.258311241219185591e+08
1.768008858511009603e+05
1.743504026379093295e+06
1.139821578011295795e+08
3.894924699587747455e+03
3.539615638542449474e+08
7.055777527004026524e+03
1.081162774016400544e+04
1.004538863788909838e+07
2.349322244541076070e+05
2.240209191734917164e+09
5.528972893577519804e+07
5.545131581963833887e+05
1.258403885220173048e+06
6.383149429479133338e+07
3.256919432564483031e+03
1.980714456747832894e+08
1.410059902864818469e+04
2.378034015632367507e+07
8.475969174076588154e+08
1.402011590372176724e+05
1.405545695183291435e+09
5.139301461317088251e+04
1.007415128077354468e+07
3.635271094974623621e+07
1.378420577343622968e+07
2.804614547291721106e+08
4.676380172811635770e+06
2.478515547971702836e+04
2.003828703011163324e+07
1.064370846222543514e+04
2.944463105417893530e+04
5.513922924896048307e+08
1.500221624175017700e+06
6.058718237405624241e+05
1.388620556375700533e+08
2.783809813660752297e+03
2.007653399970487058e+08
1.591036765321111120e+07
6.291395264545577811e+04
2.743116012678061612e+06
3.513469747260876466e+04
1.071556027128724456e+09
2.345924543997902423e+07
1.168978376334824599e+07
5.724161589025741443e+06
1.824965052218131023e+05
2.994265163548338478e+03
5.476817562116954327e+08
2.926215558475916623e+03
1.059554803185026944e+08
1.844602255685742617e+09
5.078664031614584965e+05
8.822750399267994165e+08
1.483939665459811840e+04
4.596645722124389373e+06
1.142506794205771573e+07
5.513858489752242895e+04
1.013659496204647273e+08
1.841360502103176899e+06
3.230104435546534951e+05
4.981820856881724298e+07
5.974259322382293249e+03
4.061669121197562781e+05
1.372387639418617964e+09
8.121414594863316417e+07
3.668732360495841131e+06
3.493914996598733664e+08
2.530519320211806189e+03
1.192732661739751548e+08
2.809573501819718331e+03
2.278656394603821337e+08
5.275329964086285327e+05
1.158235616319827037e+06
5.454967873706099987e+08
1.251892546637110412e+07
3.106329357886734670e+03
4.364936956393945031e+06
4.502176477587359841e+04
3.550678217873099129e+03
2.039139708070792258e+08
6.743370058782217093e+05
2.687431605728833377e+07
1.457551020561966181e+09
5.766739563478359196e+04
7.528652567668480873e+08
6.943557300472799398e+04
1.175275348535246485e+04
3.140552599241800979e+07
2.665682672073046888e+03
1.992717816083700955e+08
7.334681885148277506e+05
1.629016786197177134e+06
5.103117251765362173e+07
2.148737287269059569e+06
4.570644042673903168e+05
1.765469623454528809e+09
6.591788818361077574e+03
6.872512353819695301e+06
3.681951919270969629e+08
3.019755074159229174e+06
