2.362778445777429640e+07
2.387836273139416789e+03
2.475068636578555685e+06
3.493297234730091295e+05
2.516636576482796954e+04
1.311137801520643383e+07
2.789243857467741473e+05
3.317853632962093130e+07
3.405653176444669953e+03
1.409223083099404164e+07
5.731701497088135220e+05
1.245489867606062442e+07
1.501258885334089994e+08
2.449138095611663175e+03
2.427466071562946599e+05
6.652361724020821275e+05
9.956242724787578918e+05
1.690816529699916765e+07
6.464979675757113844e+07
1.040729517942817620e+04
3.192049575629206083e+04
1.664151695450546220e+07
3.721770653234035126e+04
1.068136253613618016e+07
4.468005905044459505e+05
1.393967622346128523e+08
1.268932749495717930e+06
6.129459839870488941e+04
1.792202235259888694e+07
3.776551332335397019e+05
1.559819590579622611e+07
1.849781156576993089e+04
2.441934613220432773e+07
3.453865197457064642e+04
6.391075303514531814e+06
5.791086513945012121e+05
3.001350552180827362e+05
3.244210185142795672e+05
3.945157986040533287e+05
6.368537029653400928e+07
2.145120391140261563e+04
2.175997345876502991e+07
1.416189580280234513e+05
3.169563678886033595e+06
2.227092340604315996e+08
3.843431271379091413e+03
1.135251073686013115e+05
1.145455594719432481e+07
1.016817703533602646e+06
1.465252583890685637e+05
1.315007125158527493e+08
2.782834140409565407e+03
8.735562067054016516e+05
2.772607816951426864e+07
1.289908019963447987e+04
5.106127248468659818e+06
1.195544673581431707e+05
1.280584202755591720e+08
4.572223427735455334e+05
1.216485121034884080e+07
1.027716199703969806e+07
3.204782523593007936e+05
4.439209107826363295e+06
7.270621986271120477e+03
3.687406025503998157e+06
1.581758823274092749e+06
3.735118309346641600e+07
2.762319831235067340e+03
2.577546768597642425e+06
2.542534197146543738e+04
2.712622957099039922e+03
3.099908425724075437e+08
7.321300866051334888e+05
6.147247380923432298e+06
4.189464180269887038e+03
7.902141973857793957e+06
9.052004872646577656e+07
5.145367382894211187e+04
2.059334690450750291e+07
2.249862313990269031e+05
1.036556185738555505e+05
8.643237723283963278e+05
1.174962288408999145e+08
7.722241869072143163e+04
1.592356753617454087e+05
1.026025145427525789e+07
1.625213381752783433e+06
1.399694369922475144e+07
4.608463910988197313e+03
5.860970657836383581e+07
9.329375639818252996e+06
1.335360555452913744e+06
6.309511117812372744e+06
8.425376334215202951e+04
1.999614690229661390e+07
9.519221551758809073e+04
7.222477313051711768e+06
2.962154071371996179e+04
1.925353793370867148e+07
9.590161132127661404e+03
2.520672788619737327e+07
3.009332113697224995e+05
1.852664722802636243e+04
1.191755086727394760e+08
1.926603180458003189e+05
2.710091243250455242e+06
7.425175468674962758e+03
5.349950789387521148e+07
3.301341813311941549e+07
1.493125576054891339e+06
1.181833321679679677e+06
9.472472790235838329e+04
6.920013379819775000e+06
8.874476583672584966e+05
1.788223588597279489e+08
2.633179199099583784e+05
1.547934964469147781e+04
2.402063893767369445e+06
1.275075787017429830e+05
1.674622734431574121e+07
2.822336351760397520e+03
8.288569569410236180e+07
3.932679802383221686e+05
5.894102175863174489e+05
9.470312089415617287e+06
7.878149133906113093e+03
2.250494221120236069e+07
1.303749169793782639e+05
1.401967204145010561e+07
3.119731254774575973e+03
9.931806374914191663e+06
2.332671760372834280e+06
4.029066407759805770e+03
8.642766559613269567e+07
1.065350924343814142e+06
3.136754035761131672e+05
3.205799004664187578e+03
2.441465895756566525e+07
4.719156752639221959e+06
1.884968907169984886e+06
6.288910406597484834e+06
1.054999519298620289e+05
3.330496551063716039e+07
1.166823631450337591e+06
1.381037551790540814e+08
1.612828744930419452e+04
1.736415776115932968e+05
1.077573729575048666e+06
3.384984759247459442e+04
2.166843583219055459e+07
7.876851556682968294e+03
3.998049199911502004e+07
3.366923190379084554e+06
1.215570766780372942e+06
2.969820180807776524e+03
7.504294770328505337e+07
1.386442992540618777e+07
5.291302738392213541e+03
5.240059005226710439e+07
9.888464579228100774e+03
6.563741767300575227e+07
3.145307601121505741e+03
2.336368533895899076e+06
7.155242656650375284e+04
2.794766373616301735e+03
2.465530251692792177e+08
3.959481170219641645e+06
2.066745381300373119e+05
4.020132520217517140e+03
3.716019399820162356e+07
1.202908758641516615e+05
7.737926569023089483e+06
5.966441315878763562e+05
2.131915945283009205e+05
6.617850210823725909e+07
7.293350896723633923e+03
1.267371478205007315e+08
1.075047926615704317e+06
3.013692800018283073e+06
4.723806950795390294e+05
3.541409465672646649e+06
1.242896272536258772e+07
1.610866466350699557e+04
4.634042096140114591e+06
2.516366869927977386e+05
1.131803158486118075e+06
2.818435484242258099e+03
5.105373622765235603e+07
2.310510170897057652e+07
5.272544674352020957e+06
4.808059198116901331e+06
8.708911095351082622e+03
7.460215198588834144e+06
4.218752947805419564e+06
7.968204466051029041e+06
7.052753456182464106e+03
9.859394423003155971e+05
8.730779360816441476e+07
2.374255276018897712e+05
3.873791679988738615e+06
1.352723244371798448e+07
2.512575299123714678e+06
8.043569087792938262e+03
3.546233200065726042e+07
3.134166961234794144e+04
3.368010568214467261e+06
2.197674326041663289e+08
3.032252112751696586e+03
7.148153365887774527e+07
2.672247531578622784e+03
2.613514368811748456e+06
4.920855621866870206e+05
2.766383780963409663e+04
1.524526628648908436e+07
1.474239764506889333e+04
1.753823017121539265e+07
8.245222220854391344e+05
2.521150620969186712e+05
1.041070775876178232e+04
1.218504441974831820e+08
3.520699371886076033e+07
5.746124394088870758e+03
1.823484081735541672e+07
5.348517585321988736e+04
3.722008862103248015e+06
1.493175870150024457e+04
1.211755847045021504e+08
2.873861032473905198e+03
1.904547357826487569e+05
3.289565538473828137e+07
7.461409041396138491e+04
9.317084132978777634e+05
1.742560174889121117e+04
5.980574478131784126e+06
3.315372646738413096e+03
5.647687540975931287e+07
4.848843788636748795e+05
3.452466949348050635e+06
1.390290400619095862e+08
2.736226351346285810e+03
6.370297500170200318e+07
3.518871327954160733e+03
6.064514728069733828e+05
5.343848123023210792e+05
4.245831223779348875e+03
8.369939885611596517e+06
3.553233324226298835e+06
1.520307862766001746e+07
1.496857416493494995e+06
6.218588362542815739e+05
5.365928160405944102e+06
1.707685110043785274e+08
2.321900497028015088e+06
2.654079502475625122e+04
1.843048160087800771e+07
6.120284955740023870e+05
