3.450257026308715343e+07
1.918344619936034782e+06
3.328594737038902044e+08
2.798725256764299047e+03
3.743755073462582380e+07
6.223554997895038468e+03
1.005704148451054841e+08
4.525880488993700147e+08
8.663286769875660539e+05
2.226905573227391541e+08
1.700429196731897593e+08
3.148672300414827987e+04
3.911869944255599022e+09
2.632020023679881706e+05
2.299808589036507998e+06
2.651642444160987809e+07
2.064992182099741694e+04
1.089341855363747358e+09
7.155040582407903671e+08
2.118734853770343214e+07
8.419459434411028633e+05
1.442467003797596262e+05
3.903640059222547279e+03
8.344756106974757910e+08
1.439505920979887014e+05
1.451210599141848564e+09
4.333924665795464069e+07
1.152415261262177862e+07
2.951342888120666146e+08
1.138332298115502149e+08
1.620756643117847307e+04
4.043780598677218705e+07
8.589178160163771827e+04
4.856070308870235831e+07
1.520559867345322669e+08
1.364108457614692748e+08
1.737938291770310327e+07
1.484666136337234639e+07
2.209181425087562820e+04
8.880698229522897005e+08
2.651020014195129079e+03
8.832444814184356928e+08
6.616668663609799929e+06
3.898719055844256945e+04
1.838075752111609221e+09
1.397820865709894896e+07
7.145521577108278507e+03
8.988228200730111599e+08
3.178876476915384643e+06
9.894147590748570859e+06
3.925492532010288239e+09
4.211665779678307008e+05
2.016863264402793050e+08
1.797934067391163553e+05
1.277830340309102321e+06
1.073912723239597082e+08
7.287958803927740455e+07
1.220110806050005198e+09
4.776933259916743636e+07
3.058741155824054658e+03
4.075679053345648646e+08
2.647486838081262704e+03
2.386351306106700376e+07
2.594263926159352995e+06
3.920578767338496618e+03
2.933165555528569221e+08
4.631869456002531648e+08
2.232372126961999107e+06
6.835969300675995648e+07
5.244139768039761111e+06
8.804468994852012256e+05
6.105960631884524345e+09
2.787933376938049150e+03
2.840382732413556576e+08
1.314471598216251936e+06
1.526346989523762651e+07
9.321283120287812948e+08
4.810541146652168781e+07
5.575595064401876698e+03
2.975235081888234615e+07
3.148789997207690775e+07
3.612367802112669498e+07
1.447876826675202131e+09
8.190436328798721661e+04
9.735623677311503887e+07
1.523635630039906027e+04
2.471591481621868610e+08
2.737766736581187844e+08
1.198365245280732028e+07
6.603765886069748402e+08
7.717227970155205727e+08
8.309256961947005038e+03
5.956041265171413422e+08
2.546092547830526655e+03
1.167216422511599667e+05
7.342725965609644772e+05
1.689707171407707210e+05
2.343480978361089248e+06
1.129809343516157389e+09
6.193403348654370348e+03
1.400397179019608021e+09
3.776424767271359451e+04
3.103531364766648412e+07
1.142391017280455351e+09
7.213472532824492455e+07
8.124314626227749884e+07
2.277985720329929888e+07
3.704932694909183192e+05
5.298596323514767885e+08
6.662859184935406120e+03
6.575516430726025254e+06
7.871265590753363445e+06
2.706780048281273139e+03
7.472945774491415918e+07
1.584397254678239107e+09
1.083046188381173313e+08
4.870021946048053913e+06
3.661176232266199589e+07
2.814151071437566316e+03
5.758481734126981497e+08
4.892830483951670612e+04
2.513268404144577026e+09
1.786414757254034281e+07
7.350867571091282880e+05
1.638757924307339787e+08
2.231681547550734831e+05
9.814060849177968339e+04
8.410015223861379921e+07
2.254725923004288971e+08
3.212407570693614893e+06
2.080543064252799013e+04
3.462699728779346943e+08
2.095690878237118886e+04
1.746231552777816534e+09
3.349844485701187700e+07
8.253434317841196025e+04
2.267170218122082006e+05
3.982388373941021971e+06
3.102700246138412695e+03
1.090037073172575831e+08
3.737560717482969267e+03
8.449326534175470471e+07
4.755897988761324883e+08
2.124185455559059978e+08
1.787049271586963177e+09
1.045622596958874346e+05
6.002074580334639549e+07
4.510112622959297150e+07
3.419930684623060375e+07
3.217463970029141903e+08
1.127691802420571260e+07
3.644592041553922172e+04
4.460638087933868766e+08
2.789340626788530244e+03
4.519989680545680225e+06
7.890467635530333519e+08
1.238992309383803513e+06
7.028857303951621288e+05
2.238860156594503880e+09
1.149073798500169796e+05
2.485545205904647350e+09
9.384371253037180577e+04
1.114308841960916528e+06
5.773612820157071576e+06
4.408798953783117235e+06
1.976101777513548374e+09
4.855319044276761413e+08
2.742858776322452741e+03
1.858172383580232784e+07
1.000567703999626683e+05
6.011111666159460694e+07
1.591166499464195371e+08
1.005839811230889857e+08
2.423436613070833310e+07
1.432114405972291946e+09
1.145169808133270453e+04
1.243837554571873426e+09
2.150208474721041620e+08
2.300935416194263780e+03
1.057786884306087643e+08
3.090647157831214372e+03
2.711230958762767911e+08
2.377102685533205979e+06
3.709216207504896447e+06
1.267269864292281866e+07
2.690601096858505043e+05
1.090090643259159333e+04
1.738639637388251305e+09
1.230068400057324616e+05
5.271205560167992115e+08
1.062314503611742407e+08
6.941015215579894371e+06
2.004578111782585382e+08
2.721301304589048414e+03
3.440278670257663354e+06
1.254200864789557178e+06
2.020264838612594008e+08
9.420059591009291410e+08
9.070035094884788990e+07
2.776020439848809929e+03
9.426987829686394930e+08
1.685632749378502558e+04
1.710402257824793458e+07
4.558147435707576871e+08
8.583606908309475984e+05
7.933307155612015724e+07
3.795870022173109055e+09
1.908758787134097074e+05
7.502465178864935637e+08
7.131308794325273484e+05
3.037448170927554656e+03
1.709597471069427133e+08
7.881726395096774468e+03
1.051716043915968418e+09
6.977736633758625248e+05
2.377462945678064425e+05
4.033380797250753641e+07
7.320216795979885757e+07
7.199593430477070797e+04
1.742258683374682665e+09
3.605589945081386395e+04
1.354911081479070149e+07
2.857754508196646571e+08
4.248345997900741547e+07
9.045461577165965736e+07
1.370623691820623167e+07
5.893828366157462588e+05
3.013779738562338520e+06
4.560259588481347237e+03
6.859096807836725712e+08
8.491374610274257138e+06
2.594830576423002407e+07
2.168391520742492750e+06
1.165898123438215349e+06
1.037778647671659855e+05
2.335435421028314114e+09
2.797119414974378742e+03
4.602269003829886317e+08
1.265652674541607380e+09
4.444927130560359918e+06
1.697922901411903381e+09
9.102360247239612363e+03
1.527410061997801240e+05
2.094411393514604494e+07
4.776822446606531739e+06
1.562611838727121651e+08
4.284907042084653974e+08
5.195175534597444494e+04
2.612495094267751575e+08
2.700389321893280794e+03
5.227439069404288530e+08
1.628491181886722088e+09
1.421613048891134001e+07
4.083027884261386935e+06
4.404257321317685843e+08
3.359542279673080884e+03
