4.009507379550813437e+08
1.413071421799615746e+04
4.601721858793349384e+03
3.897892860028941929e+07
3.068305080966023070e+03
3.531419954646905065e+08
1.210277556029801635e+05
1.083218628562904662e+06
1.720173513328281231e+06
8.835721386908196146e+05
2.473186026108886836e+03
2.843006840775771737e+08
3.681049682311878074e+06
2.199810147379861446e+05
2.282640170321441069e+07
3.267797220833059982e+05
5.102483292584235221e+07
1.348682654521799122e+05
3.036932623630498070e+06
5.581488542281165428e+04
1.272723257942125574e+07
3.001838647284629345e+08
1.141921183847557195e+07
3.057960744750401136e+04
4.830070249823806435e+07
7.801430446869659238e+06
2.538009386192109378e+04
1.132408429506419413e+07
4.290942555262008682e+05
3.503862164936449844e+05
3.900625168515964746e+08
2.421966984362908534e+03
4.979099393043928146e+08
2.676748949160742086e+03
8.556591569765507302e+04
1.399271227896284312e+06
1.449271127442447869e+04
2.791131207186488807e+07
4.364248613889848441e+07
2.478419376443064306e+06
9.171197933460509405e+06
2.787217805056741927e+05
1.540715108081298694e+07
1.013311421747319400e+08
1.666594851534467749e+07
4.103491746084719125e+03
1.761425304706956074e+07
4.976461055131019384e+04
5.192558620715639740e+07
2.835721286653756397e+05
2.836349343374966644e+06
3.497148110211408348e+05
3.694865893476659949e+03
4.598837487371777296e+08
4.837986564067635685e+06
5.041705049777679960e+05
6.206654946241567814e+03
7.532640418347548693e+06
3.388091739909112675e+03
3.312570366530596614e+08
1.217279966864048474e+05
3.711561164959698170e+07
1.325688332361051738e+08
1.227451030315304342e+04
1.297669080358698219e+08
3.673398809455491573e+03
1.621659134289334295e+06
3.455092595450100489e+05
9.144469786996683979e+04
7.266095115905985236e+06
3.920817792115930206e+04
1.188255735401698016e+07
5.871899546634054929e+07
5.485010132732221246e+04
3.901434725825202622e+04
1.909574367305175066e+08
4.716110435327502899e+06
1.709728440843168937e+04
4.707182610499824286e+08
3.117751957078562555e+03
1.245979023108629137e+07
7.460068369434172382e+03
5.878238946723483503e+06
1.938656681882455945e+07
2.977682730324671866e+03
2.754424590848983526e+08
3.930143416667592828e+05
2.713949204900998739e+05
8.558673068681270524e+04
2.705636429077290464e+06
4.713780835278517770e+04
6.280417096014247835e+07
1.213084428896607460e+04
1.795311423673805967e+07
3.408243970340760946e+08
2.240180566325046122e+07
1.714572852960816920e+08
7.483172066615408286e+06
9.749099003268033266e+04
5.819581601457272656e+06
2.533812649282404454e+05
2.565631493269547448e+07
1.093645441501555615e+04
7.001173075820112601e+06
4.117865601038180292e+06
2.596278302076429463e+04
2.865160581939663643e+03
8.645424074840999842e+08
9.602227681898304727e+05
9.084814805396506190e+07
5.766470019217757881e+07
9.621271296315618383e+04
2.294037408726744652e+08
5.289476463858592979e+03
1.179233738262494653e+07
3.029471145493223958e+03
4.715293887095876926e+03
9.028194563772058487e+07
2.280849440688109025e+07
2.564817300443277927e+05
8.403739115556855686e+05
1.577253748838138767e+06
1.369704256538824644e+06
3.671357381875158846e+07
2.210431889250318054e+06
3.592828803178159054e+06
4.436998051583406329e+08
2.887736474410271512e+03
4.577840399958409835e+05
1.307574833983824356e+06
2.272976284456031322e+08
6.540348813843997959e+03
3.539857986328142229e+06
3.019517538393775001e+06
6.582833257121431641e+06
2.567741556022048742e+07
5.162715927348109544e+05
4.005272615965300202e+08
1.793465572707895935e+08
1.069317088739758583e+04
2.140187155566315949e+08
2.950757580962580960e+03
1.037053193624202162e+06
8.757689244133252942e+04
7.138535949472157285e+06
9.024452155858147889e+06
9.286487747390957549e+06
8.174909987207719496e+03
3.855024082996489014e+05
6.228647356037668651e+05
2.801520941935756127e+03
7.509752474583373070e+08
7.304783480990736280e+03
6.598897859753132612e+07
7.547215596970167826e+04
3.936174203127912246e+06
2.688011662071841955e+08
1.657502704999296693e+06
7.516302577029503882e+05
4.360013555272034369e+06
8.787626645108405501e+05
1.131646765779086156e+06
8.441214972084671259e+07
1.190851339401113102e+06
7.127254532369955086e+03
1.948581347443000600e+07
5.766684706161285249e+03
2.806442761121632159e+07
2.985643573568753709e+03
7.023126061332594156e+08
1.404434963179423707e+06
1.280109903469843412e+05
2.323426083868511394e+07
2.699309169712247240e+03
2.072236273151394911e+06
5.354710143337639049e+06
7.156177795757723041e+06
5.785294177278749885e+03
1.378125844050968885e+08
2.677390493234802761e+03
1.505709633427095115e+08
2.174968525071719196e+05
3.363300457527607214e+05
1.323954378724360913e+08
3.633696395438984036e+06
5.342602780814678222e+07
2.168039515980633441e+06
8.204729646066483110e+05
3.829400920670302510e+08
2.622549701074491168e+04
1.050515087579074025e+05
3.851251375591635238e+06
9.676517967080519884e+04
1.671479852155162394e+08
1.879588100774426460e+08
4.332407051749203238e+05
1.038059516326762969e+04
4.237357991239166819e+06
2.792796077392290499e+03
1.613657688292666972e+08
9.858454540948235081e+04
8.908423467763507366e+07
2.045634883792895707e+05
1.316237165460464545e+06
7.598115752984320745e+06
7.813664340904265409e+05
1.005571178881485574e+07
3.792782333213016973e+05
4.157460154488039669e+06
2.075599147712718695e+05
1.198539060970881879e+08
3.002319842645119934e+03
9.189657772364377975e+06
6.723695661720832868e+04
8.336963109472931363e+06
3.116485042135384083e+08
6.140555364700014252e+03
1.080231684292787686e+07
7.187440963734062389e+06
5.811071533056230284e+06
6.885534959899915457e+08
2.663829213299169169e+03
4.764878505774686346e+05
4.747417276967106736e+05
5.712717513139605580e+04
4.368010596218682826e+06
1.642609072168375969e+09
7.640255523713866751e+03
2.874077961609297618e+07
8.598726488089803606e+05
6.355269425336376116e+03
5.096782135537733138e+07
1.408442657884953544e+06
1.536733819859425128e+08
2.129408840638309717e+06
7.495810128598528681e+05
4.177088796547889709e+07
6.265437260647610856e+03
9.070652127570547163e+06
2.111146457924327115e+04
1.567880835351744667e+06
2.724659130143720657e+06
3.698978368611378223e+07
4.908827660590020940e+06
2.268345630981022026e+06
2.244850298043834337e+05
1.260432089836958221e+04
2.929519351329640150e+08
3.109291104212610662e+03
5.383015014695576578e+07
3.088629685798225182e+04
1.051114664023990929e+07
8.789813094437606633e+07
2.844563944483865998e+04
3.630492981867683702e+05
5.358076321061718464e+07
