2.655273506353402615e+09
1.207358742853049748e+07
2.933869785550142296e+03
9.647078611032645702e+08
3.163992007815965335e+05
4.464925212432898521e+09
1.239293123478621617e+07
5.952943932520044036e+05
7.930206733761113882e+07
9.405421505472007394e+07
9.878363699747946521e+04
2.992916630312510967e+09
1.924720501134313599e+04
4.608315374654215574e+07
3.257962015781165957e+08
7.133562939313194156e+07
7.397560013029174805e+08
2.913876538060557777e+03
5.556695063514812849e+06
8.816598991185251623e+06
5.150239528410475254e+08
2.238181258548160553e+09
4.096296715856411457e+08
2.944225994639085911e+03
1.202842146901522160e+09
2.510023133642873727e+05
1.849850909303425625e+07
1.940696511459178925e+08
5.300647786128756125e+05
2.234300886610057205e+07
4.624452660908403397e+09
3.240914118171280716e+05
5.116307349856489182e+09
4.414206176116022980e+05
4.596609852884977590e+05
5.075886312281233072e+07
1.653452872196126729e+07
3.621503353257090449e+08
1.114522009659424305e+09
5.042155433771918615e+04
3.977850702840500474e+08
3.533541500823670503e+03
5.949751012428191900e+08
1.087553926175711870e+09
7.684800963701054454e+06
3.136418323693991639e+06
4.678418879262728691e+08
3.111425738689428727e+03
5.732351279936971664e+08
6.435186029148761183e+07
3.596731487716787797e+03
4.942494681171260029e+07
3.720762863711598911e+05
3.858714653872321129e+09
1.282270727161814570e+08
8.477905742096379399e+07
2.468825453237266280e+06
1.021886494633628987e+06
3.614902459224339109e+05
4.455459318710689545e+09
3.654244043201721979e+03
9.841027993338531256e+08
1.133966016733080387e+09
1.337013350132866204e+07
1.732844255875212908e+09
1.139061002331661621e+04
4.602156232373578846e+07
3.226595628475923464e+07
3.426381542644701898e+07
1.477732792599461973e+08
2.058307332040522248e+07
1.508427451411486836e+05
1.335712022106040001e+09
4.286880582686191701e+03
2.247274713811101019e+07
1.493734364848802328e+09
1.797641795346969971e+06
4.540168003189122304e+06
5.745480767338214874e+09
8.248959410713989055e+05
2.063273162440540195e+08
6.461553091864394024e+06
1.541478163315970160e+05
6.598869690669173002e+08
9.755562623459554743e+04
3.286150422517256737e+09
2.434673444404100254e+07
9.197155451134679606e+04
1.191782921284844168e+07
1.057212142634529248e+07
3.631755675421249180e+03
9.118159005113809109e+08
3.072612191041957885e+03
5.665135151747679710e+08
2.524123741195804119e+09
7.358440395216562748e+08
1.464664493157267570e+09
3.761621600450412631e+08
2.801638020369401602e+03
2.789302510528663993e+08
2.756605598183577968e+03
4.723203955375000238e+08
3.792035554737264290e+06
3.200521686655905563e+06
9.912370178250302374e+07
1.728883248639076483e+06
1.587877133493972244e+06
7.782750855176973343e+09
2.225159552514529787e+04
1.821785120029550314e+09
6.125858146290832758e+08
3.802036605710093677e+07
3.426756225114436150e+09
1.432268741243123659e+05
8.076876358079273487e+05
1.277434666531796800e+06
7.659323202680045739e+06
8.521932627147965431e+08
7.163708124899154902e+08
4.224063191374383678e+03
9.610588067224265635e+07
1.003520016707390459e+04
1.479610235248993933e+08
4.717423504217048883e+08
1.920697242367738187e+08
1.399935188186546564e+08
4.377829418094311714e+09
3.093780297154383152e+05
4.079525135288922489e+07
5.594864524746865779e+07
2.285041705667438030e+09
5.815976112923141045e+04
2.283883153118879199e+08
4.812884658629824116e+04
3.645204107423592210e+08
4.389228145918138027e+08
7.882986360315564275e+07
2.646649111631278992e+09
2.887365640011745930e+09
7.338119154481371515e+04
2.973346176243859291e+09
6.793615675814641872e+04
1.197629047578070313e+05
1.063664862840006500e+07
1.914003198733593163e+05
4.081394105033090711e+08
1.697081144609529972e+08
2.622238020287534688e+06
2.330838048287931830e+07
3.669482473515400663e+06
1.971766422061015386e+06
7.927287472981266975e+09
3.261002033870961895e+03
1.097052928800453901e+09
1.474989033090262115e+07
2.454111253794946149e+07
1.960809357520440578e+09
1.529187037758727670e+08
2.575766114211062359e+03
1.692605800951662958e+08
3.012188864328097225e+03
1.001895284755948335e+08
8.313408783481010199e+08
1.331267094264914244e+08
7.099998088197611272e+06
2.122906820355425030e+07
2.892465780295395234e+03
7.286843953457506895e+08
1.235245651906856569e+06
7.110019393117506027e+09
5.002617242133502662e+07
1.941743681317399954e+06
3.217670119653652310e+08
1.401781019774719607e+06
2.919755098862574596e+04
2.917887867645654082e+08
3.079856531707240501e+05
1.801036125639774138e+06
2.341087407449902058e+09
3.163307933816761579e+04
2.575031132469133854e+09
4.159533425817335228e+04
6.679578394017787278e+07
1.136173149304439068e+09
2.529254295335162878e+08
6.382745576348245144e+08
1.657802442089739442e+08
6.251506053346946828e+03
2.974998964550549507e+09
2.497517333485313866e+05
2.530068335390371084e+07
9.749856742684698105e+07
5.717066859456006205e+04
2.765716032379774094e+09
1.480228634015860796e+09
7.473500011133353412e+07
3.216164978806287516e+06
2.048033511971133994e+05
4.541803296885336749e+04
2.581748319348373413e+09
5.125101616482546888e+03
1.059766567656418562e+09
1.717451805573171005e+07
7.871002057314746082e+06
1.732072641452114880e+08
1.115359933790480644e+08
2.417889871081080055e+05
6.648814726508715749e+07
8.330249216373670101e+07
3.655864596045251936e+07
1.908654163727744341e+09
1.250674176516480657e+04
3.367044455551314354e+08
2.581242195572334367e+03
3.955758720628717542e+08
2.263079893063535690e+09
2.000941761045878055e+06
1.885223049975674748e+08
3.537231663901132941e+08
1.385579208038577926e+05
7.354822763158695221e+09
1.531359862102719024e+06
2.801152371072684880e+06
2.617229026455581188e+07
1.382542680203579366e+07
1.030917250276109427e+08
1.395684226982928276e+10
8.312119888739874586e+06
8.400810388146678209e+08
1.163170456877931429e+04
1.020267557822965831e+07
5.586039479007470608e+08
1.426449039180167019e+08
1.287888663671001196e+09
1.265760247507846802e+08
2.552765988200513675e+03
8.775545748234521151e+08
2.838356453033128673e+03
2.258541360500927642e+07
9.755732296026607975e+06
1.702709643203196174e+04
1.933824036444622278e+08
5.208112373782048821e+08
3.041393971714592576e+08
7.264600340482933819e+07
3.221425456685459986e+07
1.212620381505473633e+05
2.571663258049594402e+09
3.458319737587377404e+03
1.191413084483778238e+09
8.177056617842520354e+05
3.917800459577789297e+05
8.329053682623693943e+08
2.078026911219409853e+07
7.013100065290116618e+03
1.266616211487666607e+09
