1.017103538694844065e+04
2.628530866784843056e+03
5.452977649341525648e+03
3.733352093547769073e+03
4.660774300237841999e+03
5.280881416992215236e+03
3.460880700446666651e+03
6.666544977187616496e+03
5.480824231141960809e+03
9.591879804352603969e+03
3.612776981943451574e+03
6.761384951090274626e+03
1.144717978559635594e+04
2.673324501162639081e+03
6.851262104710356653e+03
7.665020757103424330e+03
4.438104884230277094e+03
6.772371339001147135e+03
8.599767617905999941e+03
3.348685212735939331e+03
3.138627402018668818e+03
7.217859092087786848e+03
6.901657072038013212e+03
5.506160207563207223e+03
4.133058076480979253e+03
8.981939623658941855e+03
7.340963909861375214e+03
5.348185916676326087e+03
8.666848406299237467e+03
5.897286329115645458e+03
5.610896525494019443e+03
5.330224358430657958e+03
7.871270765683815625e+03
4.650452600014438758e+03
5.676338795071652385e+03
4.238216609874850292e+03
4.169447700210324911e+03
4.919097757985196949e+03
3.926627743657857081e+03
8.341626115096656576e+03
3.595051710715267745e+03
6.925945793340377350e+03
5.055809548951510806e+03
8.171319225678103066e+03
1.494766875019314466e+04
3.740456643330210682e+03
4.458583555143503872e+03
5.087803786952109476e+03
6.307727086266717379e+03
5.521687076662436084e+03
6.369120753160917957e+03
4.389812864957284546e+03
4.747014527530232044e+03
7.908107314784489063e+03
3.651435846348374980e+03
6.630520606596908692e+03
8.509405076979270234e+03
1.036531527903320966e+04
4.392066055873478035e+03
5.382646992590921400e+03
5.613102784263736794e+03
4.531433311018454333e+03
6.717761442716399870e+03
8.544653545972347274e+03
5.891228666483604684e+03
3.717451607493440861e+03
6.974301168755697290e+03
9.942956461630732520e+03
7.696094627208245583e+03
6.906704861946631354e+03
4.955764526472684338e+03
1.006660477986902697e+04
3.422270515361353773e+03
6.584580332405029367e+03
3.290042948191176492e+03
6.286549873735619258e+03
8.286433734596223076e+03
2.943601231959691631e+03
5.581379618416431185e+03
4.720842755126248449e+03
8.231769183374301065e+03
4.923598258557234658e+03
9.718862625934041716e+03
2.929258530569950381e+03
3.976564785206132456e+03
7.135213245656503204e+03
6.273866651037707015e+03
8.429257571633519547e+03
5.163473682196468872e+03
8.958632704372750595e+03
5.476551155210112483e+03
4.813931099823083059e+03
8.078339735712819675e+03
3.096399905938386837e+03
7.104448456911750327e+03
4.356147867620026773e+03
6.667517049034065167e+03
6.388555488829926617e+03
5.256365044146233231e+03
4.922549979754207016e+03
4.708582531002374708e+03
5.016550127400475503e+03
6.648335206770290824e+03
1.074712829077279093e+04
3.525337267638779849e+03
5.173869391286521932e+03
3.013264840241407001e+03
9.090709838987291732e+03
6.394756179819187309e+03
5.107474828230237108e+03
4.410160245401772045e+03
4.934178933823730404e+03
4.897755206353300309e+03
4.513747831058815791e+03
1.368350902694523757e+04
4.329351825324135461e+03
6.270911169926635921e+03
8.487873552722823661e+03
3.272393786318317325e+03
8.710048191827199844e+03
3.507582099952413046e+03
1.033526116456083764e+04
4.795318254292949860e+03
4.938916778121944844e+03
5.599759973719370464e+03
3.693997973625414943e+03
1.138428381368385089e+04
3.724157391696054674e+03
1.367936822125784238e+04
3.746653445799049678e+03
8.435479485933588876e+03
2.931290822007244060e+03
4.183237045748461242e+03
9.273607018909016915e+03
4.593005532114391826e+03
9.190597266569682688e+03
4.809564599728622852e+03
6.520600291066488353e+03
4.960761574717644180e+03
4.391803173035350483e+03
6.496643795237297127e+03
3.694983564604494859e+03
7.976650974532307373e+03
3.130045294228150851e+03
1.038539382072781882e+04
3.533138384065146511e+03
5.726908700138780659e+03
8.841784120154596167e+03
4.493144663842505906e+03
1.110912373601401305e+04
4.202569924239876855e+03
5.829180586749662325e+03
4.146064933097757603e+03
5.156446093871960329e+03
3.091139736356533831e+03
9.305992956289697759e+03
7.639938070467034777e+03
4.267458986170390745e+03
5.898991546340249442e+03
3.839214878852991660e+03
9.577000935475814913e+03
3.814758651857223413e+03
1.216340674589942864e+04
4.250644691101845638e+03
4.045331304716220984e+03
1.441884410967717486e+04
4.817466787335893969e+03
6.345105991565587829e+03
3.433423818442297033e+03
7.109258395623162869e+03
4.318052958774354920e+03
5.286652842651144056e+03
5.514728132200132677e+03
4.403240639361283684e+03
9.388930667430995527e+03
3.115627700626187107e+03
1.119692749264436134e+04
5.091982181336767098e+03
4.173720914824296415e+03
5.587179208972462220e+03
3.357980204890678579e+03
7.614657872145756301e+03
5.119786107217207245e+03
7.938247874723040695e+03
3.510245364758114192e+03
5.860797678833582722e+03
4.281384067040658010e+03
7.369945949025083792e+03
5.801061354389526969e+03
6.970713530229472781e+03
5.134767946623835087e+03
4.368308806243199797e+03
6.103107749008052451e+03
4.553457244986156184e+03
6.270240185293311697e+03
3.880813915276774878e+03
2.993474991778626645e+03
7.448837158386892952e+03
5.876670839429031730e+03
4.976083496011979150e+03
5.542111172516757506e+03
5.614906481960759265e+03
8.623609795670858148e+03
7.083770871981857454e+03
4.829278887578197100e+03
8.270144721442513401e+03
8.597969946496807097e+03
6.651698390435951296e+03
9.115293539149755816e+03
3.101500095722689821e+03
6.273603872911962753e+03
3.463302829300455869e+03
3.462316084388535273e+03
6.308010810616875460e+03
4.897103099318693239e+03
5.788749172513860685e+03
6.876342747115318161e+03
7.325636421299323956e+03
4.871950566032312963e+03
8.627875622902349278e+03
7.608161014628780322e+03
3.392382724936300747e+03
7.528838973310747861e+03
8.011840298539122159e+03
5.637033635922403846e+03
4.322662719690828453e+03
7.082980531303069256e+03
4.048508179053287677e+03
3.952060717288977685e+03
6.936189152259622460e+03
3.229131489457772659e+03
6.447572969933144122e+03
1.035130345523407232e+04
6.143469245761962156e+03
4.312754411678331053e+03
7.319567769751307424e+03
4.135374762437381833e+03
7.068386854264046633e+03
8.382979557257745910e+03
9.140669290557083514e+03
8.002459655624152219e+03
4.649229643115924773e+03
6.017097171162092309e+03
5.307731772358892158e+03
3.485108133625632490e+03
5.492086870511155212e+03
3.613443764173546242e+03
7.917655962949145760e+03
5.764862706190901918e+03
3.875776264875456945e+03
5.087985318975084738e+03
1.177005794628254080e+04
8.169468589646910004e+03
5.111389763097470677e+03
7.023965879145671352e+03
4.251035800828027277e+03
