1.315732596612637644e+04
2.785844588704291709e+03
4.283741188773523390e+03
5.059360450421469977e+03
4.362761952683407799e+03
6.775806919053625279e+03
4.415204853353588078e+03
5.354753946786553570e+03
5.138997753539463702e+03
9.526064366916780273e+03
4.164937483090507158e+03
7.436526110226358469e+03
1.016859136263175787e+04
2.794920865850500832e+03
7.775080280423168006e+03
6.883474264817445146e+03
5.654860906942548354e+03
5.024553802890340194e+03
6.849452642992250730e+03
4.449365578185272170e+03
2.959477982743054781e+03
1.017628657574310637e+04
7.360431270439997206e+03
3.988010731531965575e+03
3.860780537333468146e+03
9.005167612566521711e+03
7.798767104953384660e+03
5.419931664697040105e+03
7.507526396533748994e+03
6.100492660889229228e+03
6.171034777839191520e+03
5.318539220338404448e+03
8.355080652589158490e+03
4.053655671930980589e+03
5.213442755984053292e+03
4.375951548113735043e+03
4.396593390612449184e+03
6.016919450979683461e+03
3.401764153024404550e+03
7.637924753789127863e+03
4.676125203499693271e+03
6.473520061479819560e+03
4.609271137508152606e+03
9.377136545946730621e+03
1.200889052960670051e+04
4.246193805831441750e+03
6.238790595082656182e+03
4.061898945581574026e+03
6.951154258885053423e+03
5.932248846480890279e+03
6.230789404740805367e+03
4.551654851079230866e+03
5.466066509322930870e+03
9.332034795042447513e+03
3.825292842881047363e+03
6.491015822391654183e+03
7.997666879389395035e+03
8.128040035270436420e+03
3.663443408591087973e+03
6.899025066229019103e+03
4.214740008422042592e+03
6.493212750099939512e+03
8.838950561797521004e+03
7.017575150475959163e+03
5.999389379339885636e+03
4.275269070382578320e+03
6.385383138126884660e+03
8.728077663341930020e+03
6.833199073278485230e+03
7.625877979956334457e+03
5.092274425197390883e+03
9.219553603849632054e+03
4.575162286490425686e+03
5.064737178815424159e+03
3.020785291354715355e+03
9.326346282771393817e+03
6.220583875976828494e+03
3.834406779964127054e+03
6.737403182352313706e+03
3.476295610481818130e+03
8.152968681407542135e+03
5.029248784749624065e+03
1.012788818549822463e+04
2.966633525151104550e+03
4.092531306806899011e+03
8.999045958267663082e+03
6.760676047309259047e+03
7.256634111353991102e+03
5.333539015470552840e+03
7.169172274282553190e+03
3.957593648845159805e+03
6.090960402041419002e+03
6.983741768027934086e+03
4.058462680382251619e+03
9.327548791925033584e+03
3.848021106246323143e+03
7.954598809588483164e+03
6.190616970572728860e+03
4.553027912528222259e+03
6.358689424371485075e+03
3.703071063061654058e+03
7.067283524205035064e+03
7.761757915889414107e+03
7.840120546904924595e+03
3.936037420464636853e+03
5.294912164222319916e+03
3.003850885968931834e+03
9.711603276393183478e+03
5.553536812753174672e+03
4.454107879417331787e+03
4.972648230073984450e+03
5.413615808450460463e+03
5.794938985207824771e+03
4.003630494540173459e+03
1.162635514000494732e+04
3.965655162272300004e+03
5.070671826260300804e+03
1.070180415937628095e+04
4.624466358032113021e+03
7.007334374347958146e+03
3.266714046889173005e+03
9.177786759471420737e+03
5.589193765823003559e+03
6.000266864929120857e+03
5.290283996902131548e+03
4.254821495300887364e+03
1.140754135129439419e+04
3.501773742292463794e+03
1.259177655348720873e+04
4.179416029580293980e+03
9.595599485512906540e+03
2.988062013746044613e+03
3.687196875603107401e+03
8.708906217466828821e+03
4.730384600666518963e+03
9.106878011168786543e+03
3.825387817187843211e+03
7.877782103758122503e+03
6.448980558809836111e+03
3.910240144593456534e+03
8.900789725599865051e+03
3.191754213794703446e+03
5.971985758669054121e+03
3.668299180113541297e+03
8.614783030228678399e+03
3.071635785770166422e+03
6.482826503723243150e+03
8.309216963824164850e+03
4.353563391522141501e+03
1.175118537339039358e+04
4.798609360046075381e+03
6.042365694959371467e+03
3.659659268976019121e+03
7.215139750422027646e+03
3.619700053989937715e+03
6.947319224655130711e+03
9.106233978648711854e+03
3.276226627114700932e+03
4.517541191091375367e+03
5.300980398796364170e+03
6.880746573279368931e+03
3.689624623586911184e+03
1.497614182488007282e+04
3.612705143831848090e+03
4.648696569230959540e+03
1.347063134370430271e+04
3.762199125186430138e+03
6.935227071162615175e+03
4.048796748703808589e+03
8.497058546158619720e+03
4.591978811355800644e+03
4.882649710383339880e+03
5.563930677468850263e+03
3.876171911558534703e+03
8.523068706133279193e+03
3.162860560169494420e+03
9.053930455930225435e+03
6.441478640482948322e+03
5.685119853713777047e+03
4.284314504075646255e+03
3.751295541976729055e+03
5.862182202949652492e+03
4.954131506837791676e+03
9.854837336595994202e+03
3.369651909685284409e+03
6.287847853239682081e+03
3.957349331551285559e+03
7.502382706567272180e+03
7.015649266539909149e+03
7.269107696721332104e+03
4.592745077412167120e+03
4.158241685845633583e+03
5.022595334141493367e+03
5.530493703051822195e+03
8.153441988108811529e+03
3.057969652697544916e+03
3.792158652226001323e+03
6.165951157383578902e+03
4.841264751798315956e+03
7.329231657784685922e+03
5.301072513839610110e+03
6.534789456427892219e+03
9.598478765489195212e+03
7.235662311758484975e+03
4.751861403249522482e+03
8.778324069263861020e+03
7.591308051822565176e+03
5.309819978358847948e+03
6.861880043154282248e+03
3.523049681633849104e+03
8.233188614615981351e+03
3.237189960805263127e+03
4.476379050654528328e+03
4.994693320179839247e+03
4.117975815018629874e+03
7.516047440753632145e+03
6.253331654844342665e+03
8.604354630374928092e+03
4.686137073473089004e+03
7.182572280370671251e+03
7.938462004473652996e+03
3.423420075496579102e+03
7.697609772969834012e+03
7.729177488459978122e+03
4.957490540336291815e+03
4.249489457716435936e+03
8.653036347489687614e+03
5.030202972205191145e+03
4.163928612377823811e+03
6.760003061121124119e+03
2.990389816418454302e+03
6.301301136741185474e+03
9.041885531970077864e+03
8.732117486590906992e+03
5.513598691022253661e+03
5.065216159556830462e+03
5.503737525471105073e+03
6.454869152915735867e+03
6.930642413489972569e+03
9.488646446091579492e+03
7.355389835226515970e+03
4.193661392731510205e+03
6.101122667747817104e+03
4.687312009870450311e+03
3.741743028042098558e+03
5.191140454599662917e+03
4.419870957603799980e+03
9.826993835658511671e+03
4.231260515797554945e+03
5.190303263230581251e+03
6.423795544833937129e+03
9.898561780857122358e+03
9.318865709160627375e+03
4.985267618528716412e+03
5.380430407820096661e+03
4.447677813778585914e+03
