9.840805202936819114e+03
2.939689374197840152e+03
5.785480462320238075e+03
3.734045599530950312e+03
5.387682087554025202e+03
5.534796074118881734e+03
3.205957082691645155e+03
6.437695427826111882e+03
6.041699132396521236e+03
9.997465217281776859e+03
3.493141732181348289e+03
7.291085386839538842e+03
9.810711772649559862e+03
2.920965868237766699e+03
8.367514790361765336e+03
6.540543562938562900e+03
5.099523761450565871e+03
7.042111792462225822e+03
8.403607449491199077e+03
3.700386904100690117e+03
3.289033239694785152e+03
8.097169046271972547e+03
6.505539795245553250e+03
5.912698169136821889e+03
3.822145993600365273e+03
8.511780716779423528e+03
7.816148153421480856e+03
5.946016940253986832e+03
7.964162204362460216e+03
7.167460022683308125e+03
5.693758774182339948e+03
4.540104319852091066e+03
9.046986721991932427e+03
4.100490425947857148e+03
4.918528995843705161e+03
4.603890227322758619e+03
3.678841006109290902e+03
5.967677027869716767e+03
4.262089666837401637e+03
7.863041854552360746e+03
3.153014213926093362e+03
7.546979543425348311e+03
5.782754153310488618e+03
7.853607737818685564e+03
1.446317676276123711e+04
4.130694202353573019e+03
4.927297345997329103e+03
5.418414562705482240e+03
6.318953855858569113e+03
4.837655878728504831e+03
6.750699033066823176e+03
5.180515709946840616e+03
5.457615843457521805e+03
9.551803245732015057e+03
3.965876510271777988e+03
5.802113336054959291e+03
7.843652742525034228e+03
1.066828229952345464e+04
4.706250439540549451e+03
5.238023429137718267e+03
5.019752983817619679e+03
4.856418266133448924e+03
7.787071883830766637e+03
7.973723268254666436e+03
5.771503577389341444e+03
3.958678046442147661e+03
7.149058419356451850e+03
9.856358345138385630e+03
6.961090909909702532e+03
8.392746732711380901e+03
5.403122803019421553e+03
9.094662597926328090e+03
4.050288452645881989e+03
6.660813230894729713e+03
3.255768823400057954e+03
6.787346571604295605e+03
7.316582355163124703e+03
2.939551404878005087e+03
5.732254163416397205e+03
5.089333148383690059e+03
8.468823265708782856e+03
4.885789687341192803e+03
9.133673716409299232e+03
3.018761908330084225e+03
3.372907608241477647e+03
8.563041291681529401e+03
7.659024563090375523e+03
7.452212317353383696e+03
4.401562476299572154e+03
8.602810394741383789e+03
6.285117220488729799e+03
5.384347610945236738e+03
9.027079670175637148e+03
3.383326379236476896e+03
6.717174551898009668e+03
4.172568075685346230e+03
6.575662434764153659e+03
7.138391872513277121e+03
5.525840540356419297e+03
4.534390126488742681e+03
4.586494189822162298e+03
5.368494725441444643e+03
7.574306248240511195e+03
1.019847376622381125e+04
4.249732696385438430e+03
5.062527058836598371e+03
2.957764073145070142e+03
1.026635108789050719e+04
5.959139040834644220e+03
5.072955169031715741e+03
4.889330891286326732e+03
4.253356680917684571e+03
4.331857192356548694e+03
5.259764463379163317e+03
1.463009943729649422e+04
3.843203482281408014e+03
6.185958639340698028e+03
9.705261802355515101e+03
3.113647551529867997e+03
8.288309727834617661e+03
3.944733023479042458e+03
9.530050401358195813e+03
4.473789673952664089e+03
5.657443571200488805e+03
4.489054865521233296e+03
4.454272790638324295e+03
1.204477408352374550e+04
3.303901783647354932e+03
1.185269339283251247e+04
4.269763497989271855e+03
1.025216642708228937e+04
2.832214158845796646e+03
4.988515107292613720e+03
9.833065521066637302e+03
4.230160022724933697e+03
9.215156249498289981e+03
5.144078763961226286e+03
7.237679886544301553e+03
4.492477344770122727e+03
4.973778201362573782e+03
6.523198763440850598e+03
3.661058438580030270e+03
7.978983762882624433e+03
2.982580455860568691e+03
9.516892075441746783e+03
4.146111470947892485e+03
6.690931771108747853e+03
7.699221674555415120e+03
4.007225215842724083e+03
1.105801964617429076e+04
4.469857888099948468e+03
5.895128843677993245e+03
4.204518890792624916e+03
5.186272494291388284e+03
3.063464501477713839e+03
8.877613094947848367e+03
8.183730723010538895e+03
4.655932386845734072e+03
5.822968701973217321e+03
4.283815797880819446e+03
9.293586253572359055e+03
3.375546943510711117e+03
1.326469603740335151e+04
4.289524010825984078e+03
3.543507961579507082e+03
1.492006676428508945e+04
5.351965189289939190e+03
5.599690907109464206e+03
3.194259417519944236e+03
7.816399504649313712e+03
5.543610405083981277e+03
4.786832312197690953e+03
6.767160927489762798e+03
3.994323130079107614e+03
8.484420311276597204e+03
3.662957181901312651e+03
1.012963077687565965e+04
5.405936360110659734e+03
4.746933306080953116e+03
5.528728450817693556e+03
3.450852039789183436e+03
8.332134413093950570e+03
5.875119966703705359e+03
8.148460027488014020e+03
3.490080130640620155e+03
7.072142934892613994e+03
4.288387265715462490e+03
7.539795996259733329e+03
6.124468640087818130e+03
5.935709055814819294e+03
4.550108184164762861e+03
4.701728722271734114e+03
5.902863309616197512e+03
4.167630799772434329e+03
7.178232040464297825e+03
4.361331939068795691e+03
3.140799743643869988e+03
8.017309535463331486e+03
5.210024717801250517e+03
4.869390804706361450e+03
5.047051398439652985e+03
6.806446586481671147e+03
9.719276202748789729e+03
6.359403303997672992e+03
4.799845161072769770e+03
8.496325301128486899e+03
8.923359415575074308e+03
6.647685365996334440e+03
8.818031255475998478e+03
3.146522352337633492e+03
5.899611924381988501e+03
3.865100997931117490e+03
3.419001697509925634e+03
6.658116064498427477e+03
5.939798307424211089e+03
6.646055463707558374e+03
5.689822831689372833e+03
8.878022182392753166e+03
5.952858811567329212e+03
7.939389657163770607e+03
7.978551112763901983e+03
3.120024667381969721e+03
6.790010502353044103e+03
7.578025926999202966e+03
5.048998552275444126e+03
4.984817564752237558e+03
7.759789353435370685e+03
4.251261616331629739e+03
4.566770095109977774e+03
7.011910778487803327e+03
3.152598203899695363e+03
7.455939335670684159e+03
9.544068449560618319e+03
7.138563907231585290e+03
5.141558285626519137e+03
7.595987980595064073e+03
4.870594379465752354e+03
7.859691429040472940e+03
7.825523614814617758e+03
8.240108205430169619e+03
7.213257704230216405e+03
4.525826559535653359e+03
6.922302111247935500e+03
4.531431757823665066e+03
4.194242207984323613e+03
4.898123421820531803e+03
3.202453558050039192e+03
9.162268239315568280e+03
5.661733093347292197e+03
3.981811840069070058e+03
5.262247577100271883e+03
1.140884006051059441e+04
7.909713235269284269e+03
5.760361159611196854e+03
7.908258274097489448e+03
3.937246911382040253e+03
