1.037649376688422126e+04
2.820351724451390965e+03
5.360580279431991585e+03
4.207354491922773377e+03
4.393905141908155201e+03
5.289003264988547926e+03
4.243147877428171341e+03
6.934912781538911076e+03
4.523521889316923989e+03
1.079802886402231161e+04
4.584932424700243246e+03
5.810358287271243171e+03
1.353677137946409130e+04
2.689024482705087394e+03
6.093445954939985313e+03
8.485034414277630276e+03
4.293048590920401693e+03
6.203190165137300937e+03
8.732101870951701130e+03
4.073867232256725401e+03
3.251012899088509130e+03
7.933196903333000591e+03
6.968033275021127338e+03
5.355695580797342700e+03
4.166948308379865921e+03
1.126514637384474372e+04
8.525402405895287302e+03
4.594350397566081483e+03
9.296101394215131222e+03
5.145461030168317848e+03
4.714970125124758852e+03
6.501145481253635808e+03
6.117853252712602625e+03
4.853784404127955895e+03
7.184789899919497657e+03
3.666748859879845895e+03
5.412899953112671028e+03
4.469827704285675281e+03
3.272541624984140071e+03
1.015152380479880412e+04
4.613356000471161678e+03
7.699329696093712300e+03
4.835015408338576890e+03
8.255267648941997322e+03
1.495311081272449155e+04
4.141756746909012691e+03
4.980648451184165424e+03
5.410301590633971500e+03
5.789838577226246343e+03
7.193234629796130321e+03
8.371809217419915512e+03
3.980925551788563098e+03
5.170436890778399174e+03
6.707715152042633235e+03
3.278890681078832131e+03
8.195368671352756792e+03
8.530852016816554169e+03
1.076615525357049955e+04
4.474257412772071802e+03
5.809018862399035243e+03
5.969098218361784348e+03
5.550064261254987287e+03
7.012743197872630844e+03
8.048578889629857258e+03
4.989555377723444508e+03
4.857015027549740807e+03
7.937477762039722620e+03
8.743186306746187256e+03
8.353591894798350040e+03
6.214137497767795139e+03
5.359324277761317717e+03
1.291865355896750771e+04
3.802869155449537175e+03
6.696390092722052032e+03
3.448978512988335297e+03
7.437549479371396956e+03
8.237154519959438403e+03
3.772792406148770624e+03
5.398154983672826347e+03
4.116999583644192171e+03
7.322861899922316297e+03
5.986349002854744867e+03
1.253262162912413442e+04
3.014903583808253643e+03
4.793180219942368240e+03
6.448819003478500235e+03
5.636134261098494790e+03
9.618642402054836566e+03
5.642223134943911646e+03
9.642757314118993236e+03
4.708235643987198273e+03
4.948115193113164423e+03
8.211552160105275107e+03
3.334539752898936968e+03
7.819818888275841346e+03
4.350547913653718751e+03
6.654963593825345015e+03
6.277044554481580235e+03
5.688441434851027225e+03
6.078496452687140845e+03
5.003638618588571262e+03
5.508487225927664440e+03
7.127962859868767737e+03
1.061110532141872500e+04
3.059029620729482303e+03
6.664147543668901562e+03
3.295536769869968339e+03
7.530793709847239370e+03
7.700328376581138400e+03
4.361101393093324077e+03
3.908826981153948054e+03
6.604045995973618119e+03
5.214010847165571249e+03
4.853081519141634089e+03
1.322901668762989721e+04
4.451442880380523093e+03
5.739908511105671096e+03
8.677675872769523266e+03
4.178700859101849346e+03
9.372391724996996345e+03
3.021641886631969555e+03
1.187409680527734599e+04
6.679051076533438390e+03
4.590847178613528740e+03
6.880030353097742591e+03
3.266749688959656851e+03
9.575006614515712499e+03
4.050486164620275304e+03
1.516453151804522349e+04
3.309981706645510712e+03
7.177836147914894354e+03
3.585155752519811358e+03
3.326244743042454502e+03
1.030075725795722065e+04
5.724500162264782375e+03
8.306508850029196765e+03
4.074409099297055036e+03
6.329146354311602408e+03
5.547447871210653830e+03
4.803253920115585970e+03
7.312907496615547643e+03
3.919093691144786135e+03
7.849422637106076763e+03
3.573136248084257204e+03
1.132541660405663424e+04
2.980687171681061955e+03
5.446392919827480000e+03
1.022895157480313537e+04
4.484018683559695091e+03
1.367865534522984672e+04
5.144585440999161619e+03
4.686210583589294401e+03
4.492510532074214098e+03
6.002194211679797263e+03
3.475480150826165755e+03
8.975384309517066868e+03
7.147196221212401724e+03
3.647277557769866689e+03
6.084206110204045217e+03
4.428391411202828749e+03
9.295639715419623826e+03
3.752487539301697325e+03
1.284460280788595628e+04
4.275550696694679573e+03
5.073163788217432739e+03
1.612408169342150541e+04
4.553519726195551812e+03
6.551549005240916813e+03
4.497201818504210678e+03
6.496061039980399983e+03
3.585285254950248600e+03
6.370090477806156741e+03
4.049624006975265729e+03
4.765806748131919448e+03
1.163943818253246354e+04
2.776768012940217432e+03
1.174686179948938479e+04
6.142972325385588192e+03
4.283753043298931516e+03
5.329221574700065503e+03
3.282184895942367802e+03
7.112240358235058920e+03
4.889578536509829064e+03
8.256760536378078541e+03
4.109263129101112099e+03
4.796714908381982241e+03
3.872458406339471367e+03
9.928624126451639313e+03
5.509196061728045606e+03
8.099191069160428924e+03
6.088540095375947203e+03
3.668463300157299727e+03
6.560988965401222231e+03
5.149665189538827690e+03
6.090926851625427844e+03
3.376039857759083134e+03
3.623149353993345358e+03
8.224807368826770471e+03
6.166621463236318959e+03
6.181197379522354822e+03
6.103840539876842740e+03
4.523636276366096354e+03
8.665833908962991700e+03
9.542401268242469087e+03
4.315628646794024462e+03
9.704144112639012747e+03
9.617399041877786658e+03
5.745364007767306248e+03
8.862180314325771178e+03
3.385774392624910433e+03
6.872649907322772378e+03
3.469609425785269195e+03
3.812572037547246964e+03
6.586538870209638844e+03
4.079874768382402181e+03
5.493969792763784426e+03
7.900308348454165753e+03
7.036891072463633463e+03
4.278218477851389252e+03
1.049616835191698374e+04
6.410119329161876522e+03
4.047641960966278930e+03
9.743202421529862477e+03
7.718135422903374092e+03
6.314391852188786288e+03
3.472783700625704114e+03
6.295333010703212494e+03
5.156052005774932695e+03
3.576069454689004488e+03
8.578223592623531658e+03
3.790765843845632844e+03
4.916247263823233880e+03
1.018606731512720035e+04
6.801302223411201339e+03
4.543620753430289369e+03
7.018591387953443700e+03
4.323318338108211719e+03
7.179174962095288720e+03
8.896779875563297537e+03
1.004834145481536871e+04
1.000062510157386532e+04
4.245102229400235956e+03
4.800971496643284809e+03
5.984410123522156937e+03
2.955290863259797334e+03
7.091408391950148143e+03
4.944031192754719086e+03
7.567197205263388241e+03
5.638981478153342323e+03
4.053485860703635808e+03
6.399358468173331858e+03
1.300739477314664327e+04
8.343819418006758497e+03
5.080645241253704626e+03
6.410187556710144236e+03
4.226897504752616442e+03
