1.538040001255848074e+04
2.737401821141203982e+03
3.833235869898771853e+03
5.737628180190241437e+03
3.769435757274679418e+03
8.169746226077441861e+03
5.065252938367653769e+03
4.399537300721479369e+03
5.690575584491067275e+03
8.396992204220976419e+03
4.092179486028596784e+03
8.622957342450663418e+03
9.891318225107021135e+03
3.032033283554319496e+03
8.188223933373194086e+03
6.946695154838362214e+03
6.733177183752872224e+03
4.982539440880052098e+03
5.951240855704469141e+03
4.528342268507920380e+03
3.036969629335171703e+03
1.130303063325793119e+04
8.327578290615932929e+03
3.657677562488732292e+03
4.286752921848506958e+03
7.351380213736149017e+03
6.860232121734452448e+03
6.562564658849874832e+03
7.005950607342671901e+03
6.189686571198463753e+03
7.499064355661827904e+03
5.484796730003541597e+03
9.948722535199409322e+03
4.537041225033141018e+03
4.527753614130640926e+03
4.673067899076588219e+03
4.230242289236110082e+03
6.647048349400013649e+03
3.664904629389994170e+03
6.591188736978318957e+03
5.661751846576753451e+03
5.247275360563824506e+03
4.133695700637463233e+03
1.129136127235927233e+04
1.086239288347146976e+04
4.208294905445758559e+03
6.413431717120438407e+03
3.553327571148010065e+03
7.892567558353848653e+03
5.765103843719036377e+03
5.269923033212971859e+03
4.790071962859714404e+03
4.999545789419245921e+03
1.057784086804280196e+04
4.834897006502005752e+03
5.826070901290833717e+03
8.655210689335348434e+03
7.064628282778033281e+03
3.463071713751391144e+03
7.785451586762786974e+03
4.043986554202720072e+03
6.791883688900206835e+03
9.994506990410711296e+03
7.476736682007042873e+03
7.705106198304488316e+03
3.899300615883424143e+03
5.146796218455195230e+03
9.583129429489139511e+03
6.547707819895169450e+03
8.060437514216366253e+03
5.264620292407212219e+03
8.010760269280707689e+03
4.933215286534745246e+03
4.871397783011492720e+03
3.004513898825389333e+03
1.042444183289577632e+04
5.414545451834515916e+03
4.154006719007605170e+03
7.694875344094290085e+03
3.157175442369533812e+03
9.245890799243801666e+03
4.448176569668631601e+03
8.221785838003324898e+03
3.180332930431225577e+03
4.082217718064700421e+03
9.459424717626199708e+03
6.655296906315025808e+03
7.014931569408940049e+03
6.141514014402897374e+03
6.248409164746781244e+03
3.618863546617128577e+03
7.039327200461088069e+03
5.909991225077132185e+03
4.455310871865293848e+03
1.109927282325057240e+04
4.052170480079004392e+03
9.613654381470985754e+03
5.899368003846140709e+03
3.841237462943124228e+03
7.228108157617644792e+03
3.631223225117838865e+03
7.459183949466317245e+03
7.436089579773431979e+03
7.400325769216471599e+03
4.607581191633216804e+03
4.497164603093732694e+03
3.148131090169986237e+03
1.154058640652828399e+04
5.115226015132012435e+03
5.212121199346401227e+03
5.899892865353506750e+03
5.125821320709203974e+03
7.342589561559261710e+03
3.342715149534561533e+03
1.002010784716627859e+04
4.626245773134281990e+03
5.016324563623404174e+03
1.174881340645003002e+04
4.948750884159155248e+03
6.302106718279970664e+03
3.507070448760236104e+03
8.653260847618921616e+03
5.194121448059272552e+03
6.576490872483702333e+03
4.636263019105645981e+03
4.682735868654588558e+03
1.344808722497661984e+04
3.789864016554574846e+03
1.240773301935062409e+04
4.392928770340131450e+03
1.032117145474593235e+04
3.029091049147793456e+03
3.710571939478509648e+03
6.897483936314207313e+03
4.388125123580723084e+03
1.050346551603284024e+04
4.012757286143393685e+03
1.012828453755319060e+04
7.345680157103792226e+03
3.413423727954049355e+03
1.048194315140462095e+04
3.027150274592712776e+03
5.009167957843748809e+03
4.214084578546240664e+03
7.782814152068125622e+03
3.199014755607129246e+03
7.243088089572778699e+03
8.164416178701251738e+03
5.232488385018297777e+03
1.045937427463329368e+04
4.335738184274361629e+03
7.505829741250213374e+03
3.393591102817023057e+03
8.333007901759370725e+03
3.960508021399290556e+03
6.110766730892628402e+03
1.015588056017656163e+04
3.389433597524621291e+03
4.249280677620071401e+03
5.788897459308617726e+03
6.276888423440153929e+03
4.408399959811749795e+03
1.569837778337933196e+04
3.519814134119766095e+03
4.931849459066409509e+03
1.149341002216284323e+04
3.207672063672478544e+03
8.181947523427143096e+03
4.061225759721417944e+03
9.621238234706321236e+03
5.015131361008448948e+03
4.249441730704216752e+03
6.108428657477229535e+03
3.579322215475676785e+03
7.859171626891422420e+03
3.217287695613568303e+03
8.632766803739305033e+03
6.308463951428526343e+03
6.004799888471634404e+03
3.844909641715371890e+03
4.501552857832122754e+03
4.958517312910628789e+03
4.565832543978933245e+03
1.135854432744277256e+04
3.025281034604347042e+03
7.287156937236576596e+03
4.416188657395390692e+03
6.229119557873152189e+03
8.728945098839438288e+03
7.644580800577784430e+03
4.023541636897386070e+03
5.147030537312264642e+03
4.320392604309177841e+03
6.327736867592011549e+03
8.752148498353832110e+03
3.030937926303594395e+03
4.000107852834324149e+03
5.008023824548249650e+03
5.055837088422620582e+03
8.508538492585932545e+03
5.073635039805420092e+03
6.926307713059416528e+03
9.592085755798772880e+03
6.364498739110276802e+03
5.877887236918779308e+03
7.783019821815172691e+03
6.020184257701579554e+03
5.704419698397438879e+03
5.349568023792147869e+03
3.916089800012762680e+03
9.755448115616436553e+03
2.750558823391546412e+03
5.146812693139708244e+03
4.390136494030277390e+03
3.922076864444022249e+03
8.465232011416588648e+03
6.346581797675624330e+03
9.072342110375850098e+03
4.498138014801405006e+03
6.278540878958368012e+03
9.481417791348148967e+03
3.366791358123415648e+03
6.854065288763192257e+03
8.542484665087224130e+03
4.516803940068742122e+03
5.333228592259833931e+03
1.032453355743941938e+04
4.819954824147994259e+03
4.298947613426526914e+03
5.530669452049855863e+03
2.839250748858877614e+03
7.646293412049062681e+03
9.583156562519476211e+03
9.919237717734393300e+03
5.460553599826796926e+03
4.571183263824296773e+03
6.135096737432673763e+03
5.861297898175707815e+03
5.936898481854403144e+03
1.019242061892229140e+04
6.751117336322070514e+03
4.890384643241975937e+03
7.011303820736558009e+03
4.710141884549751921e+03
4.255777975302107734e+03
4.588386591888525800e+03
4.380658836662983049e+03
1.112551328663171444e+04
4.208226920499632797e+03
5.909995081543221204e+03
6.397061815124001441e+03
9.239898709002609394e+03
1.141967090932308020e+04
4.549039137259367635e+03
4.288166485910473057e+03
5.326736221455250416e+03
