1.208035215040456933e+04
2.511942334816986659e+03
4.546518905610737420e+03
4.407446909176137524e+03
4.324127295321841302e+03
5.829113191761048256e+03
3.950673042821828403e+03
5.516345432331927441e+03
5.132777721748961994e+03
9.615745372934401530e+03
3.906408704785859300e+03
6.890032988126117743e+03
1.052949850805282767e+04
2.654016033463573876e+03
7.512068641629639387e+03
6.792087462730523839e+03
4.933160283266104670e+03
5.695434849619270608e+03
7.699419206739506080e+03
3.851055909137395702e+03
3.143835723545181281e+03
8.591733101342493683e+03
6.795598577706191463e+03
4.694120163078090627e+03
3.881410222980935487e+03
8.456013813532665154e+03
7.490972825023512996e+03
5.363302089476470428e+03
7.369691985379790822e+03
6.336304932674482188e+03
6.080024085776582069e+03
4.939832624705260969e+03
8.114012438379639207e+03
4.227806315459115467e+03
5.043238796698908118e+03
4.067158039080900380e+03
4.211139213464374734e+03
5.511335752962322658e+03
3.503657375537403368e+03
7.936447020235032141e+03
4.038993601616442902e+03
6.443625531256231625e+03
4.852070046787453975e+03
8.605633573980483561e+03
1.248138637173582538e+04
4.143726345774297442e+03
5.270578343428873268e+03
4.286238382904420178e+03
6.438963860884128735e+03
5.158395794668647795e+03
6.003923686246321267e+03
4.722626159491002909e+03
5.134734567061149392e+03
8.739803217078288071e+03
3.832580973294459909e+03
5.867789593309749762e+03
7.798978537641623006e+03
9.173520695074670584e+03
4.093434534623362197e+03
5.725896645602087119e+03
4.758047586528097781e+03
5.349760436297504384e+03
7.976140913611971882e+03
7.487685247399358559e+03
5.983979890190875267e+03
3.902864355653890925e+03
6.189810334244099977e+03
9.034215304320154246e+03
6.652156445225374227e+03
7.658720312383673445e+03
5.353836740511449534e+03
9.232248888400477881e+03
3.902670808541813585e+03
5.688862105930897997e+03
3.191520694611078852e+03
7.601482352624159830e+03
6.892664781751902410e+03
3.247792294149849113e+03
5.759998803615404540e+03
4.064588223683993419e+03
7.884471973134515792e+03
4.897152944475981712e+03
9.586285770286420302e+03
2.746260452209269715e+03
3.945691638775993397e+03
8.154532127107651831e+03
6.666881682780438496e+03
7.474871225873676849e+03
5.068559618793724439e+03
7.319814851011191422e+03
4.505309181133852690e+03
5.619542725087861072e+03
7.455354426084227271e+03
3.365230677130243748e+03
8.062903854782347480e+03
3.785899105882978802e+03
7.083492114108991700e+03
6.559510361715712861e+03
4.883861773928841103e+03
5.173089653817338331e+03
4.030047415153420843e+03
5.773349758263513650e+03
7.343769230109959608e+03
8.973051599166909000e+03
3.871588654716454130e+03
4.852909887178098870e+03
2.818888464842437770e+03
9.828147433818594436e+03
5.854282957206758510e+03
4.706597963707438794e+03
4.801313964655834752e+03
4.630888551604144595e+03
5.238549976838093244e+03
4.107484704419028276e+03
1.263343738615753682e+04
4.052607526960990981e+03
5.243705001394177089e+03
1.011530611319810669e+04
3.752859017286588369e+03
7.281124368257595961e+03
3.234253218562182155e+03
9.377488778921282574e+03
4.995219445121438184e+03
5.396203174240497901e+03
5.023695927312872300e+03
3.944412437052122186e+03
1.123843492616510775e+04
3.567036439097337279e+03
1.247610545135049688e+04
3.944257939965601963e+03
9.166017609421758607e+03
2.896768375864185600e+03
3.825628354339054567e+03
8.945756184827565448e+03
4.670496931310961372e+03
8.855611234491627329e+03
4.053945774498946776e+03
7.478931617450081831e+03
5.462340658320519651e+03
4.133368287213034819e+03
7.892542399183570524e+03
3.187952873841215478e+03
6.435489418157740147e+03
3.275836177355990003e+03
8.822523846192303608e+03
3.346778054266634172e+03
6.589126128703733229e+03
7.967100624585646074e+03
4.471595195145732760e+03
1.134594000785371281e+04
4.401924731664921637e+03
5.906053595461664372e+03
3.971552886644942191e+03
5.809771611421194393e+03
3.119915244262915621e+03
7.635595468929897834e+03
8.137114946053534368e+03
3.612639390821616871e+03
5.115162554809612629e+03
4.482487266920701586e+03
7.840511883610191944e+03
4.027385300654477760e+03
1.402413935557903460e+04
3.687628115511621218e+03
4.031743350636615105e+03
1.367983195893542143e+04
4.102846721045541017e+03
6.381824020426375682e+03
3.673080495178939145e+03
7.346869616924275761e+03
4.632429574799715738e+03
4.904214935093532404e+03
5.702885755351981061e+03
4.197216983874696780e+03
8.507259951780446499e+03
3.027192880103950301e+03
9.646208389024664939e+03
5.763734088974537372e+03
4.814362090598334362e+03
4.801038197068462068e+03
3.382801824129621309e+03
6.725817110200874595e+03
5.180696865740443172e+03
8.448599225127862155e+03
3.201853295376883580e+03
6.321481537047262464e+03
3.904662736573426628e+03
6.953134133033578109e+03
6.387544968919281018e+03
6.609421738830902541e+03
4.406860091561804438e+03
4.410825822692088877e+03
5.524372193764977055e+03
4.672611294732469105e+03
7.131625701860364643e+03
3.499550476093038924e+03
3.208882816137034297e+03
6.481290450723743561e+03
5.150362831912849288e+03
5.819113831566301087e+03
4.909274002028735595e+03
5.989486023069986004e+03
9.519014243842961150e+03
6.381792613014125891e+03
4.883003801896410550e+03
8.463562820216378896e+03
7.527542552517096738e+03
5.765868503287527346e+03
7.287721850947621533e+03
3.524259392440966622e+03
7.071954756991124668e+03
3.198984148007226395e+03
4.059499033212697213e+03
5.291747938386889473e+03
4.424892060287579625e+03
6.668971623160655327e+03
6.256339824724365826e+03
8.334251984272174013e+03
4.834833104706031918e+03
7.494007713849397987e+03
7.456412065449932015e+03
3.393622487487227318e+03
7.490637240744436895e+03
7.493820270809866997e+03
4.783172798560423871e+03
4.448771886370862376e+03
7.673365871581105239e+03
4.378351569218155419e+03
4.213471418261834515e+03
6.369773256367067006e+03
3.021008522275722953e+03
6.767267404510744200e+03
9.286592671801256074e+03
7.314627676808025171e+03
4.920908420308403038e+03
6.236846336037118817e+03
4.670517418467263269e+03
7.007417252267172444e+03
7.369512852761863542e+03
8.819707019146706443e+03
7.597882072319372128e+03
4.496911831568477282e+03
5.969814609133895829e+03
4.707187101985223308e+03
3.555401933315697534e+03
5.090471560377269270e+03
3.837362126804948275e+03
9.008608817291649757e+03
4.726320947971733403e+03
4.579177561482305464e+03
5.862645232757828126e+03
1.002265805488194019e+04
8.690159889081513029e+03
5.133529103928537552e+03
5.958058385887887198e+03
4.212562070514096376e+03
