6.216978285683508147e+03
3.588355879489546624e+03
8.790268432742279401e+03
2.899873497122839581e+03
7.307129785833916685e+03
3.747782632022786856e+03
3.067551252655416647e+03
1.113358348344257683e+04
6.062984397233116397e+03
1.261570195958051409e+04
4.366881059275076041e+03
5.496706554630622122e+03
1.432043247331751809e+04
3.363188741852682142e+03
6.713249294821360309e+03
9.368301366185449297e+03
3.674873558455143211e+03
1.005510978228110980e+04
1.224351242279205508e+04
3.588634271552775317e+03
4.131430896478501381e+03
5.359136273406245891e+03
6.259249175565522819e+03
9.652191218450845554e+03
4.582197717557316537e+03
1.360917468558971814e+04
9.727480163405632993e+03
5.108617212698087314e+03
1.185220176863770939e+04
6.669174371894678188e+03
3.937755634148794798e+03
6.319335916367461323e+03
6.666512434093671800e+03
5.551924941351056077e+03
7.843676426909907605e+03
4.260733990910735884e+03
5.184280689640324454e+03
4.307754423693409990e+03
4.933537729319627033e+03
1.224921875103334060e+04
2.951264054483345717e+03
1.128147452106197670e+04
7.303268790885272210e+03
6.247603499968630786e+03
2.067275732429066193e+04
4.514582395963633644e+03
3.904515581240384563e+03
8.796899905002621381e+03
5.139760317181215214e+03
6.870275729398552357e+03
1.039862669466545958e+04
5.080498871985547339e+03
5.856350177545053157e+03
6.318044607966587137e+03
3.287535776948082457e+03
9.122143137873747037e+03
9.007780181516580342e+03
1.556553356425224410e+04
6.842492285264067505e+03
4.150205403202971866e+03
8.224383466143826809e+03
4.101635203735559116e+03
5.399540570399494754e+03
1.023394945369228299e+04
4.533969168864947278e+03
5.499650303604195869e+03
1.056918928756946298e+04
1.055365413105942207e+04
9.969438237596346880e+03
6.967083979287277543e+03
5.652012042873737300e+03
1.512996852625671090e+04
3.187315456765284125e+03
1.011353448572930938e+04
4.410956598908771412e+03
4.350935474613774204e+03
1.240883032871562318e+04
3.202412910694252787e+03
4.561256384667028215e+03
7.884960689292241113e+03
7.840296865870437614e+03
6.939798709526978200e+03
1.337308853505757179e+04
3.689096214943730502e+03
4.387881957435458389e+03
5.875655216273455153e+03
7.092377589170785541e+03
1.097718922003301122e+04
4.752215335532307108e+03
1.332474486345146579e+04
9.154009944270030246e+03
4.062794703251991905e+03
1.245348868726857654e+04
2.982894624420297077e+03
4.538158429871289627e+03
5.680911199200511874e+03
5.123003463892266154e+03
8.203870197912348885e+03
8.874788822663558676e+03
4.297189495405980779e+03
6.969796067688772382e+03
3.773676473939340212e+03
7.455975030692135078e+03
1.551370111912744687e+04
3.452101472726095835e+03
8.009000759235574151e+03
4.033135587075335479e+03
7.469726057996660529e+03
9.165403012632181344e+03
5.463138884209919524e+03
3.616566658315510722e+03
6.469866730302449469e+03
3.574444529084546957e+03
7.828522291581313766e+03
1.935856305926253845e+04
4.781806917976661680e+03
8.381730901396664194e+03
7.010928409655869473e+03
2.833133093540569007e+03
1.326343577896776333e+04
4.424677404382025998e+03
1.391198767183577547e+04
5.694692440798024109e+03
4.022484552208275090e+03
7.710560005163092683e+03
3.787845362234365894e+03
9.806091286968247005e+03
4.313411448634557019e+03
1.565864056118278495e+04
3.680471065541315966e+03
7.524093787648771468e+03
3.967638815066580719e+03
5.650940319332010404e+03
1.452640526697637324e+04
5.748331438349944619e+03
8.408603689350464265e+03
6.543059915710410678e+03
4.539252945311831354e+03
3.600898803860525277e+03
7.488827977006932088e+03
4.431624899737676969e+03
5.708054570157852140e+03
1.266216156755275006e+04
3.093742766602625125e+03
1.506387252799994167e+04
4.905003314412312648e+03
5.243578818833622790e+03
1.085311016298906179e+04
4.041377788378419609e+03
1.409394499658974382e+04
5.672758212506129894e+03
4.515488175720516665e+03
6.288582836477988167e+03
3.792547697888606308e+03
3.482169102934005878e+03
1.425794073753659723e+04
5.837739796748526715e+03
6.004958759529600684e+03
9.024326833186594740e+03
3.300977530221945472e+03
1.436764822229833590e+04
3.143859664079479899e+03
1.052112286616019992e+04
6.349493371088924505e+03
4.275827734154373502e+03
2.016667832682879816e+04
8.343801684791680600e+03
5.238160860705354935e+03
4.156689787487026479e+03
5.688746057661027407e+03
4.755667550820036013e+03
7.886959896425314582e+03
5.465181893913168096e+03
5.685347480044320946e+03
1.242966428608614115e+04
4.039787096700559232e+03
1.530225115074381392e+04
5.495595668712103361e+03
3.615517469246113251e+03
8.164829700803861670e+03
3.332109073004171933e+03
1.217730183573604700e+04
6.821690612007302661e+03
6.152676459952358528e+03
5.309415598103965749e+03
5.296226094738740358e+03
4.798142648724298851e+03
1.197928084943601243e+04
4.084497129019201111e+03
7.471316072456269467e+03
7.280125755785580623e+03
4.249744268443655528e+03
8.861174224937038161e+03
3.961854943292495591e+03
4.850516767114655522e+03
6.062365543134816107e+03
3.523610127599837142e+03
1.234690042779798569e+04
7.509288625779701761e+03
3.484343852963981590e+03
7.127655160497582983e+03
4.967729149657401649e+03
9.013302662248926936e+03
9.865192939029728223e+03
4.224588154434747594e+03
1.056371418149963756e+04
1.419617845005727759e+04
8.200466680634637669e+03
1.462128972303961018e+04
3.043500796105643076e+03
4.191175350692242318e+03
5.618073752768730628e+03
2.741556373703089776e+03
1.029745413834975079e+04
7.232331308862679180e+03
4.457756792812497224e+03
8.185789941416644069e+03
7.220234531752960720e+03
6.483288058765052483e+03
1.314822953624688307e+04
6.361729652865157732e+03
4.355179280063626720e+03
9.269820787528067740e+03
7.832423173839903029e+03
8.113945380602769546e+03
4.218586001668008066e+03
4.875488727047068096e+03
4.736221512782165519e+03
4.482981790623127381e+03
1.119226779267875463e+04
4.481280197812966435e+03
5.986251408381558576e+03
1.170581935901239012e+04
4.798653929780140061e+03
4.537646401483483714e+03
1.212201571323082680e+04
3.850193652133589239e+03
1.006039355424631140e+04
1.180500268087392033e+04
9.064017519854822240e+03
1.130989212459133159e+04
5.111020742281647472e+03
5.584557895480258594e+03
6.865594747835761154e+03
3.715324586015234672e+03
7.737535473240897772e+03
4.157214928349098955e+03
6.465459937536468715e+03
8.634672136785942712e+03
2.819815635001114970e+03
5.417318182516143679e+03
1.674462774598523174e+04
6.312353265910984192e+03
7.150662241042545247e+03
1.248159951948155867e+04
4.017524741176647694e+03
