1.539348181598623523e+04
3.228747628104051728e+03
5.556947492747567594e+03
5.099783185446915013e+03
4.936984360054028002e+03
8.804067154686948925e+03
4.264879053872293298e+03
5.352752712272800636e+03
7.844375480922786664e+03
8.032412832149104361e+03
3.310575388181915514e+03
1.133630774677245245e+04
9.235463907103241581e+03
3.650118684193924310e+03
1.001786425469231835e+04
7.084682590786068431e+03
5.950306524212887780e+03
8.013548058392505482e+03
8.038368262825975762e+03
3.616980540907053182e+03
3.782468329462124530e+03
1.060675305322600980e+04
8.209957927205374290e+03
5.772839507922330085e+03
5.181725397935669207e+03
6.238636836872083222e+03
5.678512585566677444e+03
9.007429163422362763e+03
7.352655923018581234e+03
8.852916041661130294e+03
1.070841337705953447e+04
4.785830111182462133e+03
1.190758129673520671e+04
5.120511443086630607e+03
4.071280976723270214e+03
5.973667621750487342e+03
3.135631889419199979e+03
8.136802319774294119e+03
6.008760054959517220e+03
6.411246787956813932e+03
4.203375973298519057e+03
5.398453269668690155e+03
5.468392102157297813e+03
1.157402936474765193e+04
1.336580263010538511e+04
4.283492110654211501e+03
5.756152424518682892e+03
4.417622054994684731e+03
9.687526150849786063e+03
4.023481003015481292e+03
4.924981985582935522e+03
6.418360657027134039e+03
4.745731398474994421e+03
1.457219550261216682e+04
6.732698136659147167e+03
4.553745758475031835e+03
9.161271881244960241e+03
9.798312595253551990e+03
4.628665225138192909e+03
6.779685779010014812e+03
5.128861999091081088e+03
4.791792018384052426e+03
9.606322048250003718e+03
9.605675260265823454e+03
9.846454279939120170e+03
3.040638510035207673e+03
4.899351691956549985e+03
1.249353670654473171e+04
6.453336375590784883e+03
1.017809158270138505e+04
5.599882574178096547e+03
6.711647990334377937e+03
4.389761825641133328e+03
6.898979154051901787e+03
3.978366729502090038e+03
8.895846796601852475e+03
7.504049164088708494e+03
3.290957527233844303e+03
7.725972032442791715e+03
5.416899071466189525e+03
1.137203945091088099e+04
3.815088316497867709e+03
7.058761471902485937e+03
3.472642144919348993e+03
3.283409542790260275e+03
1.115358479981146775e+04
8.752962556643595235e+03
7.542330756556818415e+03
5.931370310260914266e+03
7.755772198077745088e+03
6.783059127533483661e+03
7.286825325348912884e+03
7.063210064232275727e+03
4.587459682988838722e+03
1.114994059952435236e+04
4.756257556472441138e+03
9.552727268187796653e+03
7.066669462612613643e+03
4.786115645387905715e+03
4.959410285633412059e+03
4.809861998373877213e+03
6.317295164747391027e+03
6.774482928690495100e+03
1.004726503132404287e+04
6.240062372002053053e+03
3.325119892863626774e+03
3.338862503010299861e+03
1.510896066169444384e+04
4.687949801110463341e+03
7.800912146296853280e+03
8.897287650207941624e+03
3.562637672425048549e+03
6.966507066276803926e+03
4.188534724390681731e+03
1.267645873489656151e+04
5.354701347753189111e+03
7.130381118626515672e+03
1.212505407972002831e+04
3.841505568599684011e+03
7.219153607319767616e+03
5.014235313085310736e+03
8.838945909647884037e+03
3.441456917425966822e+03
6.957408589390684028e+03
3.863403052674246283e+03
5.446722050728090835e+03
1.730574800461043924e+04
4.109398907602136205e+03
1.179831449059162514e+04
4.792354229993934496e+03
1.334976355881153722e+04
2.925890991326908988e+03
5.728374247219421704e+03
7.785108868802674806e+03
3.744066641224652358e+03
1.245132722805953381e+04
6.096161005209482028e+03
1.250316170100021191e+04
7.093391747007630329e+03
4.347746469161502318e+03
8.565551103033032632e+03
3.539421793300957688e+03
7.051523890555154139e+03
4.046833270290930159e+03
8.035988715555624367e+03
5.064984050252022826e+03
8.962290904230405431e+03
7.400347317283947632e+03
6.222194503495512436e+03
8.090094473798151739e+03
3.404550597741159436e+03
1.022773537273670081e+04
4.245305814000788814e+03
7.067049793048170613e+03
3.639853558682118091e+03
8.728941192326745295e+03
1.160548660442954315e+04
5.873465525950503434e+03
5.990591647221901439e+03
4.251141092185540401e+03
9.115434839087909495e+03
4.486331503905506906e+03
1.440901618908818273e+04
4.176941537787884954e+03
4.022916818750825314e+03
1.076075755091685460e+04
5.043530691208508870e+03
8.425537196819457677e+03
2.960593920106435689e+03
1.059224144963798244e+04
7.638723196471936717e+03
4.154696670735343105e+03
1.066542626045637917e+04
3.834760718407790591e+03
7.431401023153999631e+03
4.052284075960506016e+03
1.005728566628772205e+04
4.726729960426103389e+03
6.089139940836969799e+03
6.371992971790964475e+03
5.024629774058881594e+03
8.533088737357367791e+03
5.715846754087640875e+03
1.001009193424587465e+04
2.858552356432624038e+03
1.075350174788054755e+04
6.154307872622454852e+03
4.461898498246964664e+03
9.649584810734104394e+03
6.047863133176077099e+03
3.742530389312780699e+03
7.926935832303950519e+03
5.422413933025099141e+03
5.574016998633743242e+03
9.517008150636354912e+03
5.064174038237100831e+03
3.257276428046708588e+03
6.936830753918756272e+03
5.743669782150921492e+03
5.201033514323873533e+03
4.780225143577859853e+03
1.015488447411809102e+04
9.430968757800494132e+03
4.557380237804521130e+03
8.141607283705938244e+03
6.423348429823226979e+03
6.914177497351182865e+03
8.592995248631037612e+03
6.971572359864486316e+03
3.890535413367659658e+03
9.309533721007690474e+03
3.508779014635083513e+03
5.335086133720629732e+03
6.173617414053686844e+03
6.311249612150581925e+03
9.372484016224720108e+03
5.810974221896531162e+03
9.939328044931640761e+03
6.248671931619524912e+03
6.708794864524377772e+03
1.159646945520838744e+04
3.014697641292363187e+03
5.461131166370974825e+03
9.754305857876805021e+03
4.407975084834888548e+03
8.176536346360809148e+03
1.222256423533652014e+04
3.487905769059636441e+03
5.811174353994123521e+03
5.061573564111478845e+03
3.073207439582140523e+03
1.253418377237431923e+04
1.082652063624197217e+04
8.378883449612421828e+03
5.517662661885990019e+03
8.187032081039232253e+03
5.621796436064695627e+03
7.143003228086091440e+03
6.660430830135250289e+03
8.993745462942788436e+03
5.377941896063221066e+03
5.235398215501772938e+03
1.101247946980265624e+04
5.063827216860821864e+03
5.720847726479509220e+03
4.194359693930425237e+03
3.244805369506270836e+03
1.041710281310382561e+04
6.113821447882080065e+03
6.456366995000887073e+03
4.817788101804513644e+03
1.003051339338221260e+04
1.158786047499314736e+04
4.769697424223292728e+03
6.995751321578439274e+03
5.924970001460766980e+03
