1.691162555123741186e+04
3.855480086211033722e+03
5.175820787775379358e+03
5.527365824248074205e+03
3.632509682210757546e+03
9.235617386323827304e+03
4.986758642279299238e+03
5.547464133219888026e+03
7.430198133996234901e+03
6.313887119484590585e+03
3.515669806438562773e+03
1.081107606007500181e+04
1.144012248338692370e+04
3.566222885796985793e+03
7.611110599997696227e+03
8.978338755483919158e+03
7.355996113833784875e+03
6.467650515898354570e+03
4.695336585227269097e+03
4.341404787034805850e+03
2.743255373341749419e+03
1.181976682060593339e+04
1.076612071547205414e+04
4.248822608656795637e+03
5.508799046622655624e+03
8.178061064971238920e+03
5.841172348363596029e+03
8.194964813551849147e+03
9.335592989445422063e+03
5.177261696531681991e+03
7.374058176856978207e+03
7.074348492197572341e+03
9.981469180600775871e+03
5.772586066804862639e+03
5.018440797061346530e+03
5.972262368361869449e+03
4.011277483458706229e+03
7.032534205038105938e+03
4.935669190782788064e+03
5.441562716960731450e+03
6.125598819438760984e+03
5.032569378258735014e+03
3.371449787702597405e+03
1.306965471942393197e+04
1.320009537885245300e+04
3.385359358050374794e+03
6.248280207031879399e+03
4.401187645921263538e+03
1.033373786227485107e+04
7.300271516562623219e+03
5.921633156295470144e+03
3.898918324055785433e+03
4.274862438485892199e+03
9.872441468611003074e+03
5.427883623737274320e+03
7.412977664778578401e+03
1.140853179339070266e+04
5.775816832338965469e+03
2.803377095088643273e+03
9.581838332668703515e+03
4.712734029611342521e+03
6.594493333751230239e+03
9.557445911869270276e+03
9.621896876808681554e+03
8.613663878956496774e+03
3.712748777741015601e+03
5.025032325037893315e+03
1.225638958797582382e+04
8.747457532148280734e+03
6.329930555624569024e+03
3.576824710842231980e+03
8.917428799527511728e+03
5.444465852317633107e+03
5.584198451891546938e+03
2.908796543791323984e+03
1.191685750058254416e+04
5.865432406514562899e+03
4.754884853531333647e+03
9.420858821668203746e+03
3.221208855448376198e+03
1.192352248954469906e+04
3.823355150071640310e+03
7.243389117401427939e+03
4.109208407343927320e+03
4.063241311139050595e+03
9.107713021118361212e+03
5.874055404372010344e+03
8.603685336896774970e+03
7.612787651675043890e+03
7.752663326899159983e+03
4.562232658088125390e+03
6.198560190831781256e+03
5.034961455974599630e+03
5.281214121901988619e+03
1.248627952475115308e+04
5.588524425072095255e+03
1.186498846537369900e+04
4.196022453132009105e+03
3.773429811975238863e+03
8.842832262498155615e+03
4.733867791549993854e+03
8.422896235541033093e+03
6.081984902716573743e+03
8.260016349965826521e+03
4.976029470340998159e+03
4.915335370660150147e+03
4.101444306090153987e+03
1.009434397975614957e+04
4.884646805036272781e+03
6.387033203188208972e+03
7.289145133761965553e+03
6.408263386912369242e+03
8.549611366104785702e+03
3.389227078462618010e+03
7.814476744402090844e+03
5.707606663251398459e+03
7.314678671979084356e+03
1.008011702700378555e+04
5.106420650403002583e+03
7.963889166589829983e+03
4.611291140238025037e+03
1.036970303018984850e+04
4.450915828460270859e+03
7.442255567450576564e+03
5.078006690798482850e+03
4.994780332272972373e+03
1.593601131422867911e+04
4.392952290936267673e+03
1.504875910461415333e+04
4.738432876098299857e+03
1.043283892449508130e+04
3.405145450590022392e+03
4.307296608868172370e+03
5.970787471346020538e+03
3.528905010358468644e+03
1.317007377801429175e+04
5.451912368574661741e+03
1.147809943898275560e+04
8.273605166537605328e+03
3.239273917177677959e+03
9.351575809293997736e+03
4.083579409328070597e+03
6.031789529953097372e+03
5.286288423077174230e+03
9.843941084542604585e+03
3.148048664312349501e+03
5.831998433205388210e+03
1.030045759709972299e+04
5.962897734224186024e+03
8.695351890694755639e+03
3.953764063535961668e+03
8.401542734025799291e+03
2.807664382382316489e+03
9.860145885139540042e+03
5.012039398470353262e+03
7.329085463172649725e+03
1.298497462967710271e+04
4.251790761255319012e+03
4.834088353326295874e+03
6.007610852483458075e+03
7.809034513382476689e+03
3.819232020408261633e+03
1.323589594646984551e+04
4.526979423021111870e+03
6.433692119868429472e+03
9.717389729191374499e+03
3.902043538762470234e+03
1.023782894957893768e+04
4.218230885596892222e+03
1.158382331148255980e+04
4.822894026800688152e+03
3.932115706603928174e+03
7.297004984053358385e+03
3.175430525000496345e+03
8.918790231222732473e+03
3.758192943817578453e+03
1.020141587877372513e+04
5.726279602629098008e+03
5.944025990301960519e+03
4.325755065305515018e+03
5.516624930732145003e+03
4.118293815587840072e+03
3.769068105784187537e+03
1.388069319206516593e+04
3.310407251237096261e+03
6.801885427363845338e+03
6.116176286166732098e+03
6.655666088331478932e+03
9.020403735414976836e+03
9.639259096297608266e+03
4.928975281494992487e+03
5.982203995711441166e+03
3.735585848742688086e+03
7.971217604419439340e+03
9.580914266543766644e+03
2.974499341251892474e+03
4.743749546814709902e+03
4.772421506863387549e+03
6.351835563892177561e+03
8.789855694441255764e+03
6.855029019696302385e+03
7.936692876868783969e+03
7.353176524118745874e+03
7.407228483932401105e+03
6.664233470907808623e+03
6.204807229611084040e+03
7.468488581103942124e+03
7.451726473572371106e+03
5.878377519488262806e+03
3.473973887298885529e+03
1.043733617900428726e+04
3.073970829842627609e+03
5.256492997870963336e+03
5.777649100337990603e+03
3.857017543632776324e+03
9.511901718300179709e+03
7.838311158406055256e+03
7.704341690441640822e+03
4.308971425917507077e+03
6.952646920695386143e+03
1.141592999612473068e+04
3.156079152874477586e+03
5.587709725066393730e+03
1.123798758873679435e+04
5.996292415769627951e+03
5.778071304060964394e+03
1.058986055473770466e+04
4.795590879724571096e+03
3.655303382306650747e+03
6.507386842048093058e+03
3.187879506178198881e+03
8.616920777537474351e+03
1.244696668300042438e+04
1.023402536896792299e+04
5.083563420477988075e+03
4.835992402744280298e+03
6.863038932658778322e+03
4.210603741943785280e+03
5.043863191656187155e+03
1.259695740009227120e+04
6.464153052825487975e+03
6.388006244655634873e+03
8.896918545057305892e+03
5.960564670016556192e+03
5.012459110124069412e+03
4.518081063089477539e+03
5.072142555790556798e+03
1.090689347527857171e+04
5.672036475118318776e+03
6.056588344446598057e+03
5.350582541777801453e+03
1.142962459918717468e+04
1.391108003737369290e+04
3.990525046931284123e+03
4.804792295673414628e+03
6.549323871423147466e+03
