1.446792113873874405e+04
3.052116444080358633e+03
4.179968167473409267e+03
6.036142759932641638e+03
4.730399156472991308e+03
5.837061372611155093e+03
5.340874080082345245e+03
6.072752816261574480e+03
3.750966850203666127e+03
1.262823680903537752e+04
5.799638015296702179e+03
6.489340371038075318e+03
1.248482991595481690e+04
3.128656412458726663e+03
8.835870000263423208e+03
6.136612927927722922e+03
5.380770201794253808e+03
4.644688040005727999e+03
1.001600848788354779e+04
5.585493023786557387e+03
4.484774755348826147e+03
1.094268491527506740e+04
5.378664645447101066e+03
5.386680580878388355e+03
3.347750743413595501e+03
1.193175388515794111e+04
9.981704021865585673e+03
4.438283634661780525e+03
6.803131330661171887e+03
7.485085810387421589e+03
6.590019635315308733e+03
4.956170245146385241e+03
7.424387080826235433e+03
3.709451745174826101e+03
6.335219753887442494e+03
3.431432650160735648e+03
5.996577263551635951e+03
6.382047041571699083e+03
2.846950929750554224e+03
1.093623546043201895e+04
5.271342976398314931e+03
8.321905353089458004e+03
6.126766900177857679e+03
7.796989552432561140e+03
9.398502232500266473e+03
5.840420247667171679e+03
7.242222460444388162e+03
4.663330243906984833e+03
5.768365599197455595e+03
5.490114990324836981e+03
7.482007313774250179e+03
5.632707711596553054e+03
7.125389977760040892e+03
8.460344938684365843e+03
3.776550137550484578e+03
5.790637223170637299e+03
5.989453097702516970e+03
1.076187723747550808e+04
5.237275269789046433e+03
5.389298397972625025e+03
5.559110242383029799e+03
7.050010449932400661e+03
1.013623402401535714e+04
5.620080174250008895e+03
5.689743984124860617e+03
5.681353209421205065e+03
7.096269589052851188e+03
6.442209169907609976e+03
5.608754339835400060e+03
9.353491755294795439e+03
6.836172705030215184e+03
1.288750872002267170e+04
4.764066345323825772e+03
5.461432240544818342e+03
4.020560703315898536e+03
9.225230433080972944e+03
7.914598952121797993e+03
4.484159429776853358e+03
4.554264807620880674e+03
4.786900462191653787e+03
5.808584998413403810e+03
7.269714703436347918e+03
1.301979625198947542e+04
2.717918299281275722e+03
5.349324227373328540e+03
9.276209308441129906e+03
7.711311736700056827e+03
7.072301501490334886e+03
4.772912030883684565e+03
6.575398757019275763e+03
4.108147072061726249e+03
7.746048458578112331e+03
8.905953763954830720e+03
4.019077943941540525e+03
9.431704072140193603e+03
2.968595009248762381e+03
7.046032137664218681e+03
8.316671130391066981e+03
6.629819283345974327e+03
5.204090882978701302e+03
3.957980723155306805e+03
6.893413223423773161e+03
9.645664190269550090e+03
8.832514402853128558e+03
4.309211284063099811e+03
6.579651848973360757e+03
2.959209102666003673e+03
1.122232677016680827e+04
7.935066561768817337e+03
3.839781038910621191e+03
5.477651783638739289e+03
4.903900060610731089e+03
5.655270487783028329e+03
4.993027279688054477e+03
1.509804147034654306e+04
3.740650328910900043e+03
3.792843996919842539e+03
1.254515834625865318e+04
4.832832241966501897e+03
7.172271447024796544e+03
2.771575598074143272e+03
9.603103424594399257e+03
7.075786122099865679e+03
5.850169920340798853e+03
6.784693004377812031e+03
4.355425953022626345e+03
8.595993586662549205e+03
3.665021666096859462e+03
1.152730726820398559e+04
4.307927610561435358e+03
9.805773712094463917e+03
3.771063639174997661e+03
3.608407188507320825e+03
1.210830522325314814e+04
6.624213333963018158e+03
6.702556148659512473e+03
2.915360941022451243e+03
8.686101041323756363e+03
5.546515194029134364e+03
5.552598637922057605e+03
1.043126977530140721e+04
3.195612958754540159e+03
6.760749409650913549e+03
3.678532443057065393e+03
9.675229702592974718e+03
3.978673685846596982e+03
8.334542101439781618e+03
7.398004491411756135e+03
3.858031088222972357e+03
1.484730132530505580e+04
6.131893139030945349e+03
6.064739610131106929e+03
5.501770996470462705e+03
6.518118814905897125e+03
3.261656594045051406e+03
7.700685394850385819e+03
7.529654606076725941e+03
3.227432735704769584e+03
5.423966864226640610e+03
5.990152589669817644e+03
7.397132056900270072e+03
4.619002042803820586e+03
1.713199190980942149e+04
3.125083173677063769e+03
4.635237816707222009e+03
1.634435892337504993e+04
4.413122133628477968e+03
5.903381498871118310e+03
5.732845782654178038e+03
5.937810596509656534e+03
5.310232033104148286e+03
6.415763857278918294e+03
5.579682138589419992e+03
5.191083816022319297e+03
8.957931493223259167e+03
3.082365505788520750e+03
9.040442368532130786e+03
7.699884172544620014e+03
5.751905404212348913e+03
4.832925884180194771e+03
3.198535718226547942e+03
8.095880025726492022e+03
7.087339585452459687e+03
7.337319615821612388e+03
3.947006323992465695e+03
7.031915383081814070e+03
3.036391182429812943e+03
9.161233634989570419e+03
6.555718735195238878e+03
6.199593721006347550e+03
5.288121278435537533e+03
4.250643657814817743e+03
7.061422441877730307e+03
4.703071505289646666e+03
8.309401566891914626e+03
3.845760829693741016e+03
3.966378648773261375e+03
7.554645060228699549e+03
4.738479804293447160e+03
6.915920182019275671e+03
4.344281242296357959e+03
5.790421338175447090e+03
1.112555361449660086e+04
6.856951612716161435e+03
4.323974720028667434e+03
1.144766935043427111e+04
8.579726510616324958e+03
4.152604162295075184e+03
7.248109730894400855e+03
4.705774776791608019e+03
7.005601466361878920e+03
4.215716055833763676e+03
5.691740590502037776e+03
4.763661894368206958e+03
4.649585374885455167e+03
8.242952802082214475e+03
6.540507512286903875e+03
1.033312233330724666e+04
5.575936407129387590e+03
9.562552556515533070e+03
5.984617262692016084e+03
4.682986347554351596e+03
1.042162956261708314e+04
5.642861470068444760e+03
5.192495357418069943e+03
4.413232778782009518e+03
6.603656358133453978e+03
6.011642811410049035e+03
5.372575215503055915e+03
7.760917320429400206e+03
3.799162092981373462e+03
6.974125082921943431e+03
7.211163185245521163e+03
9.050478442226562038e+03
6.653041517413701513e+03
7.601341851690629483e+03
5.586255357235604606e+03
9.066274527403906177e+03
9.609211635113017110e+03
7.541375906139383005e+03
1.077714375660305996e+04
3.814760904239657066e+03
5.110799658174000797e+03
4.517421453001280497e+03
3.354201738826443943e+03
6.771176894623971748e+03
5.519133443725702818e+03
1.075447462921192528e+04
4.352060390379720957e+03
5.935558862124408734e+03
8.408892650344425419e+03
9.137975401950907326e+03
8.459181960507905387e+03
6.127238352430385021e+03
6.569308111346574151e+03
3.776493685635425209e+03
