1.763890361758622748e+04
3.634252165412156955e+03
3.176064962379911321e+03
8.244729117815801146e+03
5.837943243413701566e+03
9.794897946605027755e+03
6.624887236838174431e+03
3.681662622523574100e+03
6.628312764260238509e+03
1.179379355381926143e+04
5.676883544412729862e+03
1.045762480729039089e+04
5.733815333106963408e+03
4.533263188591359722e+03
1.408056122582331227e+04
3.775816801104149363e+03
9.877360068208912708e+03
3.678767675093340131e+03
7.389067370079977081e+03
7.333842646398873512e+03
4.667961381728637207e+03
1.635726743191775677e+04
7.629074841857460342e+03
3.580916692083688758e+03
3.622024597301840004e+03
6.744921414295014984e+03
9.773147199656912562e+03
6.982440051512597165e+03
4.164963215490517541e+03
1.115257021324172456e+04
1.118572609911850668e+04
3.600166225589211990e+03
1.518527705122154111e+04
3.040723691068912103e+03
3.865834981618168968e+03
6.320422082244041121e+03
4.754384382988439029e+03
1.100337551563207307e+04
4.647610519990015746e+03
7.339003601744223488e+03
6.440935158363720802e+03
7.182604923955595041e+03
7.088289330962606073e+03
1.059944692189606940e+04
7.311878221545543056e+03
7.212314451407286469e+03
1.085811389249451713e+04
3.653508990512694254e+03
8.538470132238724545e+03
4.381722381406776549e+03
4.754745503178753097e+03
8.400424846182264446e+03
8.864087277436246950e+03
1.580448449288168558e+04
6.678633443078840173e+03
3.925061470063871184e+03
5.636797037150630786e+03
7.936848332569675222e+03
4.649224910776541947e+03
8.619177319051608720e+03
3.179039936986961493e+03
1.015481721371449567e+04
1.560000324772763997e+04
4.508747587017815022e+03
9.009625489401532832e+03
5.707278013253427162e+03
6.403447138807795454e+03
7.383525310452101621e+03
3.801911717742813380e+03
1.385748499420314329e+04
8.476352191297723039e+03
6.121891481763924276e+03
7.516105651942323675e+03
3.318749531816622948e+03
4.170121089588801624e+03
1.254558880129203317e+04
4.150353127302813846e+03
5.431561279403629669e+03
9.769606944350980484e+03
4.478633100654878945e+03
8.973874644785591954e+03
6.435983870445555112e+03
8.781905114844721538e+03
3.854995904500747656e+03
4.375177856318354316e+03
1.551839298864617558e+04
1.183978832630549005e+04
3.851956497807192136e+03
4.821197385660028885e+03
4.127653053298576197e+03
4.179026328027289310e+03
1.157020943118477226e+04
8.413025878719796310e+03
6.556112179697131978e+03
1.269391350793950369e+04
3.349437872485172647e+03
1.052759034100786266e+04
9.845115985672735405e+03
4.470272189135193003e+03
6.945069456515537240e+03
2.693181611469182371e+03
1.098220427900751929e+04
1.210308334291374740e+04
5.010643762444864478e+03
7.347950702241305407e+03
5.074973197576800885e+03
3.603278576152692949e+03
1.736088495979462095e+04
5.275625849198087963e+03
5.238377031629540397e+03
8.192717523641524167e+03
3.992530480576517220e+03
7.303173114071931195e+03
5.042490516611815110e+03
1.333264334027744735e+04
3.486545919164526822e+03
3.642859195297717633e+03
1.779979749426236958e+04
6.884604144557859399e+03
4.186518381886085081e+03
4.747928135860756811e+03
4.874028310232704825e+03
6.388962088471906100e+03
1.015279240071455206e+04
4.007031969140099136e+03
7.916985849528586186e+03
1.485706378071592189e+04
3.497551683789154595e+03
7.187979732058811351e+03
7.316453554446006819e+03
1.728744484126877433e+04
3.681945804080766266e+03
6.248125606353793046e+03
9.198404973082760989e+03
5.643713332185697254e+03
9.052201682032055032e+03
4.383647831701011455e+03
1.231407319895793626e+04
8.436722105859262228e+03
4.938239804384462332e+03
1.443925170274395896e+04
3.000738238411769089e+03
4.617046972801445008e+03
4.474523984366021978e+03
5.122278493016523498e+03
5.388599991923758353e+03
1.226351710687036029e+04
4.708986429095875792e+03
4.648779481441939424e+03
1.253393072521116119e+04
6.543615800796523217e+03
9.543494835419183801e+03
5.006120095978651989e+03
9.182960313068386313e+03
5.012155568623935324e+03
4.183811251567541149e+03
1.286183522959177026e+04
3.999803765594290780e+03
3.198157622464576434e+03
8.528252902822796386e+03
4.352052876540986290e+03
5.909577639057401029e+03
2.267193034634039941e+04
3.670608249445942420e+03
4.121656737001956571e+03
1.328647140801919886e+04
3.678245824760330379e+03
6.598811391186744913e+03
5.225678741397646263e+03
1.228753263960268669e+04
9.216007089083861501e+03
4.220675315735248660e+03
9.987585554864645019e+03
4.325837900904585695e+03
4.849622979164179924e+03
5.177359764760169128e+03
4.989846453744443352e+03
9.897468333645918392e+03
1.053758090549002736e+04
3.632453724838837843e+03
5.759130480797382006e+03
6.684341130458188672e+03
8.387049407445501856e+03
1.187083512677180988e+04
3.965784139200857680e+03
1.172710011904696876e+04
4.402737262472837756e+03
6.291695346057775168e+03
1.197576326056485414e+04
5.342858326046720322e+03
3.420092738901120356e+03
6.009112512429144772e+03
5.088822692026044024e+03
6.050362106839929766e+03
1.386203879938087812e+04
4.634361241325797891e+03
5.549661372241886056e+03
5.392758967774437224e+03
2.867154893146327595e+03
1.088379220053769677e+04
3.655089277382087857e+03
1.085976416016582880e+04
1.516898214230274789e+04
4.640118811640022614e+03
6.722524863252965588e+03
1.102494315131070471e+04
5.436148188471090180e+03
4.531910297382232784e+03
5.538523253971533450e+03
5.983399869260722880e+03
1.143132232813285736e+04
4.250296376280972254e+03
7.627961232364672469e+03
3.249669923166552508e+03
6.796156869985174126e+03
1.153599122442529188e+04
3.618507299121034521e+03
1.519710162624604345e+04
8.205758432556991465e+03
4.488974008870656689e+03
1.116544744828856710e+04
4.448153612167242500e+03
7.569448592743987319e+03
6.283033031181076694e+03
3.287228515533700374e+03
6.975898023339363135e+03
1.458360661559455730e+04
7.070883371853593417e+03
8.008536650285265750e+03
4.718198309072761731e+03
3.417427725481245943e+03
9.350459861107910911e+03
5.820002211686069131e+03
1.450364781119693907e+04
1.004306111548194895e+04
4.351493280018591577e+03
8.922006314021027720e+03
9.040511281167651759e+03
7.145617721913527930e+03
7.261216208505877148e+03
6.678866663672642972e+03
4.586849084998662875e+03
9.397616316084535356e+03
2.884875081685946952e+03
6.711183513551852229e+03
4.133654953493334688e+03
4.797445850167713616e+03
1.676015891055969405e+04
3.008142579004777872e+03
8.209972186695908022e+03
9.366312215776537414e+03
5.550897176585576744e+03
1.068439981088945933e+04
7.533621946538879456e+03
5.246032134309840330e+03
4.929466804744550245e+03
