9.618191237183093108e+03
4.568459846389987433e+03
1.024789010687921291e+04
3.304904471357280272e+03
6.025671620508714113e+03
6.745498115925052844e+03
3.973711210033032785e+03
1.193366143175109755e+04
8.244756750919004844e+03
7.896051702119621041e+03
3.986064554387130556e+03
8.679760232874516078e+03
1.781062014925858239e+04
4.205877907528823926e+03
4.772843695665125779e+03
1.313545384365150676e+04
4.889537211587607089e+03
1.111530746002960586e+04
7.663325470884095012e+03
3.210341852763369388e+03
3.788115613257549740e+03
6.005445362881473557e+03
1.046709930360456565e+04
9.642839169991299059e+03
7.350414201593514917e+03
1.305764238833469972e+04
6.657569932929447532e+03
7.888113601521758028e+03
1.546153736091304381e+04
4.045088935696147018e+03
5.098230387389884527e+03
9.346613185564945525e+03
7.854837870764056788e+03
8.424983845534636203e+03
8.766311467755800550e+03
5.882647769897735998e+03
5.505687344042769837e+03
4.308459830167892505e+03
6.453927825781255706e+03
1.065426186930495169e+04
4.918708026552340016e+03
9.370533161896317324e+03
4.647718663893812845e+03
1.103756639169121445e+04
2.289402389238783508e+04
2.915883388837549319e+03
3.474383172499335160e+03
9.200554181895975489e+03
8.814549569651391721e+03
9.721245857714000522e+03
1.163525716875180478e+04
3.129929629712923088e+03
3.607941564699211995e+03
7.350763517196687644e+03
5.075382992882790859e+03
1.171151804888165498e+04
1.392288186284127187e+04
1.244143375876163373e+04
5.665401047070779896e+03
7.518559353225859013e+03
9.748344497843307181e+03
3.938870584129467716e+03
4.993307280362576421e+03
1.394098596786886264e+04
7.433008090663103758e+03
5.057810602391728025e+03
9.171083642471814528e+03
1.469696442473710522e+04
1.357750131801667521e+04
4.376816183361021103e+03
3.195218443111570650e+03
1.559183917244360600e+04
3.964955174892058494e+03
1.179400833076614072e+04
4.255209467604958263e+03
7.465155036504087548e+03
1.247923454860387938e+04
4.247122756913454396e+03
7.804356985269720099e+03
6.821116423208586639e+03
1.146704997837950214e+04
4.970108283345360178e+03
1.232023604902059378e+04
5.210416740404981283e+03
5.106215103672679106e+03
5.016476864652651784e+03
4.582184700285331928e+03
1.460591744218162057e+04
8.194862531935323204e+03
1.497253797532726639e+04
8.990618047532730998e+03
3.503633793360166237e+03
9.805111738360250456e+03
4.298970677942244947e+03
8.427695254677115372e+03
7.842117461222514976e+03
9.342497775318610366e+03
4.449373257485643080e+03
7.982906516762721367e+03
7.594120506801273223e+03
8.991965730750340299e+03
4.936642172888787172e+03
4.248125745785451727e+03
1.638274691682999219e+04
4.206567461620956237e+03
7.720027002470038497e+03
5.437217160385574971e+03
6.013847425255394228e+03
9.138838819236514610e+03
8.091726348404363307e+03
5.786387937742411850e+03
8.581659502601183704e+03
6.934450877841818510e+03
7.027872432763309916e+03
1.308871593827515608e+04
7.323577847187590123e+03
1.118828690303407348e+04
4.932161446277879804e+03
4.015975544095324949e+03
1.471430887829540370e+04
5.633221845943507105e+03
1.726977104888476606e+04
5.273265229377531796e+03
4.844430973552831347e+03
8.298926935237061116e+03
3.878352111975862499e+03
1.463766416340989963e+04
6.279014858101781101e+03
2.086871546898911765e+04
3.586981165146247349e+03
6.489426080627915326e+03
4.924075961512592585e+03
5.643884609715362785e+03
1.070362684546670971e+04
4.694950799167480000e+03
1.240808021529876896e+04
8.191419711572014421e+03
7.499834462554524180e+03
6.707506316531133962e+03
6.585323449717817311e+03
4.349163251249181485e+03
6.931115051934060830e+03
1.224950472827775593e+04
5.088123771854285224e+03
1.743346789789500326e+04
4.640267629245845455e+03
3.339228108249013530e+03
1.430779442501927588e+04
6.822683975866135370e+03
9.909206037098534580e+03
4.576624084241015225e+03
6.491210382562420818e+03
5.004423527543673117e+03
7.038321795941990786e+03
5.221957346398257869e+03
1.454796491264587530e+04
9.598501313566634053e+03
7.198053477608031244e+03
1.012300365130539831e+04
3.581052882844348460e+03
1.545221545930327011e+04
3.309525846498787359e+03
7.005538386463786992e+03
7.704863239568463541e+03
7.428142294967173257e+03
1.542011890723078250e+04
8.397780975529174611e+03
9.894695702024804632e+03
4.387556491545931749e+03
9.184163019345061912e+03
3.933370406206801817e+03
7.974398389611778839e+03
6.508802012452985764e+03
5.078466548289799903e+03
1.567755491578388683e+04
4.418682846346292536e+03
1.872819995719914368e+04
4.058484798256822160e+03
3.507321544331482073e+03
8.724043587989073785e+03
5.519357788256545973e+03
8.969219673070372664e+03
4.068485642715521408e+03
1.023973982502497529e+04
5.607536719672250911e+03
5.079064746576039397e+03
7.671755001809156056e+03
1.234056592716575142e+04
6.992686944370275341e+03
1.083628682811545332e+04
8.414245451921333370e+03
5.956625343917779901e+03
7.843220302147079565e+03
7.527314278976387868e+03
5.492727104546977898e+03
5.400476070487447942e+03
4.572914066961438039e+03
1.116278292323755886e+04
1.054244508424097512e+04
5.364111117673054650e+03
9.963287072366596476e+03
6.183408994129875282e+03
4.725740191259468702e+03
1.271988570362737300e+04
6.980218320754192064e+03
6.588977736871305751e+03
1.538943264567468941e+04
1.082662722912516438e+04
1.358888113984224583e+04
2.872522466355155302e+03
7.870894571015257497e+03
5.227832433497705097e+03
3.456287140156789519e+03
1.153385987502332137e+04
5.623640740503773486e+03
5.939706184870616198e+03
1.174691655783188980e+04
4.567353908461220271e+03
4.598539625325227462e+03
1.369829772088596110e+04
9.900244386574839154e+03
4.329918977934229588e+03
8.231851389034702152e+03
1.187584094488177288e+04
1.029620399077324873e+04
5.424906343343946901e+03
7.789902151439840054e+03
4.522833254590199431e+03
3.016238439725378157e+03
1.188679033649371195e+04
5.365546043500628002e+03
7.471439395611634609e+03
1.616671486033357723e+04
5.565164811282729715e+03
3.014613609405240823e+03
1.059604626525248023e+04
4.792166943314625314e+03
6.594661848764953902e+03
8.867774451504757963e+03
1.306666712083845232e+04
1.133323213633443447e+04
7.402085519021363325e+03
8.022343219926642632e+03
9.543774857773434633e+03
4.911657506657201338e+03
7.590758024292636946e+03
5.761121891693106591e+03
5.763875750966590203e+03
1.092346968607429699e+04
3.724644879847485754e+03
3.811932674019812112e+03
2.001442971450965342e+04
1.152374194704675028e+04
4.971681770549887005e+03
1.132070457462149534e+04
6.544672994949360145e+03
