4.026205760960492626e+03
5.293643862627832277e+03
1.503468816170434002e+04
3.051631578875070318e+03
1.194705706256817211e+04
3.346546702482525689e+03
3.591226459585739121e+03
1.632623319240201818e+04
7.809266775091034106e+03
1.686213573708662807e+04
6.808435890533125530e+03
5.260514809217494985e+03
2.096418616295317042e+04
5.052744952445202216e+03
7.333898492209742471e+03
1.228665681267060427e+04
3.910991092224599015e+03
1.486979043569564237e+04
2.110301088603138487e+04
4.584318224618673412e+03
6.171229201565438416e+03
3.960417407396224917e+03
6.363540886898294957e+03
1.526808875821499350e+04
6.377021451963620166e+03
2.099586074655850098e+04
1.348675816010903327e+04
5.824221587458489012e+03
1.749284054788218418e+04
8.659525638020924816e+03
4.009553090474229521e+03
8.358687828963593347e+03
6.348509901260697916e+03
8.155173071793577037e+03
1.367670549113673769e+04
5.474264027460285433e+03
8.090924758951202421e+03
4.614318625472376880e+03
7.747177890363630468e+03
1.565893131401766732e+04
3.494451683638252689e+03
1.746491534596193378e+04
1.198532452605097387e+04
5.614028057503458513e+03
2.853151358355075354e+04
6.595673332796101022e+03
3.814158868846453515e+03
1.381323696049807768e+04
4.984419865567275338e+03
9.820217389300325522e+03
1.680202321462140753e+04
6.998196353092484060e+03
7.926948033250701883e+03
6.038516500265674040e+03
4.225959166379601811e+03
1.223945257875519565e+04
1.047327366753779097e+04
2.289859865624087979e+04
1.189282165392122806e+04
3.899884828844830736e+03
1.417630016973087186e+04
4.544032378833270741e+03
4.735034935438725370e+03
1.358387585217056039e+04
4.581790631444613609e+03
7.931469026977343674e+03
1.708483457562950207e+04
1.244228072843752307e+04
1.447939395875766786e+04
7.977093161608565424e+03
7.812053225642932375e+03
2.156079824441546953e+04
3.629883629628413928e+03
1.607198200640009054e+04
7.506591478462429222e+03
3.172528316143353095e+03
1.975434158359596040e+04
4.749425665509777900e+03
4.472955604981298166e+03
1.243804597683881730e+04
8.436493557977519231e+03
1.127565028133001215e+04
1.944024186731211375e+04
5.383470530872946256e+03
6.593715051302638130e+03
5.525702480843403464e+03
9.098931375025227680e+03
1.451496860562333313e+04
5.516055297725120909e+03
2.056492750823823735e+04
1.585192938921297355e+04
4.185326968683333689e+03
1.769391372074172978e+04
3.106924468261811853e+03
3.534264454643070167e+03
7.975185639344259471e+03
4.419699921621631802e+03
1.127609469008755332e+04
1.523428047060878271e+04
4.677492552284844351e+03
1.143985564555745805e+04
3.434449078129483496e+03
8.842042228178568621e+03
2.293833684161205383e+04
4.167806313084101930e+03
1.292700421847917278e+04
6.793251296836483561e+03
7.372403688526848782e+03
1.500269744953979716e+04
7.579718020339581017e+03
3.678470111004759019e+03
8.199244659587968272e+03
3.541763190689228850e+03
1.185763013502698050e+04
2.851855455792347493e+04
6.623865077304807528e+03
1.235094585289876159e+04
6.282230140575547921e+03
3.289846244181624570e+03
1.976054539461941749e+04
6.488492676220253088e+03
2.008266875856423212e+04
8.639897720977092831e+03
4.083660368089907934e+03
1.187617991332838028e+04
4.847160892204601623e+03
9.579635599092467601e+03
6.143614255631840024e+03
1.948579692191680078e+04
4.658123899383323078e+03
7.714941367860826176e+03
6.134695557021323111e+03
8.533946548584786797e+03
2.189820697135084993e+04
8.815970400586154938e+03
8.832682229881165767e+03
9.498746597540895891e+03
3.854603806236567834e+03
3.609691706731000522e+03
1.142483860542743969e+04
3.685061638457107620e+03
9.431175197763388496e+03
2.170252237676959703e+04
3.903431268153988185e+03
2.283684296685589652e+04
7.254374779784246130e+03
5.781655673933079015e+03
1.427510725928274042e+04
4.980484139124408102e+03
1.891330428987327105e+04
8.206392237677653611e+03
4.664264021294857230e+03
9.963850785653467028e+03
3.180358533131442528e+03
4.864478046007761805e+03
2.201325740261013925e+04
4.948624035838947748e+03
9.765947855319671362e+03
1.494327260217520052e+04
3.959778990941791562e+03
2.160108655595983510e+04
3.730127481594555320e+03
9.834276670291706978e+03
1.021621997605941760e+04
5.586948039149219767e+03
2.691474210607816349e+04
1.449213907875479345e+04
5.345836695821265494e+03
6.437364762167351728e+03
5.125981323483016240e+03
6.653926741999824117e+03
1.167766273436136180e+04
6.572163028314593248e+03
9.617240735944938933e+03
1.810388080032035214e+04
5.945869500392795089e+03
2.092189713776356439e+04
6.993953943785722004e+03
3.509193371025690340e+03
1.303224432308583528e+04
4.461159960926312124e+03
2.029117637060024936e+04
1.035587603182174644e+04
5.473801486409794961e+03
7.861359104438954091e+03
6.007817560496306214e+03
6.820780737656433303e+03
1.657885979611099901e+04
3.625560772610794629e+03
9.325823955113120974e+03
1.259592486914333131e+04
5.298707928308887858e+03
1.291604318228613920e+04
4.226122979363346531e+03
3.947879040527467623e+03
9.003358487413475814e+03
5.034564862361647101e+03
2.027050668194442915e+04
1.211926319609812163e+04
3.735343594089094950e+03
1.024504906020570343e+04
5.263731048268875384e+03
9.775200766523483253e+03
1.371396743322711882e+04
4.928858358074861826e+03
1.479807238858498931e+04
2.248489017730550040e+04
1.133760416164066555e+04
2.125140217995471176e+04
4.134769991533426946e+03
3.512377168928651372e+03
9.441675521506480436e+03
3.054412152514168156e+03
1.673513341795640736e+04
1.183867807356674530e+04
3.728221461763589559e+03
1.183732165799278118e+04
7.727902125113168950e+03
9.767120383812783984e+03
2.028116539721549270e+04
6.437437296107724251e+03
6.890645798096947146e+03
1.269502347358544648e+04
8.840006624697809457e+03
1.224363789291339526e+04
5.462216359762178399e+03
4.367470621734932138e+03
6.286801565474670497e+03
6.298755832466125867e+03
1.804365918346499529e+04
7.732463434705011423e+03
6.523133942711851887e+03
1.450178087541775858e+04
3.823916334174701660e+03
5.186807431762174019e+03
1.986442507335080154e+04
3.106551984767925205e+03
1.417737933111164966e+04
1.995101098678692142e+04
1.013576181914768858e+04
1.625253038302133427e+04
6.878813649532768977e+03
6.777628386566185327e+03
9.424701289672124403e+03
4.725633436491845714e+03
1.288064798707519003e+04
6.318475302125028975e+03
5.784443781017278525e+03
1.342612587531106510e+04
2.945729433381509807e+03
6.981828932790424005e+03
2.416085782275059319e+04
5.478652275619077045e+03
1.096093141778273821e+04
1.968158639212284106e+04
4.781636652792471068e+03
