1.342107229406892293e+04
4.910760948989675853e+03
5.183520268965514333e+03
8.757175784444994861e+03
8.064228655043138133e+03
6.200132625299991560e+03
7.246079643551087429e+03
7.415693649519442260e+03
4.319343977836121667e+03
1.790038047673053006e+04
8.790120673706673188e+03
6.838234117959857940e+03
1.019792902081777538e+04
4.911870630461631663e+03
1.337434878592038694e+04
4.466428555196531306e+03
8.368710067726977286e+03
3.594055428371334528e+03
1.311127276548749796e+04
9.354511510136129800e+03
6.396423260739264151e+03
1.458656939244772730e+04
4.794530403149600716e+03
6.301625306715623992e+03
3.063069469528181344e+03
1.435624298830447879e+04
1.537766964614327844e+04
3.807957098687236339e+03
6.459952534413761896e+03
1.205290193003348395e+04
7.623812004561151298e+03
4.881534206292893941e+03
1.045938873982113182e+04
2.979474192847858831e+03
8.214770653216084611e+03
5.161510768286211714e+03
8.602036014206472828e+03
9.728428057423610881e+03
3.919612362974105963e+03
1.385496590344755896e+04
6.917982481881415879e+03
1.288748141677222520e+04
1.005448512317539098e+04
5.618009450284652303e+03
9.089884840224778600e+03
9.869556608439550473e+03
1.132726979879560895e+04
6.608125007830800314e+03
5.056216952700495312e+03
6.979001712426529593e+03
9.834968939543274246e+03
9.539217867320137884e+03
1.190715109720295004e+04
9.798580207881062961e+03
4.673002491879529771e+03
7.212137016652299280e+03
3.916573403829885137e+03
1.318459276370279258e+04
7.874746379087087007e+03
6.343823027268806982e+03
6.463230124457519196e+03
1.115397911080224912e+04
1.431432913424119033e+04
3.223680215787854195e+03
5.627356824054452773e+03
9.357853118666800583e+03
1.221357183953835920e+04
4.058853823491338517e+03
5.484248850180630143e+03
1.398236595336536993e+04
1.101645610351328287e+04
1.423950961253979403e+04
7.608951514516116731e+03
4.602950813856790774e+03
5.942087393671756217e+03
1.039376505376242130e+04
7.996041166567291839e+03
6.788007761707525788e+03
5.742342994985521727e+03
6.943075440363231792e+03
4.682749788604743117e+03
1.109066175527629821e+04
1.648350061433450901e+04
4.336381812343082856e+03
6.747805977692089982e+03
1.323818822203125819e+04
1.224044954272452742e+04
5.611412694853319408e+03
3.877002821150447744e+03
6.782225042682747699e+03
5.399169753247202607e+03
1.162729219350183848e+04
1.279155052193767551e+04
6.203606881590386365e+03
9.189570848978986760e+03
3.298381385679163031e+03
7.221812519560746296e+03
1.273141137131897267e+04
8.792077520841674414e+03
6.447958678044753469e+03
4.319647271936091784e+03
1.031956123240891247e+04
1.434314601094316095e+04
8.140022328530948471e+03
6.265781678018634921e+03
9.776033960737029702e+03
4.555940372576003938e+03
1.425391990882222854e+04
1.111205412873194291e+04
3.000891241304432697e+03
5.911485650338796404e+03
6.491538962405615166e+03
5.660858581299646175e+03
8.568477051302215841e+03
2.049416676478752561e+04
3.109911633289530073e+03
3.649859342358739923e+03
1.736081858026685586e+04
7.366043297547505063e+03
6.909786042392431227e+03
4.149506151773391139e+03
7.253758955677786616e+03
1.094143288350867260e+04
8.952185208507324205e+03
8.515879855870060055e+03
7.509674985239257694e+03
6.820607220564871568e+03
3.876913428959225257e+03
8.580365516991754703e+03
7.609656139748196438e+03
1.388471494777951739e+04
5.775354314423783762e+03
6.112076804289712527e+03
1.628741792435739626e+04
9.832330815674182304e+03
4.560336445598592036e+03
3.593019141539356497e+03
8.354241522340722440e+03
5.639861449057081700e+03
8.765044416644766898e+03
1.373120947697613337e+04
4.903771665774167559e+03
8.770220133830636769e+03
4.597849438824424396e+03
1.024645117188910081e+04
5.881506777286201213e+03
1.245652663314732490e+04
6.186981578640530643e+03
3.424615770311706910e+03
1.980618080719393765e+04
1.039422772867715685e+04
6.583437062198456260e+03
8.120939302616586247e+03
7.384531717865998871e+03
5.152405847875252221e+03
7.024848151908739055e+03
8.330780536001726432e+03
3.880497769757597780e+03
5.491558476388584495e+03
9.336235152968218244e+03
7.028223156334993291e+03
6.336200046538984680e+03
2.248260407992686669e+04
4.394652065307258454e+03
5.105884154127155853e+03
2.161615781465917826e+04
6.390278318205750111e+03
4.366435911484042663e+03
8.224354681785451248e+03
7.226325493757991353e+03
8.538018352534829319e+03
8.411154621840149048e+03
6.962292226283135278e+03
7.311474936525022713e+03
8.656354944097382031e+03
5.475366253723557747e+03
7.127902322011721481e+03
1.239258679746185589e+04
9.740063793894227274e+03
5.143170935439117784e+03
4.485068638320216451e+03
1.061366607177202422e+04
1.165743504373807627e+04
7.490821647422372735e+03
6.859080752523278534e+03
9.368330178281164990e+03
3.190952808722941882e+03
1.288571365310131659e+04
7.947685245782417041e+03
5.457411141148990282e+03
7.142738414759632178e+03
4.328126032269368807e+03
9.315182353711268661e+03
5.050419708122510201e+03
1.176414924846825306e+04
5.898024582866502897e+03
6.515661016098217260e+03
9.621226988160515248e+03
3.664936889603493000e+03
1.004633939266933157e+04
4.680824779237593248e+03
7.404057630090786915e+03
1.695310284507293181e+04
9.247699371614351548e+03
3.875212350624321061e+03
1.653099955764519837e+04
1.097655359240464895e+04
2.902059594435574581e+03
1.023544602048076558e+04
7.577897549638440978e+03
7.095829060274895710e+03
6.924245297873210802e+03
7.909986970965020191e+03
5.219240755751856341e+03
7.765481586351219448e+03
1.001361346441991191e+04
5.425451064261231295e+03
1.543586173643286384e+04
9.585895530944526399e+03
1.002091404953649544e+04
6.270349997624097341e+03
7.080931647411804988e+03
1.393120064189133882e+04
3.916534706311625996e+03
5.859769447883964858e+03
5.042256589614473341e+03
8.174599298931451813e+03
9.981403262017418456e+03
8.679949703092992422e+03
9.832391665648181515e+03
5.840072065895522428e+03
6.312593887510744025e+03
4.106977426575071149e+03
1.309544784736945985e+04
1.147787493222591183e+04
7.593900280880627179e+03
8.348345298264124722e+03
1.371053608458707822e+04
1.367471218885282178e+04
6.222896533001825446e+03
1.389514375314278186e+04
4.165515843928696995e+03
5.567995521421196827e+03
4.031826532799204415e+03
5.168575611055195623e+03
8.230627942861447082e+03
7.154216584157740726e+03
1.503623634911932459e+04
4.331825981681604389e+03
7.511210844756555161e+03
1.238894508507987121e+04
8.610234905575227458e+03
6.680396433071661704e+03
1.061590255920950403e+04
9.045818685839258251e+03
3.472955283217273518e+03
