2.624370494278909246e+04
4.373408544649600117e+03
3.525313696251337660e+03
1.077060170435054897e+04
3.423525312511150787e+03
1.681215671142249630e+04
9.151974905130282423e+03
3.310217520045637684e+03
8.037760975738065099e+03
6.614700717968787103e+03
5.578200808172944562e+03
1.642545482035740133e+04
8.755654985985980602e+03
5.479124813599491063e+03
1.266967173110147451e+04
7.723033641304298726e+03
1.183005263163037489e+04
5.610928609936889188e+03
4.047898596428882229e+03
7.033107852852515862e+03
4.610734767986294173e+03
2.051174898155978735e+04
1.261324848211716380e+04
3.036081615851436254e+03
7.112931415898447995e+03
5.688477663265574847e+03
5.912024307871034580e+03
1.256619922430372935e+04
6.396927144034880257e+03
9.363423838171005627e+03
1.457320459437555292e+04
7.195920697969218054e+03
1.556415735622322245e+04
6.405955242562687999e+03
4.000454676351262606e+03
7.659022650374453406e+03
4.927325319488554669e+03
1.237259974594463165e+04
6.022328539831401940e+03
4.727673500106977372e+03
1.022578421981176689e+04
3.416136390068745186e+03
4.409306598983676849e+03
2.008220079854575306e+04
8.659545410044873279e+03
6.346814330454163610e+03
1.022176540898903477e+04
2.966659976785256731e+03
1.314446595639370571e+04
6.909915161040400562e+03
3.936878128182818728e+03
7.966010626969194163e+03
6.026039347830218503e+03
2.009845432399232959e+04
9.931082944679918000e+03
5.535488945631451315e+03
1.163072588234884461e+04
4.655215806252283983e+03
3.471221472781739976e+03
1.343342748216474865e+04
3.771008837750710882e+03
1.080550176479228867e+04
1.611934724507673673e+04
8.939352414379240145e+03
1.433242962569076735e+04
4.681402410667857112e+03
3.232558181265330859e+03
1.325775136442090297e+04
6.520563222800560652e+03
1.208816215290772561e+04
6.516306480843686586e+03
5.657738324475752961e+03
8.347774457640203764e+03
4.276864539595359929e+03
5.003063252055404519e+03
1.931944446681192494e+04
4.338489063096511018e+03
7.877740313307063843e+03
1.256327160088723394e+04
3.256658284620854829e+03
1.391610048147389898e+04
4.421632894293177742e+03
6.303363556627099570e+03
5.656996513552277975e+03
6.003467640041678351e+03
1.647512992545307497e+04
9.071304432506625744e+03
6.398788720425127394e+03
1.004770144549091856e+04
4.759652246087498497e+03
3.778026276315373252e+03
1.258047579708731973e+04
4.345072757483094392e+03
9.234565031794609240e+03
2.100011652431739276e+04
5.910395033622869960e+03
1.641078156036025030e+04
6.615168934437140706e+03
3.076008559906440951e+03
1.215327121857794555e+04
3.948629820529659810e+03
1.320380356459280301e+04
8.769896068212954560e+03
5.326255340449198229e+03
8.579257115442476788e+03
4.061472087645488955e+03
4.789053576446065563e+03
2.050652868046905132e+04
3.628875537094569154e+03
9.121995576486331629e+03
1.262980902337176667e+04
6.058148533357438282e+03
1.399972545918066680e+04
2.822199404068254807e+03
7.038987256980648453e+03
7.214724299549600801e+03
5.789793975654196402e+03
1.946237826181055789e+04
8.611287389543094832e+03
4.892359780288154070e+03
4.971198925082815549e+03
7.515125165944677065e+03
5.841569004880690045e+03
1.153278033532713380e+04
4.390697754242700285e+03
8.751860512821531302e+03
2.178637354454548040e+04
5.653244393715691331e+03
1.201847689051599991e+04
7.121718930128923603e+03
1.573395020835430660e+04
4.552943331350004883e+03
5.070824435021815589e+03
4.930317926894977063e+03
4.669421594737421401e+03
1.659135087058398130e+04
5.433644517485035976e+03
2.082819259704979777e+04
1.351174903361184442e+04
2.992053368759698515e+03
1.824837417508957151e+04
3.646375600949474119e+03
3.208336576383346710e+03
7.561544306512299045e+03
5.731597398709146546e+03
5.052857857157210674e+03
1.234044147368718950e+04
8.563039062575786375e+03
9.058231750444874706e+03
8.421747176865033907e+03
4.610947641691242097e+03
1.494105785910644408e+04
3.781232126699889250e+03
1.636032468714555216e+04
7.062872170794136764e+03
4.689852022651419247e+03
1.609832875300009619e+04
4.965011386215300263e+03
3.677018165839072481e+03
9.900208950860680488e+03
4.967481628613841167e+03
7.608271472287073266e+03
2.159347230477854464e+04
3.989487355510724228e+03
7.720452506701565653e+03
7.491019455061570625e+03
2.814228991335561659e+03
1.433834942776075513e+04
5.962344127556172680e+03
1.739058240828978523e+04
8.629150348424464028e+03
3.881107098887293432e+03
1.017797226678419247e+04
3.945912190589554029e+03
6.450116463054177075e+03
5.581932230868681472e+03
7.437751585874290868e+03
8.690795964683107741e+03
1.006826793802581960e+04
4.013772536321139796e+03
8.671955522590429609e+03
3.775512851644221882e+03
5.219426252176162961e+03
1.868752706677864990e+04
3.344319725383534205e+03
1.369298056056095993e+04
7.783753813000738774e+03
4.329393531919932684e+03
1.596780171715829056e+04
1.010174216458948649e+04
3.655841991064690774e+03
1.018506038833533057e+04
3.407836215493663531e+03
1.162811098631513596e+04
1.489210972094070166e+04
4.272245870216038384e+03
6.522115116360580032e+03
3.290987499778968868e+03
5.754602293144038413e+03
1.429083072847527910e+04
5.949409124347976103e+03
1.315199518574225294e+04
1.204115414565390529e+04
5.346696821387023192e+03
1.061026348670424341e+04
6.904585153781818008e+03
3.775605283672359292e+03
7.967724220921055348e+03
3.046171737384431253e+03
7.088752775979658509e+03
1.771128035514764633e+04
3.048019904585561108e+03
1.001040062501812645e+04
3.824468266569929710e+03
5.082113324692356400e+03
1.660559865726356293e+04
7.085511623945447354e+03
1.331065794799818104e+04
5.736487092651734201e+03
4.348090901082403434e+03
1.638667895153883728e+04
4.890229057987122360e+03
5.953663977538508334e+03
1.266230130647380611e+04
4.377608174034116018e+03
1.122775077648336082e+04
1.907557564154046486e+04
6.108986468303945003e+03
6.572928174293922893e+03
4.257427851445925626e+03
3.460166707407140166e+03
1.518202373483798510e+04
1.149220615424156131e+04
1.764678238520232844e+04
8.422999047161796625e+03
3.672223519025954374e+03
1.104064561684535693e+04
5.320660920481725043e+03
3.863077576089056038e+03
1.323258851273169057e+04
4.815344100294492819e+03
6.563742555560791516e+03
1.315021733220380702e+04
5.571618808105677090e+03
7.499111187841371247e+03
4.423833522823143539e+03
6.446181798028198500e+03
1.800009675500343656e+04
4.337867521262332957e+03
1.253352664853052738e+04
8.755333649484115085e+03
7.183137377452684632e+03
1.974313985421443431e+04
4.290716484367625526e+03
3.007207820838548741e+03
9.938908148588525364e+03
