1.121756186087072638e+04
4.746301732112289756e+03
5.410700710612053626e+03
7.996760646348890077e+03
8.499545965855815666e+03
6.472098940839779971e+03
6.034627805029675073e+03
7.517713950140441739e+03
5.263552753687055883e+03
1.581409136639178905e+04
7.584003145913383378e+03
7.496226261320345657e+03
7.280849546275550892e+03
4.733701887044963769e+03
1.367690398457102128e+04
3.928489848790850374e+03
8.434362363901555000e+03
4.431870300459613645e+03
1.259949330816918155e+04
8.285076918905924686e+03
6.091738093235140695e+03
1.365962345362812266e+04
4.639782369868795286e+03
6.786770024724970426e+03
2.869823167613729311e+03
1.236835338346615208e+04
1.408867075767181086e+04
4.785046943311766881e+03
6.015402596020472629e+03
1.241930820155996116e+04
7.584465114653106866e+03
3.721049031433656637e+03
1.214969851701612788e+04
2.742312668731165104e+03
6.519277825104361909e+03
5.518792127094367970e+03
7.116346257583780243e+03
9.911955722977469122e+03
4.404665772114919491e+03
1.257848899407043064e+04
5.535497174437076865e+03
1.229288367930856475e+04
9.941092282782665279e+03
5.793408055357759622e+03
1.059710751707132295e+04
9.144575997560865289e+03
1.044380562817942882e+04
6.696579370044384632e+03
5.170531934157815158e+03
5.716127383118630860e+03
8.776212602790750680e+03
9.290672739930852913e+03
1.150469253038533134e+04
1.143975492799818858e+04
4.846395158035087661e+03
6.249378577260297789e+03
4.122715131900115011e+03
1.374100880180387321e+04
7.705971231217644345e+03
5.782443546328318916e+03
5.560131782296375604e+03
9.525789189875402371e+03
1.392720406887846002e+04
3.657652548268602004e+03
6.081985599790134984e+03
7.978185254038970015e+03
1.157265387016290697e+04
4.918445582616983302e+03
4.919569647251522838e+03
1.414920943053848168e+04
1.066481673717671401e+04
1.185186248112455178e+04
7.097970223870344853e+03
5.246587298994983939e+03
5.497739366528964638e+03
9.599131654983593762e+03
7.436829937224327296e+03
5.767513508130609807e+03
5.959333349834663750e+03
7.350900443160669965e+03
5.485759933989502315e+03
9.985775181810433423e+03
1.399837092219017359e+04
4.138907922689822954e+03
5.483770223092528795e+03
1.316875121074667550e+04
1.298279728905967022e+04
5.368400948502250685e+03
3.113867225487135329e+03
7.287054287871506858e+03
6.084694966808989193e+03
1.142675440177490054e+04
1.291900369890689035e+04
5.876296333939018950e+03
7.664226131376910416e+03
3.425238591255964820e+03
6.718728620164286440e+03
1.251134786369815993e+04
8.129437550399546126e+03
5.559890405407670187e+03
4.087440551398190109e+03
9.481067939955233669e+03
1.454952549382172219e+04
9.168126095408968467e+03
6.535486288260981382e+03
8.555682751899217692e+03
4.474004775006253112e+03
1.540176065556206777e+04
9.840010810943553224e+03
3.446012430888855306e+03
5.854296870698227394e+03
5.319751180883975394e+03
4.869896664721587513e+03
8.533300839227777033e+03
2.054887778078984047e+04
2.742417154530485732e+03
4.050934407516481770e+03
1.652544052695275241e+04
6.315072907720691546e+03
6.832525806717952037e+03
4.671220530357792086e+03
6.436351785565761020e+03
9.229537260569915816e+03
9.065032995705236317e+03
7.015198702844776562e+03
7.583252938950081443e+03
8.667342266947394819e+03
3.302803044022518407e+03
7.343653629044761146e+03
7.511216757998032335e+03
1.488208983510307735e+04
5.049624840356660570e+03
7.012444597871195583e+03
1.527350985025773844e+04
8.590117585404612328e+03
5.609057332872813276e+03
4.488948450862757454e+03
8.079311401332058267e+03
4.675320338183653803e+03
8.751985530957717856e+03
1.242835477125928810e+04
4.458365187399753268e+03
8.714718200257200806e+03
3.989563823344638877e+03
8.956955104913949981e+03
6.262395561789288877e+03
1.237953699835164116e+04
5.175789868906689662e+03
3.171640764836307426e+03
1.690247326944361339e+04
9.401566802906902012e+03
7.322987521980822748e+03
7.679959775212598288e+03
6.899663577489545787e+03
4.636642329602484097e+03
7.902861265458775961e+03
8.359270787948267753e+03
4.605535894421180274e+03
5.411582659352441624e+03
8.386297081959732168e+03
6.882630053950300862e+03
5.858869278949019645e+03
2.228807754017665866e+04
4.404440226011255618e+03
4.079317620960912336e+03
1.946577075631353364e+04
6.554970383557802961e+03
3.895256547939130087e+03
6.866921721434187020e+03
8.282584476617084874e+03
9.094273358794007436e+03
7.413658702586368236e+03
7.835155475459881927e+03
6.614177461691146164e+03
7.275743059982075465e+03
5.612641096396526336e+03
7.378632219919689305e+03
1.083755984997640917e+04
9.347477350005174230e+03
5.400407142561173714e+03
4.427785654604154843e+03
1.096336564839469065e+04
1.159062193425160513e+04
7.689597652434888914e+03
6.222219149247981477e+03
1.023612602203343158e+04
3.355711328476196286e+03
1.159906666331540328e+04
8.338094078231661115e+03
4.379682718339528947e+03
5.988377070600527077e+03
4.857112369433116328e+03
8.825494198176053033e+03
4.375882312949677726e+03
1.153649279762008518e+04
6.162545891134498561e+03
5.683495541909114763e+03
1.023795290238794405e+04
3.105668929006005328e+03
8.900814916735835141e+03
4.115626071171715012e+03
8.341487894560923451e+03
1.753762802370720601e+04
8.252419647353695837e+03
3.980038549989835246e+03
1.518431308288291075e+04
1.012278177041395065e+04
3.894312068371356872e+03
1.069140744069980428e+04
7.024919803434199821e+03
6.106511231225937081e+03
6.703835320707768915e+03
6.971568658115746985e+03
5.489322636105554921e+03
8.454935176490860613e+03
1.033207298894108862e+04
4.074874457106274349e+03
1.495946545122855605e+04
9.803111287769199407e+03
8.942281920918896503e+03
7.408113505331521992e+03
6.140444509566600573e+03
1.186175903726622710e+04
4.012958562722436909e+03
5.121076954788839430e+03
5.676713476138528677e+03
9.112595553223904062e+03
8.597112920567387846e+03
8.970495529851928950e+03
8.877133839680624078e+03
5.378416088535528615e+03
7.489135653074410584e+03
4.274614415353746153e+03
1.246162573456945938e+04
1.088238910811935420e+04
7.801026611752242388e+03
7.826167577302058817e+03
1.306095274160757072e+04
1.282637022565773077e+04
5.217533910469095645e+03
1.183504827463178844e+04
4.016987328860909656e+03
6.495148001441881206e+03
3.651553131514417146e+03
5.629751185007037748e+03
7.184842186258656511e+03
5.479512486897656345e+03
1.490118776332265406e+04
4.596126784915450116e+03
6.939535026662817472e+03
1.158797151871946880e+04
9.136556311141248443e+03
5.987694263825163944e+03
1.025881834666813666e+04
9.771864374623859476e+03
3.271720528990222192e+03
