1.307973969269561894e+04
2.527464229978846561e+03
4.427152960091150817e+03
4.571636108905549918e+03
4.105106790310392171e+03
6.400948779236304290e+03
4.083032099888881021e+03
5.271303785555846844e+03
5.461660983941137602e+03
8.889229284426368395e+03
3.745205458442917461e+03
7.517322811366921997e+03
1.035235989432819770e+04
2.715514935465091639e+03
7.519442905892296039e+03
6.975985637932915779e+03
5.269596151642099358e+03
5.677220327381193783e+03
7.037906782159282557e+03
3.808329693973068970e+03
3.023502480872439264e+03
8.987391962296098427e+03
7.368011271880126515e+03
4.431298836626639968e+03
4.074794633418668582e+03
7.984249784640460348e+03
6.991218134799857580e+03
5.817550721573674309e+03
7.435476418888463741e+03
6.156895589058276528e+03
6.524409475967936487e+03
5.112567390998006886e+03
8.596088581523188623e+03
4.385564173829869105e+03
4.772749032309414360e+03
4.314824302868850282e+03
4.024529706201110002e+03
5.699764176773134750e+03
3.662472216906604899e+03
7.286132982526733031e+03
4.302572378847382424e+03
5.927169850506668809e+03
4.494716980453664291e+03
9.367681937783210742e+03
1.226501687977057736e+04
3.949350218395121374e+03
5.374584051062940489e+03
4.071704349135241046e+03
7.075792934503194374e+03
5.253943580966933951e+03
5.595190182226656361e+03
4.590968899400925693e+03
4.866018568040008176e+03
9.137679944813564362e+03
4.106331953379316474e+03
5.850764781066883188e+03
8.304662257706208038e+03
8.405777399518363382e+03
3.778209110738749587e+03
6.277658315192550617e+03
4.552026834483935090e+03
5.437860941187883327e+03
8.168100518348463993e+03
7.755061385021353999e+03
6.512503086213378083e+03
3.674318836470466522e+03
5.704194823077436013e+03
9.561326816012006020e+03
6.764037985379752172e+03
7.511987393527595486e+03
5.069952313246340054e+03
8.672368147860664976e+03
4.063532466269775341e+03
5.530851765702785997e+03
3.092080181321547116e+03
8.146576323451622557e+03
6.542437803045371766e+03
3.340356867254665303e+03
6.333718638132244450e+03
3.807199371591093950e+03
8.520225590139438282e+03
4.533018421135169774e+03
8.858298233227113087e+03
2.858482099536568057e+03
3.857273721044131889e+03
8.385804462190582854e+03
6.509298168129415899e+03
7.446747434121632978e+03
5.408053796998574398e+03
7.074779453102613843e+03
4.344009106705063459e+03
5.705736952449318778e+03
6.821862389354775587e+03
3.558363749582360924e+03
8.762569963304347766e+03
3.964256651087395312e+03
7.843684948138874461e+03
6.137197119930036934e+03
4.485519053975038332e+03
5.601558630479283238e+03
3.968559090069087688e+03
6.071489892820423847e+03
7.034694869360872872e+03
8.654525088668262470e+03
4.050454942358724566e+03
4.582196681337059999e+03
2.906006963658864152e+03
1.013332218806149103e+04
5.448171238943730714e+03
5.003603523163750651e+03
5.178913277928801108e+03
4.685621954599089804e+03
5.791026100333418071e+03
3.778686262767611424e+03
1.163173929729494739e+04
4.271768929124846181e+03
5.408514010161035003e+03
1.019293959145546251e+04
3.897705783242857251e+03
7.119597739983301835e+03
3.373994253098610898e+03
9.238661885164379783e+03
4.725347913586909272e+03
5.658000326050068907e+03
4.833236356767049983e+03
4.060620318481961021e+03
1.215782164889111482e+04
3.622063482213976840e+03
1.264960914272279115e+04
4.054562038341181960e+03
9.439434991076566803e+03
2.843834347202834124e+03
3.822173899812978561e+03
8.136876254270464415e+03
4.376416492285562526e+03
9.585642824441867560e+03
4.182815061329896707e+03
8.116627366570147387e+03
5.955742093367685811e+03
3.794861955670241969e+03
8.234955350996653578e+03
3.176869487979018231e+03
6.084180467690915066e+03
3.498783572785858269e+03
8.636068940299384849e+03
3.281611538143151392e+03
6.538825202711304883e+03
8.127439579124017655e+03
4.732296403272490352e+03
1.060955543069095438e+04
4.143127188756745454e+03
6.440526148661119805e+03
3.664367008824434379e+03
6.348393535347197030e+03
3.303461776024448227e+03
7.373833443389913555e+03
8.888894417532268562e+03
3.625771916231237810e+03
4.910519278149397906e+03
4.625165473676516740e+03
7.565102722032048405e+03
4.052258386774212795e+03
1.395574850160011556e+04
3.685933395615997142e+03
4.245011483231228340e+03
1.265401004735927381e+04
3.869023989404747681e+03
6.975713695082300546e+03
3.609875602410095325e+03
7.991882801854771060e+03
4.650280186131469236e+03
4.576938293138632616e+03
6.008162950094510961e+03
3.986572033169125461e+03
8.243934194754960117e+03
3.067897920787746443e+03
9.517354649391054409e+03
5.598277841986742715e+03
4.965579483590411655e+03
4.626562037248764682e+03
3.682064751343016269e+03
6.129499992443979863e+03
4.820154057044061119e+03
9.222571099958900959e+03
3.049623925254453752e+03
6.469261278237159786e+03
4.195414447934159398e+03
6.461408802091212237e+03
6.887639914514512384e+03
6.954186174580339866e+03
4.259088503770271927e+03
4.716601311053784229e+03
5.078414299850290263e+03
5.120063535042683725e+03
7.456982510482409452e+03
3.354544415021259283e+03
3.306985094648552149e+03
5.915235865600154284e+03
5.210202844091429142e+03
6.226232237164183971e+03
5.050988536633133663e+03
6.342330513775177678e+03
9.190125427237264375e+03
6.213548784336312565e+03
5.246278733625384120e+03
7.879394719525737855e+03
7.092113147684755859e+03
6.000044304633413049e+03
6.790348800756340097e+03
3.471908797901847265e+03
7.716174536028776856e+03
3.020648971632408575e+03
4.250004866843781201e+03
5.108350486905924299e+03
4.237730211406759736e+03
7.114637399153525621e+03
6.329455758938895087e+03
8.209164718719761368e+03
4.652029719427386226e+03
7.016503016080489033e+03
8.131906477788514167e+03
3.260135573109214420e+03
6.989150011457957589e+03
8.062944166196707556e+03
4.771500878952186213e+03
4.695813725008402798e+03
8.346388777367588773e+03
4.285980513097319999e+03
4.123616558330987573e+03
6.025584541344243917e+03
2.908515882240621067e+03
7.201878613620157921e+03
9.673012733443056277e+03
7.644983145730051547e+03
4.823531250239298060e+03
5.800680361573104165e+03
4.945476821543585174e+03
6.462009868586469565e+03
6.783779741006124823e+03
9.325321132643466626e+03
7.097351348387873259e+03
4.772483004913876357e+03
6.453786509190557808e+03
4.765627480497876604e+03
3.746768741833390777e+03
4.793183081767056137e+03
3.858498110309030380e+03
9.308422652351177021e+03
4.685424611305647886e+03
4.867333120702943233e+03
5.667175394429097651e+03
9.876908784475108405e+03
9.537048102684522746e+03
4.883447197580569991e+03
5.521451033515513700e+03
4.568865829571411268e+03
