9.754641422672411863e+03
4.024960933054380348e+03
9.293365772847890184e+03
3.680271252613685647e+03
4.986202559239285620e+03
6.681583545481910733e+03
3.613468568536523890e+03
1.035050106882691398e+04
7.719704158041546179e+03
8.944633163940452505e+03
3.708680714577262279e+03
8.466264671473463750e+03
1.599376118748939916e+04
3.837333556362677427e+03
5.586863239921299282e+03
1.166193533785120599e+04
4.533604079406913115e+03
1.090982988893000584e+04
1.156182890646182932e+04
2.781739025465262330e+03
4.254695773372228359e+03
5.782136999594562440e+03
8.861418215485817200e+03
8.972523474943696783e+03
6.428588250005184818e+03
1.141445362385835688e+04
5.782051925550866144e+03
7.875911871618589430e+03
1.324426509031643582e+04
5.049759208326655425e+03
7.156059389939323410e+03
7.956485472453946386e+03
9.176092559581675232e+03
7.373859747140360923e+03
7.725949350638872602e+03
5.201044040331308679e+03
5.460572795808227966e+03
4.099219191834045887e+03
6.268055914845593179e+03
9.349388732557203184e+03
4.154298659032843716e+03
6.633710285877376009e+03
5.832029077684650474e+03
1.007515412338230635e+04
2.131334294343196598e+04
3.281196704843003772e+03
3.344648170314976142e+03
7.467896433387901197e+03
8.471493662924571254e+03
7.409369893664988922e+03
9.492181827549298760e+03
4.177432470977390949e+03
3.443162960125318023e+03
9.753608365650139604e+03
5.142378365720966940e+03
9.429488218065645924e+03
1.230816100802130131e+04
1.463872900237236536e+04
6.405195823467793161e+03
6.520496663794757296e+03
8.949730832687109796e+03
3.294296044319969042e+03
4.689262031847662001e+03
1.302271992656762086e+04
7.942097364865552663e+03
3.815041549995005880e+03
8.999032739352316639e+03
1.344347359629247694e+04
1.119898117729393562e+04
5.812941864683594758e+03
4.189581809055744088e+03
9.941409519693028415e+03
3.126954336589123159e+03
1.132693916687511592e+04
4.768279388497236141e+03
5.832609197878051418e+03
1.266228534344071886e+04
3.184098506260711474e+03
6.776152765510286372e+03
6.846856026335573006e+03
1.118971559378542952e+04
4.884934525088257033e+03
1.092445750870863958e+04
4.444848006906936462e+03
4.764902319034378706e+03
6.064532096028017804e+03
5.036141842831266331e+03
1.300512724411693671e+04
6.834033220326371520e+03
1.369199515116238945e+04
8.379412065545779114e+03
4.317024324855425220e+03
8.252239531204071682e+03
3.736009624793904095e+03
8.169446814713202912e+03
6.715723894198537891e+03
8.507725224154364696e+03
5.745576347933201760e+03
7.808517432164752790e+03
6.053091584598416375e+03
7.883239364385769477e+03
3.951313960359882003e+03
4.215848514646572767e+03
1.716037818084070750e+04
4.404758938819278228e+03
6.107816686065157228e+03
4.375161704549651404e+03
9.609463757055726091e+03
9.237525545615850206e+03
7.858388919219725722e+03
5.950287946524954350e+03
6.768357591564371432e+03
6.190615807523061449e+03
6.170223275624122834e+03
1.614770255207366608e+04
7.226963471419184316e+03
1.019915397328761537e+04
6.321272738503294022e+03
3.515510156421163629e+03
1.214810663640557323e+04
5.197617545371671440e+03
1.536905996835911719e+04
5.239050852799730819e+03
4.338383308710851452e+03
7.819758784695899521e+03
3.630150166966059260e+03
1.359376824388299792e+04
6.173701282973267553e+03
1.688726021452382702e+04
3.120043199232025472e+03
7.915684933854510746e+03
4.072852256483101428e+03
5.553410065789334112e+03
9.849318930538674977e+03
5.253058842824111707e+03
1.162477416318459291e+04
7.664706228191190348e+03
8.134367143777273668e+03
6.076120746735331522e+03
6.110450975519903295e+03
5.534867911313273908e+03
5.707960896368149406e+03
1.130413349637838292e+04
4.753343113194089710e+03
1.464021539960843438e+04
5.342837342854406415e+03
4.635950653903077182e+03
1.261997592635773071e+04
6.485145674809162301e+03
1.039747875754086635e+04
3.655853879021365174e+03
7.678367094131453086e+03
5.295263886096311580e+03
6.143523680416907155e+03
3.871578466692235452e+03
1.487198074527864810e+04
8.686551155275490601e+03
7.334636479512793812e+03
9.886827229535720107e+03
2.871377693190170248e+03
1.363255113967783473e+04
3.521881048621005903e+03
8.201042175535158094e+03
6.529276128138741115e+03
6.002144722361751519e+03
1.447564365262092906e+04
7.929960316944949227e+03
9.072378543765262293e+03
3.634159946664727613e+03
8.869475784886904876e+03
4.714018899907063314e+03
7.355448792303374830e+03
6.670475658461806233e+03
5.754329840528860586e+03
1.390501741894466977e+04
4.014272974352222263e+03
1.739327443493322062e+04
3.193991261925524668e+03
3.648215492478426313e+03
9.366989036080629376e+03
4.483316864317331238e+03
1.042485823630779305e+04
4.925263124601522577e+03
9.594558106746331759e+03
4.894135387418747996e+03
6.256766780866148110e+03
6.558042938830793901e+03
7.782336460464945958e+03
7.466727132624567275e+03
9.144586742609037174e+03
7.299412509869890528e+03
6.503044715118881868e+03
8.499499794102772285e+03
5.952042711645712188e+03
4.593821883968474140e+03
6.013005594135343927e+03
3.238054313331423600e+03
1.138170573021448945e+04
9.473732159877870799e+03
4.514182736624812605e+03
8.034181083277886501e+03
6.451527727424097975e+03
5.830114723558363949e+03
1.061642805808785306e+04
7.114050212755111716e+03
6.845180169110366478e+03
1.230594213107979158e+04
9.783193412878430536e+03
1.197394951673889045e+04
2.986781570150296830e+03
7.244686997717787563e+03
4.683643263589027811e+03
3.483851517806376251e+03
1.013975565954433841e+04
6.572007525047262789e+03
5.605428619110758518e+03
1.001428726681996523e+04
5.347834885795133232e+03
5.334023693156826994e+03
1.110453898040244349e+04
9.802623897545974614e+03
4.090086783350964197e+03
8.429574862985664367e+03
1.184290757641308119e+04
8.663270362271023259e+03
6.125269115779330605e+03
9.258028140353448180e+03
3.000716793502398104e+03
3.891960865445630134e+03
1.036730318864500623e+04
4.894673195039524217e+03
8.602709940806160375e+03
1.400521911117973286e+04
5.159714260572631247e+03
3.086765334810632794e+03
1.083443859476939724e+04
3.729345820354325497e+03
7.005438375944415384e+03
1.159614388772268467e+04
1.256495906948301308e+04
9.733575495135970414e+03
6.362539078105259250e+03
8.003505765952064394e+03
8.412354007299969453e+03
4.885983185817289268e+03
8.023869895223283493e+03
4.504342960351346846e+03
6.054000994691241431e+03
9.769915775249201033e+03
4.239786213712698554e+03
3.604760906110630458e+03
1.783393375860969172e+04
1.000458433337143651e+04
4.354494822623912114e+03
1.083921172977427341e+04
6.181838016541007164e+03
