3.173629602378610798e+04
5.274722507123864489e+03
3.393345953233710588e+03
1.280153140485382028e+04
6.093410669156774020e+03
1.526013886587508568e+04
1.000718003650500759e+04
2.751389080023975566e+03
1.156878986863409227e+04
9.517625166143585375e+03
6.735145521674457996e+03
1.996859708924909864e+04
5.279084954772595665e+03
6.046326931097199122e+03
1.970058332802415316e+04
5.199345048746285102e+03
1.733021284446439677e+04
4.892793275957350488e+03
4.901239644715690702e+03
9.936536055702517842e+03
5.803926562357928560e+03
2.381236777250126761e+04
1.262078326844203366e+04
3.430668973548659778e+03
6.631339642794912834e+03
4.962051484120306668e+03
9.038567379642066953e+03
1.357045313825456469e+04
4.134609826256716588e+03
1.385074005538258461e+04
1.810941828952255310e+04
5.890585319650544989e+03
2.365313512381323017e+04
5.225859103710150521e+03
3.257573566686954564e+03
1.192241127719533870e+04
5.165529098798040650e+03
1.640200996131250577e+04
7.401929435368037048e+03
4.892644043797375161e+03
1.138821507623081379e+04
5.353166364545157194e+03
7.226588116219132644e+03
1.739990042715927484e+04
6.078432904711843548e+03
8.424847155196448512e+03
1.493908899549097987e+04
3.947688171793071888e+03
1.709416915210959996e+04
5.777304559342803259e+03
3.455401073159252064e+03
1.127276166586837280e+04
9.495358100305789776e+03
1.872574523024450536e+04
1.191679255996408938e+04
4.179038714771971172e+03
9.909307829348490486e+03
5.279951732322941098e+03
4.315711342372841500e+03
1.358747616731511880e+04
2.676468726325686475e+03
1.385126550600095470e+04
2.275463516786084801e+04
7.254487169990691655e+03
1.699322775315021136e+04
6.264609757714488296e+03
4.600225957317117718e+03
1.294926366447506553e+04
4.613179365345896258e+03
1.669828225716812085e+04
9.371121010683453278e+03
4.640644307949363792e+03
1.275652730596524816e+04
3.120062263765706575e+03
5.336463578320829583e+03
2.073475264165316185e+04
2.836826505502582222e+03
8.814665702070764382e+03
1.455905917387247609e+04
4.824804769072037743e+03
1.686172522773531091e+04
5.680425892100131023e+03
5.932887332674721620e+03
6.171932037131365178e+03
5.829750305254563500e+03
2.016238456510633841e+04
1.502410789540297992e+04
3.870216164255688909e+03
9.403701119929193737e+03
3.697587776160497015e+03
5.516589705614676859e+03
1.703050396220136463e+04
6.860032294197128977e+03
9.458430462055166572e+03
2.102884742575787095e+04
5.917793944551696768e+03
2.127588949088205118e+04
9.822616860619909858e+03
3.387302274927556027e+03
1.164956481574954523e+04
3.491914351214167709e+03
1.630648831940749005e+04
1.304783510814669717e+04
3.753692130076561625e+03
1.304331989682744643e+04
4.534605374965969531e+03
5.567195159466400582e+03
2.533627392459235125e+04
3.629649842418441494e+03
7.234566529971411001e+03
1.568620828476272072e+04
5.298691992737652981e+03
1.496883982855522481e+04
4.508730551950950939e+03
9.537837735883569621e+03
6.289309455979247105e+03
5.452254308207118811e+03
2.368135202180119813e+04
8.500747777993052296e+03
3.644570267884450004e+03
8.149327252511588085e+03
4.422251651120299357e+03
6.245908990240837738e+03
1.740681747257338429e+04
3.610938832091098448e+03
1.098337882567484485e+04
2.415636183472684570e+04
5.375620212920288395e+03
7.845169830856288172e+03
1.047440249514834068e+04
2.509374898288285112e+04
5.386321715391430189e+03
8.578647393131321223e+03
6.321845978315017419e+03
5.090871199634238110e+03
1.694301061097475394e+04
7.019314238756994200e+03
2.269049658227192049e+04
1.118206318567152630e+04
4.238138360438892050e+03
2.172921903141697112e+04
4.088659151729974383e+03
3.446780921523063626e+03
8.858380401812239143e+03
4.020486724258462800e+03
6.573350794131849398e+03
1.656528526871717986e+04
6.032803297839085644e+03
8.855576578555486776e+03
1.006072123333608397e+04
7.195143276971914020e+03
1.786638792802045646e+04
5.006169019932145602e+03
1.534219820914969205e+04
8.039527012628102057e+03
3.282607973398795366e+03
2.392320482110496232e+04
4.883819151203520960e+03
3.050842054341054791e+03
1.360349318906940607e+04
3.973139489164196675e+03
8.443246924970680993e+03
2.742953408386838055e+04
4.423852193194918073e+03
7.103209829591199195e+03
1.060947842599630530e+04
3.650816586296404239e+03
1.293344866847399317e+04
7.377989167132196599e+03
1.755547909389149208e+04
1.337897408059285954e+04
3.315944136956933107e+03
1.753299329125727309e+04
4.200194562016306008e+03
3.736044860073142445e+03
8.055209912559183067e+03
4.270410604780107860e+03
1.170147363467879404e+04
1.356482304486919020e+04
3.896807554998763408e+03
1.058130712578154089e+04
5.030192189699450864e+03
8.314031615179545042e+03
2.021978964535885825e+04
4.492166901383514414e+03
1.624597089905257417e+04
7.677380975106350888e+03
4.697768055403730614e+03
1.958820100825955888e+04
8.759087245720558712e+03
3.196414846015006788e+03
1.316614593955776400e+04
3.690171522877974439e+03
1.087845229415798167e+04
2.054432626768301998e+04
5.886132333703066251e+03
9.379965606791443861e+03
3.376795311295680676e+03
3.983178099153110452e+03
1.649859937307665678e+04
5.530878314898836834e+03
1.538624365480003326e+04
1.631597199111012378e+04
3.772305311627143055e+03
1.209430963411291668e+04
9.264405895608255378e+03
3.530775276885775384e+03
8.103831661510543199e+03
3.688630177575525067e+03
8.402036640941301812e+03
1.627069137897262044e+04
4.479744971153859296e+03
1.291338592416751453e+04
3.394274040403549407e+03
8.398182005345504876e+03
2.147923332294799184e+04
4.722669245228506043e+03
1.926371343050925861e+04
9.688543746125094913e+03
2.986137197752059365e+03
1.863330766940221292e+04
5.178083076035372869e+03
5.861807061711684582e+03
1.204678540159816293e+04
3.327184431333540942e+03
1.186466004604488626e+04
2.027065123004708585e+04
8.574489883468664630e+03
1.058255271735625865e+04
3.501405491760356199e+03
3.836046357590636035e+03
1.908477783730705050e+04
8.580713609623497177e+03
2.178778025618970787e+04
1.206793026750290846e+04
3.769549137310334572e+03
1.527087600797862797e+04
8.248835614643754525e+03
4.419521303208438439e+03
1.165162207730517366e+04
4.767710396141419551e+03
7.614977483384298466e+03
1.684472322961067039e+04
3.768023664197133712e+03
1.040770811752320333e+04
3.333475038468947787e+03
6.859930577438724868e+03
2.566994703224640762e+04
3.691743224193163769e+03
1.342396883880548376e+04
1.111034759243732879e+04
4.667987590406705749e+03
2.149096367434577405e+04
7.465288166456119143e+03
4.001979318690443506e+03
8.919406127529380683e+03
