4.231945259188708587e+04
7.337664611572170543e+03
4.443627065318925816e+03
1.707330582498969306e+04
6.396669086138718740e+03
2.166069890136485992e+04
1.389207145055348701e+04
3.265832230606657049e+03
1.493049787435141116e+04
8.542092192115780563e+03
9.397897801264844020e+03
2.523034065921045112e+04
7.493656914781741762e+03
9.038497986961188872e+03
2.231535428948571280e+04
8.443862755286310858e+03
2.211565103392041419e+04
6.423541204709932572e+03
3.794144294248367260e+03
1.356934396174602261e+04
7.416432249817813499e+03
3.062981064529207652e+04
1.952489013668974439e+04
3.650196819256949311e+03
9.279722882548818234e+03
6.151944392593446537e+03
9.091217546793923248e+03
1.848465179728835938e+04
6.199008062889915891e+03
1.491960123892709089e+04
2.283112596855356242e+04
9.401213667483898462e+03
2.749066819758589554e+04
8.562693057707256230e+03
4.673833979920824277e+03
1.590402797754079802e+04
7.641310333134251778e+03
1.944887445133802976e+04
1.026155660699563668e+04
4.505643135762326892e+03
1.579781796119548198e+04
4.768419200605078004e+03
7.314539919407828165e+03
2.486115357659848087e+04
6.908004380309275803e+03
1.012764378210042742e+04
2.029461797319628749e+04
4.957735671770251429e+03
2.420614214452964006e+04
9.456022118624419818e+03
4.368173043240691186e+03
1.281164477730612271e+04
1.129940414935144508e+04
2.393053956708729675e+04
1.517342723455374471e+04
7.137973914258197510e+03
1.466993353216784817e+04
3.893168556916390116e+03
4.624914383778479532e+03
2.044730123119636482e+04
3.424700296854802218e+03
1.935788039765159192e+04
2.727446569180141159e+04
1.003837838845712213e+04
2.038908588833731483e+04
8.502839589685947431e+03
4.445865596214787729e+03
1.693074425130885720e+04
7.357271988556908582e+03
1.743633129376352008e+04
1.045316291230256502e+04
5.395779590729172924e+03
1.759858386621579848e+04
3.790607783245598057e+03
6.243746515424529207e+03
2.984340312928987260e+04
2.926075977509102358e+03
1.257718128235570839e+04
2.164915495227304564e+04
5.031254674219600020e+03
2.184259705823661352e+04
6.649075842594027563e+03
6.410583514818726144e+03
8.513627467552625603e+03
8.626584841713027345e+03
2.628025731689788518e+04
1.649650069527111918e+04
5.735501968254768144e+03
1.485289296038327848e+04
5.046426607636009066e+03
6.508756966403463593e+03
2.010752693912170798e+04
6.366348903804999281e+03
1.380095322736762137e+04
2.873555879129738969e+04
9.242845675042972289e+03
2.911186036587597846e+04
9.519635473076657945e+03
3.818741406081297555e+03
1.767892640190049133e+04
4.914307509342820595e+03
2.369095816898950579e+04
1.503072979923033745e+04
3.648239939044266066e+03
1.719247690325491931e+04
6.189134140045489403e+03
8.456364882215159014e+03
2.727496699267568692e+04
4.138837495824352118e+03
1.015593106548558535e+04
2.046777051667361593e+04
9.458644452560662103e+03
2.023314225888188594e+04
4.575459713802811166e+03
6.945903366678649036e+03
1.005696322695439994e+04
7.706082355829345033e+03
2.838700557554789339e+04
1.344203129929766692e+04
5.012415905111779466e+03
1.080449207800920158e+04
6.329496913753520857e+03
7.765481573691054109e+03
2.325472306387925710e+04
5.597610213501262479e+03
1.302476034603223161e+04
3.024990579867057022e+04
8.176727661418821299e+03
1.137892205597303655e+04
1.323876545085586440e+04
2.975277395491249990e+04
7.401323628731624012e+03
9.468118405992563567e+03
5.108528736333981215e+03
6.140199876294764181e+03
2.300134449663777559e+04
9.173719850252860851e+03
2.831346445117601252e+04
1.865853220212599263e+04
4.202367789326879574e+03
2.814384436229550556e+04
5.812497203156797696e+03
3.442678163943421168e+03
1.350575301128552928e+04
5.082231624398773420e+03
8.180246744071092508e+03
1.839127574542420916e+04
9.525351714146934683e+03
1.249473617226048736e+04
1.045283049907433087e+04
9.186285630696860608e+03
2.182335571117490690e+04
5.862364654360276290e+03
2.294871556572457484e+04
1.146008372809546563e+04
3.517292874376476448e+03
3.269473527896446103e+04
6.063988261657976182e+03
3.865402181935504814e+03
1.836012753209383663e+04
4.344336144024590794e+03
1.190818681671106788e+04
3.163515935609141525e+04
6.505104194367094351e+03
1.183260098405738790e+04
8.604130776626445368e+03
4.316074200529503287e+03
1.880509524452436744e+04
1.088253817552501096e+04
2.458555389366666714e+04
1.546858587623308631e+04
4.306553745951508972e+03
2.189073345815693756e+04
4.931385507095097637e+03
5.271615833343602390e+03
9.914356399524654989e+03
5.301056747996268314e+03
1.556605681235312477e+04
1.840519410748054361e+04
4.340595434130845206e+03
1.389624511708959108e+04
3.847695268082281018e+03
8.180847334943749956e+03
2.900170101219331627e+04
6.345917835888240006e+03
1.737536618630098747e+04
1.150678445134392859e+04
5.529052692283556098e+03
2.492644716209516264e+04
1.438199641523376886e+04
4.807979473538311140e+03
1.708485857625418066e+04
3.678974392779022764e+03
1.690515971996373264e+04
2.651424796030615107e+04
7.071590064190289013e+03
1.416223233815472122e+04
3.016971848170157500e+03
6.292624456885744621e+03
2.265665760823084565e+04
8.856172752696293173e+03
2.151084587418396040e+04
1.805543988716432796e+04
5.622761987934849458e+03
1.565119870943450405e+04
9.513466498758409216e+03
3.715103610597970146e+03
1.028670174588574446e+04
3.171393054171763197e+03
1.033115066002334970e+04
2.427263348866231172e+04
5.522349638015803066e+03
1.749954063834242697e+04
4.409667223870346788e+03
8.744366723659783020e+03
2.831408032347879634e+04
7.981326348425795913e+03
2.157593347284800620e+04
1.032837771936646095e+04
3.316305084211981466e+03
2.251824448704738825e+04
7.202647039294319256e+03
6.498504125498729991e+03
1.750463072777024354e+04
5.517917616538303264e+03
1.335253166458186934e+04
2.705590153485131668e+04
1.178248873940358681e+04
1.258185428061260791e+04
4.930790051632273389e+03
4.961357808241942621e+03
2.347532791550705224e+04
1.222639459810633707e+04
2.824986298903182978e+04
1.497079189476577267e+04
3.402725134979755239e+03
1.958664890811831719e+04
7.257923290387297129e+03
3.672533024294441930e+03
1.801369504022493129e+04
5.693567628198490638e+03
1.095680792771420965e+04
2.111969653649945758e+04
6.511273590482216605e+03
1.416101355129660988e+04
4.220716378508713206e+03
1.098008695605226785e+04
3.078033280589795322e+04
4.802042207835265799e+03
1.945120563920320637e+04
1.381253032352437003e+04
5.898696458056390838e+03
2.942207644521378097e+04
7.761155669282610688e+03
3.368091605187486039e+03
1.294611342847066953e+04
