6.224916137024901218e+03
2.500000000000000455e+03
6.238375283509902147e+03
6.593937721010733185e+03
6.095753803111429079e+03
5.401123120277537964e+03
5.908891722261091672e+03
5.507214652891413607e+03
7.009999638762329596e+03
6.734892151896247924e+03
7.189166125049187940e+03
6.009957617595680858e+03
6.856328016686202318e+03
7.111812191471697588e+03
6.729688816143374424e+03
6.780830317560707954e+03
6.428608918249896305e+03
7.439628976989664807e+03
6.811306891164667832e+03
6.671214689436279514e+03
6.381165107807966706e+03
6.848040253363763441e+03
7.538859350618810822e+03
6.600761467489443930e+03
6.363702367003358631e+03
4.512347868212951653e+03
6.438957827048194304e+03
6.381122227036632466e+03
5.479316014354932122e+03
6.438583006580078290e+03
6.798152691246727045e+03
5.445475976737037854e+03
6.830439780923106809e+03
7.219359648067198577e+03
6.965483235751104075e+03
5.736202132477494160e+03
6.206884925536918672e+03
6.175746681403065850e+03
6.533916072836854255e+03
6.108362346150014673e+03
4.856162752053509394e+03
6.214831197806048294e+03
5.945281716386107291e+03
7.840350358528907236e+03
6.496153535347306388e+03
5.306011800931981270e+03
5.906165724509450229e+03
5.603020988098330236e+03
6.982821524271437738e+03
7.705166849487297441e+03
5.474977073975124767e+03
7.220533535258315169e+03
6.105019583191571655e+03
7.151083443390744833e+03
6.794903704267197099e+03
7.938295958342500853e+03
6.023264133089697680e+03
7.349358493820017429e+03
6.310791352751572049e+03
6.634969427969964272e+03
6.180485616512138222e+03
7.364115668525327237e+03
6.860406188691466923e+03
6.370558341403988379e+03
5.862805969314620597e+03
6.433244290921579704e+03
6.773442673076215215e+03
6.761905824552426566e+03
6.072536266403045374e+03
6.884764699384066262e+03
5.551358699042049921e+03
6.169605682941413761e+03
6.341669066889660826e+03
7.564089290432570124e+03
5.968273373609610644e+03
6.460005559966233704e+03
5.877263700107347177e+03
6.329045849893891500e+03
6.624486064009726761e+03
5.892834911130423279e+03
5.607886128312038636e+03
6.454064251311405314e+03
6.058778114631797507e+03
7.052313281576007284e+03
5.474320681464037989e+03
6.144706426409728010e+03
6.431156831400923693e+03
7.174349868598954345e+03
6.143258447152435110e+03
6.582384904708039358e+03
5.475155872165492838e+03
6.211313702876735988e+03
6.666043789736871076e+03
5.119813893372343955e+03
6.660011351238101270e+03
6.617276667819342947e+03
6.514573984359907627e+03
6.522910244434654487e+03
5.250897060224904635e+03
6.386054573505632106e+03
6.370288293092875392e+03
7.828673380127546807e+03
5.777937957874462882e+03
5.853820761579499958e+03
4.785367476349032586e+03
5.130492544307739081e+03
6.117768064159661662e+03
5.510407833100814969e+03
5.647576558493416087e+03
7.484650339926920424e+03
6.333569729838154672e+03
7.468160874028997569e+03
5.273052535741358952e+03
4.930632539994943727e+03
5.114979610344343200e+03
6.096770559548466736e+03
5.934017536539727189e+03
5.216679594962952251e+03
5.907017705193271468e+03
7.974127287299408636e+03
7.294098364113548996e+03
5.761637634691353014e+03
5.845598970548639045e+03
6.088450958914338116e+03
5.983938308036707895e+03
5.657230061598536849e+03
7.030352758008441924e+03
6.344135643381431692e+03
7.568997381009844503e+03
6.775979400806336344e+03
5.565462737258566449e+03
5.052142563866236742e+03
6.876000106386602965e+03
6.761261939082634854e+03
5.960730343132243434e+03
6.573325304294389753e+03
6.863721318530493591e+03
5.780135700241766244e+03
5.934866080636209517e+03
5.695926339335681405e+03
5.185988803246646057e+03
7.155665430323154396e+03
5.587993053560590852e+03
6.106457021755688402e+03
6.086332163533255880e+03
6.598466408629330544e+03
5.863461581533025310e+03
5.855993410738119564e+03
6.697383639272740766e+03
6.705054431463381661e+03
6.376563344594695991e+03
6.567301119814133017e+03
5.756599333238063991e+03
6.462416416055390982e+03
6.947444924964888742e+03
6.982333910347167148e+03
6.895130250124539998e+03
5.957455750148486004e+03
7.237647183321772900e+03
6.706904055863088615e+03
5.927509045685910678e+03
5.924608448052820677e+03
5.750348298133289973e+03
5.414432811204462269e+03
5.526497666431328980e+03
7.844484853663173453e+03
6.054227153332543821e+03
6.124947491351292229e+03
6.533275747908118319e+03
5.598577377658723890e+03
5.791584612534076768e+03
6.196350687313737581e+03
6.000470978243944955e+03
6.729270412465275513e+03
5.109049913578892301e+03
5.913398302668049837e+03
5.433752692289755942e+03
6.264405093423056314e+03
5.864243461847879189e+03
6.565183463301073061e+03
6.265937685209621122e+03
6.619584149362865901e+03
6.262640113545488930e+03
6.541337678468270497e+03
6.336427232066598663e+03
6.342089545871202063e+03
6.240488567466692075e+03
6.202267498415728369e+03
6.316208456905695130e+03
5.911736921696918216e+03
6.337444431361473107e+03
6.289230197945112195e+03
5.959524100815941893e+03
6.385979004959930535e+03
5.948873746077977557e+03
6.012934856809338271e+03
6.328825693948789194e+03
5.647553133616627747e+03
7.421419048887811186e+03
6.363570973979971313e+03
5.834904422810128381e+03
5.056892112912069933e+03
6.199909043384879624e+03
6.337769957077912295e+03
6.796139883816100337e+03
7.214500941793485254e+03
5.809544722833554260e+03
7.023752616234221023e+03
6.993838519102175269e+03
5.428758445808272882e+03
6.060340909904598448e+03
5.800812862392524039e+03
6.769924759618882490e+03
5.866695623800109388e+03
5.774053956392688633e+03
5.906195316672035915e+03
6.601459153035241798e+03
7.085151509767117204e+03
6.750106682019148138e+03
6.641384297373122536e+03
5.963692931401468741e+03
6.212009752756810485e+03
6.258543614044665446e+03
5.278930956228852665e+03
6.532552524573570736e+03
5.959541836172407784e+03
6.553696990316345364e+03
6.705575752208460472e+03
7.409834841675125972e+03
6.366020586266007740e+03
6.063866784442602693e+03
6.026546006776134163e+03
6.001909655764160561e+03
6.555058109274159506e+03
6.488675399779095642e+03
6.931575647523553016e+03
6.279711734109003373e+03
7.833468283614445681e+03
6.649021179081467380e+03
7.271100374733185163e+03
6.785662601704092594e+03
6.829866379349778072e+03
6.263229885207656480e+03
6.744067469521078237e+03
4.416164395647797392e+03
7.015181850965802369e+03
5.721978393263943872e+03
6.169112604228523196e+03
6.168793385120323364e+03
6.582478922094035624e+03
7.118906761016547534e+03
5.562067820337711964e+03
5.473899810044402329e+03
5.594658424429584556e+03
5.432576770731608121e+03
7.601092771295609055e+03
