6.775656843093372117e+03
2.500000000000000455e+03
6.121828582139999526e+03
6.299257040223137665e+03
5.424775952459449400e+03
6.610677199575818122e+03
6.180045413665546221e+03
6.579207843691589005e+03
6.244886552153296179e+03
6.362658248337917939e+03
6.012448190294592678e+03
6.508902259883185252e+03
6.133701107568474981e+03
5.670487722921731802e+03
5.571879980932548278e+03
6.820041145696209242e+03
6.861868304463389904e+03
5.168656128043878198e+03
6.698920392889940558e+03
6.963877161396328120e+03
6.274636228645047595e+03
6.085672677135360573e+03
6.485363702851254857e+03
6.822741550251805165e+03
5.792728934679902522e+03
6.251214790792017993e+03
7.346175135493606831e+03
6.017747679914722539e+03
5.859801542920211432e+03
6.360252071425051327e+03
6.922432202161820896e+03
6.397426647671700266e+03
4.787839225437435744e+03
4.481767846696206107e+03
6.355864958668807049e+03
7.144570346972131119e+03
6.084417666970759456e+03
6.193585548830766129e+03
5.871136042351812648e+03
6.704188404711346266e+03
6.770586459749485584e+03
5.691758986399261630e+03
6.570904805954380208e+03
7.187055561818815477e+03
5.658422810773181482e+03
6.755265603915139764e+03
6.926201607200443505e+03
6.324774029644517213e+03
6.641368245581997144e+03
6.494262919039336339e+03
7.042718529977648359e+03
6.953668727798130021e+03
6.328479575837955053e+03
6.105214433282248137e+03
5.991168817469117130e+03
6.508476697475618494e+03
6.355500116443871775e+03
6.143230159106080464e+03
6.441316343653919830e+03
6.927772056807275476e+03
7.583285247066046395e+03
6.328010937969707811e+03
6.733772394152406378e+03
6.302786062607352505e+03
6.670513678544255527e+03
6.690282509664348254e+03
6.216245981753409978e+03
5.941236306192295160e+03
5.378101048191432710e+03
6.872029345706944696e+03
6.524378354571801538e+03
5.293833844870164285e+03
7.088624191199453890e+03
6.623228832450676236e+03
6.110799969041509939e+03
6.648456044322237176e+03
6.501527123159370603e+03
5.716419594557351957e+03
6.308748954155875253e+03
7.611902736525319597e+03
6.363245111438514868e+03
5.427747770740872511e+03
6.680326953744871389e+03
6.738022184041673427e+03
6.446040024926425758e+03
6.385707235620087886e+03
5.496050020878782561e+03
5.735691012911232974e+03
5.611968081333054215e+03
6.309618386890209877e+03
6.556116440430228977e+03
5.675266847896956278e+03
7.433083786531258738e+03
5.364350407347765213e+03
6.147080108389372072e+03
6.891674279250295513e+03
6.718522766084285649e+03
7.105032408372082500e+03
6.606236697885595277e+03
6.729484097891078818e+03
5.530458156065575167e+03
6.904754936593131788e+03
6.115429977440214316e+03
6.026143760959303108e+03
5.753667542735471216e+03
5.964742005316596078e+03
6.571647389670476514e+03
6.784028163576771476e+03
6.235528163108335320e+03
6.514669153067776278e+03
6.848151213036491754e+03
6.595615835178070483e+03
7.859665121661452758e+03
6.813867862763863741e+03
5.423191942332459803e+03
5.729091905212569145e+03
5.329233193728288825e+03
6.766793857297065188e+03
6.347360719602951576e+03
5.806746135483412218e+03
7.067794151079564472e+03
5.423423397972046587e+03
7.191942531255039285e+03
6.756198666613612659e+03
6.053694814500284338e+03
6.396284211840176795e+03
5.485370470065450718e+03
6.300809912360589806e+03
5.542020496505712799e+03
5.681129992791509721e+03
6.218430301569858784e+03
6.552656441448516489e+03
4.848164346958151327e+03
5.875731221219952204e+03
6.308182872158886312e+03
5.525128911541278285e+03
5.432596825732092839e+03
6.745416221752921956e+03
6.006218858875019578e+03
6.862302297918344266e+03
6.043415475319050529e+03
7.136953600979170005e+03
7.569277732372593164e+03
5.660089550020475144e+03
5.832294542162173457e+03
5.783205337385408711e+03
5.964778528276660836e+03
6.469707784737172005e+03
6.574579335870408613e+03
6.142574585849961295e+03
6.561732451898006730e+03
6.830865042458764947e+03
6.379631132443983006e+03
6.748003907042013452e+03
6.559074475462462033e+03
6.852531703607418422e+03
6.852146229168814898e+03
6.395192994556416124e+03
5.790937411500583039e+03
7.507607035303903103e+03
6.726493331253267570e+03
5.644547886541793559e+03
7.355102961940374371e+03
5.744584949450007116e+03
5.390338733419571327e+03
6.690939173359171036e+03
5.896451446908869912e+03
5.653295123732492357e+03
7.270730723070015301e+03
6.098016211083066992e+03
6.046255499476133991e+03
6.114683174508572847e+03
5.538319550777649056e+03
6.778984333560521009e+03
6.984973018096024134e+03
6.076349744588185786e+03
7.439472844534785509e+03
7.063740851499268501e+03
6.781969449651028299e+03
5.965008389776860895e+03
7.226759526724245006e+03
6.370176373511580096e+03
6.311352327105285440e+03
5.408296602193821855e+03
6.676192565685202680e+03
6.946184888206633332e+03
6.365675881214240690e+03
6.686221515847486444e+03
5.682866205502790763e+03
6.665477099647283467e+03
7.453008546718941943e+03
7.318017339664865176e+03
6.730055470257938396e+03
6.574760437445900607e+03
5.755797413912665434e+03
7.158282577821166342e+03
6.312374944712808428e+03
6.310506901271979586e+03
6.243109842369811304e+03
5.509193198107222088e+03
5.859127523139306504e+03
5.117305730964117174e+03
6.508461806718234584e+03
6.342522030381528566e+03
6.286205247385580151e+03
7.062468538518319292e+03
5.793347247568414787e+03
5.444191058049401363e+03
7.331961833279457096e+03
5.327278521157286377e+03
6.536760158388009586e+03
6.648272900192812813e+03
6.623823735953615142e+03
5.634305593116074306e+03
6.289301092725914714e+03
6.105853504021830304e+03
6.521552077203196859e+03
6.461205460309396585e+03
6.180108073396462714e+03
6.780394102946887870e+03
5.761172371645802741e+03
6.562391051574501034e+03
6.711028101020579925e+03
6.204658510306310745e+03
5.915522280953711743e+03
6.308234775749677283e+03
6.605846355068806588e+03
6.302419660756150734e+03
6.440639361932606334e+03
5.557806493266030884e+03
5.873390196098485831e+03
6.150628311814100925e+03
5.487592766856650087e+03
5.565765209480843623e+03
5.512377193267197072e+03
6.089744186281166549e+03
6.580833007552002528e+03
6.155388092818305267e+03
6.387366789855410389e+03
7.244390899041303783e+03
6.205937581345036961e+03
5.924803734482185973e+03
6.324930875257615298e+03
6.918977099685455869e+03
6.324213550147733258e+03
6.382937697280680368e+03
6.001086430901949825e+03
6.527851213275054761e+03
6.231223563174700757e+03
7.038545313720986087e+03
6.283234508865093630e+03
6.001633423447457972e+03
6.527071595421029997e+03
6.339891244747595920e+03
7.974275674659567812e+03
6.553286446305211030e+03
