8.140205416211253578e+03
2.500000000000000455e+03
6.481069707941818706e+03
6.454271334736864446e+03
6.614807770428897129e+03
7.071845944019039962e+03
5.837940088496974568e+03
6.339418340309421183e+03
5.963768956378236908e+03
6.228883837814478284e+03
6.490893903725082055e+03
5.431832223667830476e+03
7.281456340241571525e+03
6.221656459799976801e+03
6.378822898676054137e+03
5.756906451254585591e+03
4.758525923281796167e+03
6.884519237045322370e+03
5.357874719185181675e+03
5.174861392923798121e+03
6.240071590995288716e+03
7.086521538934762248e+03
6.342299179880754309e+03
6.321299724858800801e+03
6.587749723062435805e+03
6.018199655779148088e+03
4.950215403064230486e+03
7.285339701105091081e+03
7.072081450900423988e+03
5.676967623319742415e+03
6.213566514412345896e+03
6.083577467359318689e+03
7.030945249286564831e+03
6.645022068942228543e+03
6.640468120842892858e+03
6.203918446900990602e+03
5.170671216939176702e+03
6.551741293054894413e+03
6.432873493588151177e+03
6.713369766130973403e+03
5.971777741021783186e+03
5.928072500211615079e+03
6.148416759786165130e+03
6.977278011601195431e+03
6.721723644998225609e+03
6.105824306858308773e+03
6.954560392387540560e+03
5.903605155722269956e+03
7.921794939148181584e+03
5.019895433142080037e+03
6.709296869867554051e+03
5.548160476592006489e+03
7.155766658071262100e+03
6.426463907026495690e+03
6.085274797430135550e+03
6.659700635728948328e+03
6.306966230642035953e+03
6.465041018538779099e+03
6.470426991544882185e+03
6.753266590486720816e+03
7.621377013724684730e+03
6.640670411727956889e+03
6.398948940712132753e+03
6.257535288626426336e+03
7.207562759838593593e+03
5.276688628791232986e+03
6.427334127571734825e+03
7.243850072469668703e+03
5.710818325278243719e+03
7.082184407549660136e+03
6.779700937231763419e+03
6.770037472067832823e+03
4.965835121335296208e+03
5.526978428712776804e+03
6.362335130888557615e+03
6.852056340224131418e+03
5.200478147032044944e+03
7.207452830302810071e+03
5.667586525901925597e+03
6.562613312677085560e+03
5.880926191794786064e+03
6.437137119010398237e+03
5.977336732155537902e+03
5.477625709259482392e+03
5.177585080955675949e+03
7.130410972976229459e+03
6.488098612327632509e+03
5.862212668738269713e+03
6.080371638496339983e+03
5.997203047598115518e+03
6.699777198957463042e+03
5.550874146462052522e+03
6.428134734817240314e+03
4.734503485211151201e+03
6.990139881639819578e+03
6.443031090019787371e+03
7.178503990380094365e+03
6.077149272238757476e+03
5.844035166321826182e+03
6.151436360125234387e+03
6.445204574265454539e+03
6.041967479197661305e+03
5.670092516099568456e+03
6.631950264219591190e+03
6.687979591886114576e+03
6.180757781381264067e+03
7.489064337341128521e+03
5.881721057631467374e+03
6.635794693257582367e+03
6.722559196184164648e+03
6.036123463432551944e+03
5.935849057167479259e+03
6.053095949938669946e+03
6.129654351371580560e+03
7.630904881706052038e+03
6.025230260017287037e+03
5.630708814171633094e+03
5.936026015526842457e+03
6.620716844556201977e+03
4.721763158291301806e+03
6.273273669645166592e+03
5.943519190802202502e+03
5.469369542986583838e+03
5.270239110114744108e+03
6.435309817643993483e+03
5.972441360063745378e+03
7.304603182952717361e+03
6.173188817393485806e+03
6.480670604336757606e+03
6.281509756460653080e+03
7.379304354938885808e+03
7.155363413494425913e+03
5.707017584673398233e+03
5.652827060064125362e+03
5.374983521262225622e+03
5.848789994621085498e+03
5.508954999176125966e+03
6.597401634629763976e+03
6.718239661596550832e+03
6.896911483006197159e+03
6.081211307523737560e+03
5.793225201335873862e+03
5.863363467507972018e+03
6.043581447043053231e+03
5.897030731705629478e+03
7.060941937958920789e+03
6.368111677301119926e+03
5.995310102499344794e+03
5.700290747157177975e+03
6.584779403243425804e+03
6.523994031033066676e+03
6.016584722750229957e+03
6.775930857358989670e+03
6.240542750356686156e+03
7.076722777856974062e+03
6.260385934048797935e+03
6.006016960430121799e+03
5.330491962486540615e+03
6.128581515890155060e+03
6.108878775906945521e+03
6.120839155237282284e+03
6.675678203757589472e+03
5.582035118916119245e+03
6.018746403648277919e+03
6.090147773434495321e+03
6.017342861990249730e+03
6.960812197151029068e+03
6.361863341132069763e+03
6.296561255344386154e+03
7.303904647147720425e+03
5.904356941112972891e+03
6.924565107782330415e+03
6.914218800929647841e+03
4.848525252888235627e+03
6.132763349040011235e+03
5.959473858479866976e+03
6.209384601782695427e+03
6.493838719218128972e+03
6.801451145688521137e+03
6.409529709758302488e+03
7.138157565330719081e+03
5.657307762806005485e+03
5.954568582685591537e+03
6.337635685923173696e+03
7.039588900172362628e+03
6.699431715364398769e+03
6.206230787403643262e+03
7.177103242613288785e+03
5.872646189133846747e+03
6.795601891098312990e+03
6.585394613106536781e+03
6.428001908183009618e+03
5.627649065905279713e+03
5.178996641082066162e+03
6.725458689256010075e+03
7.184069041218053826e+03
6.802509753878351148e+03
6.804948497575319379e+03
7.426030083880619713e+03
6.821733200026552367e+03
5.615538678247297867e+03
6.400993605085017407e+03
5.742603591131533904e+03
7.407565894212739295e+03
6.370877184151497204e+03
5.488075424199642839e+03
7.193883762652822043e+03
5.635939646309406271e+03
6.226824282468967795e+03
5.538430920465835698e+03
6.129395629461680073e+03
6.184829750521652386e+03
6.063284213383103634e+03
7.241703678384103114e+03
6.902190176729958694e+03
6.103560999389757853e+03
6.404949350122054966e+03
7.089214771327765447e+03
5.851790897040357777e+03
5.005101678790919323e+03
6.751132155445313401e+03
7.345791226669030038e+03
6.952118475453654355e+03
6.637623282835310420e+03
6.531291935936047594e+03
5.915928042390823975e+03
6.939254507036773248e+03
6.583282015290931668e+03
6.834831004584812035e+03
6.702741775034515740e+03
6.169086546491975241e+03
6.614331158371048332e+03
7.151618673291127379e+03
7.093405650602788228e+03
6.305999161386033848e+03
6.276811810967084057e+03
5.945045660306874197e+03
6.923587150030868543e+03
5.866761163618725732e+03
5.727659958876725796e+03
7.108544662897898888e+03
5.886440791511879070e+03
7.110176788739937365e+03
5.960077839783150921e+03
6.948242413542056966e+03
6.610224459757998375e+03
6.862815045219511376e+03
6.565219694366649492e+03
5.853221753900790645e+03
6.274181243516166433e+03
6.663260134951347936e+03
5.429566242462105038e+03
6.936220415854728344e+03
6.679439166842606028e+03
6.240671528414368368e+03
6.519816469371299718e+03
