6.149069221958568960e+03
2.500000000000000455e+03
6.115609246285196605e+03
5.392011487294204926e+03
6.095307142160052535e+03
6.257324809436166106e+03
6.728699058203224013e+03
7.350188925110624950e+03
5.804681642559484317e+03
5.199586365412676969e+03
6.968649371479253205e+03
6.197557973715849585e+03
8.439348493369387143e+03
6.632224958054919625e+03
7.373637101070581593e+03
6.546439674132607252e+03
5.216879529929805358e+03
6.717637523240761766e+03
5.443406322510882092e+03
6.927575764732631797e+03
6.773004431719376043e+03
6.717947661846126721e+03
5.204569237195579262e+03
5.909676069369414108e+03
5.682462621022452367e+03
5.876168455579624606e+03
7.129107879539036730e+03
5.545959228443060965e+03
6.720777469250812828e+03
6.320667541079009425e+03
5.858646165463216676e+03
5.940683716031059703e+03
6.937067570535911727e+03
6.394872174054757124e+03
6.521826571873472858e+03
6.747911846705785138e+03
5.818352810926470738e+03
7.366576661476553454e+03
5.283933092082464100e+03
5.685165079787200739e+03
6.552738834021135517e+03
6.262074185547873640e+03
6.920469095582810041e+03
6.534725165868519980e+03
5.591042409411389599e+03
6.576035042743435952e+03
4.431757040331242933e+03
7.185391270284155325e+03
6.532410804830993584e+03
5.712633400854063439e+03
6.330404851464334570e+03
6.521352143161935601e+03
5.375869892534923565e+03
5.556056145650418330e+03
5.958777626871673419e+03
5.432429321858589901e+03
5.764121936119310703e+03
7.332807654757768432e+03
6.905506470810119936e+03
6.674618574877568790e+03
6.430948255963788142e+03
4.487335846731739366e+03
6.588629790480757947e+03
5.995096049847143149e+03
6.493600184704605454e+03
5.562267008846221870e+03
6.499876765343925399e+03
7.129487690570521409e+03
6.650303239389009832e+03
7.574410844670750521e+03
7.404209446800608930e+03
5.679296288429358356e+03
6.267803375765652163e+03
7.444322268132620593e+03
7.366378301008942799e+03
7.045210697830260870e+03
6.844220999121089335e+03
5.809878363472906130e+03
5.627942154797592593e+03
4.952230386857560006e+03
5.854203672806196664e+03
7.305168595829379228e+03
5.335757409783556795e+03
5.958969590532297843e+03
6.158555087239663408e+03
6.873026634422123607e+03
6.627474176030353192e+03
6.856343713766329529e+03
6.960608389402411376e+03
6.333839883453942093e+03
5.947219062818309794e+03
7.076924340697797561e+03
6.642295745205680760e+03
5.641491018115832048e+03
6.640339273409708767e+03
6.238919422385538383e+03
6.221314249206716340e+03
5.779519063750974965e+03
5.795952113983918935e+03
6.754077091947462577e+03
5.566721241183568964e+03
6.575369333803376321e+03
5.578508916666623918e+03
5.842807311905096867e+03
6.723857586245576385e+03
5.514892002174570734e+03
6.570832309942755273e+03
6.656442330624234273e+03
6.497580612557821041e+03
6.345452703265553282e+03
7.103752180462291108e+03
6.221272588645262658e+03
6.380240127741386459e+03
6.266336485070762137e+03
7.242198270273363050e+03
7.038101010151188348e+03
5.960929289180924570e+03
7.171089262661790599e+03
6.936647491995357086e+03
6.167482193723565615e+03
7.107496623244150214e+03
6.974427180123425387e+03
6.205237422659281037e+03
6.736757988665927769e+03
6.160979197264860886e+03
6.299239977091232504e+03
5.967818650821458505e+03
7.536615078528114282e+03
8.285451905566453206e+03
5.400661560898843163e+03
6.508136030154622858e+03
5.403189299831346943e+03
6.645687591309567324e+03
6.161173375653567746e+03
5.622563446832917180e+03
6.660378862658199068e+03
6.418079835146992991e+03
6.531010666784020941e+03
7.521711140134763809e+03
4.461705555861679386e+03
6.302230567337168395e+03
6.591186185991276943e+03
6.795925107871552427e+03
6.158770139059575740e+03
5.401240922530513672e+03
4.876763308586955645e+03
6.414049054396229621e+03
5.621588505827096014e+03
6.706065444466040390e+03
6.626100715667462282e+03
6.342550370082956761e+03
5.998111251883512523e+03
6.790524654680395543e+03
6.485500158156088219e+03
5.328437638379242344e+03
6.337155141262890538e+03
6.602919891461505358e+03
6.160413963855111433e+03
6.937476129292027508e+03
6.676469146432719754e+03
6.774377086803788188e+03
5.413795933813295051e+03
6.388887658333018408e+03
5.840265763616460390e+03
5.936541659805092422e+03
6.040590549681109223e+03
5.753562670933488334e+03
7.026782895989493227e+03
6.900104542926565045e+03
6.384896752994894086e+03
6.680901325009655011e+03
5.696018354580750383e+03
6.553761115130227154e+03
6.902860971063535544e+03
6.347321626976313382e+03
5.626778672030773123e+03
5.475181830220777556e+03
6.118284558039622425e+03
6.859496739735915980e+03
6.508219638100995326e+03
7.101727633663180313e+03
6.474924519847703777e+03
5.610081529814498936e+03
6.864101184217298396e+03
6.469048014129126386e+03
5.236905724064028618e+03
7.343310085416946094e+03
6.240848907617448276e+03
6.624299104755375993e+03
5.652283124679361208e+03
6.283293222154626164e+03
6.385074780028296118e+03
6.453410473313486364e+03
7.154020366272752653e+03
6.079994828450808200e+03
5.204186823892539906e+03
7.640897024544458873e+03
5.950606726684497517e+03
5.531049138102370307e+03
6.436659230809840665e+03
6.235551879645667213e+03
7.147319379076307087e+03
6.304723968410566158e+03
5.975331284771606079e+03
6.880045464614363482e+03
6.625678338806075772e+03
7.210311994755318665e+03
6.062105753061920950e+03
6.232650754777225302e+03
5.936177074660841754e+03
6.912978605381588750e+03
5.761907635875149936e+03
5.738275954930913940e+03
6.363759927049104590e+03
5.385496397869954308e+03
5.900614058177152401e+03
5.855113512103636822e+03
7.621335347760113109e+03
6.144272492743939438e+03
6.854200453291032318e+03
5.289978634781527944e+03
5.856475502660363418e+03
6.065159221271209390e+03
7.157499609854724440e+03
5.715113434786876496e+03
6.647525660102323855e+03
7.013378154650627948e+03
6.302343648909843068e+03
6.397322937728900797e+03
5.217341553918795398e+03
5.943425763001449013e+03
6.688443241057690102e+03
6.702638708242701796e+03
5.808234909619945029e+03
5.372337154518971147e+03
6.512785810335901260e+03
7.321188606693111069e+03
5.995669493986764792e+03
5.528215452865600128e+03
6.145583881764531725e+03
5.127440867635896211e+03
6.582357319414033554e+03
6.569196049271125958e+03
6.231471975343280064e+03
7.273683603306039913e+03
6.465383100724951873e+03
6.331590566711792235e+03
7.658189172798002801e+03
6.438865920654096954e+03
6.156390629272741535e+03
6.979322567982941109e+03
5.657848748098655051e+03
7.178539375457439746e+03
6.821128837230256067e+03
6.904122938100195825e+03
6.456546277362436740e+03
