6.358237334591105537e+03
2.500000000000000455e+03
6.437396854848810108e+03
5.480767342624583762e+03
5.971665138109665349e+03
6.275770887773019240e+03
6.498984249054644351e+03
6.476133047148021433e+03
5.501134848305156993e+03
6.738151700819479629e+03
5.823420116859716472e+03
6.110643660747553440e+03
6.235109806252891758e+03
5.230902228746161200e+03
5.852364616742552244e+03
7.027472214580175205e+03
6.297763398854251136e+03
5.511494133289852471e+03
5.847283923424227396e+03
6.676215057933943172e+03
6.747760292005026713e+03
6.570513200247500208e+03
6.321642363063465382e+03
6.212678347411152572e+03
7.014621260465442901e+03
6.257479266648605517e+03
6.767143385691249023e+03
6.229738425422410728e+03
5.659556294755344425e+03
5.974336341246445954e+03
5.870238533241611549e+03
6.164847474700874955e+03
6.462092918130902945e+03
5.997262380842102175e+03
6.842026407506346004e+03
6.227087452026828032e+03
6.353481485575652187e+03
6.511735373344338768e+03
6.245988542443534243e+03
6.811190930925474277e+03
5.334028188162136757e+03
7.093778025645787238e+03
7.434917589792689796e+03
6.755597365098631599e+03
7.167927495751880997e+03
5.968783879974822412e+03
7.315736770803740910e+03
6.562251788644999579e+03
6.766744660978676620e+03
6.276934137883310541e+03
5.607830400338260006e+03
6.300559666785935406e+03
6.734857582644300237e+03
7.843475450683860799e+03
7.260892447919060942e+03
5.364769486802651954e+03
5.624773735474471323e+03
5.485665665985278793e+03
6.177158683924752040e+03
6.793947756667026624e+03
6.913079865094817251e+03
6.079601697012063596e+03
5.304036709857005917e+03
6.609267706530462419e+03
5.121239589529962359e+03
6.506026814121824827e+03
6.061747813861718896e+03
6.847011571385907700e+03
6.205385456582410370e+03
6.046647999608134342e+03
5.430386906861076568e+03
6.508268997600478542e+03
6.126991792212777000e+03
6.565644115872696602e+03
6.770473372485304935e+03
5.370271798069163196e+03
6.423490563392277181e+03
5.778398934906919749e+03
6.556982979709043320e+03
6.639450921434648080e+03
6.352549794650503827e+03
5.912878846871757560e+03
6.657382426746668898e+03
5.990441058799615348e+03
5.776137377157279843e+03
6.735412815131945536e+03
8.199759438382057851e+03
6.328054854050325957e+03
7.480388358638684622e+03
5.775255839675528478e+03
7.087399175905007723e+03
4.314930794042373236e+03
6.404493631156782612e+03
5.393103665655526129e+03
6.940048400402913103e+03
6.278008459278677947e+03
7.285255331982710231e+03
5.741686760017601046e+03
6.424074755576742973e+03
4.907334820910891722e+03
5.308695107762227053e+03
6.965940188493026653e+03
5.977079558500062376e+03
6.535841437888211658e+03
5.974297993614114603e+03
6.576055154150079943e+03
5.024516941744419455e+03
6.562005071862943623e+03
7.412976293980904302e+03
6.553428828475925002e+03
7.505213932173885041e+03
6.499338254573802260e+03
6.538451892509436220e+03
5.818547857620460491e+03
5.809661903593323586e+03
6.057466745625242766e+03
6.469270398433761329e+03
6.435718205691613548e+03
6.698361745928403252e+03
5.405812811837954541e+03
6.907004067336143635e+03
7.117566435108667974e+03
6.863844949598334097e+03
7.253932005907083294e+03
6.287439808249457201e+03
6.082391544067707400e+03
6.371075838045935598e+03
7.264183073736234292e+03
6.741179027353413403e+03
6.430488892758434304e+03
6.381937262077972264e+03
6.281770057530939084e+03
7.655385010169623456e+03
5.888988275722134858e+03
7.023791459986045083e+03
6.114833086547134371e+03
5.818161911023823450e+03
6.385951420908396358e+03
6.539888228527069259e+03
7.246372946135900747e+03
6.061575684136230848e+03
4.615122875839228072e+03
5.696072048042431561e+03
7.456134209744000145e+03
6.371611186559679481e+03
6.369168022710195146e+03
5.144370305900087260e+03
5.946225348537130230e+03
6.683400841209068858e+03
6.938245082903088587e+03
5.595817109771012838e+03
6.920246689989700826e+03
6.184509716445983941e+03
7.658396423821564895e+03
6.359378988360093899e+03
6.964629569745052322e+03
5.759016641327205434e+03
5.195708652628912205e+03
6.993505053285966824e+03
7.109909967229137692e+03
6.339418776344029538e+03
5.704494609116247375e+03
6.405210374431908349e+03
6.329775191740023729e+03
5.659146915916620856e+03
6.105861404971290540e+03
7.047942487949659153e+03
5.739267597582683266e+03
7.036059500804749405e+03
6.417235691393369962e+03
7.634961753308311017e+03
6.205707100993182394e+03
7.630124227230446195e+03
6.550057590649139456e+03
7.301912727932822236e+03
6.964775541191252159e+03
5.867342552222872655e+03
7.414431647478168088e+03
5.981160201031613724e+03
6.132493903941360259e+03
7.281500578359038627e+03
7.513378936555836844e+03
5.487473354026161360e+03
5.908212448346396741e+03
6.079784340163197157e+03
6.040755294637403495e+03
5.979346710951318528e+03
6.704174815603630122e+03
5.515066051153047738e+03
6.100971645830286434e+03
6.246179216094084040e+03
7.946439950788108945e+03
6.921327145708139142e+03
6.305982706469527329e+03
5.826496691240095060e+03
5.899140107985047507e+03
5.940461409003026347e+03
6.681047932766752638e+03
7.111962892616113095e+03
5.507842332716185410e+03
5.730758861835382049e+03
6.238631204482316207e+03
6.616124335556171900e+03
5.255899427970452962e+03
6.280893367271802163e+03
6.843285368271453990e+03
5.511027372152808312e+03
6.863927491026403004e+03
6.523927557566446922e+03
6.438959829514647026e+03
5.829494282194882544e+03
6.108288805485859484e+03
6.798180207390227224e+03
6.999996072531337632e+03
5.371943256701270911e+03
4.764499504231996980e+03
6.288676429715129416e+03
5.513909738451444355e+03
6.784145250630080227e+03
6.556542792638823812e+03
6.506072056802426232e+03
7.726510042100439023e+03
5.730367227119307245e+03
6.871392209880699738e+03
6.611696241336952880e+03
6.352761540281504494e+03
7.208047587366249900e+03
7.070221017374949042e+03
6.207451891092876394e+03
6.900996282110387256e+03
5.978965533684899128e+03
7.698895454138872992e+03
7.168661020097317305e+03
5.146060101763798230e+03
6.547630578616506682e+03
6.169801720763933190e+03
6.369300828981033192e+03
6.421741625684398059e+03
6.106082325683305498e+03
6.058187095337654682e+03
6.084188774548415495e+03
6.279007568506169264e+03
4.785851378044652847e+03
5.500080830154099203e+03
6.468966851101034990e+03
7.676627119261708685e+03
6.223001217953364176e+03
5.344543933893429312e+03
6.061017072980704143e+03
6.087493749927612043e+03
7.804349465398067878e+03
5.461015171125023699e+03
5.744869952490509604e+03
6.226028209176833116e+03
6.298518834382519344e+03
7.371438930235767657e+03
