6.990855227704997560e+03
2.500000000000000455e+03
6.256948076250309896e+03
6.086143108161953933e+03
5.887063608938311518e+03
6.591934514221426070e+03
6.245128046356770938e+03
6.623461086826795508e+03
6.671101545973908287e+03
5.763253691927811815e+03
6.816523327184280788e+03
5.825757991742992090e+03
6.050978236725312854e+03
5.538908053970510082e+03
4.778052129459429125e+03
6.911432641201289698e+03
6.770587588539191529e+03
7.104136118705471745e+03
6.379675687158574874e+03
7.241592939807957009e+03
6.663465919790646694e+03
5.738628916946810932e+03
6.240243623408436179e+03
6.837561404735771248e+03
5.170933740928350744e+03
7.415820410127396826e+03
6.519814428906110152e+03
5.439286799250666263e+03
6.064746170660419921e+03
6.969941297345480962e+03
7.073033629045128691e+03
6.173406637434733057e+03
5.734740557172368426e+03
5.939126341264641269e+03
5.892818117430264465e+03
6.151545252932199219e+03
6.429650946852338166e+03
5.364553155386651270e+03
6.715603088955846033e+03
6.019053291374603759e+03
6.998975785741015898e+03
6.699499395803711195e+03
5.120497517454186891e+03
7.354221045510356817e+03
7.246525005664877426e+03
6.504048773235609588e+03
6.608390558087920908e+03
7.187760337522366171e+03
6.622293998990610817e+03
6.900603439595937743e+03
5.839440376005890357e+03
6.047055015594660290e+03
6.327650435035893679e+03
6.269437508346106370e+03
6.214324894127496009e+03
6.107067745974260106e+03
6.035901854744972297e+03
5.761914759217566825e+03
6.536490461663952374e+03
6.087788536425263374e+03
5.965043979718851006e+03
7.167154064549612485e+03
6.292729416207712347e+03
6.151528638782806411e+03
6.746645099981334170e+03
6.142104244206922885e+03
6.173567277149388246e+03
6.212757920025085696e+03
7.357955180087446024e+03
5.245545659593655728e+03
7.188307255377641923e+03
7.157615255384701413e+03
6.749064748419543321e+03
6.482257788462656208e+03
6.388367810479916443e+03
5.448759710636892123e+03
6.019090249164774832e+03
6.566914507677946858e+03
5.421161325800703708e+03
5.550991228595005850e+03
7.326215160723665576e+03
6.605947895616902315e+03
7.009580828537418711e+03
6.643001881908950963e+03
5.863518745105619928e+03
6.286837286622625470e+03
5.492382759284842905e+03
6.359627268308184284e+03
7.564788455789157524e+03
6.735014167376291880e+03
6.119853675114345606e+03
5.968995328087507005e+03
5.889124874650165111e+03
5.524056056972222905e+03
6.794170265422068042e+03
6.172802697043487569e+03
6.039062006081029722e+03
6.767901888360403973e+03
6.908752787491537674e+03
5.897347093436204887e+03
6.228133247632520579e+03
6.468475762251218839e+03
7.095461199615153419e+03
5.895547261896668715e+03
5.867322707542305579e+03
5.678917167613213678e+03
6.219736704853742594e+03
5.438132738801361484e+03
6.431200116910769793e+03
6.198290312574225027e+03
7.121341661285179725e+03
6.187150814716591412e+03
6.294680478532305642e+03
5.055992849342330373e+03
5.909236034027498135e+03
6.114469588516984004e+03
4.872293290036930557e+03
6.704828968123541017e+03
5.701761137121763568e+03
6.648068047158649279e+03
6.097032932466090642e+03
5.895809090365199154e+03
6.387421394252571190e+03
7.040989741002463234e+03
6.703520447948352739e+03
7.088578777011724014e+03
5.760450860013692363e+03
6.733422348904980026e+03
6.636894119426284306e+03
6.304934258875644446e+03
5.026266648395996526e+03
6.392636036541170142e+03
6.938761864234764289e+03
6.462681425192728966e+03
5.696032663219294591e+03
5.844386952944278164e+03
5.677112463826044404e+03
5.270257913262390502e+03
4.872749324395494114e+03
6.206136579247803638e+03
6.517426179455987949e+03
5.862591795409498445e+03
5.337579406314713196e+03
6.469156004410242531e+03
6.137321907209827259e+03
6.082490406548771716e+03
5.868175313750591158e+03
5.727748174246442431e+03
6.516614204523802073e+03
5.500950914327779174e+03
6.980243253981872840e+03
5.010612055620216779e+03
7.673870135779119664e+03
5.430928598723859977e+03
6.259130816804059577e+03
6.641954340712468365e+03
6.970252270176958518e+03
6.342548741773840447e+03
5.857767121073338785e+03
7.873807600254645877e+03
6.505776890089229710e+03
7.109777706018814570e+03
6.272912240094214212e+03
6.702060668587061627e+03
6.006488110217371286e+03
7.415433176340735372e+03
4.977988464423189725e+03
7.127867496554041281e+03
6.155551902397191952e+03
6.042983259242900203e+03
6.558805239653441276e+03
5.887726880802229061e+03
5.386651094583668964e+03
6.094440103497215205e+03
7.147993574878684740e+03
5.071823034074588577e+03
6.180341650780397686e+03
7.040727414030266118e+03
4.875846209625701704e+03
6.977257484898689654e+03
5.676110175419767984e+03
6.442078159337304896e+03
6.408317562103351520e+03
6.497956586698240244e+03
6.388781514541140496e+03
5.369350340546507141e+03
7.339197836623888179e+03
5.495352971751845871e+03
5.606280672893448354e+03
7.157582543091379193e+03
5.976995807925655754e+03
6.656629608577100043e+03
6.129920207648357973e+03
5.732451491575014188e+03
5.831476729621181221e+03
6.863752368543131524e+03
6.179066092774450226e+03
6.683217367170449506e+03
5.849188557577465872e+03
7.371522576534584914e+03
5.780515755081006319e+03
8.212315424199505287e+03
6.380020654506393839e+03
5.798160321916366229e+03
5.409482401272027346e+03
7.195955068345536347e+03
6.495537566683859950e+03
6.143067842316102542e+03
6.497919970741043471e+03
7.546609959447416259e+03
6.490864578721484577e+03
7.418568686099099068e+03
6.384994619801884255e+03
6.093503963896599089e+03
6.270406499666903983e+03
6.605781974796098439e+03
5.532093739089857991e+03
7.258346750141110533e+03
5.432099509142293755e+03
6.314707077843261686e+03
6.271706311874728272e+03
5.869769295886915643e+03
5.172232084150349692e+03
6.887989942606053773e+03
6.631225626926930090e+03
6.741656652426675464e+03
6.010650924588288035e+03
5.626986032256239014e+03
7.365059508412527066e+03
5.701309792815016408e+03
5.678139011515015227e+03
4.783966499381907852e+03
7.093507601213481394e+03
5.196170492604769606e+03
5.895969540205878729e+03
6.117593383303566043e+03
6.851915836964925802e+03
6.960891636386730170e+03
6.265115598326841791e+03
6.866502836306104655e+03
4.734123916821529747e+03
6.967204313892744722e+03
6.497170038904360808e+03
7.202592100733141706e+03
6.415160342915929505e+03
6.005687678743546712e+03
6.304916389322502255e+03
5.124138975296122226e+03
6.149461745922446426e+03
7.224049527637393112e+03
6.505830968580298759e+03
5.793691733629158989e+03
6.364174930528513869e+03
4.686419082181984777e+03
5.952971069817951502e+03
7.030747530666611055e+03
