6.658548488541677216e+03
2.500000000000000455e+03
6.793388337131150365e+03
7.137009397660312061e+03
4.881293763877529273e+03
6.808495788877072300e+03
6.141967101622729388e+03
7.354377121229920704e+03
6.588812176316105251e+03
6.926577173119994768e+03
6.901295828074203200e+03
6.839650330269569167e+03
6.863293019094158808e+03
6.615028602294617485e+03
6.141446724287431607e+03
6.538390514712231379e+03
6.649085191048836350e+03
5.713738274999372152e+03
5.661557614485431259e+03
7.275042622276228940e+03
5.573277681536217642e+03
6.850763672680960553e+03
5.029453938875963104e+03
6.396494311727852619e+03
7.451724726806283797e+03
6.222819439683962628e+03
5.120463445462315576e+03
5.862626562984442899e+03
6.438271128488571776e+03
5.921965728842287717e+03
7.250777389315348955e+03
6.360026164064614932e+03
5.929465841719642412e+03
6.457660976820387077e+03
6.040032071085284770e+03
5.304688788171817578e+03
6.532301744703590884e+03
6.223722487566028576e+03
5.931459250977693955e+03
6.975791907545099093e+03
6.408194578063179506e+03
6.018326945106222411e+03
7.450819315962423389e+03
6.997283602771241931e+03
5.661823476219193253e+03
6.625262083326970242e+03
5.776522482429993033e+03
6.409194929148593474e+03
5.368725869987329133e+03
7.246633952320607023e+03
6.107992677641072078e+03
6.525889564430050996e+03
5.498345860695271767e+03
6.255316196708970892e+03
5.583399442855125926e+03
7.445549896655002158e+03
5.787195873553828278e+03
6.290706716900016545e+03
6.289182531604672477e+03
7.297743879013470178e+03
5.404321143754316836e+03
7.007307141744831824e+03
6.825107735636625875e+03
6.607029741574786385e+03
5.894373995920752350e+03
6.155596089603610380e+03
5.958794419378496968e+03
6.200386329535565892e+03
7.908661669718565463e+03
6.778984437756221269e+03
5.963141626105820251e+03
6.104824482385218289e+03
7.102094221160616144e+03
6.662194387043960887e+03
6.144565983080525257e+03
5.914351349353875776e+03
5.979456481488297868e+03
5.316046291040323922e+03
6.004539699033055513e+03
6.311367297975741167e+03
6.546394964818397966e+03
6.782935890259517691e+03
6.584508522518313839e+03
7.901025840773329037e+03
6.649263305770125044e+03
6.645701005249170521e+03
6.619621744919473713e+03
6.578465177193969794e+03
7.205945223309835455e+03
6.779360993664473426e+03
6.753736439020988655e+03
6.031972786199703478e+03
7.491621725577538200e+03
5.803829476270899249e+03
6.778993404565331730e+03
7.544661808017514886e+03
7.588084311304857692e+03
6.643528838900443588e+03
4.958813976111807278e+03
5.834395208918939716e+03
5.866146246194844935e+03
6.580513555389504290e+03
6.369102799594984390e+03
5.811038670249692586e+03
6.507696799803437898e+03
6.173160237209792285e+03
6.558903759087364051e+03
6.916229495806558589e+03
6.618793785070592094e+03
6.310480648405575266e+03
7.208619047782171037e+03
6.215747605965515504e+03
6.161974829650416723e+03
6.039316449820943490e+03
6.655358361275327297e+03
6.386764207262786840e+03
5.329502272569146953e+03
5.570243373796659398e+03
6.108539792806695914e+03
6.994361422333751761e+03
6.934618340192604592e+03
6.811985035585369587e+03
5.626771423108140880e+03
6.157115853309922386e+03
6.594051343450421882e+03
6.780708576881058434e+03
5.785836291474171958e+03
6.329163868299689966e+03
6.212772808623742094e+03
5.427397673611978462e+03
5.544500217581213292e+03
5.970190531386086150e+03
6.434942476846932550e+03
6.079279913089247202e+03
6.116567677772188290e+03
5.808547059149491361e+03
6.121013461445574649e+03
5.656087466587849121e+03
6.514897171903553499e+03
5.223971201356742313e+03
5.709540290220677889e+03
6.080668797157173685e+03
6.040855261674018038e+03
6.166593561733505339e+03
6.459268468349599971e+03
6.319174484163497254e+03
6.790914033688809468e+03
6.807256154651747238e+03
5.893900575133474376e+03
7.036192428787299832e+03
4.860973645828641565e+03
5.603901996491980753e+03
7.004495929520626305e+03
6.844375879805801560e+03
5.163204315519345982e+03
6.863698105514251438e+03
6.428801815726561472e+03
6.282602084985939655e+03
7.125782787855097922e+03
6.763838828664695939e+03
6.048263977147020341e+03
6.346916483715778668e+03
6.921432197035336685e+03
6.459608761743043942e+03
6.134295015786452495e+03
6.661577625258608350e+03
6.060190127782249874e+03
6.904864106726739010e+03
5.463755684689713235e+03
7.602957642153218330e+03
7.287813034688540938e+03
7.897920725958355433e+03
5.871979330652955468e+03
6.485564570710635053e+03
6.127919466988812928e+03
5.620891070454791588e+03
6.744101055972772883e+03
6.299200458649982465e+03
6.903550905267147755e+03
5.032185704868845278e+03
7.753695332164855245e+03
5.546964517459606213e+03
6.700381198419926477e+03
6.107836063214986098e+03
6.120252928690535555e+03
5.549662734681138318e+03
5.873066780302807274e+03
7.564324988741854213e+03
6.309536187140619404e+03
7.027220574143701015e+03
6.772263341904742447e+03
6.473629471244008528e+03
6.075195016651431615e+03
6.375206530623616345e+03
5.282495125560748420e+03
6.166643218750607048e+03
6.667990783014893168e+03
5.813467565721157371e+03
4.781014662197143480e+03
5.725150525649001793e+03
6.715996609082452778e+03
6.824488346878607445e+03
6.280590172668672494e+03
6.532682320211507431e+03
7.094501680257912994e+03
6.506591633950686628e+03
6.011495349858954796e+03
7.845158015275562320e+03
5.901138637892749102e+03
6.277474122826855819e+03
5.955964748285166934e+03
5.226500766925079006e+03
7.161782447220694849e+03
7.876360182466460174e+03
6.156817222695576675e+03
6.085296469567927488e+03
5.716194469289166591e+03
7.173374440524556121e+03
5.741053219578605422e+03
6.785723936350435906e+03
6.349473451810396000e+03
6.496374698811691815e+03
6.609510851192609152e+03
6.879368366738897748e+03
6.867315719884412829e+03
5.630972552438122875e+03
6.110054621727698759e+03
6.492719386030279566e+03
5.486178210536681945e+03
5.874070182694170398e+03
5.907725208300991653e+03
5.812367335347997141e+03
5.582116660132758625e+03
6.068281564788146170e+03
6.761886033210984351e+03
6.015272364836773704e+03
5.679861686202513738e+03
6.246652901742459107e+03
7.133910617768641714e+03
5.969704050745700442e+03
6.528441922894993695e+03
5.200827369319689751e+03
5.992644940886443692e+03
6.575015704419616668e+03
7.058447042273369334e+03
6.007100135622295056e+03
6.532065189050288609e+03
6.786752340166802242e+03
5.124040891150224525e+03
6.371840843970348942e+03
7.214596519113646536e+03
6.988241411524816613e+03
6.104699211387496689e+03
6.622906343636183919e+03
6.117968087430342166e+03
6.551867030387163140e+03
