5.796398846003647122e+03
2.500000000000000455e+03
6.042058856834537437e+03
6.423810071993239944e+03
6.292657898233281230e+03
6.502115037778880833e+03
7.540965031422782886e+03
5.856155361568461558e+03
6.267853854845550813e+03
6.679114133464826409e+03
7.553807665242316943e+03
6.501953462418477102e+03
6.242769886624921128e+03
5.835062431538983219e+03
6.241404643828720509e+03
6.921116762774269773e+03
6.749304189026283893e+03
6.622124962720284202e+03
6.158570627638209771e+03
5.058054329192767909e+03
5.859452747029909006e+03
6.097196573162770619e+03
5.866440564026773245e+03
6.478930656022257608e+03
6.625748366110784445e+03
6.727320472702430379e+03
6.159824765643224055e+03
7.219707041880655197e+03
6.199126888897175377e+03
6.142816098913724090e+03
6.041154583888464003e+03
6.626725258952072181e+03
6.741623554408189193e+03
6.225698122427351336e+03
6.678153262767438719e+03
5.757988993368346200e+03
5.536503011435227563e+03
6.237615401087878126e+03
5.174398840328522965e+03
6.674389859751194308e+03
5.066333911932568299e+03
6.563464640354996845e+03
6.236151559658734186e+03
6.584028911149451233e+03
6.303375483535797684e+03
6.358881752497216439e+03
6.867339515385398954e+03
5.450407789899312775e+03
6.990746910280533484e+03
5.849805401346134204e+03
6.417415282870590090e+03
7.017919666842964943e+03
7.096705942050743943e+03
6.128507490122083254e+03
5.828595072920856182e+03
6.139841567723211483e+03
7.203112137529997199e+03
5.910204996810221928e+03
5.767549281454597804e+03
5.535094874212074501e+03
5.910900023183023222e+03
7.307353408885659519e+03
7.171451950371386374e+03
6.445106490949514409e+03
6.063431535012259701e+03
6.651643658955292267e+03
6.305099373492039376e+03
8.080555254594679354e+03
5.551643791378400238e+03
6.174331499360946509e+03
5.621918416481057648e+03
6.446819940763889463e+03
6.680073375424633923e+03
6.795247966434630143e+03
6.251686994523601243e+03
5.695263142478295777e+03
5.992365622807297768e+03
7.745322935048967338e+03
7.803285113217100843e+03
6.526239168563242856e+03
5.841074246738766305e+03
6.597141709614525098e+03
5.633815168301477570e+03
6.089582471315672592e+03
6.356208858740646974e+03
5.718669260307353397e+03
6.565753477142345218e+03
6.224862172041890517e+03
5.721763239123419226e+03
6.208122875299815860e+03
6.147875500139949509e+03
6.063457914640536728e+03
5.916907919170989771e+03
5.900883357443561181e+03
6.380386266376928688e+03
7.343292252372259100e+03
6.951255308971019076e+03
5.795603140518425789e+03
6.015163251292879067e+03
5.658839758527838057e+03
6.830125869650263667e+03
6.935064881686005720e+03
6.634369102984044730e+03
5.984292388033796669e+03
6.466666708181091963e+03
5.784874274555917509e+03
6.141833119044991690e+03
5.322286436712743125e+03
5.837142717067262311e+03
6.759664444779806217e+03
5.458503029417644029e+03
6.470902047840161686e+03
6.353974968002190508e+03
5.102545399631075270e+03
6.547428020880619442e+03
6.352851273789190600e+03
5.750701245878455666e+03
8.123178046074534905e+03
7.494399572878798608e+03
5.470883016819976547e+03
5.822820093671347422e+03
5.692095388886590626e+03
6.133754971639040377e+03
5.531408837135435533e+03
6.387488682415161747e+03
6.968733299025793713e+03
6.422219523944821049e+03
6.524538602051889939e+03
6.705032159229632271e+03
5.588407703055273487e+03
6.132703585816943814e+03
6.239925511833383098e+03
5.946467531890646569e+03
6.234348497004213641e+03
6.606361302323178279e+03
6.081096922529903168e+03
6.153763352847890928e+03
6.396157218241534792e+03
7.569942350849184550e+03
6.017565239951629337e+03
6.318945890822064030e+03
6.638860719841421997e+03
6.323920727528771749e+03
5.833919024007785993e+03
5.946565099930362521e+03
6.148180381935651894e+03
6.632209366747463719e+03
6.192839322961275684e+03
6.703622558982578994e+03
6.664339753182414825e+03
6.653328403893306131e+03
6.281351334171784401e+03
7.245193264229298620e+03
6.819801785028673294e+03
6.007578868617020817e+03
6.058819902877810819e+03
6.743225922631801041e+03
6.063251773475087248e+03
5.252129099294235857e+03
5.544409194857102193e+03
5.879208037220710139e+03
5.243715764326661883e+03
7.498383681428083037e+03
6.066358493601628652e+03
5.209437420863327134e+03
7.154296997957364511e+03
6.869591206334964227e+03
6.596450511175135944e+03
5.810841071965227457e+03
5.823402033429826588e+03
6.087208387039829177e+03
7.159227251139559485e+03
6.024997586462399340e+03
6.733322562067543004e+03
6.999551544779808864e+03
6.387527131396556797e+03
5.479767201579883476e+03
6.283440618220016404e+03
6.248248673534606496e+03
6.630188470374503595e+03
6.637258340403903276e+03
6.442170554545692539e+03
7.178938495955722829e+03
6.633190976632747152e+03
5.812775825294548667e+03
5.935719469655983630e+03
6.864644236475763137e+03
7.112590455664446381e+03
5.594268309246377612e+03
5.360615973709352147e+03
5.993640173787796812e+03
5.655933345721198748e+03
6.423367677046640893e+03
6.536718221874391929e+03
6.965642786223514122e+03
5.787977046103303110e+03
6.397938792194767302e+03
6.852132478462704967e+03
7.677929424462940915e+03
6.558305722557548506e+03
5.436542890938726487e+03
6.191671930694512412e+03
5.870470968791893029e+03
7.127747100190972560e+03
7.113997037448590163e+03
5.726075254349943862e+03
5.104037337694222515e+03
6.402604286627516558e+03
5.621124229721883239e+03
7.092336910138701569e+03
5.510600855283943019e+03
6.359515052890181323e+03
6.869758158801199897e+03
5.925678932854551931e+03
5.760476916061292286e+03
4.593287468659917067e+03
6.665241285510745001e+03
6.600776015561258646e+03
6.607690594210884228e+03
6.085263973727655866e+03
6.266458642554165635e+03
7.074247215659178437e+03
7.123095354544024303e+03
5.114479016473096635e+03
6.825156946271663401e+03
6.544327273760582102e+03
6.287858043774165708e+03
6.904291561084687601e+03
6.546784257120389157e+03
5.406168340971282305e+03
6.010743529239560303e+03
6.500668392384816798e+03
6.979108269537913657e+03
5.952873844404780357e+03
6.294714920712962339e+03
6.161228175647654098e+03
6.714938328163540064e+03
5.989161237013045138e+03
6.800528353690396216e+03
5.812689685937421928e+03
6.320112253174993384e+03
5.580110961161320120e+03
6.877564224399712657e+03
5.764986217710562414e+03
6.619965954019974561e+03
6.793334003527054847e+03
6.685573459936535983e+03
6.899003890158782269e+03
5.307442520495309509e+03
6.866715933998963919e+03
6.394214918026564192e+03
6.311226126668678262e+03
6.675979395666590790e+03
5.429090969225859226e+03
4.960052081175645071e+03
6.650495267049872382e+03
