6.237225484847858752e+03
2.500000000000000455e+03
6.208326423858510680e+03
6.215116535129013755e+03
7.231328740712390754e+03
5.390565296497415147e+03
5.805980902244876233e+03
7.088429656230353430e+03
6.320804490610666107e+03
4.880354450332934903e+03
6.013085221406166966e+03
4.949283199513545696e+03
6.955512628363762815e+03
6.065285208794817663e+03
6.275467994557855491e+03
7.282110847055539125e+03
6.470184098556233039e+03
6.349714998738631039e+03
6.345994270839067212e+03
5.200478842621787408e+03
5.674173456015763804e+03
5.615901078348151714e+03
6.913815970432472568e+03
5.971982381530102430e+03
6.978975408571535809e+03
6.270825707183729719e+03
6.512268990336420757e+03
6.186000045314642193e+03
6.372701721393967091e+03
5.979847569102916168e+03
6.274069411361803759e+03
5.712260695703440433e+03
5.691079457793794063e+03
6.171688560846734617e+03
7.060850174530895856e+03
7.000777413231254286e+03
6.480851592108706427e+03
6.096147295317668977e+03
6.712203533691465054e+03
6.560704661758185466e+03
5.646620896830349920e+03
6.675838847776968578e+03
7.388327030026563079e+03
6.025294952345444472e+03
5.803127927965349954e+03
6.043082399630353393e+03
6.599352981769626240e+03
6.075242882508169714e+03
5.832388466611317199e+03
7.473378274018675256e+03
6.409337437413183579e+03
5.376882761812334138e+03
5.915102885956395767e+03
6.168464845754305315e+03
6.767469371277999926e+03
5.631926780135916488e+03
7.072096984471094402e+03
6.766151223981421936e+03
6.225049879404508829e+03
6.720667552376032290e+03
6.486506767262018002e+03
5.786654444073192280e+03
6.707586660377234693e+03
6.410031251366749530e+03
6.249010309678575140e+03
5.730552735456349183e+03
6.608725364179807912e+03
6.802071362740023687e+03
6.633628402855269087e+03
6.681991448531960486e+03
5.805640080103423315e+03
6.226900663492138847e+03
5.880148643402243579e+03
6.192835692775304778e+03
6.890552864799867166e+03
6.974349568145924422e+03
5.019030889144594767e+03
6.264678697073013609e+03
5.976631984205958361e+03
6.637710528347461150e+03
6.354844387471628579e+03
7.626664281260626922e+03
6.837716263496785359e+03
6.903520772729531018e+03
5.462137567324147312e+03
5.964948838353974679e+03
6.222002626741419590e+03
6.573254109918434551e+03
6.861177292126732027e+03
6.584147440005817771e+03
6.917328830635166014e+03
5.779837000245673153e+03
6.159935292415486401e+03
5.050088828054063924e+03
6.398753985349446339e+03
6.564770041172701895e+03
5.002652659223536830e+03
6.284954377696645679e+03
6.130252527078560888e+03
6.958931027000222457e+03
6.515607873291081887e+03
6.949280270846301391e+03
5.841186027092668155e+03
6.702180070621730010e+03
6.257111678985527760e+03
5.639136226482374695e+03
5.050313729589353898e+03
6.328004062404449542e+03
5.020251893412584650e+03
7.036640964770132086e+03
6.403380088325659926e+03
5.387093687909255095e+03
6.182296919808081839e+03
5.738547847252977590e+03
5.427078339230960410e+03
6.207720105669020995e+03
7.232264127444876067e+03
6.956916697121902871e+03
5.383027383701789404e+03
5.904420546829090199e+03
5.865652215087626246e+03
6.243614487737666423e+03
6.127534380080342089e+03
7.153414390812356942e+03
5.572628585765412936e+03
6.198539601286147445e+03
6.731991976449523463e+03
6.412544844213956821e+03
5.848402473825204652e+03
5.874276952358474773e+03
6.510321754978995159e+03
6.337650209166123204e+03
6.963634107023972319e+03
6.371919924981741133e+03
6.439366757682685602e+03
6.862123056095321772e+03
6.611728862602963090e+03
5.206651401915542010e+03
5.522689581298002850e+03
7.816300476998432714e+03
5.231500617604725448e+03
5.951879792684115273e+03
6.606581329224676665e+03
5.883449383684722306e+03
5.018617963747859903e+03
6.286193326553883708e+03
6.747526250396104842e+03
6.771926957895191663e+03
5.801903608113973860e+03
6.748200176698346695e+03
7.002646476618026099e+03
6.458134716229040350e+03
6.529713181141874884e+03
6.159865159302575194e+03
6.017429254753666100e+03
5.780552014236414834e+03
5.141069462895256947e+03
5.824741740041106823e+03
7.277582686129833746e+03
6.539518807912815646e+03
7.655533309464522972e+03
6.567619327615904695e+03
6.170641822389401568e+03
5.996788384985595258e+03
5.641856487170744913e+03
5.384983300192388924e+03
5.754958280883716725e+03
5.564464380727653406e+03
6.076870525300835652e+03
5.367315311444173858e+03
5.900084924342500017e+03
6.714906174416845715e+03
5.946540388380322838e+03
7.249069660880396441e+03
6.144714035783585132e+03
6.420401302061523893e+03
6.955004079398283466e+03
5.932896045725968179e+03
5.466139297575120509e+03
7.314278033909318765e+03
4.498021968481503791e+03
6.854620962017341299e+03
6.104377174169103455e+03
5.369664796974939236e+03
4.528112756466506653e+03
6.425939533011996900e+03
7.181342791296901851e+03
5.843908918496719707e+03
6.866251995871080908e+03
5.172042176308957096e+03
6.920360757003155413e+03
5.759011687635008457e+03
7.334143362443593105e+03
6.518068563969026400e+03
5.900181647899258678e+03
5.935487263252318371e+03
6.092897823514953416e+03
7.694283257129093727e+03
5.537249924056859527e+03
7.112351534127770719e+03
6.597730010070968092e+03
7.132895295674888075e+03
6.316610834604845877e+03
5.926686637306056582e+03
6.778279283187994224e+03
7.170263713686120354e+03
5.007134340672761027e+03
7.307983463052308252e+03
5.423455987325530259e+03
6.286446292592379905e+03
5.882420827645195459e+03
6.470056358220697803e+03
7.396283916699324436e+03
6.728134188301692120e+03
7.664028293639879848e+03
7.080082218930097952e+03
6.909435642037413345e+03
6.228296118039477733e+03
6.660876548122267195e+03
7.968256009284163156e+03
6.365783122164176348e+03
5.117365855758125690e+03
7.100107765155856214e+03
5.499799792583645285e+03
7.174133536622478459e+03
5.773401119683720935e+03
6.260002743751199887e+03
6.012172308422692367e+03
6.278758011978497962e+03
5.383119106389912304e+03
5.775309506457611860e+03
7.477313176127674524e+03
5.836243296336877393e+03
5.299158781634512707e+03
6.265800176218754132e+03
6.773915704373604967e+03
6.092779614650406074e+03
7.255298613764543006e+03
6.245353207121993364e+03
6.049747534686111976e+03
7.591100602015095319e+03
5.755054519009036085e+03
6.596569607793009709e+03
5.580541688543677083e+03
6.286558151593968432e+03
6.324748594003100152e+03
6.454388869859285478e+03
4.836278210191367180e+03
6.416259284204457799e+03
6.020385645344187651e+03
5.935748351506555991e+03
5.834360203664864457e+03
5.015238556181191598e+03
7.529251548219671349e+03
5.808764007773242156e+03
6.485726620900963098e+03
