5.903367657540209620e+03
2.500000000000000455e+03
5.540918514081638932e+03
6.968160681466647475e+03
6.284933184366685964e+03
6.001248427056651963e+03
6.294633049052109527e+03
6.546859863067863444e+03
6.528266790224849501e+03
6.589150135285982287e+03
6.320602385751712063e+03
5.844099971164509043e+03
7.059863505187438022e+03
5.652389636259576946e+03
6.565412587775345855e+03
6.561761874575594447e+03
7.129934758590441561e+03
5.940228011258938750e+03
5.309073197036661441e+03
6.786498451134093557e+03
7.264765187607556982e+03
5.977884908118045132e+03
5.833633296525680635e+03
6.684524197662705774e+03
5.828368158621198745e+03
5.971172233191375199e+03
5.253372101018203466e+03
7.067333806924547389e+03
6.737421585127121944e+03
5.504939429253681737e+03
5.778984229001607673e+03
7.072110919966197798e+03
5.931447640365104235e+03
7.158311869224988186e+03
6.352046035888472034e+03
6.343913686920999680e+03
6.474889466606415226e+03
4.917378053871450902e+03
6.626855554032855252e+03
6.591537185659717579e+03
5.949411415559419765e+03
6.492485023116188131e+03
5.675529877621056585e+03
6.715342080649180389e+03
7.075468543541435793e+03
5.426221242776307918e+03
7.026767360343627843e+03
5.181090417440688725e+03
6.752981486272747134e+03
6.351149913586076764e+03
6.704968453835153923e+03
6.170058635042005335e+03
5.640714074226105367e+03
7.113408296557641734e+03
7.454863913085566310e+03
6.758743866569018792e+03
5.977907265936565636e+03
6.988210349094437333e+03
6.093308882030969471e+03
6.275413838844404381e+03
6.690565063555974120e+03
6.142832085256512073e+03
6.123207285137164035e+03
6.492669906885317687e+03
6.853845115988478938e+03
5.949767684372558506e+03
6.167709238263153566e+03
6.391547840277895375e+03
5.969397689251738484e+03
6.915273073821914295e+03
6.679443372036632354e+03
6.003462053812110753e+03
5.916934691481364098e+03
6.598439560180208900e+03
6.670861350167741875e+03
6.681559609870719214e+03
5.754241723947352511e+03
5.520660220102006861e+03
6.683537288881480890e+03
5.513673834157005331e+03
6.634450274662501215e+03
5.223733851142527783e+03
6.846881603299141716e+03
6.732939069244914208e+03
5.333409342350560109e+03
6.199457485808980891e+03
5.953690504100517501e+03
6.102155486091234707e+03
6.585386023336942344e+03
6.541217440408662696e+03
6.463381041803397238e+03
6.408381543814122779e+03
6.221306745522518213e+03
5.034917618820292773e+03
6.289143431031538967e+03
6.343033747271005268e+03
6.400055489078406936e+03
6.253924579623379941e+03
6.379978654447326335e+03
5.077017935988389581e+03
6.047075756559355796e+03
6.462268594663893964e+03
5.434512632303611099e+03
6.540513225482827693e+03
6.622463342499048849e+03
5.803533798313856096e+03
5.779384774083391676e+03
5.283352853462726671e+03
6.316637177745871668e+03
6.563195375208174482e+03
6.539573756733507253e+03
6.652580571151444019e+03
5.012462912124476134e+03
5.834881162980571389e+03
6.662713186686309200e+03
6.230764482080154266e+03
5.843849147072082815e+03
6.156841491639361266e+03
5.464804598193284619e+03
5.229709280151416351e+03
6.344706526503852729e+03
6.755390751859364173e+03
8.000800758415289238e+03
6.977672597818122995e+03
6.498436614810610990e+03
5.854935665758459436e+03
6.828883312406013829e+03
6.625833937771970341e+03
6.451161351904594994e+03
5.905052769177286791e+03
6.615221559103125401e+03
5.753502350261886022e+03
6.924508544530613108e+03
5.416290115160096320e+03
5.703776641432190445e+03
6.336765720798033726e+03
5.620618985072728719e+03
7.030686896547153992e+03
5.880375884687065991e+03
7.005265804884409590e+03
7.032518521142252212e+03
5.903226903360517099e+03
6.277801907766083787e+03
5.699489647306028928e+03
6.138357811463120015e+03
6.133739538406935026e+03
6.176182366042181457e+03
6.345176714757547416e+03
5.421713852489610872e+03
5.144071674499666187e+03
6.983625309152614136e+03
5.782564035229755973e+03
7.474062919070462158e+03
5.778376566299303704e+03
6.669636305918714243e+03
6.550172429857751013e+03
6.937332385739602614e+03
6.031519924527945477e+03
6.390989899310990950e+03
5.794648664851280046e+03
6.083892882844920678e+03
5.975166050198551602e+03
7.110923001940830545e+03
5.982285097301270071e+03
5.114041013470352482e+03
6.907013461800605000e+03
6.226289939058229720e+03
5.892968666655891866e+03
6.632840133816300295e+03
6.052265973834595570e+03
6.578860401980754432e+03
6.289925905944924125e+03
6.091196093770327934e+03
7.292607401390450832e+03
7.413105299353107512e+03
6.295278497846398750e+03
7.118424529990292285e+03
5.340494812860653838e+03
6.878426335046264285e+03
6.562330169318715889e+03
5.932330659505940275e+03
6.617509589628403774e+03
6.032534304355365748e+03
6.616617570409251130e+03
6.814172229192684426e+03
6.716501695717307484e+03
5.173058303037780206e+03
6.136179020565776227e+03
6.151731053287890063e+03
7.106542125424785809e+03
7.437921597886126619e+03
6.731965779712889344e+03
6.776330496562374719e+03
6.027184680383124942e+03
7.144567033063615781e+03
7.635508671433856762e+03
5.946269136281129249e+03
6.266976671281829113e+03
7.311369447166470309e+03
5.993440516645834578e+03
6.772673788750490530e+03
6.429763996732694068e+03
5.054262053744705554e+03
5.207172703036996609e+03
6.596276045271639305e+03
6.052921091260759567e+03
5.730339700030882341e+03
5.577265786314627803e+03
7.662007597652253935e+03
5.746874901747846707e+03
7.461104083590247683e+03
4.625366211574210865e+03
6.733234658915494947e+03
5.769358278575466102e+03
6.638908562689355676e+03
7.132031060960674949e+03
6.963899414518251433e+03
5.819266419454421339e+03
6.491363869924756727e+03
4.957747746122983699e+03
5.967503254346785980e+03
6.704896818549083946e+03
7.042564465133105841e+03
6.404921762091074925e+03
6.591655293933653411e+03
6.316568927925285607e+03
6.524314938056705614e+03
6.983365658580562013e+03
6.136389535321235599e+03
5.213635548955353443e+03
6.593887070496322849e+03
6.678252063931479825e+03
7.817280997184145235e+03
5.984153845836646724e+03
5.884729036829034158e+03
6.849130385926813688e+03
6.646455843739315242e+03
7.227432724078989850e+03
6.238611767746710029e+03
6.232323534496615139e+03
6.824678065971222168e+03
5.831469702340375079e+03
5.188628624057055276e+03
6.073216809952175026e+03
6.750647989329092525e+03
6.024420235762385346e+03
6.686844675567754166e+03
5.963477506090899624e+03
5.413174071114972321e+03
6.713527418553125244e+03
6.929548583943229460e+03
6.065068570698820622e+03
5.685638769016384686e+03
6.570182981318305792e+03
6.366291608905093199e+03
4.487290211259907664e+03
