6.718260811876000844e+03
2.500000000000000455e+03
5.703342013262777982e+03
6.702733217593622612e+03
6.596943467228183181e+03
6.745922156660598375e+03
6.427056889124329246e+03
6.185235133660428801e+03
6.006913864199632371e+03
5.022976679069295642e+03
7.126109118296897577e+03
6.536422500779066468e+03
6.653385429256306452e+03
6.811771137858047950e+03
6.736289257027158783e+03
6.095613527855403845e+03
5.614853785948807854e+03
6.852501520538807199e+03
7.362541813655038823e+03
6.693632360012728896e+03
6.660521439719603222e+03
6.367463300809944485e+03
6.619255430141838588e+03
7.106184738340073636e+03
6.775309021528213634e+03
6.026308652380739659e+03
5.851545133192244066e+03
6.889345268256599411e+03
5.945373344166159768e+03
6.407086419400864543e+03
6.604635459345957315e+03
7.260463832517702031e+03
6.051623814218262851e+03
6.537696305412237962e+03
7.104156413301739121e+03
6.921703410540362711e+03
6.940892299578695201e+03
6.822904795209169606e+03
5.265776093820313690e+03
6.604527287188710034e+03
6.206406954318110365e+03
6.633310745478208446e+03
6.315832061496364076e+03
5.587029430366985252e+03
6.778255981373182294e+03
6.408665063349477350e+03
5.610383113299200886e+03
7.273927399932808839e+03
7.306849767004560817e+03
6.998521330746691092e+03
6.365414338673537713e+03
7.249747556199440623e+03
7.271458007468806500e+03
6.797776511384876358e+03
5.662350910833885791e+03
7.035359801241066634e+03
5.378835734738995598e+03
6.265309492302334547e+03
6.346739262697817139e+03
5.804097471548981048e+03
5.956669034309497874e+03
6.407809676671888155e+03
5.315430685379044917e+03
5.783835865047660263e+03
6.659534044795621412e+03
5.654745063110947740e+03
6.412022465793321317e+03
6.044383907177245419e+03
5.873837075483736044e+03
5.054666871564142639e+03
5.943343113510507465e+03
6.238620790501267948e+03
6.463914228144723893e+03
7.063890841984560211e+03
6.818412476374955986e+03
5.579688091666925175e+03
6.277939394587678180e+03
6.280037481658375327e+03
5.982629564211498291e+03
5.869033766405548704e+03
5.848780257277818237e+03
6.517875979713572633e+03
6.878186697967468717e+03
5.962878347962152475e+03
5.750752361050308537e+03
6.206971393106033247e+03
6.460675500702407589e+03
7.091477219117887216e+03
6.549595254785151155e+03
6.786514036014149497e+03
5.318218099898978835e+03
5.421260719184067057e+03
6.447611096634469504e+03
5.095225813055755680e+03
6.532470232184173256e+03
6.267900599061593311e+03
6.266923724061049143e+03
5.680244795088750834e+03
6.111954551531256584e+03
5.617045478579510018e+03
6.842912982478650520e+03
6.944630188709951653e+03
6.500609902525485268e+03
7.304079891001507349e+03
6.190674567518319236e+03
6.366535321301860677e+03
6.475901780176114698e+03
6.949401722013851213e+03
6.417854063175425836e+03
5.879973261558681770e+03
7.292592512010448445e+03
6.748778025251603140e+03
5.912264629532550316e+03
6.718443204562313440e+03
6.237732331488374257e+03
5.470067490713356165e+03
6.152508383828600927e+03
6.857682218971990551e+03
5.861576292628521514e+03
6.375684273970126014e+03
5.813203688607242839e+03
5.750606883167044543e+03
6.033008087316260571e+03
7.118026478454167773e+03
7.172520033254555528e+03
5.714212682666704495e+03
6.231086619545923895e+03
6.586491487997778677e+03
6.631767059056069229e+03
7.223992233524124458e+03
6.261842982924332318e+03
5.782865914338998664e+03
6.622021194880670009e+03
7.016519812065258520e+03
5.940740482115372288e+03
6.865299205850451472e+03
5.685024704322034268e+03
5.227755240166647127e+03
6.447985271789892977e+03
6.166129275645821508e+03
6.052073953490528766e+03
5.855250131338822939e+03
6.969406202760698761e+03
5.311072078483253790e+03
7.395734498045486362e+03
6.833106781440978921e+03
6.595932666389586302e+03
4.932799405510326324e+03
6.220766380773253331e+03
6.442084203655362217e+03
6.403193088612585598e+03
7.724392246396820155e+03
6.373021527917956519e+03
5.928856993838997369e+03
6.786048792004318784e+03
5.697762428186942088e+03
6.715806671457652556e+03
6.701534252207665304e+03
7.868189469385610209e+03
6.699158383431587026e+03
6.968082134952718661e+03
6.225874312103561351e+03
7.758983151068694497e+03
7.228576306707004733e+03
6.692144849104049172e+03
6.284040176184642405e+03
6.252076161063660038e+03
7.072719298822665223e+03
5.786937567081808083e+03
6.158160692056055268e+03
5.928385122429381227e+03
6.608339653966372680e+03
6.344453746037896053e+03
6.056498383519436175e+03
7.109233794709739414e+03
6.251236617860978185e+03
5.707081296472269059e+03
6.817053960834537065e+03
5.702377813917879394e+03
6.349568302736173791e+03
7.578594835287578462e+03
5.649902135237507537e+03
5.700740331529061223e+03
6.123723438599658039e+03
6.013249239398805003e+03
5.532920322318770559e+03
6.509075518987752730e+03
5.563374684683421037e+03
6.634578283905791068e+03
6.663358093300792461e+03
6.418218127703903519e+03
5.364407689504961127e+03
6.732862642638078796e+03
6.580718819167665060e+03
5.820261822846726318e+03
6.576167371834713776e+03
6.500516655210659337e+03
7.015078376557924457e+03
6.434700605772659401e+03
7.243358247296042464e+03
6.096808966895479898e+03
6.588012154382574408e+03
8.010646334998559723e+03
6.465879254443940226e+03
5.631536700104726151e+03
7.248487109824196523e+03
7.181660693337895282e+03
6.732166163881376633e+03
6.462246369451055216e+03
5.349588696970754427e+03
6.532401236933555083e+03
6.107875271035632977e+03
6.749357130838726334e+03
5.988572218840890855e+03
6.505320359118236411e+03
5.149843021639846484e+03
5.672987713078442539e+03
5.870376309358560320e+03
5.717111279591317725e+03
6.519797829166593147e+03
6.217783195531113961e+03
5.584399677863648321e+03
7.185329445802004557e+03
5.859203297943173311e+03
6.550968262412766308e+03
7.443161481505123447e+03
5.465602976921531990e+03
5.687035464869586576e+03
5.703041922361474462e+03
6.801989930949824156e+03
6.841165455714050040e+03
6.699158725946189406e+03
6.532235468005790608e+03
5.348814661110510315e+03
6.798761633581364549e+03
5.957313514025869154e+03
5.775669834359467131e+03
6.490752918892447269e+03
6.146246626659190952e+03
6.707023414881739882e+03
6.600102050827545099e+03
7.435695621447973281e+03
4.903361096010739857e+03
7.895856415315746744e+03
6.909812802075154650e+03
6.345476986288331318e+03
5.752565219679034271e+03
5.940234306607531835e+03
6.906966599062027854e+03
6.855805880121653900e+03
6.230602237333227094e+03
5.204654810169289703e+03
5.955785913405294195e+03
5.556609019610288669e+03
6.579104826842158218e+03
5.593254289441422770e+03
