6.183338915970150993e+03
2.500000000000000455e+03
6.070710170444620417e+03
5.727106494676656439e+03
6.484642023006117597e+03
7.553503823516974990e+03
6.761525117799445979e+03
6.002017354457686451e+03
7.000464078103540487e+03
6.448220834787325657e+03
6.469834969139692475e+03
5.004284952293891365e+03
5.317208710001790678e+03
6.236964689318101591e+03
6.146794145703126560e+03
5.624010622752124618e+03
6.063216982213538358e+03
5.442491438411714626e+03
6.641657662807842826e+03
6.017969906169576461e+03
6.908567810398702932e+03
6.662578150853069928e+03
6.076978153583843778e+03
6.132971093083315282e+03
5.210946202493663804e+03
7.582269160582012773e+03
6.207835984965738135e+03
6.500859267639208156e+03
5.784940139280415679e+03
4.963628943534691643e+03
6.594451513439259543e+03
6.191435903904708539e+03
6.202121457218956493e+03
5.377911974778162403e+03
5.981585542850647471e+03
6.472037190398598796e+03
4.012673480235204806e+03
6.761439031947013063e+03
6.003707325452048281e+03
6.813066431421887501e+03
6.497549733236570319e+03
6.889508900836183784e+03
5.858703486921563126e+03
5.743396406316985122e+03
6.030022296108722003e+03
6.645005620519466902e+03
6.147435331347676765e+03
6.822555067852676984e+03
5.874120983391147092e+03
6.433779333901193240e+03
7.089907253399494039e+03
6.450721179652677165e+03
6.511258372128748306e+03
6.890194051773672982e+03
6.667419013765226737e+03
6.793866025810124484e+03
6.931403825334908106e+03
6.306242272262517872e+03
5.941279389182527666e+03
6.505644970565123913e+03
5.847769071819169767e+03
6.578173440944730828e+03
5.871364774426466283e+03
6.346833015861682725e+03
5.835843573177683538e+03
6.814536631367051086e+03
7.087791330774352900e+03
6.882585154376199171e+03
6.555481096337916824e+03
6.239308380356214911e+03
6.486846329223883004e+03
6.332630039542604209e+03
5.982179100082646983e+03
6.638692148300564440e+03
5.415862699699032419e+03
5.822004864346941758e+03
6.667401429585993355e+03
5.738850408464128122e+03
6.841615164543759420e+03
5.998308875640526821e+03
6.303298960942756821e+03
5.647542890318785794e+03
6.278328716768245613e+03
6.331154277057695253e+03
5.270782522637080547e+03
6.429035218373464886e+03
6.367581257742581329e+03
6.026073603429726973e+03
7.152800484094400417e+03
5.852224156002210293e+03
5.089821317027377518e+03
5.441818288310305434e+03
5.350927856549876196e+03
5.459862748511818609e+03
7.070431967386573888e+03
6.305821965763718254e+03
6.154637005225227767e+03
6.640817795945533362e+03
4.863129364586038719e+03
5.887002082391662043e+03
6.176388441392738969e+03
5.760393542598631029e+03
5.093807870325144904e+03
6.429874894310174568e+03
6.963082351496431329e+03
7.249384585803458322e+03
6.521421366552618565e+03
6.214304607210119684e+03
6.112353315097052473e+03
4.930517692077704851e+03
7.072958312542737985e+03
6.610393346561680119e+03
7.241280034406102459e+03
5.395807374239789169e+03
5.803982124636787375e+03
5.778482014269946376e+03
5.281107327749784417e+03
6.790828703077823775e+03
5.626952424702607459e+03
7.147880572179104092e+03
6.725617249128290496e+03
7.240988464498662324e+03
5.120625761077028073e+03
5.145675460346925320e+03
6.484348268427635958e+03
6.657030184884035407e+03
7.090468591817699235e+03
5.750442701847176977e+03
6.560199775378122467e+03
6.672352314681965254e+03
6.445635252573103571e+03
5.844127319609602637e+03
7.203329663862674352e+03
6.074983407141966381e+03
6.562512322709518230e+03
5.573120400117490135e+03
6.368543820959106597e+03
5.597491107104491675e+03
5.383076836406635266e+03
5.720416410263364924e+03
7.138393901567539615e+03
6.025978929611941567e+03
5.445242884468318152e+03
5.952652050322505602e+03
6.271143421689999741e+03
7.069165324164788217e+03
5.938323246007397756e+03
5.639661894250140904e+03
5.365405036019194995e+03
7.088286986061359130e+03
6.135587889714764970e+03
5.878537886457675995e+03
6.924092435499843305e+03
6.925324210690612745e+03
6.740435886438715897e+03
6.205406745852838867e+03
5.784638917376352765e+03
6.354403538433785798e+03
5.561233418347637780e+03
6.069793550884061915e+03
6.653240438078070838e+03
5.453298432908145514e+03
6.444184555447493949e+03
7.019247707724094653e+03
7.748098960780573179e+03
7.134545779888316247e+03
5.479189744210105346e+03
6.247464703544295844e+03
6.702982562038733704e+03
6.321704892380004821e+03
7.036397998939856734e+03
5.342518164896475355e+03
6.628000266240082055e+03
5.592433033052810060e+03
5.428555800384811846e+03
6.025010902703817919e+03
6.005699899310093315e+03
6.057115995235095397e+03
6.047864712883377251e+03
6.805148802626064025e+03
6.963307939325113693e+03
6.317973968582464295e+03
5.928848318040349113e+03
6.458439372854632893e+03
6.157157556667963945e+03
5.933110301430587242e+03
5.709280780064378632e+03
5.738661145723330264e+03
6.373746721878738754e+03
6.884643355724003413e+03
6.402558831083329096e+03
7.234346744977407980e+03
5.570587323762099913e+03
5.455186269673357856e+03
6.585518846782523724e+03
6.338605579332547677e+03
6.022861048145236055e+03
6.314586948064297758e+03
4.641042374333757834e+03
7.351325521839979956e+03
5.352889087251140154e+03
6.599898084033744453e+03
5.918095211358498091e+03
5.363291434151637077e+03
5.911700503038506213e+03
5.834793953048851108e+03
6.278659671284418437e+03
6.836131026456778272e+03
7.110747925358334214e+03
5.707861752295280894e+03
6.843391576694521973e+03
5.615060421030041653e+03
6.364379344414718616e+03
6.828963745456619108e+03
6.632803237328221257e+03
6.330793270271293295e+03
6.106782997052242536e+03
6.403091690481034675e+03
6.743112934004087037e+03
5.867253504056796373e+03
6.300770246516111001e+03
5.445286814824246903e+03
5.780603755766433096e+03
6.402843443439129260e+03
6.345858449221108458e+03
7.004697834475904529e+03
6.458307456072502646e+03
5.957953759016691947e+03
6.461354678882333246e+03
7.140904839558877939e+03
6.269660336077003194e+03
6.164622808216197882e+03
6.901347524952827371e+03
6.328310848322340462e+03
4.997540510877613997e+03
5.998613824202479009e+03
7.158034243005455210e+03
7.576457944248118110e+03
6.935872841347593749e+03
7.137325235926763526e+03
5.822785788508646874e+03
6.010314045422512208e+03
6.199649344642772121e+03
5.829672757803085005e+03
5.717025680614864541e+03
6.624460472522914642e+03
6.764448988917152747e+03
6.506259398723407685e+03
6.448444755858223289e+03
6.486586562687336482e+03
7.043130212165198827e+03
6.707154205163038569e+03
5.948798528597733821e+03
7.528109287295173999e+03
6.683190767406629675e+03
5.161574078909061427e+03
