7.380151122160403247e+03
2.500000000000000455e+03
5.332113523898099629e+03
6.400126665412113653e+03
6.554326960072186921e+03
6.724970655006301968e+03
6.537865378042763950e+03
6.009498890976785333e+03
5.191504142373585637e+03
8.065088914908972583e+03
6.205733858266135030e+03
7.377542765903020154e+03
6.343885873969659770e+03
5.802971325637527116e+03
7.243394322825845848e+03
5.364572854741147239e+03
6.123688513988461636e+03
7.158937940925531620e+03
7.348336251856292620e+03
7.099891818837956635e+03
6.540749175530631874e+03
6.186219600127863487e+03
6.956176928147532635e+03
5.454887250191451130e+03
6.440399168767577066e+03
6.395094285404349648e+03
6.743000220792087021e+03
6.132765266952921593e+03
4.893541155158882248e+03
5.946265775518731061e+03
6.524687923176436016e+03
6.600966602286683155e+03
6.497073960956667179e+03
6.702115572551064361e+03
5.936405182762783625e+03
6.424007051642354782e+03
5.752486825080744893e+03
5.460478552003251025e+03
5.601696766754408600e+03
6.277786727201653775e+03
6.340428741152794828e+03
6.241912219055495370e+03
6.763658782859138228e+03
6.827095914197943785e+03
6.274247321734666912e+03
5.402871368199233984e+03
6.110552074594540500e+03
5.979114914642215808e+03
6.024389141318530164e+03
7.482961553241693764e+03
5.415746968962706887e+03
6.284018665084237909e+03
6.783657235595001112e+03
5.976564418000569276e+03
6.374252511579012207e+03
5.947879013012310679e+03
7.075807344019593074e+03
5.875820480207253240e+03
7.197345459160280370e+03
5.312248674439419119e+03
6.454333295622673177e+03
6.235515793159928762e+03
7.727810144591569042e+03
6.540907363545634325e+03
6.293837323475773701e+03
5.138168788248450255e+03
4.436535617993663436e+03
6.405065858184555509e+03
6.749864416889540735e+03
5.832966702909790911e+03
6.559485554622677228e+03
6.654815997504776533e+03
6.179850706497571082e+03
7.666954345170327542e+03
6.578148133766001592e+03
5.563903887402762848e+03
5.039488406693350953e+03
7.789370534973151734e+03
6.474219758220548101e+03
5.516323339139052223e+03
7.798829035892245884e+03
5.021108611539453705e+03
6.545268303426502825e+03
6.135130261416245048e+03
6.624227512816814851e+03
5.947252824195891662e+03
7.055361303188466081e+03
6.605718979346417655e+03
6.956024093380361592e+03
6.134669415913558623e+03
6.756162544573372543e+03
6.341449837232396931e+03
6.615578384323635873e+03
5.439836652151831913e+03
6.156331048641904999e+03
6.924984024713401595e+03
5.726500815487009277e+03
6.028085547723296258e+03
6.468001522918013507e+03
7.375658766959205423e+03
6.322968598362140256e+03
5.649135953402019368e+03
5.492749925539162177e+03
5.274732767843363035e+03
6.209122438059259366e+03
5.682030697256548592e+03
6.630427522115879583e+03
7.262201505511566211e+03
5.704181192432080934e+03
6.087504004465921753e+03
6.493529524024697821e+03
6.625855114676270205e+03
5.761172196762357999e+03
7.051313618902880080e+03
5.990590302542428617e+03
6.446590589601788452e+03
6.279541299044411971e+03
6.286386804251202193e+03
5.616150447707472267e+03
6.455685746656207812e+03
6.921387864357102444e+03
6.851432185037881027e+03
6.948158795699835537e+03
6.960183537981501104e+03
5.825675989217493225e+03
5.888479024291020323e+03
6.398904758470182060e+03
6.412363634071632987e+03
5.493310235170730266e+03
5.622294882816757308e+03
6.447610208657274597e+03
6.468704220261594855e+03
7.260831904561243391e+03
6.844706893514808144e+03
6.331989684096346537e+03
6.187244248302829874e+03
5.022088135008110839e+03
6.337212230925235417e+03
6.828117505531198731e+03
6.309939106553709280e+03
7.201933940130002156e+03
6.453790005414926782e+03
7.100037857881834498e+03
7.603074362796261084e+03
6.375597885055307415e+03
7.191521400711849310e+03
6.997054450058381008e+03
6.313913343079301740e+03
6.322707378526936736e+03
6.807639921902216884e+03
6.117481754670599912e+03
6.927048156840298361e+03
5.894305352548812152e+03
6.163153221439825757e+03
7.049657519992314519e+03
6.726336470370333700e+03
6.611640661870110307e+03
7.310362672638301774e+03
6.347641108440597236e+03
6.674699362678790749e+03
6.997462230089622608e+03
6.186529233907030175e+03
6.695224751014046888e+03
5.871335971055849768e+03
5.640221732615427754e+03
5.617989232393738348e+03
6.368237753901541510e+03
5.719900471895494775e+03
6.900261051671077439e+03
6.927057479034720018e+03
6.643568536447744918e+03
5.927346761330609297e+03
6.959678959965041940e+03
6.236324526287997287e+03
5.199496357725324742e+03
6.613003064688458835e+03
7.296017225628788765e+03
5.713552418944824240e+03
5.527673384602974693e+03
6.674275802692156503e+03
7.168722241790786029e+03
5.941370636268510680e+03
5.352546492173415572e+03
7.208295706002485531e+03
4.906719419130548886e+03
6.989977201004923700e+03
7.035951025064878195e+03
5.693504497842139244e+03
7.690689920942948447e+03
6.448771596904955004e+03
6.441268647728797077e+03
6.780854014960016684e+03
6.325325733942067018e+03
7.299915498092943380e+03
6.093024699773291104e+03
6.466734215821437829e+03
6.420680291309256972e+03
6.429225459524877806e+03
7.508748503729109871e+03
6.734907309942274878e+03
6.678820978696066049e+03
6.050322507665496232e+03
5.212481123384952298e+03
7.122188293103793512e+03
5.602362300040847913e+03
6.612087089179370196e+03
6.755817979132922119e+03
5.851337962677964242e+03
7.195243793229239600e+03
5.107957715084574374e+03
6.407827062147013748e+03
5.606350039548623499e+03
6.904972512157463825e+03
6.833570455447087625e+03
6.608953635052730533e+03
5.975554311476968905e+03
6.369877358086469030e+03
6.640589717992043916e+03
5.166742971025872976e+03
6.396517814692861066e+03
5.738858940306241493e+03
5.511335303326937719e+03
6.353829931880357435e+03
6.705578000690843510e+03
6.607468930351003110e+03
6.935968708264730594e+03
7.120040784735253510e+03
6.282272701334753037e+03
5.161158036088560948e+03
6.444804087314094431e+03
6.852399495711993950e+03
6.454718229774502106e+03
7.267353819334354739e+03
5.798375396519762944e+03
5.837161330156593976e+03
5.223552330425107357e+03
4.646078492420459952e+03
6.027713350840548628e+03
6.422752647575185620e+03
7.566128298127556263e+03
6.746637831769035984e+03
6.738052630905394835e+03
6.630447600344833518e+03
6.323500553806134121e+03
6.312894085667277977e+03
6.559104094466168135e+03
6.781712523349278854e+03
5.206002160629515856e+03
7.001826275051069388e+03
6.432753993439457190e+03
6.573850519324642846e+03
7.691700726819821284e+03
7.306731652144554573e+03
5.670476499752301606e+03
6.679070983217243338e+03
7.080641126847011037e+03
