6.616348862581230060e+04
2.820000000000000000e+03
4.769672490981653937e+03
1.139516898745898106e+04
6.690799399583895138e+03
9.884933803488864214e+03
1.343922129157630661e+04
4.715961513624208237e+03
1.267544307239062618e+04
2.992338601876543544e+04
8.883976904333039784e+03
7.116776782912012095e+03
1.680576723033165763e+04
8.773318238985437347e+03
1.197365224396765916e+04
6.831472212269895863e+03
8.998856223968050472e+03
7.575326946849321757e+03
1.916425026888122375e+04
9.443576049858784245e+03
7.018616470020587258e+03
1.314660676346063883e+04
1.510668317281433519e+04
7.000364051816019128e+03
1.096647059550812264e+04
7.877055438755736759e+03
8.435657291845371219e+03
1.855863209280091178e+04
4.378884059734080438e+03
5.501610793202008608e+03
9.575273466562368412e+03
2.076783814885938773e+04
1.572144681440999375e+04
5.789450465840833203e+03
1.354145555866300128e+04
1.272819899515223005e+04
9.162637109986226278e+03
1.006779178999655960e+04
5.553101515790385747e+03
1.991305752184701851e+04
1.129095623351446739e+04
6.045802558268571374e+03
1.097845382060214251e+04
1.685804562530718249e+04
5.767858562260042163e+03
6.593586509845649744e+03
6.492928149483116613e+03
9.251625928428635234e+03
1.127483857378451830e+04
8.218791715283445228e+03
1.068460563355481099e+04
1.325675150614581435e+04
7.796885669324846276e+03
1.668550168934584508e+04
8.060193552700826331e+03
5.506820509048465283e+03
6.087480890083759732e+03
6.024846097477088915e+04
5.549575698567632571e+03
1.223471536454688430e+04
5.310946849124353321e+03
1.809178202223422340e+04
1.133391594194503159e+04
8.302385519606605158e+03
1.156181774186918301e+04
2.831744576637827049e+04
5.910182523533227140e+03
7.053639369765988704e+03
5.156498238709897123e+03
1.100844911681142366e+04
9.725288435211452452e+03
1.631298675597674810e+04
1.374427840457798447e+04
6.094790386189935816e+03
4.080423738422802126e+04
2.265919426445062345e+04
6.419198373200398237e+03
1.522871685057772629e+04
1.019835587367677545e+04
5.806554351785562176e+03
1.228646287044011842e+04
1.339577221262051717e+04
7.580290988322864905e+03
5.191875452484149719e+03
1.423857944832047724e+04
1.438206294209094267e+04
7.458431270598310221e+03
8.043240478929907113e+03
9.710544962366957407e+03
6.160900222124884749e+03
7.380846171150911687e+03
5.504351340652763611e+03
2.065446771655516932e+04
4.340928237525325130e+03
1.256244267161507378e+04
7.457027226327702010e+03
7.788442752443426798e+03
1.270467050976128849e+04
6.370417675133976445e+03
1.369073241195099763e+04
9.373873767168162885e+03
2.713262652408534632e+04
8.832638841730087734e+03
2.431244517281942899e+04
1.324322440125788853e+04
1.024542119677692062e+04
8.473688590457912142e+03
1.664341040885481925e+04
9.513701353174650649e+03
8.129595844217908052e+03
5.033767891546222017e+03
1.029950010720203136e+04
1.399741056507169378e+04
8.357545116606392185e+03
1.093468844485058435e+04
6.565374127611418771e+03
5.418480927537169919e+03
2.099999372885543562e+04
5.840935460651244284e+03
8.169779873563084038e+03
9.639906825652207772e+03
8.880809587448449747e+03
1.149731580792651403e+04
2.097625525721742815e+04
1.102099346385185709e+04
1.112659354477233865e+04
1.347666749211983915e+04
7.125320949352461867e+03
6.358429499355956068e+03
6.892244874885546778e+03
2.182912710679439260e+04
9.184300398521121679e+03
1.286441686730793481e+04
6.442171093524942080e+03
7.946934305717422831e+03
1.874731665358969622e+04
8.090591228206501000e+03
9.967623635473431932e+03
8.053428363824969892e+03
5.322929249271461231e+03
1.471413687932654102e+04
9.976573622189102025e+03
6.664331560644706769e+03
8.309289227122812008e+03
5.790352955611162542e+03
6.023754538863096968e+03
7.191972210287574853e+03
8.837574447133614740e+03
6.568571031784616025e+03
6.031496613290002279e+04
8.530356324044445500e+03
1.176013396750810170e+04
9.392462481297057820e+03
1.432510461031026716e+04
9.733477153813166296e+03
6.896493930543245369e+03
2.925667705425625172e+04
6.236085442403087654e+03
1.216814300195855139e+04
1.235363859392035374e+04
1.037183168419240610e+04
6.886701003781293366e+03
1.101089967114443789e+04
5.972646821247071784e+03
4.521032615770361190e+03
2.766713191411687149e+04
5.845998103555936723e+03
1.123326099928165786e+04
1.462935504775250956e+04
1.003578461389923359e+04
8.674760280301283274e+03
5.572274010891984290e+03
1.290059139988140487e+04
3.001323188822076554e+04
1.664435763603944361e+04
6.317350841951652001e+03
5.379921554935128370e+03
2.831873989852433078e+04
6.166654172253904107e+03
3.814770019447794039e+04
1.776452875837283864e+04
6.339587028485288101e+03
4.813022256895626924e+03
3.545650460765814933e+04
6.111694304888933402e+03
1.161449702377780523e+04
5.364201654193120703e+03
1.708355547066769941e+04
7.342342593344311354e+03
4.554331627727065643e+04
8.191889569998521438e+03
1.233411114335913408e+04
2.227215269578737934e+04
5.962024995663528898e+03
1.036463594193970857e+04
8.732117865230358802e+03
3.279979579869379813e+04
8.503855551436845417e+03
5.294647560961362615e+03
1.278039355374637853e+04
8.340738747263632831e+03
1.067558868058427470e+04
1.021512897143726332e+04
5.131288527653970050e+03
6.884169837715272479e+03
1.436422231762780029e+04
5.105111352581110623e+03
1.354508463291740009e+04
1.037575352917788769e+04
6.894351508940869280e+03
7.178470164806702996e+03
4.376238801951882124e+03
8.912182096453867416e+03
9.048520891684585877e+03
1.832734174679093849e+04
1.007925603432195021e+04
7.300703581249426861e+03
1.383838865824537606e+04
8.343441026609505570e+03
1.322056487742555510e+04
1.042042037428142066e+04
2.173512845198007562e+04
1.400518179554280869e+04
6.402566650523473982e+03
6.562678810596058611e+03
1.667717846874743191e+04
9.212182259298991994e+03
1.269549256291121128e+04
9.019005343194608940e+03
1.255049612622824316e+04
6.485191474191763518e+03
1.666676311322200854e+04
6.829303547884995169e+03
2.438414982955745654e+04
5.890000485286705953e+03
1.638499868425643217e+04
9.311265539682350209e+03
1.592515548105931521e+04
9.234122864460110577e+03
1.423174274013912691e+04
1.645527702903743193e+04
7.402325516319017879e+03
8.640862399130164704e+03
5.662210853629750090e+03
8.504585300760474638e+03
2.270331196469168935e+04
8.695148949541708134e+03
1.401020817892325977e+04
4.799700706032965172e+03
1.075810671100137552e+04
1.528361467978108340e+04
5.956561647773469304e+03
1.079058778131248619e+04
5.843747045945155151e+03
5.066966722890925666e+03
1.722702395375517881e+04
