4.372500994878988422e+04
2.820000000000000000e+03
8.570247252376611868e+03
4.955109883056336912e+03
8.659446231795940548e+03
1.551378169347887888e+04
9.290480653852573596e+03
7.456808608047751477e+03
1.429782174720055991e+04
1.028878659949700159e+04
1.345961543325697312e+04
1.011023980732185009e+04
1.273598326662520049e+04
5.867465208299895494e+03
9.050072176892532298e+03
5.723959079821001069e+03
8.342858884454293730e+03
3.048067811056164646e+04
7.973175262881803064e+03
6.651882802821725818e+03
1.815630385200740420e+04
1.294486151546592919e+04
1.207172436536261011e+04
8.799549604272622673e+03
6.729576188238085706e+03
1.177326716977736760e+04
1.874814813381743079e+04
1.371788847641139182e+04
5.234466085211957761e+03
9.912744722506406106e+03
8.101825118758940334e+03
9.951232750199218572e+03
4.103191478004249075e+04
7.490747821851420667e+03
8.883985141601406212e+03
1.050768996336256714e+04
5.448333607470390234e+03
1.169534698812123497e+04
1.046593009510752199e+04
9.544621104344845662e+03
6.685360044317581924e+03
6.957179089051131086e+03
1.377714171112859367e+04
1.194775294863545241e+04
1.019611142996186754e+04
8.031866284306400303e+03
8.133052312510169941e+03
1.386248160517098040e+04
1.144186300169998140e+04
6.855467337144498742e+03
1.113175445715951173e+04
1.003334521659376696e+04
5.315965323798835925e+03
2.029312849654494858e+04
9.712409660684677874e+03
7.896510707078376981e+03
8.034978507867391272e+03
1.140510743404517416e+04
6.293185041985885618e+03
8.366476436435423238e+03
4.449339356281563596e+03
1.410194974170923160e+04
8.174272199076443030e+03
9.539720688441111633e+03
9.588891465321703436e+03
1.008122869893954339e+04
2.564860646736132549e+04
1.517147786033037482e+04
6.927246177765337052e+03
1.425267756640937114e+04
5.587272293489661934e+03
6.822621185912298643e+03
9.048951971991786195e+03
8.279344014424277702e+03
1.303036114099814949e+04
1.053548657534849917e+04
5.675226701752542795e+03
1.250734465615408044e+04
2.399029502200854040e+04
7.372651681493061915e+03
2.669221645103004994e+04
6.986460572686819432e+03
1.520823260875871711e+04
5.278775945556943043e+03
6.299376720105674394e+03
2.045133484906109879e+04
9.551093310956914138e+03
6.034749306820870515e+03
9.061262242785862327e+03
9.714794136385724414e+03
2.067467956661770222e+04
5.144346712554543046e+03
4.127008766812723479e+04
4.875347291400076756e+03
7.977592476450170579e+03
6.912394294322001770e+03
1.121320208059883953e+04
1.226369910310172236e+04
9.099074694966107927e+03
5.126434474576964931e+03
1.765430118553467400e+04
1.140001279654295649e+04
1.590245684443827849e+04
1.031208460259743879e+04
1.363393238631586428e+04
1.078739817833796587e+04
9.503663249154004006e+03
1.185425081486899398e+04
6.468918121072885697e+03
9.280370447296543716e+03
5.682889714123606609e+03
7.866750351256408976e+03
7.053006508094035780e+03
6.976243855340343544e+03
2.489541470520017174e+04
1.224824799779388741e+04
7.022262850316995355e+03
1.461639374630700513e+04
7.383679380384384785e+03
1.466496543560286045e+04
2.022114084256475689e+04
1.290032176425218859e+04
8.833709467801025312e+03
1.152259481385319486e+04
8.033216189273955933e+03
1.073992385782208294e+04
1.858590893490390226e+04
4.853778852970866865e+03
6.256775071651927647e+03
4.868499016424714682e+03
3.087893866952783719e+04
8.925239951376459430e+03
3.865107612345815869e+04
1.426168779419590828e+04
5.400483136252621989e+03
1.208583711775667507e+04
2.636281253476846177e+04
1.422773158587953367e+04
2.264582246283892891e+04
5.728364282615335469e+03
1.009903968650913703e+04
7.407342501067127159e+03
1.301863668967968079e+04
7.043327231465709701e+03
6.066154713076995904e+03
8.496311259837637408e+03
8.367040880389853555e+03
8.467933855205343207e+03
7.976921142920798047e+03
1.795989872711861972e+04
1.749864007970002785e+04
6.713354382302407430e+03
5.548128618288354119e+03
9.127609149416093715e+03
8.372443365899300261e+03
9.769676070700548735e+03
2.552820738432455619e+04
1.179382440349561875e+04
1.227189421358294385e+04
5.772394665418423756e+03
1.780657675485966683e+04
5.315112559696081917e+03
1.155703053657938290e+04
1.171094676036079727e+04
4.695930767701185687e+03
2.602305394144073580e+04
9.043941388261526299e+03
5.145068679355985296e+03
5.882525266026090321e+03
1.006607527537130227e+04
1.470856654380682266e+04
8.504485546824871562e+03
1.658785970617443672e+04
7.286944888214744424e+03
9.284603546161415579e+03
5.613987843947414149e+03
5.371263687350892724e+03
1.338531650078028542e+04
1.667273690175831143e+04
2.797315902799740797e+04
1.170588352961444252e+04
8.948212484406969452e+03
8.066563488261169368e+03
1.018766131522238356e+04
1.433710365771876241e+04
1.808524623066737695e+04
9.230731197381479433e+03
6.777792882383060714e+03
7.436865939864768734e+03
1.744791194995902333e+04
7.514548762160466140e+03
9.842490125803309638e+03
6.797880620479809295e+03
7.973563164925395540e+03
7.121998662747259914e+03
1.742553083598723606e+04
2.144697936130924791e+04
6.235631150060507935e+03
6.557561716155967588e+03
9.618530017638542631e+03
7.139441985997648771e+03
1.467191175289852436e+04
1.002161995453973577e+04
4.515257261196305990e+03
1.042056859989937402e+04
1.043619358355796794e+04
6.616092163983355931e+03
3.137497105094092694e+04
3.620013170844258275e+04
4.585051895463297114e+03
1.171616182538458997e+04
4.769972023633760728e+03
5.573633430567797404e+03
1.539875279383716406e+04
1.746527283771740622e+04
7.622116747502995167e+03
6.209715394677941731e+03
9.722907369922260841e+03
1.796311403341262485e+04
7.230151524606148087e+03
1.612909511993466913e+04
6.989639769953592804e+03
6.761286362106849083e+03
8.518733110080187544e+03
5.297550752326535076e+03
4.881464082098189829e+04
1.301599782551832504e+04
5.897018821957837645e+03
1.618160677365480842e+04
1.239658917499257586e+04
6.489548216370669252e+03
1.453232212360578887e+04
6.446315410130087912e+03
7.703387748518371154e+03
6.743219412802664010e+03
1.970733468889697542e+04
7.067480699370487855e+03
1.626450490252891723e+04
1.077982359827457731e+04
7.995331117737256136e+03
7.290750665741573357e+03
8.712251433495388483e+03
1.543020248862025619e+04
5.481420760463821352e+03
1.062583677150123367e+04
7.490306258797887494e+03
1.021096292935320344e+04
1.067615943161847099e+04
1.120709638985947277e+04
1.133961866176009244e+04
1.360339102771764192e+04
8.348383980392505691e+03
1.328786320910244103e+04
8.918192053492792184e+03
9.971481478134217468e+03
7.441036488455985818e+03
