2.221603360230021281e+04
2.820000000000000000e+03
6.714899557532711697e+03
1.096857463077760258e+04
8.992225938519075498e+03
1.281216182167850275e+04
6.659443753524445128e+03
1.150988665293132726e+04
7.567769614753655333e+03
1.606682719817768157e+04
5.232623576130842594e+03
9.346316817499147874e+03
9.069391576266189077e+03
5.872361733457442824e+03
7.591401041586595966e+03
1.905556751641071241e+04
9.430457379848805431e+03
2.312387208703393844e+04
8.083446372799062374e+03
6.342040790728489810e+03
1.056537211732143260e+04
9.335377306980759386e+03
9.334756885099919600e+03
8.684650278782604801e+03
7.223353961370496108e+03
1.021161046067883944e+04
9.105073136812356097e+03
7.887617953330831369e+03
5.916209403906396801e+03
7.581503512240209602e+03
6.765056657410280422e+03
9.430957872186685563e+03
1.591213438900608890e+04
1.598062787798771387e+04
1.237567830976763798e+04
6.012101289443544374e+03
5.687183117800384935e+03
7.037144639449468741e+03
1.291431758934943900e+04
1.416484358599957159e+04
9.085336965347021760e+03
7.139386855067292345e+03
1.565415718459471282e+04
7.322021103497929289e+03
1.605819064233029530e+04
1.047279985764537196e+04
5.031936777140860613e+03
1.452682955606634823e+04
7.041564597564291034e+03
1.597497589451503518e+04
8.738485395371135382e+03
1.654706110892498327e+04
5.352179132788269271e+03
1.198219685725841009e+04
5.299219880712846134e+03
1.423418874197446530e+04
6.313511103040009402e+03
3.040310851087200717e+04
6.616519671489564644e+03
1.771492041318682459e+04
8.165823513306608220e+03
1.342846317998382438e+04
1.014042095397617595e+04
1.873501238820418075e+04
7.056590292258911177e+03
8.364147537385832038e+03
2.044896816220264009e+04
1.194665960785294919e+04
8.323842040313393227e+03
6.268935717656954694e+03
4.478487453220342104e+03
1.245716352366410320e+04
1.287935050640088411e+04
1.708652075557329954e+04
7.447167953285991643e+03
7.290137922370002343e+03
1.559671838917034074e+04
1.306603983712047375e+04
1.464891722817226582e+04
6.698855163848071243e+03
9.074113929184110020e+03
8.823277644382524159e+03
1.195100610987771870e+04
6.662759527517698189e+03
4.780368355155161225e+03
1.527971188710547904e+04
7.887927317351326565e+03
9.031754542939856037e+03
6.896578487139580830e+03
1.352329101298595378e+04
1.440021905511597834e+04
5.834096460442562602e+03
1.157180803107858665e+05
4.935749491138608391e+03
7.816578254314673359e+03
1.752195280229886339e+04
8.765288670702788295e+03
1.623523015230217607e+04
8.699003276834297139e+03
1.105438104244534588e+04
8.073000700266617059e+03
9.980535779183401246e+03
1.147390652738347671e+04
1.876239105501931772e+04
7.072868105565516089e+03
1.315761998204891643e+04
6.456435651933628833e+03
1.747799219041105243e+04
2.080735709909684010e+04
1.712758457617299428e+04
4.415124390060939731e+03
2.485355662020930686e+04
1.460192155704708784e+04
8.644423826338439540e+03
3.213151418408207610e+04
9.293605598400234157e+03
5.953643187432030572e+03
6.126378395042632292e+03
1.199867485228255464e+04
1.067760641773622774e+04
8.356044613171816309e+03
1.588781257035126509e+04
1.367771095986589899e+04
7.998497424564977337e+03
1.128434588500255813e+04
8.230027429975223640e+03
1.289567349440890393e+04
5.948200108973273018e+03
1.179429109779658211e+04
5.776599027356918668e+03
2.548008948741708082e+04
7.261423457934587532e+03
1.530565341141016143e+04
1.751913777430673508e+04
8.825639391022941709e+03
1.250339163143713631e+04
2.367764016162385451e+04
5.744019439107420112e+03
3.154593411359385573e+04
6.349224718575442239e+03
7.528204150723285238e+03
8.896691949620133528e+03
1.532546196439650703e+04
6.938193206917646421e+03
1.519279297823250636e+04
8.185298901411421866e+03
4.625209076564813586e+03
1.382501031513762973e+04
4.634746785133515004e+03
2.860940201991833237e+04
9.701888155195350919e+03
1.024057468824957505e+04
8.282311479886491725e+03
1.068213060291448892e+04
9.654004384773750644e+03
4.363955379798907961e+04
1.085537848661817770e+04
7.402906923178056786e+03
7.458146227809847915e+03
1.227896242514403639e+04
1.931828970731879235e+04
4.800554589053953350e+03
7.403455659525361625e+03
8.718917812971780222e+03
4.636723570287650546e+03
4.163839348796092236e+04
6.551848656577766633e+03
8.718208059412640068e+03
1.240974389131569114e+04
1.024261117328157707e+04
8.999310873680366058e+03
1.334894461246626634e+04
6.505291073151423916e+03
8.895191384211968398e+03
1.026700359513931835e+04
1.010823742548877999e+04
1.352464579459663037e+04
7.053362531196206874e+03
8.039910812421418996e+03
8.854462599245540332e+03
1.211346542694784694e+04
1.932966156650874473e+04
5.626097472053379533e+03
1.231779354764528398e+04
1.821826644563053560e+04
7.899284552547476778e+03
9.636366144568870368e+03
1.214157448326915619e+04
5.097714362818931477e+03
1.262264583988819322e+04
1.156643218685422835e+04
7.665618950935015164e+03
2.966598412833990733e+04
7.500029696410965698e+03
5.966900469432930549e+03
2.244659618870751729e+04
1.094323030508482589e+04
1.551518684783788194e+04
5.951818890020475010e+03
1.251876721720258865e+04
6.799857332476280135e+03
9.611866581857997517e+03
5.247916731216957487e+03
9.094262992681258766e+03
4.972813110124345258e+03
8.752263710328477828e+03
7.381926322373835319e+03
6.405025220643070497e+03
2.039724834782766266e+04
5.166690043408194470e+03
1.069794606414528607e+04
4.129929258874539300e+03
7.629136876225383276e+03
9.756164437400502720e+03
2.403467314879896003e+04
9.174243623495951397e+03
7.926028043536648511e+03
6.769155164155944476e+03
1.688150568918442877e+04
8.226039856383686129e+03
1.071098163416896568e+04
1.322451992069025437e+04
1.341411261791141806e+04
7.943406636379177144e+03
1.006458697548775308e+04
6.950770965470306692e+03
8.941426256630551507e+03
8.271550416187048540e+03
7.975370081697509704e+03
1.264291020897224371e+04
7.432500854758948662e+03
1.119139046749649606e+04
8.950825316327562177e+03
9.516569218409797031e+03
4.871086708068214648e+03
2.675739594606023820e+04
8.347324838356122200e+03
1.099147409844524736e+04
1.351216698200120663e+04
1.291806647837002311e+04
2.739798839375915850e+04
6.482655725403034012e+03
1.365109431307413251e+04
2.074092430362192681e+04
7.050180718463886478e+03
2.573658521608853698e+04
5.526146104762607138e+03
1.325654431264975028e+04
8.080621066246221744e+03
2.315959032514283899e+04
8.046970919381307795e+03
1.062258667813594184e+04
6.567191841556586951e+03
7.568100950303000900e+03
1.050912690753398419e+04
1.223640454726885582e+04
