1.725487522875697759e+05
2.820000000000000000e+03
1.011428412754114106e+04
6.745159181958624686e+03
6.715545642679216144e+03
1.256650714782602881e+04
1.706359854363773775e+04
5.395934809871791913e+03
8.255072425360882335e+03
6.557908624427338509e+03
1.905964020208043803e+04
9.048899072023959889e+03
1.587732918153571336e+04
9.457978336761991159e+03
8.592961529881104070e+03
6.395268595625964736e+03
6.411382500927785259e+03
6.948308985072238102e+03
1.873265550005023033e+04
5.781129200412493446e+03
6.275433782922245882e+03
1.182199231304603927e+04
9.840089491087363058e+03
6.958192059948835777e+03
1.176443250564475966e+04
1.189209657196120679e+04
1.430279933061824886e+04
9.421476496571285679e+03
7.755532286712304995e+03
6.113935154166865686e+03
1.075665095922012915e+04
1.544715474142312269e+04
7.210349761400602802e+03
1.926119182405728134e+04
1.642591297212648351e+04
6.334164189482877191e+03
8.596707560764112714e+03
1.250093579082840370e+04
7.258095782187787336e+03
9.363764597937148210e+03
1.776730978825203056e+04
6.338466348163511611e+03
1.390697605652470338e+04
1.364581662085810785e+04
7.262410815213393107e+03
6.635875354676813004e+03
6.869451086139690233e+03
1.605003407074018287e+04
1.143646502897873506e+04
9.957237485047375230e+03
1.004769089005147907e+04
5.978827095824708522e+03
5.472993957874597982e+03
1.162346470111797862e+04
1.062486904979900646e+04
5.888903847004859927e+03
9.022608504463049030e+03
1.436371478423170629e+04
8.937946419392003008e+03
1.002277902831543906e+04
7.661062692610948943e+03
1.296912904899805471e+04
2.365682195811609927e+04
9.005747808858923236e+03
6.593956408984555310e+03
7.322984093956576544e+03
1.013200756927115617e+04
1.277470405532567383e+04
8.359751746753714542e+03
2.222901437253896438e+04
6.952946648590126642e+03
1.441390964861651628e+04
9.422518787694392813e+03
5.349549203969396331e+03
1.497662140227098826e+04
9.887055497830901004e+03
6.623875498703961057e+03
8.617804770055008703e+03
1.484746360737652140e+04
6.801985280572782358e+03
1.226075285115454972e+04
9.231970126569070999e+03
9.203209538804178010e+03
5.431064831072064408e+03
1.142824188918519576e+04
1.075533141198781595e+04
1.099613949342633532e+04
6.444733341726364415e+03
1.402860091382248902e+04
5.353923070126316816e+03
2.596307198078410147e+04
5.186453189329788984e+03
3.498591255470609758e+04
4.704221858208202320e+03
7.816102315951506171e+03
6.562311318531546931e+03
6.686453355184485190e+03
6.823524474964060573e+03
2.363494228667161224e+04
9.816964037371822997e+03
1.100681381681812672e+04
1.405946781159741477e+04
1.189592663970322610e+04
1.569999416653667140e+04
6.095832390607967682e+03
9.182486589845244453e+03
1.358101753735582315e+04
7.351334937636559516e+03
1.103493197228105055e+04
6.944113200604695521e+03
7.275168095592477584e+03
7.611333983337992322e+03
1.810944262986706963e+04
6.007793211950878685e+03
1.387365349606497330e+04
8.891175978780669539e+03
5.910684766849590233e+03
2.287028371427445018e+04
1.021459693117226561e+04
9.066051347099164559e+03
8.047925150470990047e+03
1.614067935450399273e+04
1.908161820842247835e+04
7.846017592903188415e+03
7.390921056241227234e+03
1.261967949670687267e+04
1.747049640320777326e+04
6.205484697416651215e+03
1.888708723342908706e+04
5.018820297249911164e+03
1.443198589911689487e+04
8.391856388591160794e+03
1.132590575682562849e+04
1.049059583418290822e+04
5.381625459957149360e+03
8.611648626512844203e+03
7.266250124462414533e+03
8.600377036390131252e+03
1.560485529475450130e+04
4.669619992473511957e+03
1.326830591265369185e+04
5.771999256726550811e+03
1.704612297456303713e+04
6.292369384609966801e+03
1.210483460526946692e+04
4.793195961863624689e+03
8.392904135579588910e+03
9.532778339373700874e+03
6.292690203429256144e+03
1.131550286945351399e+04
1.684761036738058829e+04
8.920097463141984917e+03
9.304021476359968801e+03
8.161959663629031638e+03
1.797145476709613285e+04
1.004820894210948245e+04
1.369674334014005763e+04
6.594014036936672710e+03
1.666126106636909026e+04
8.881307241763595812e+03
2.884783206428129415e+04
6.055080654416371544e+03
2.363881680397225500e+04
6.326151100534381840e+03
6.561337098837861049e+03
3.303440709649314522e+04
1.407346556389651596e+04
6.920952891786878354e+03
1.411524459079642293e+04
7.968829834455463242e+03
1.683238811388161048e+04
5.540377696837978874e+03
9.594528651384571276e+03
7.812264082774731833e+03
1.312621039089897386e+04
6.160240639794576055e+03
5.898496813252553693e+03
1.448672653452356826e+04
1.095006851201053360e+04
1.847210464551232872e+04
2.043792742637569245e+04
6.518611501426918039e+03
5.855842828578543049e+03
1.118977581529293093e+04
5.644742947625830311e+03
8.177297568965500432e+03
1.300428753827619585e+04
7.866910522748406947e+03
6.005208065394271216e+03
2.880500785749181887e+04
1.087069772845467014e+04
1.252258079976992121e+04
1.932685267073221621e+04
9.078109016370981408e+03
1.486288231851936689e+04
5.384720054433152654e+03
1.577876077016070485e+04
5.222365239385225323e+03
1.046271582452842995e+04
1.595150782471157254e+04
8.904145825187286391e+03
6.553254478011664105e+03
1.280277499173542128e+04
5.896971305701676101e+03
6.750274411474146291e+03
8.991179056893503002e+03
8.534772401336635085e+03
1.210360670407261205e+04
8.351930613181832086e+03
4.225258712361748621e+03
2.824835155414293695e+04
4.967060348552689902e+03
1.198749161911121337e+04
8.490478051751069870e+03
1.857947310559032121e+04
5.389191436633689591e+03
1.358996627032271681e+04
1.462062985014562946e+04
9.363776330216171118e+03
7.740954415170281209e+03
9.617860562901585581e+03
8.377247524330428860e+03
9.922228933525741013e+03
9.819731478593883367e+03
6.561024395029393418e+03
8.871961215600498690e+03
1.277902883237538117e+04
9.579816820847481722e+03
8.758600394699180470e+03
2.382904970492082793e+04
8.576555393677099346e+03
1.270164913650563540e+04
1.062301240281915670e+04
1.353681886717841917e+04
1.081207938758288219e+04
9.045568940478733566e+03
8.104037368326462456e+03
1.196656055104827828e+04
9.357767599852722924e+03
1.649399365768271309e+04
1.989263058208057919e+04
5.693960070195073058e+03
1.624515357409554417e+04
5.594607650415913668e+03
8.455801764671214187e+03
5.413581366142198021e+03
1.471692227483514398e+04
7.734882899947972874e+03
6.716927670248241157e+03
2.513646645415682360e+04
2.552928250799017042e+04
9.850979859741422842e+03
2.284793955580152033e+04
6.050256661059036560e+03
7.888846593927073627e+03
9.305070921132830335e+03
