3.606201336285995785e+04
2.820000000000000000e+03
7.396410198747692448e+03
5.960014898755551258e+03
1.023854711472741110e+04
1.290934921837047659e+04
8.251597254305323077e+03
7.754454380455897990e+03
8.185099511787897427e+03
9.818343800821847253e+03
8.498851655634069175e+03
1.008385940807797306e+04
4.433195608700145385e+04
1.116055131515744506e+04
1.873181484569699387e+04
1.228695142230777128e+04
6.517914956270196853e+03
1.715568344902183162e+04
9.505954929629529943e+03
9.538666736993753148e+03
8.011482517784591437e+03
2.143960327561385930e+04
1.710347024978722766e+04
5.277295662756017919e+03
6.564225490779796019e+03
1.446030207267234073e+04
8.779695177516377953e+03
7.699597865988694139e+03
6.990187996270756230e+03
3.785798427183769672e+04
5.886926863392158339e+03
1.296775491897279971e+04
1.542442922275791170e+04
1.287684476882764102e+04
7.927858085570991534e+03
7.554474104671196983e+03
6.633214606976704090e+03
5.047725592465855152e+04
7.527237480176735517e+03
8.503836269882573106e+03
6.984160964545412753e+03
7.399315245579278780e+03
7.882127288602393492e+03
1.822211614496827679e+04
1.616886834490607362e+04
1.159411647172693301e+04
7.167181553677753982e+03
7.724244998630217196e+03
6.399658101014083513e+03
1.241119568277105282e+04
6.657603879920012332e+03
9.966454095844870608e+03
8.814777083246317488e+03
1.661358038486609803e+04
7.981439814695686437e+03
1.128238107753303484e+04
8.816033161952444061e+03
7.797617428252463469e+03
7.206815505844047038e+03
1.237349617000095532e+04
4.348360762937245454e+03
1.465822428810033489e+04
1.156169305166274899e+04
9.188838263474037376e+03
5.662352255874407092e+03
1.108207113679463691e+04
7.706951610674957919e+03
8.894112965722713852e+03
1.129377282997584916e+04
1.090315295101556148e+04
5.143864004925216250e+03
7.244404399021590507e+03
1.077897500775084700e+04
1.016886994531672462e+04
2.240083446360061498e+04
1.722093724651721641e+04
8.026195029359404543e+03
1.741410061344142014e+04
1.743673575837543831e+04
6.088504012493584924e+03
9.673343720973614836e+03
9.043851307689734313e+03
8.322007488998204281e+03
7.706759723862125611e+03
1.443541817457400066e+04
1.889497475307269633e+04
4.526061712695606548e+04
9.263334056613242865e+03
1.029636476507839325e+04
1.053298491297471082e+04
3.132333890389514272e+04
4.657489133855795444e+03
9.268791948579293603e+03
4.970841554106074000e+03
8.585049789836630225e+03
1.041048995796731106e+04
6.615524357887719816e+03
6.947179606999142379e+03
7.756126504671588009e+03
1.605223661256356718e+04
5.580227674816580475e+03
1.574587140545684451e+04
9.251449745019715920e+03
8.669463142175714893e+03
7.330306728257506620e+03
1.112364173348464283e+04
9.967401862980575970e+03
6.511019399663097829e+03
5.004087094331131084e+03
1.632452079813585988e+04
8.215047787502871870e+03
1.564864414517749356e+04
8.231750035279528674e+03
4.934645397105718075e+03
6.622294075496241931e+03
9.374849685559896898e+03
8.384467231661967162e+03
1.719428389966760005e+04
9.816710692347704025e+03
1.607868995334066130e+04
5.856644573756331738e+03
3.658784699811758037e+04
1.457124257437545748e+04
1.119859144459417075e+04
1.366771317266244841e+04
1.591681174963760895e+04
1.048517451621085274e+04
5.673741533387503296e+03
3.397886575656392961e+04
1.076952763365928149e+04
2.177657525703003193e+04
4.804478046179267039e+03
6.043617350606824402e+03
9.984633486009101034e+03
7.730518321247480344e+03
9.227666094284501014e+03
9.268582015375104675e+03
1.806734998574924975e+04
2.408092405230732402e+04
4.145669983517690525e+03
9.517490560015394294e+03
7.114734903478738488e+03
8.688727611031892593e+03
9.002927992233057012e+03
8.524587433767563198e+03
9.548470708666669452e+03
1.339333709955019003e+04
1.479011469994384424e+04
1.060215820209889353e+04
1.214822075973453320e+04
9.110143697834151681e+03
5.063504663504547352e+03
6.472889906554383742e+03
8.767050644013343117e+03
8.288965857374721963e+03
1.562464175352336679e+04
2.111211824387797969e+04
8.721782598799589323e+03
1.250267094563724277e+04
8.225138100084630423e+03
6.923947184778385235e+03
5.383012187571546747e+03
1.376131414353155924e+04
1.111632180394886018e+04
6.160256086017630878e+03
1.531047040166046463e+04
6.959114697753842847e+03
9.467443005871646164e+03
8.266588234176477272e+03
1.153148356056731609e+04
1.336675177915852692e+04
7.869815046290519604e+03
1.217272154376254002e+04
1.750747265769477963e+04
1.697507395803052350e+04
7.084892221009686182e+03
1.074800744483428207e+04
2.991403967686494070e+04
9.965726329449254990e+03
9.242172143873536697e+03
7.295246555871199234e+03
8.491292078241531271e+03
4.754241544030710429e+03
1.485979706347350293e+04
7.698303300099596527e+03
1.211346012819676798e+04
1.107261429466644222e+04
8.938794251629302380e+03
5.108526783504687955e+03
2.364617238893117974e+04
6.549264732038474904e+03
5.750217831151427163e+03
5.995777220593217862e+03
9.103999460059925696e+03
2.305858512356067149e+04
7.559034249028064551e+03
1.314326835895491786e+04
5.678372867975635018e+03
1.807357668447203105e+04
1.327034435157252301e+04
7.376112631920091189e+03
1.455420145657539069e+04
1.407087556430684526e+04
7.077499930047628368e+03
5.713020475437311688e+03
1.215161224783579746e+04
5.988362583919451936e+03
9.254017642340066232e+03
1.305086944742391461e+04
4.447745725252972989e+03
2.461537027614430190e+04
5.004423696075284170e+03
6.505673037558414762e+03
1.730156726532772154e+04
7.555388456451777529e+03
8.787900785771827941e+03
1.485341117154190033e+04
1.488260685838224526e+04
7.452353569915906519e+03
7.781785128741202243e+03
1.079858380822591607e+04
9.303643823734328180e+03
7.886901369293186690e+03
6.273041507645863021e+03
8.195830514223038335e+03
1.205144626073161453e+04
1.248907233994914532e+04
7.750682828886500829e+03
5.790827551085389132e+03
1.045216053817224019e+04
5.081299456213208941e+03
8.841123859113482467e+03
1.230925029853139131e+04
9.928924069208293076e+03
6.772087994795731902e+03
2.050757087005972789e+04
5.938866067597464280e+03
8.130006332489692795e+03
6.364128952425164243e+03
1.651571507225556707e+04
7.294510090571335240e+03
8.009725548420476116e+03
2.608733764348824843e+04
9.631233668031149136e+03
9.972095287632981126e+03
2.079436088376157932e+04
9.264974484034722991e+03
1.286625797849865194e+04
4.648857829918597417e+03
1.305059406740797021e+04
8.554303448667007615e+03
9.757984329069544401e+03
1.329871156172662995e+04
1.216811979568764400e+04
6.997254161929694419e+03
1.198599401416985529e+04
