3.078034014090020355e+04
2.820000000000000000e+03
7.871966781896454449e+03
5.844183780415551155e+03
7.314603438964070847e+03
1.086054387924319781e+04
9.261962360222207280e+03
7.515049808930849395e+03
7.999903221775113707e+03
9.829545575502148495e+03
5.806524306682547831e+03
1.049644203732760798e+04
3.454319679856617586e+04
5.225728916607073188e+03
1.417498040693169060e+04
1.208587610104392297e+04
7.431359763971084249e+03
1.141573122148120819e+04
2.024119992737604844e+04
5.407233964930990624e+03
6.187507108177379450e+03
1.142531432151665103e+04
6.865731929180516090e+03
1.083377386913717964e+04
1.214139929388423843e+04
7.414680468778047725e+03
5.017016026333335503e+03
9.007700448415578649e+03
5.446885876079536501e+03
8.915028247027947145e+03
1.964916195799617344e+04
2.886924649925998165e+04
1.500026529687332550e+04
5.579335665572769358e+03
1.029560415732025285e+04
6.142627113364119396e+03
7.199080144006257797e+03
8.769936835902486564e+03
2.226254141980090208e+04
3.434048463937762426e+04
1.081732143056638415e+04
4.599134865975244793e+03
3.920668127274586732e+04
1.151837422283656815e+04
7.521962131484735437e+03
8.170164016936865664e+03
5.115323309478798365e+03
1.368786629423905833e+04
9.270412280429150996e+03
7.105920043071072541e+03
6.076822002286532552e+03
1.601740322636435667e+04
5.754899066355575997e+03
1.220467658670817582e+04
1.273548569510461675e+04
4.839289218466057719e+03
6.618522721084505974e+03
2.337582362478581490e+04
1.128384564801483975e+04
9.378430496051669252e+03
7.787623817768198023e+03
1.217623377480123963e+04
1.326653370265851845e+04
2.156342529646949333e+04
1.265794976687860435e+04
7.194865734582090226e+03
5.898416271038242485e+03
1.812311508631807010e+04
4.947823402894186074e+03
1.104423148217548078e+04
1.776573536521359347e+04
4.667911512796056923e+04
7.952231663394835778e+03
5.553687538078124817e+03
1.957310864785977537e+04
1.225017835392540837e+04
1.433725214071198025e+04
1.118538698960042893e+04
1.203229902223500903e+04
1.369453040676171258e+04
1.054096171661936387e+04
1.003216315898419634e+04
8.044088007553895295e+03
5.124133235995815994e+03
1.128328521547769196e+04
2.215540774080718620e+04
1.201445587431574313e+04
9.840004435253231350e+03
6.982838547909315821e+03
1.357715085380591881e+04
1.383604925800082674e+04
4.986544657731406915e+03
4.223829148668753623e+04
4.833464501788906091e+03
1.182979252903696033e+04
7.283104132746919277e+03
8.942454013629132533e+03
1.104565245994389807e+04
9.284606574858024032e+03
8.719649858188728103e+03
7.441313338869784275e+03
7.403026832204230232e+03
9.417239988508124952e+03
2.479990063272668704e+04
6.023397015746858415e+03
5.829187513919747289e+03
6.567501116497951443e+03
1.412041236076644418e+04
8.680909803231845217e+03
1.954456395493405216e+04
6.872330806363510419e+03
5.857939730579548268e+03
1.323988678088013694e+04
5.149953557269309385e+03
3.633491509258161386e+04
7.373858062798729406e+03
5.163528014847597660e+03
2.257587826320344539e+04
6.895955767077329256e+03
2.196075325582933874e+04
7.516662004878047810e+03
8.658047685719651781e+03
1.371740870164293665e+04
7.298619709973569115e+03
9.998479258192681300e+03
8.119227270829849658e+03
2.780949000833111495e+04
1.554541386541206339e+04
1.199379534395699375e+04
5.394696809417753684e+03
4.797569017478109890e+04
1.003096170334374619e+04
1.119301414100118382e+04
1.026882320143691322e+04
7.692747184163483325e+03
1.302716606767514531e+04
8.768573130475528160e+03
1.216268688979137005e+04
1.884119025157116994e+04
4.607065965302206678e+03
9.060792523869080469e+03
5.026486617980768642e+03
6.389308088161324122e+03
6.152610999009455554e+03
7.616698274581978694e+03
9.520755414311428467e+03
9.334603733591760829e+03
1.365160592584563892e+04
6.647358352843366447e+03
1.254874705047076714e+04
5.277164964903689906e+03
1.087122432890086748e+04
2.647085431188701841e+04
6.779797675527403044e+03
7.993227616578857123e+03
2.923202877268092925e+04
8.480061215545169034e+03
1.051058264314258486e+04
1.217511930243363531e+04
6.536824362321390254e+03
1.506145498867244714e+04
4.606411240288700355e+03
1.459274534017078440e+04
9.866386098464066890e+03
4.264956988198372528e+03
1.474233210041905477e+04
1.175220835368414555e+04
9.694234710369742970e+03
1.008177362309581076e+04
1.024934789914240173e+04
1.137871529684353845e+04
6.250578233766162157e+03
8.320574151608980173e+03
1.000241838126595030e+04
1.530208788370861839e+04
7.073607709365411210e+03
8.700694072893569682e+03
1.330019531448151793e+04
6.096639913497297130e+03
2.067778414776154023e+04
9.886141595813311142e+03
1.215199475479430839e+04
1.139703208413827269e+04
1.133499011671463086e+04
5.987005027833156419e+03
1.079311418154667444e+04
1.019183036075721975e+04
9.589444549664383885e+03
7.505996889577787442e+03
9.026367198358162568e+03
6.293644894921955711e+03
1.019698037271814428e+04
2.870810465783711334e+04
5.061075829227213944e+03
7.032187084147710266e+03
1.834653423458213365e+04
9.855343394230831109e+03
7.283031400953672346e+03
5.557286235524435142e+03
7.869211347560552895e+03
6.845360286636357159e+03
1.001880816686106846e+04
1.949560563208344320e+04
5.520895245380126653e+03
1.185302667120516890e+04
8.759335539317344228e+03
4.486095628105518699e+03
2.340351620353558246e+04
1.072909298903196395e+04
5.401578927589835075e+03
1.824058572976865617e+04
5.395904870001284507e+03
8.269572715179190709e+03
6.896799885105286194e+03
2.321034347437575343e+04
5.909497696429658390e+03
9.924448754146442297e+03
1.426161251488460402e+04
2.116183976557886854e+04
3.270404001765116845e+04
1.442972752430778201e+04
7.607735451066565474e+03
1.288909949148843771e+04
8.129664460754271204e+03
6.851130084507320134e+03
1.277856404625463801e+04
1.549210519800764087e+04
6.150163357658976565e+03
1.774595605108729796e+04
7.447856220583752474e+03
6.912925825455728045e+03
1.067452598273919284e+04
8.139968056719354536e+03
9.825272867640333061e+03
5.198376914444404974e+03
4.238770930232918181e+04
6.741401851392707613e+03
7.791949154395261758e+03
1.167397170886863933e+04
8.928845975389671366e+03
1.619630926519882087e+04
5.876005680221709554e+03
1.472393665191979926e+04
5.630301668784844878e+03
5.919340210345011656e+03
1.979412180917292426e+04
5.525066907561643347e+03
8.487867915216767869e+03
7.024145157370566267e+03
1.371300199986718326e+04
1.075602347747823660e+04
8.478572374153161945e+03
1.654364321762332474e+04
5.766613639135083758e+03
1.732722729232571874e+04
8.873506994194183790e+03
