2.421107975491999969e+04
2.820000000000000000e+03
4.987817502589576179e+03
1.058880342354579807e+04
1.695448156765458771e+04
1.486787108553552025e+04
7.083768709533410401e+03
9.863772111910597232e+03
1.345542995807311490e+04
1.110299712303667366e+04
1.042288474666974071e+04
1.016125058611913846e+04
7.522751961752973330e+03
6.236979230842435754e+03
1.025525182999852768e+04
8.493803409378062497e+03
1.061874322410719287e+04
1.399833759013251074e+04
1.335785194712156772e+04
8.433866845404587366e+03
1.220062987547123885e+04
8.636483561488465057e+03
1.703171003632911015e+04
1.332552475276459154e+04
5.867375027908075936e+03
7.280997959362898655e+03
1.565101953725291423e+04
1.037530049749747559e+04
5.706936391830973662e+03
2.296941779935183877e+04
1.074744275016651591e+04
6.733121235379318932e+03
1.314387548532590336e+04
6.629770884163693154e+03
1.211650427185618537e+04
1.382727586911913932e+04
5.096339428350296657e+03
7.831865747506563821e+03
1.035300549864001732e+04
2.276939693933764647e+04
5.459540456920452925e+03
7.852578223818974948e+03
1.830629139642978407e+04
6.879240253038047740e+03
1.542789250785378863e+04
1.245065533655946638e+04
8.951298336197651224e+03
2.226245547694700872e+04
1.528031261126001482e+04
6.928267356805391501e+03
4.724185310723779367e+03
9.857468333653818263e+03
1.021702233733805406e+04
2.488228921893723964e+04
7.611838969183102563e+03
1.551978532525780611e+04
9.702412026160656751e+03
1.550809751093710838e+04
7.238797842624649093e+03
1.503659263792018464e+04
6.235656010133163363e+03
1.677997278558531980e+04
8.043295632413692147e+03
1.023741692972523015e+04
7.220404369030457019e+03
9.392555700716973661e+03
8.003270404034656167e+03
1.335923905304292748e+04
1.117190421031883670e+04
1.472754742377735965e+04
5.935315756965341279e+03
2.408177833823124820e+04
8.159783950288398955e+03
6.392831329013525647e+03
7.779668534874647776e+03
8.220224603051470694e+03
9.332045937604631035e+03
1.098052608938203957e+04
1.524146006022756046e+04
1.361262050919481590e+04
1.893974204954292145e+04
8.732108137332521437e+03
4.364220660647806653e+04
5.091381333558234473e+03
4.812720575278264732e+03
2.098998037868673782e+04
1.551717360976290547e+04
6.408744989919363434e+03
6.184622093790185318e+03
7.281783285992910351e+03
1.518184403247291993e+04
5.121570290064239089e+03
1.442726925722945271e+04
4.734187473059324475e+03
7.376573629576137137e+03
1.355543305188062732e+04
6.761807175625085620e+03
6.781365774062051787e+04
5.051905622580909039e+03
6.635625948864323618e+03
7.458525158282590382e+03
1.232625173273665678e+04
6.978983775804977085e+03
1.664460595983096573e+04
1.327560279876954883e+04
9.140555897960675793e+03
7.592450503895372094e+03
9.063049673145818815e+03
5.005137433276995580e+03
1.360784806766205293e+04
7.500651300118386644e+03
1.482646655570370240e+04
6.669236428084936961e+03
6.067482647308843298e+03
1.579183387949294593e+04
1.077685063685478235e+04
7.870342254884677459e+03
9.040744840119659784e+03
1.479599119475173211e+04
2.491655446890088206e+04
9.758742835123426630e+03
6.561239079993751147e+03
1.081747876897150854e+04
1.834309386717324014e+04
7.682473159036795550e+03
5.859807351531531822e+03
2.180868959298326445e+04
9.274847677052439394e+03
8.643094579650569358e+03
7.287470008939813852e+03
1.733957654748961068e+04
5.824345368449578928e+03
9.085954880468385454e+03
1.386846684353780256e+04
2.056354827018913056e+04
1.572264864308179494e+04
7.882995693402905090e+03
8.704334106644786516e+03
3.536364718559541507e+04
5.330073832865986333e+03
8.926671733424478589e+03
4.933202801318961065e+03
1.649581392131854955e+04
9.652221420657628187e+03
9.385178615893004462e+03
1.207865577367575497e+04
6.820109768204998545e+03
1.160531707396217280e+04
5.777669606705404476e+03
1.010273426576802376e+04
8.428297737330864038e+03
7.090857806259470635e+03
3.213278850534218509e+04
1.053153000449531282e+04
5.621979356497691697e+03
1.312092593457838848e+04
1.648891357753383636e+04
6.878057188147591660e+03
7.325483421445679596e+03
9.553022541052607266e+03
4.503367084884706128e+04
5.881990641003405472e+03
2.914673613764081165e+04
1.018004458949808395e+04
4.135857434963489141e+03
1.889913474569844402e+04
5.285222066615125186e+03
6.152123124121116234e+03
7.015262800740312741e+03
9.550185248303878325e+03
8.478935380230977898e+03
2.143836023262062008e+04
3.337750033450836781e+04
5.798692309365074834e+03
5.916771066711820822e+03
7.603324454553991927e+03
1.191789037723724869e+04
1.476088461680984437e+04
1.141907470571281556e+04
7.755350189902972488e+03
1.142379515736760550e+04
1.560762966505989061e+04
8.076885456431776220e+03
1.105602448080851173e+04
7.879308520993181446e+03
1.421054410580596414e+04
1.019750237110702437e+04
7.502543634048622152e+03
6.301115105774519179e+03
1.099862852883269807e+04
7.443312232521283477e+03
1.455526016021736905e+04
8.361673083609557580e+03
1.017284763608749381e+04
8.592152289522164210e+03
2.095786776018211822e+04
1.738082830936751270e+04
6.392199420821432795e+03
5.331293742636646130e+03
7.540866904581765084e+03
1.207472208544877867e+04
1.564241318227486590e+04
1.033805055480170267e+04
5.851604862517078800e+03
9.074647040547477445e+03
1.473939048562911375e+04
5.218291615457254920e+03
1.591968174383476071e+04
2.303187060502724853e+04
4.229384234798249963e+03
1.569928548011307976e+04
6.328155579059544834e+03
6.113208587033874210e+03
5.336293730370076446e+03
2.724443726482100465e+04
1.053160490241230036e+04
5.073290421690333460e+03
7.733893806538148056e+03
1.013295692734083059e+04
9.026578010054858169e+03
1.047076436505271704e+04
6.483420197456856840e+03
3.565614586039687129e+04
1.731070037807556946e+04
6.167494573207861322e+03
8.220378283093818027e+03
1.657937715388421202e+04
8.818601203294041625e+03
1.468309414661743904e+04
6.836605610519955917e+03
4.504891979594574877e+03
2.586513364367284157e+04
1.253461361590862361e+04
8.390487282719746872e+03
6.458616724419710408e+03
2.622743889571465479e+04
4.964791961447071117e+03
2.534805536270327502e+04
9.108639252035754907e+03
1.768048791262725717e+04
6.776983528840575673e+03
8.475441036112562870e+03
1.469045279492867485e+04
1.081441677102200447e+04
8.218603509347942236e+03
1.062660833404399455e+04
7.330998811442328588e+03
1.741881854058548925e+04
9.109659598242507855e+03
1.582763809082486478e+04
2.171440082686609458e+04
6.678309230028503407e+03
1.132700064538445804e+04
8.051136683667926263e+03
9.266216340164281064e+03
8.350172164703499220e+03
