6.136439119234564714e+04
2.820000000000000000e+03
1.255267214270547447e+04
6.364092320523621311e+03
7.894914422783239388e+03
8.256572807554042811e+03
1.274706388811522811e+04
6.319733232279617368e+03
1.338712513466611745e+04
7.704487814046719905e+03
1.087397426570738935e+04
5.634117786207550125e+03
7.803573050119904110e+03
8.033511156578194459e+03
1.382221464274838036e+04
2.167584962109018306e+04
8.902293292578917317e+03
1.066228547182545299e+04
5.630563382408450707e+03
9.958387714210668491e+03
6.717938760482099497e+03
6.459513024781546846e+03
5.039715314760462206e+04
6.791060976025915807e+03
7.661586045464518065e+03
7.935258549802642847e+03
7.161700233376634969e+03
1.513666584623595372e+04
7.899655912243473722e+03
7.828878367575666744e+03
5.659668130707199452e+03
1.985179952944549223e+04
1.895123830240737152e+04
1.086166668337463307e+04
6.624748552399136315e+03
7.345237266961107707e+03
7.207834968546985692e+03
6.147264442454074015e+03
1.685361696256504729e+04
1.709804171170768313e+04
9.115673634307242537e+03
7.508249490776262064e+03
6.391927845319150947e+03
2.986297091004039976e+04
1.260113158066474716e+04
4.503577740448774421e+03
6.404551991855784763e+03
1.204445099374253914e+04
8.881872579028429755e+03
8.092179159098497621e+03
8.722796646550721562e+03
8.243634123260395427e+03
7.894449653012094132e+03
7.949554107393397317e+03
1.079545846223339322e+04
1.188441986462585737e+04
7.723925392068733345e+03
9.819759542071944452e+03
1.140039884886242544e+04
8.516624073591652632e+03
5.386513347047230127e+03
1.578416289798105936e+04
9.376572292096987439e+03
1.377807802356047432e+04
7.632994352058540244e+03
1.501534696579543015e+04
8.092246529966924754e+03
1.208923816199362591e+04
1.743657107374026964e+04
9.685464781174629024e+03
5.892124016088864664e+03
1.016072931655252614e+04
9.013697591859254317e+03
6.797766037731700635e+03
1.224149338137872473e+04
1.282243167179734701e+04
5.466118696445895694e+03
7.064867198495962839e+03
2.616481627894555277e+04
1.082947169817932627e+04
1.495987047113335939e+04
4.918763605284941150e+03
1.240850889837597606e+04
6.583092661452847096e+03
7.417576256868112068e+03
1.532574283455511249e+04
1.047374551583346511e+04
1.298969306291552675e+04
1.893060876868475316e+04
7.077522288756668786e+03
4.701732655857462669e+04
4.744880171488355700e+03
2.159749541274670264e+04
4.300626594651901542e+03
5.107084962881252068e+03
1.671787970005628449e+04
9.730873229364744475e+03
8.934661038710590219e+03
1.094947792963640859e+04
1.450897175529549168e+04
1.127233502877669707e+04
2.172569047335297000e+04
9.086003702487385453e+03
1.005104679641677831e+04
1.160410450656124158e+04
8.045081129089852766e+03
1.409427585609643938e+04
9.298794046235307178e+03
6.024489268317225651e+03
6.966168300993076627e+03
4.489620162986710966e+03
1.860832192432246666e+04
1.063237504014674596e+04
9.621608638170273480e+03
8.559758160062463503e+03
9.685447710537331659e+03
1.406129740887953994e+04
9.702195556628541453e+03
5.106120430865157687e+03
7.720137373331458548e+03
1.041931129569476616e+04
1.244082473087386461e+04
6.401333523695862823e+03
1.246239506405410248e+04
6.040766326382964508e+03
8.176622760675782047e+03
1.482161170210209093e+04
1.098341483303586574e+04
2.686680872619052388e+04
4.931937596433101135e+03
3.037948615799608524e+04
8.911788045570512622e+03
1.389438997524728984e+04
7.649541952290588597e+03
4.781989565016039705e+03
2.827021552348929981e+04
1.317608727632849514e+04
6.749604097678005019e+03
1.484715338706145485e+04
5.411908094771316428e+03
1.855092029265715610e+04
1.034627054536302967e+04
8.219772077413126681e+03
1.504611035031975553e+04
7.454607116179497098e+03
7.285679900145804822e+03
6.520047014411536111e+03
1.008896912242724102e+04
5.660299158482283929e+03
1.280251590043586839e+04
1.275579800038791655e+04
6.668929996102076984e+03
1.115461756789515675e+04
1.019253781928082390e+04
8.601305153528857772e+03
7.287207036948761925e+03
3.610802819168748829e+04
7.369176928983513790e+03
1.005924843574850638e+04
8.094719547459777459e+03
1.460347158499741090e+04
6.102116487168445019e+03
1.140463525275496067e+04
5.412570249862877972e+03
5.092112620669826356e+03
2.347725406247424689e+04
1.711739102584004286e+04
1.016493482012243840e+04
8.637692106109559973e+03
9.553120630306337262e+03
1.460120782184692871e+04
8.270389875184322591e+03
1.770368645751431177e+04
5.516592045018602221e+03
1.250769236691996412e+04
6.962370240639240365e+03
8.345722081141440867e+03
1.350767460033832685e+04
7.191384333116371636e+03
1.390783617604100073e+04
9.397035023419986828e+03
6.850984125314977064e+03
4.887652500729432177e+03
1.631810423472087859e+04
6.929084859458994288e+03
7.789564975418542417e+03
1.822493504220577597e+04
1.531426066242879097e+04
5.764529349851251027e+03
2.752867550185332220e+04
5.730809337528480683e+03
1.747602808410727084e+04
1.413004310836643526e+04
7.840658511899100631e+03
5.519247945485683886e+03
1.366757407458786111e+04
1.846582664703165938e+04
6.211893918084531833e+03
6.891470445141320852e+03
1.204114567955563871e+04
7.677474567826588100e+03
1.162103137854190754e+04
9.708900924585566827e+03
6.376703523811533159e+03
8.414951848534059536e+03
5.146798994920081896e+03
1.196058783378222142e+04
1.457250311233172943e+04
1.617504616141196311e+04
4.525619912832938098e+03
1.179776741937949191e+04
4.969281391132775752e+03
6.224838295796735110e+03
1.643556163589415155e+04
1.085038911925721368e+04
9.296714459639661072e+03
8.888630010757300624e+03
1.177436789255692565e+04
1.023938159330839517e+04
6.757717658369792844e+03
1.254368225363530291e+04
8.794833590371119499e+03
9.901207182478594405e+03
1.432582799813004567e+04
5.245544608105761654e+03
1.119119340491388903e+04
8.753875131886092277e+03
8.777099557287801872e+03
8.032410759468131801e+03
2.477616949082454812e+04
6.136045808405087882e+03
1.994149983112136761e+04
8.344004756825313962e+03
8.663299206044590392e+03
5.668368572848929034e+03
6.302374766273913337e+03
6.202918661076207172e+03
1.262595853406932110e+04
4.944351186018203407e+03
1.682516844361115727e+04
1.211996645753155644e+04
1.184476081337154392e+04
1.328596511400689633e+04
1.542616156983145083e+04
8.046781381048583171e+03
6.136671677793028721e+03
8.090371401480622808e+03
1.475923105691304409e+04
6.905701546484709979e+03
1.152489705774001231e+04
1.192467493919653134e+04
8.926574473501126704e+03
1.720599426624679108e+04
6.399320487914431396e+03
1.348026660340425587e+04
3.666812504357365833e+04
