1.961063156959460466e+05
2.820000000000000000e+03
6.971720930653386858e+03
9.363432700873985596e+03
7.225169463312668086e+03
9.880359866688730108e+03
1.328380243067321680e+04
1.139126120922672089e+04
7.557523047943387610e+03
9.190472269128940752e+03
1.141062140225434996e+04
8.366103659291587974e+03
1.673107204381489282e+04
8.189062508896275176e+03
9.367938951502565033e+03
8.011122685455165083e+03
6.358295181052870248e+03
1.490284789120155801e+04
9.305304343146286556e+03
7.577401771501180519e+03
8.383872262190547190e+03
1.986722471700966344e+04
7.542002221725664640e+03
7.423707059196023692e+03
6.108740709469560898e+03
1.778202325320154705e+04
9.435911933364808647e+03
8.443240275809941522e+03
5.882486483649259753e+03
1.463535133659134954e+04
6.753631687668364066e+03
8.666381204124978467e+03
1.064028821541754587e+04
7.592196022762840585e+03
1.511046734106502481e+04
6.651108934648886134e+03
8.277229880053550005e+03
5.397272545590892696e+04
6.559528216269891345e+03
1.478606167727249886e+04
6.483057411011290242e+03
7.319158589629156268e+03
1.201756141355546606e+04
8.806481682613786688e+03
1.253738411967585307e+04
9.772953656504145329e+03
6.169556475008126654e+03
7.230796759823830143e+03
1.022984401449806683e+04
6.335058463316569032e+03
9.489671762282861891e+03
1.024585464459699506e+04
1.487361753709958612e+04
2.498534138388780775e+04
5.819296503566193678e+03
1.290875302321074196e+04
9.635586606190485327e+03
8.673543258120953396e+03
8.286905868325098709e+03
1.157395868734824217e+04
5.502999228930248137e+03
9.418894783534578892e+03
1.296914976824931182e+04
6.218578608957861434e+03
6.230084355921442693e+03
1.118686021270818128e+04
6.585924909179257156e+03
6.413732038774398461e+03
5.179518612848441990e+03
1.858085861020875018e+04
8.405096348986226076e+03
2.831213571306355152e+04
1.183791446292324508e+04
5.485245677268729196e+03
7.018547258816284739e+03
1.812660676861244428e+04
9.091944516708346782e+03
1.321580266864442819e+04
6.180150099068920099e+03
7.939010502122016987e+03
8.180140052943997034e+03
8.274166478778844976e+03
2.080035287192011310e+04
5.675514812786478615e+03
8.016173345629727919e+03
1.852542066927482665e+04
1.481625198732786521e+04
6.290408218725231563e+03
6.813737424858622944e+03
1.086667907246538925e+04
1.602683392426174214e+04
4.910054364356834412e+03
1.909874966094815318e+04
5.159035393724790083e+03
1.030964147122746363e+04
8.906889307780173112e+03
8.048017753922612428e+03
1.294716930036351368e+04
1.475509814316169832e+04
8.894842975746229058e+03
6.553491992383542311e+03
1.159827404461337210e+04
1.052632695992877052e+04
8.035744940325475000e+03
1.348106991006677526e+04
8.430842231853683188e+03
1.148612033630065162e+04
1.064487164651778221e+04
5.976212843414101371e+03
8.906893007472179306e+03
7.572805651508029769e+03
2.002839660774533331e+04
8.007784745759850011e+03
7.619801137814920367e+03
1.655491827598433156e+04
6.704517083819002437e+03
4.323813535236016833e+03
1.397326135155818156e+04
8.379991105470297043e+03
1.449422480844572601e+04
6.092590251030690524e+03
9.006878456179554632e+03
1.226437066176156259e+04
8.279748432953618249e+03
1.351502192630995341e+04
4.830174566315958509e+04
5.920551100856193443e+03
9.544466207005445540e+03
1.078752835780525129e+04
1.127730261562439591e+04
1.913251081815274301e+04
6.448744856145514859e+03
7.081358388413539615e+03
1.389626318216126310e+04
7.462369508435615899e+03
6.072512242995693668e+03
8.685845795858705969e+03
1.390785272108339814e+04
1.040483483112290378e+04
5.547809824258160006e+03
9.078832842474157587e+03
8.844032937703064817e+03
6.147978333230490534e+03
8.785549711740713974e+03
9.346719268024151461e+03
9.586293918384340941e+03
8.343322479427108192e+03
1.060020954112306754e+04
4.976155362542735020e+03
1.078654508546212674e+04
1.078360133604497605e+04
5.955722651125756784e+03
1.755573107867263025e+04
9.530542856509313424e+03
1.409959048006087505e+04
1.074672220587886841e+04
1.522593084579386050e+04
1.435746758313867213e+04
1.107199273064131012e+04
1.202549937434749154e+04
8.373441219647469552e+03
6.284629967516566467e+03
1.446471705965737601e+04
6.021672106565811191e+03
5.795944367232939840e+03
1.769935568632165814e+04
1.138796070471957501e+04
6.883595014379812710e+03
4.207753449754253961e+04
1.683377233805484866e+04
1.067014244044852967e+04
8.035145140173740401e+03
9.900789045639257893e+03
5.380890448977928827e+03
1.247810637838698858e+04
6.385499164241842664e+03
7.397900719444323840e+03
3.514882451815048262e+04
6.202890727593708107e+03
7.746550261972589396e+03
5.208298320576667720e+03
7.891423048875013592e+03
8.103656076293850674e+03
1.349812640287237991e+04
7.859730669035959181e+03
2.249793510661190521e+04
6.735092791652245069e+03
1.273118375731831111e+04
5.303246511339410972e+03
2.139786053111349611e+04
5.722897436336717874e+03
9.066814804554773218e+03
1.052055269957920245e+04
5.434634285530422858e+03
2.241183027726536966e+04
1.016771150978338119e+04
1.555174123135300761e+04
6.204809033024823293e+03
5.457366642262564710e+03
9.879279127987399988e+03
7.679884195474620356e+03
1.161076379451747562e+04
2.122528176082277423e+04
7.515094978564211488e+03
5.336652119678898089e+03
7.914257387605113763e+03
7.656554480579477968e+03
6.923633675625887918e+03
2.535609976916869346e+04
5.001195223186677140e+03
9.154182736900900636e+03
6.626160979069764835e+03
1.328863708063845297e+04
1.926302403214741571e+04
9.712463648914901569e+03
1.000090229442040072e+04
1.587052474563470969e+04
1.766513105718112274e+04
9.516194965866239727e+03
9.683122153637799784e+03
1.272605566432421438e+04
9.998469955513068271e+03
1.700133209993111814e+04
1.103569914214162054e+04
9.042546245592162450e+03
2.541309109663885101e+04
6.934307550367891054e+03
1.192302630463718924e+04
1.226088948531011010e+04
2.475803817182839339e+04
6.172321487165396320e+03
1.126326334616990971e+04
5.449587155792716658e+03
9.372399277157190227e+03
5.621043708004152904e+03
1.395214729836622791e+04
6.699022890069987625e+03
1.342081052103495495e+04
8.010122945643500316e+03
1.319983659946245280e+04
1.513540613359645613e+04
7.991595670114780660e+03
1.287243495530753717e+04
8.505650861357520625e+03
1.005332784873299170e+04
9.812352736093087515e+03
1.612755297875724682e+04
7.812481539269911991e+03
4.765784777451584887e+03
1.704851107815676369e+04
2.458646223518194165e+04
5.433377202204417699e+03
1.354733443315031946e+04
9.634794123376461357e+03
1.209871043825656488e+04
1.348486160331848077e+04
