4.438868515829952230e+04
2.820000000000000000e+03
6.917107762569026818e+03
6.642964526701383875e+03
9.480709770959894740e+03
7.879990421988683011e+03
1.435482712824727241e+04
1.175094315208342050e+04
6.077082312537449070e+03
1.333072078046326533e+04
7.276919752256265383e+03
1.143556519292476514e+04
1.021697273779675015e+04
7.662632482374489882e+03
2.074770658044897937e+04
7.670408977098159994e+03
1.199574866434253272e+04
8.184747732213339987e+03
2.365497499860603784e+04
7.017752795447771859e+03
1.169560240960785268e+04
1.871639658197452445e+04
5.291969324975118070e+03
6.555876072084161933e+03
1.144043211876141322e+04
6.354813149328474537e+03
6.953236326779294359e+03
1.440500400877324319e+04
8.599441873919371574e+03
8.606566000665319734e+03
7.806910762927237556e+03
1.113243122709169074e+04
8.680865501360702183e+03
6.461802794575481130e+03
9.416765806426221388e+03
1.111493904086369002e+04
9.626077101200866309e+03
1.385227712983353922e+04
8.753951385769640183e+03
1.196332300471414783e+04
1.119069969288183347e+04
4.976851187714633852e+03
1.988144137772370232e+04
1.366155883655247999e+04
1.342652011027677145e+04
6.454973104883452834e+03
6.227767844420983238e+03
1.273149029300851180e+04
7.054703998423484336e+03
8.173290341381147300e+03
6.380087124055904496e+03
1.373537847378359584e+04
1.069849202513753517e+04
1.065423606494520936e+04
9.684641471819850267e+03
9.983572535253901151e+03
8.559606947408705309e+03
1.460475876866675753e+04
6.784503298082637230e+03
6.585295739166143903e+03
1.007108003257238670e+04
1.063121639691389282e+04
2.523726996116138253e+04
1.060344207884584648e+04
6.175080163248235294e+03
1.027107663144308754e+04
1.430755337338639765e+04
1.081006236168643045e+04
1.796706740944669582e+04
9.606784479105532228e+03
9.025418561070408032e+03
7.342073427452878605e+03
2.597645746468361540e+04
6.185335702684704302e+03
1.387186116865726035e+04
1.264897745778102399e+04
2.768385945442271623e+04
8.785830658648417739e+03
6.474171908153460208e+03
9.661622501190096955e+03
1.024959065937897321e+04
7.275452045328871463e+03
8.467776335019136241e+03
1.005939360485794168e+04
7.994380349090087293e+03
7.840581069559681964e+03
2.015435778335520808e+04
6.639646642176359819e+03
9.444612943758635083e+03
7.810851334467990455e+03
1.111281368187890803e+04
5.600830075040542397e+03
2.101704616522121069e+04
4.150704380924483303e+03
7.037294389320953997e+03
1.554297601240677432e+04
1.117199526614154456e+04
1.122683636194904102e+04
5.938650279162240622e+03
9.424465097881289694e+03
6.570993813430755836e+03
1.041446870258318449e+04
1.846909647840203252e+04
1.576741532135039233e+04
1.386353906512989124e+04
8.530962766706543334e+03
5.177337792492417066e+03
1.215569493308626261e+04
1.180989137690832285e+04
8.595687261923183542e+03
6.183736666278289704e+03
8.722222787126556796e+03
1.281799229104443839e+04
6.331740404971826138e+03
3.130939471447949109e+04
5.478350242818156403e+03
6.785485982077453627e+03
1.544445914517871643e+04
5.372050818815279854e+03
1.090640194613404492e+04
1.684385112116683740e+04
7.869492019785532648e+03
1.351060892684634564e+04
1.592999775807345213e+04
2.994636266933050138e+04
7.921046406313123043e+03
1.574400356584591282e+04
6.199334064361812125e+03
1.279569803413462432e+04
6.264005378993530940e+03
2.803916285672148297e+04
8.274899728361282541e+03
8.075815524984323929e+03
6.110289067837261427e+03
9.655995905737421708e+03
1.335921073010554755e+04
1.260245959726405999e+04
1.347011373615281082e+04
7.633678617779903107e+03
4.676388686815249457e+03
1.748074278859193873e+04
4.693187333644578757e+03
1.916366450235184311e+04
6.410316415815319488e+03
1.807509534040930885e+04
7.539493982771346964e+03
8.052301551039026890e+03
6.332096541341718876e+03
5.802608163712395253e+03
1.442535325938544338e+04
1.018765365489523174e+04
7.258966051923169289e+03
7.750802689317740260e+03
6.719330416780968335e+03
5.735689616019961250e+03
1.265948251642299692e+04
2.454619561354289544e+04
6.822350237842644674e+03
1.109288562155286127e+04
1.362479920822320855e+04
1.388018124754251221e+04
7.625587470454584036e+03
2.262849709811681532e+04
9.374152953213877481e+03
4.160039481699999669e+03
1.744115165393856296e+04
1.098930586805102212e+04
6.616064523108796493e+03
1.480166581448892066e+04
6.016047083467159609e+03
1.335842871681524957e+04
9.073384428459929040e+03
1.058437069668411095e+04
8.580740803060967664e+03
1.104141460690856002e+04
1.351067362062838947e+04
9.470319866554671535e+03
2.068403572634542070e+04
4.835355807556101354e+03
1.405153506283171373e+04
1.240352217382446543e+04
9.267182242144310294e+03
8.673726511088421830e+03
1.116644925020506707e+04
1.645817716321399348e+04
7.365764352618914927e+03
6.133192628144992341e+03
8.025859193034643795e+03
5.185257343414366005e+03
7.955793235181377895e+03
1.690480423736416924e+04
1.184459727935846786e+04
1.643095294032476886e+04
6.159575006738186858e+03
1.524357530844366011e+04
1.123345953800004645e+04
2.899554464728934545e+04
6.694572338296387898e+03
5.997224659150832849e+03
1.056211387040233967e+04
6.776568774545832639e+03
5.859989627420432953e+03
1.458480818034832009e+04
5.663021566164287833e+03
6.521260830929817530e+03
1.052604607789674992e+04
6.670463144828785516e+03
2.539207755618285955e+04
8.285351498818423715e+04
4.677601091549298872e+03
8.353082685615510854e+03
4.672321465676581283e+03
9.248160001916305191e+03
6.763113517437677729e+03
2.339645107521622049e+04
1.058624864077269740e+04
1.299928860149296634e+04
1.552456981775004897e+04
1.058885128817462828e+04
6.677496618009618942e+03
8.552911274127094657e+03
8.199228289164588205e+03
1.774318172849611437e+04
6.288694279765019019e+03
1.638976663177672162e+04
1.378518164237373639e+04
8.050169229411294509e+03
7.711051229584329121e+03
2.520884635451952272e+04
6.318739273451972622e+03
6.192181638885072061e+03
1.338974938732002011e+04
9.291371660068420169e+03
1.589986061028458607e+04
5.212667739643709865e+03
1.129293152634965736e+04
1.262747904812746310e+04
8.634950547444877884e+03
3.583872569007952552e+04
7.169898395558565426e+03
2.025835867463237446e+04
4.376047954876719814e+03
1.315933304297900213e+04
7.635244775701450635e+03
9.648012007151028229e+03
9.899962343532877640e+03
5.813471793087222977e+03
3.452808842782206193e+04
5.386576455891314254e+03
1.844860651955640787e+04
1.548299535814939009e+04
7.262872593031471297e+03
1.755130711974091537e+04
6.844722171834589062e+03
1.041508542756376119e+04
1.335779991751910347e+04
