3.939825862020315981e+04
2.820000000000000000e+03
5.538377094122377457e+03
7.420143237007322568e+03
9.109918650468396663e+03
8.008015965609089108e+03
1.142812684697889745e+04
8.784514111954129476e+03
1.385789616645176102e+04
6.165800734939928589e+03
9.874338481298163970e+03
1.818365700962740084e+04
1.265673226357701424e+04
8.425393339906822803e+03
7.163567604504632982e+03
7.360727641842213416e+03
1.419188526957919930e+04
1.406654639982388653e+04
1.878551690139600396e+04
1.091597382625085811e+04
1.693337982712363009e+04
1.276766029106690985e+04
9.271236684465035069e+03
5.973909970262640854e+03
1.220616372550700908e+04
8.479238815244683792e+03
5.440712123019089631e+03
1.607154219049784297e+04
5.137190829602383019e+03
8.817354161662691695e+03
1.423720566346235137e+04
1.893583182214571571e+04
2.989998039004280145e+04
6.491078029745349340e+03
2.002830998073169030e+04
1.313288396913951874e+04
5.877399809758317133e+03
1.843937628438424144e+04
1.085600986765782909e+04
8.278067055985153274e+03
1.296871701424718412e+04
5.399972733510992839e+03
1.025240897860142286e+04
1.337404601782119244e+04
1.521187293513105760e+04
5.931453165495986468e+03
6.379428934796305839e+03
7.499144704825324879e+03
1.132699480777628924e+04
1.409072525954345110e+04
5.079919174094329719e+03
6.829792870289160419e+03
6.274831996258606523e+03
1.460710027693455231e+04
6.382783950926049329e+03
1.733463743493183574e+04
5.945025354129633342e+03
7.969642949864112779e+03
7.662091604510429534e+03
2.210888192630406047e+04
5.413119518660917493e+03
1.659015658653788705e+04
1.974601828981531435e+04
1.149402243354700477e+04
1.152634688615525010e+04
9.510675302881631069e+03
6.470770286768326514e+03
1.818736351527314400e+04
7.136928809895384802e+03
8.811948325941362782e+03
5.794283502066882647e+03
1.321160418076515452e+04
1.392979950494697368e+04
6.397974122766985602e+03
1.063513297333723312e+04
1.680807942111313605e+04
8.718266103579844639e+03
9.153139309200932985e+03
1.829132073444856360e+04
6.229986470927398841e+03
1.341926330744578991e+04
1.219664491993951378e+04
1.568040781029194659e+04
9.534762639824526559e+03
5.762732450178424187e+03
2.260398409733477456e+04
1.262799704961548014e+04
5.140243626835926989e+03
7.196927714345734785e+03
1.095698250937321427e+04
2.368513102992587301e+04
4.788742833116362817e+03
1.336717271694961892e+04
4.180862260383194553e+03
1.279103000977996817e+04
3.258570147342790733e+04
7.506381692491064314e+03
1.072129975514133730e+04
7.888206148641619620e+03
1.579832112790546125e+04
6.849860164431313024e+03
1.282592769244676128e+04
1.023262768865727230e+04
6.693740261634906346e+03
1.521247793687315607e+04
7.598352592025942613e+03
7.328779010597832894e+03
1.035693301013189557e+04
5.210872165628070434e+03
1.244786572043165324e+04
6.951516210396364841e+03
4.324737421440166509e+04
2.104759216550912606e+04
6.079548495916128559e+03
8.067973752277024687e+03
1.209576665148863322e+04
9.222267823396126914e+03
8.011806943532978039e+03
7.557990761540742824e+03
2.294089090843960730e+04
1.323836658400210399e+04
7.077697143714420235e+03
7.391943693489274665e+03
3.223149968102390631e+04
9.724783426555024562e+03
1.718426911082552760e+04
1.116719051676985691e+04
6.549932387321562601e+03
6.054782602968658466e+03
6.721762676473703323e+03
1.376379042083850436e+04
6.381794576692016562e+03
1.622507491126943205e+04
7.088653858311853583e+03
7.110068269199288807e+03
3.183534202148738405e+04
1.555701634373917841e+04
1.128808347552495798e+04
1.618928786544374088e+04
4.394218195910316354e+03
8.193186944752422278e+03
5.830525546759965437e+03
2.370506185803998960e+04
9.823549222374844248e+03
6.635949602421398595e+03
1.227050290765502723e+04
9.079759330490673165e+03
1.510821650070336000e+04
7.987290580631545708e+03
8.348737326825705168e+03
8.575121663167317820e+03
1.027374281928021810e+04
9.715865522557272925e+03
7.566165124366333657e+03
1.007234938642234192e+04
8.953469052824872051e+03
2.060925813666924660e+04
7.229372984980415822e+03
6.625584470572998725e+03
1.344827166235200821e+04
1.628687078340197695e+04
5.649363395159681204e+03
1.277808309407026172e+04
1.005199131349240815e+04
4.868107536724925922e+03
9.983629718223262898e+03
6.131209670003992869e+03
1.089046362663017135e+04
1.213406931058888949e+04
1.532252811216217924e+04
9.805273649788228795e+03
1.004078220197226256e+04
1.736213539377791312e+04
5.884610304041956624e+03
8.098703041970181403e+03
1.400980267060713595e+04
5.997607688329578195e+03
8.394440074909667601e+03
7.001409048737310513e+03
7.778993878029726147e+03
3.456426329258503392e+04
9.028965842028683255e+03
5.368196585546172173e+03
3.909631837988916232e+04
1.112735683969221827e+04
1.111016544015445106e+04
9.650513497258843927e+03
6.443477714470177489e+03
8.218925682233551925e+03
8.722204422028629779e+03
1.235191364427769076e+04
1.079336240863632702e+04
8.171995224372538360e+03
7.698906795399310795e+03
1.084501182504262215e+04
1.686139329659255600e+04
1.947124648532669016e+04
5.687499015148221588e+03
7.432154436436267133e+03
1.676937551737910690e+04
6.183286743324059898e+03
1.716649195091735965e+04
1.180870058780066938e+04
5.331514040953385120e+03
1.145410863452588455e+04
1.153929133168027147e+04
5.798307440572632913e+03
1.056017622950662917e+04
2.595793866660745334e+04
4.502691120402088927e+03
1.092775290551774015e+04
4.475287373282606495e+03
1.239623547626330947e+04
9.276791648784834251e+03
2.177529514674236634e+04
1.624451849873574065e+04
8.430595611792305135e+03
1.099319178426775579e+04
5.704654145901030461e+03
1.384652095583980736e+04
4.696423672559262923e+04
4.640660772272059148e+03
1.270455311079340390e+04
1.025932978587896650e+04
6.241218002105545565e+03
1.409634698560154902e+04
9.333063192755484124e+03
1.070389830441329832e+04
1.369499063069582007e+04
6.039451358717606126e+03
6.296765672856540732e+03
1.789215642576276514e+04
1.148149359159807318e+04
8.233474741627404001e+03
4.480601963104844799e+03
1.207433414654386979e+04
1.888555836963850015e+04
6.918441721308687193e+03
8.593792198840634228e+03
1.453514252329651208e+04
7.105542813980452593e+03
9.294383792882765192e+03
1.974915990437889559e+04
8.359631307115050731e+03
1.436937032297684709e+04
6.657609050809638575e+03
1.185152238402263720e+04
1.723705987992309019e+04
5.394413155148155056e+03
1.159653207912690232e+04
2.158914695603856308e+04
6.046661205067175615e+03
7.058557653999542708e+03
9.067019576004113333e+03
8.579406935772494762e+03
1.135647670758931235e+04
