4.865385736559468933e+04
2.820000000000000000e+03
6.395403163082866740e+03
1.206917371267142335e+04
6.942000945897890233e+03
6.270462347420219885e+03
1.299700033534069007e+04
9.068047418943770026e+03
9.199684106091164722e+03
1.078949869171921455e+04
1.419761152397664773e+04
7.772163318018239806e+03
4.306044708033642382e+04
7.462174736489811949e+03
7.006624251412344165e+03
9.745117908864456695e+03
1.516754120647277887e+04
1.165583613360069830e+04
9.000877248255383165e+03
1.172549405755265070e+04
8.770734787985773437e+03
1.255358803061272192e+04
1.169315599949574062e+04
8.766185396614120691e+03
6.163007223210453958e+03
1.410135834630443787e+04
9.521927758687510504e+03
7.646460789548788853e+03
5.173709575184824644e+03
7.858794740810274561e+03
4.839557169950252501e+03
1.917895451216178481e+04
3.412840440041395777e+04
5.465124631235014022e+03
1.276046656071349389e+04
6.556364959549962805e+03
6.966611504820811206e+03
1.204829748756955269e+04
6.411225466842875903e+03
2.718170485484517485e+04
9.200899750659729762e+03
7.166833857115748287e+03
5.605264169556681736e+03
8.682247887214372895e+03
1.319321577337442613e+04
6.729295307354037504e+03
6.162252695513038816e+03
1.208783418687540507e+04
1.030259802358785964e+04
9.565084426327102847e+03
1.189931919559339804e+04
1.383881526800621396e+04
7.646355035397469692e+03
5.978490046598579283e+03
5.961315734290294131e+03
1.132731393346029472e+04
7.591486582792544141e+03
1.494932367932733723e+04
6.217688897533318595e+03
1.055343894680574522e+04
5.914619773864372291e+03
2.834508173920278205e+04
1.138575745561479744e+04
8.897827636200920097e+03
1.185318115461061279e+04
1.794706960650028486e+04
1.268865218312509205e+04
7.441790407240070635e+03
6.825701913437846997e+03
7.392669698954830892e+03
5.813173376582500168e+03
2.853482176585021807e+04
1.000948528652674213e+04
5.424395637125042413e+03
3.356481208044379309e+04
8.627923655066573701e+03
8.548311639104747883e+03
2.251180236027691353e+04
1.472725910896103778e+04
1.265878479366107786e+04
1.091476317234114867e+04
1.068171843111261114e+04
1.897142624955348947e+04
4.976373712436579808e+03
1.506150563175889874e+04
9.850470332847344253e+03
7.165954216081822779e+03
8.332062279541340104e+03
8.174878947615923607e+03
8.526484064466236305e+03
1.402958983559815351e+04
8.140359890361450198e+03
3.927583772209406015e+04
4.316420894076949480e+03
9.029708865175874962e+03
1.151413102837836959e+04
6.719002579014410912e+03
1.772600271757104929e+04
6.384822660512204493e+03
1.111367604455193396e+04
1.521594109341349395e+04
1.188012314691877873e+04
1.211632760705061264e+04
7.223197650950224670e+03
1.146677665439389602e+04
1.224281568337864883e+04
8.256531592674717103e+03
1.000815734803749729e+04
1.018666021905926755e+04
5.492693549680772776e+03
5.147114114614508253e+03
1.792619460686514503e+04
9.238133203130324546e+03
6.211470404795830291e+03
1.278698175552552493e+04
9.867909770971991748e+03
5.706617037419591725e+03
1.275906239372673917e+04
5.574657573399615103e+03
2.502749676583039400e+04
9.248218943358893739e+03
1.489423882679225426e+04
1.117943116617510350e+04
1.020228470631805976e+04
1.027822506732476904e+04
6.548032628392280458e+03
6.894647297234998405e+03
1.070053589101137914e+04
6.861040837726048267e+03
5.381410219456751292e+03
1.012377941844301859e+04
1.784291173817676463e+04
7.469914025403896630e+03
1.113596110480513744e+04
5.096619300941882102e+03
1.220314098719334106e+04
1.091358672589244816e+04
1.795322465236017524e+04
1.340205890145188278e+04
5.091211676931894544e+03
1.957666970261878305e+04
5.374371081083844729e+03
1.001074956485415169e+04
1.023120361606628103e+04
7.746414217956492394e+03
6.287681377531585895e+03
1.178341548458237958e+04
1.510460101755149481e+04
7.958127050447797046e+03
2.205013128368126127e+04
1.457478493968535258e+04
6.392273336170179391e+03
1.799459646204621822e+04
7.741408684142219499e+03
9.839437436109597911e+03
9.686955836883415031e+03
1.039530587071181799e+04
5.387144163519615176e+03
1.181917214139827593e+04
2.513602981754778011e+04
1.059487862208889601e+04
4.979073093659512779e+03
1.257403536549172350e+04
1.129045416182022564e+04
5.479737025059024745e+03
1.626774349072015866e+04
5.827907731016611251e+03
6.416229465323753175e+03
9.073498407676743227e+03
7.401695495420591214e+03
7.780005277211514112e+03
8.986828675380002096e+03
9.324362419001741728e+03
1.872661269081653882e+04
2.004438838844968632e+04
9.836502197002757384e+03
5.861018826748610991e+03
1.362082849093715231e+04
5.781407172781069676e+03
3.721794273348811839e+04
8.061877181971773098e+03
6.250001765610984876e+03
4.703266797010773189e+03
1.847966113429860707e+04
1.413006488418383742e+04
7.284468824908474744e+03
7.260213541101808914e+03
1.018631905338895922e+04
6.440521040261663074e+03
2.033327218723218539e+04
7.799252203362655564e+03
9.535989250735454334e+03
3.212643023571065714e+04
5.621844049000019368e+03
9.002361515052089089e+03
1.031912295324727893e+04
2.092797352415680507e+04
6.682819837265249589e+03
7.760962486232572701e+03
1.840295581626103740e+04
9.379297067583520402e+03
7.702657173649181459e+03
7.374193759741727263e+03
7.000982844401553848e+03
5.560335400296968146e+03
8.649397424751728977e+03
7.596097777288444377e+03
1.427338008807603001e+04
2.837385930526303491e+04
6.766750467226918772e+03
9.960376202711133374e+03
4.708718440138440201e+03
5.599538786229015386e+03
1.013021266788640060e+04
1.020865290796548652e+04
9.469552027795616596e+03
7.035830972474722330e+03
1.115604573439059641e+04
6.672136231835165745e+03
3.389118744911711838e+04
9.121596119117752096e+03
1.111591238838662139e+04
1.193784943432285218e+04
8.690142635923879425e+03
8.031819791528911082e+03
3.655131059340211505e+04
6.162778273417621676e+03
1.180881563264790384e+04
1.050016837184489123e+04
1.275066281396873092e+04
6.945882924401029413e+03
1.040887610460871656e+04
8.342481541614393791e+03
1.220331946140245054e+04
5.970114143657398017e+03
6.717795602252506069e+04
1.040158579519849809e+04
8.572573705168575543e+03
7.339472210728176833e+03
2.086625367670616470e+04
1.898492519516472748e+04
6.788045459744688742e+03
9.223831988529109367e+03
6.021168402135916040e+03
7.992974567465121254e+03
1.346541577433494058e+04
1.604544043592290836e+04
2.628342321357407127e+04
6.788414566586724504e+03
6.072565193797644497e+03
1.959100235139133656e+04
9.049820801386007588e+03
7.509123448414858103e+03
6.153672892936674543e+03
6.120152435087911726e+03
1.489933228651566242e+04
