4.236078356399206677e+04
2.820000000000000000e+03
5.562280854629510941e+03
7.736631356081651575e+03
7.657948410293648521e+03
9.415004629465280232e+03
8.853196710012041876e+03
8.753108604656867101e+03
1.047616543275198637e+04
1.211853723971765976e+04
1.610096069999105748e+04
7.969731385098200917e+03
7.204578982032337080e+03
9.396743646084118154e+03
7.293591876935374785e+03
1.158357275181771911e+04
8.740569993307093682e+03
1.957563427264839265e+04
7.450218772779306164e+03
8.019502974157080644e+03
2.197173116210088847e+04
7.535062342700923182e+03
7.646510955036862470e+03
7.269144328838789079e+03
1.678780292733973329e+04
8.098551223984315584e+03
8.300381399040736142e+03
1.252682748937544238e+04
5.296729223901922524e+03
1.102637366753233437e+04
8.477478012356797990e+03
1.699564705161470556e+04
1.772986397454626422e+04
1.120156756473258429e+04
5.511504099126816072e+03
6.708389978808751039e+03
1.034661174252446654e+04
1.085399441961180128e+04
9.948490804852001020e+03
1.379891488892152483e+04
8.079310858410761284e+03
6.606053839461877942e+03
9.064290506881283363e+03
1.216923980031682731e+04
2.098004631597349362e+04
8.961178355410316726e+03
7.666569933740079250e+03
7.779094895273517977e+03
1.655908702794565397e+04
5.258773321643473537e+03
5.631093485098281235e+03
1.420503608691297813e+04
5.946975278439069371e+03
1.305077695460497489e+04
7.375412470506073078e+03
1.840514285075540465e+04
6.411601222152225091e+03
9.331876769850447090e+03
1.702459960336812946e+04
1.215345925447962873e+04
5.136742668751738165e+03
1.280517119392833774e+04
7.614739667072498378e+03
1.200807625518697751e+04
1.177577868462136212e+04
1.194494535912678111e+04
1.113519889267314284e+04
1.915098027702965192e+04
7.588411806551262998e+03
9.446649026729046454e+03
1.740476881963627966e+04
6.517252828457698342e+03
9.550683499660288362e+03
8.660134203486901242e+03
7.276226782554835154e+03
1.043869521463119963e+04
1.040171851387499191e+04
9.063922737719884026e+03
1.827684597642429799e+04
1.230912525756328978e+04
1.027257056497203303e+04
5.413881880109132908e+03
1.869866354511975078e+04
5.425738460968976142e+03
7.544840041237780497e+03
1.618468456130188497e+04
1.130976390298600927e+04
1.737418007461421803e+04
1.664114150706660439e+04
6.510995139933220344e+03
1.307453101925911324e+04
5.476553730011535663e+03
1.859333752196209389e+04
4.254005672817685081e+03
5.093080340617052570e+03
1.115004229245862916e+04
9.500179861352564330e+03
9.117087849880697831e+03
1.940291048299394606e+04
9.322779581141541712e+03
6.237446793595670897e+03
9.205267035897069945e+03
7.142798460598004567e+03
1.030545832517679082e+04
9.493136395727531635e+03
7.044770190109243231e+03
5.553150709207357067e+03
1.154687802458724946e+04
5.139727639885466488e+03
8.266650616124132284e+03
6.430541585816373299e+03
3.525698575015294773e+04
7.841745274317364419e+03
8.102137528554931123e+03
1.665141511866579094e+04
8.535616474329995981e+03
6.734329826629189483e+03
3.222248418690350445e+04
8.635449676954212919e+03
1.241760296849988663e+04
1.137590153849698982e+04
1.290793104313340336e+04
7.803198120862290125e+03
9.250403522018077638e+03
1.012004067926592325e+04
8.069404060338950330e+03
1.096966005858035351e+04
5.587804309882598318e+03
5.008538702304099570e+04
6.490645407034911841e+03
1.119595552470559960e+04
5.351231165715233146e+03
1.177265194449704359e+04
2.141069325273244976e+04
6.932137478514760915e+03
1.449724414934799461e+04
2.366861434164470484e+04
7.105362363815233039e+03
1.220022823455588150e+04
5.424466581747371492e+03
1.194630204271462208e+04
9.523099964840857865e+03
8.698015822447323444e+03
9.079756755696482287e+03
6.238828209625705313e+03
1.206107746025234155e+04
8.661118788383204446e+03
1.012972823664051248e+04
8.078479613664484532e+03
1.912737982703259331e+04
1.320339671216311217e+04
9.165177547295121258e+03
6.925248348264174638e+03
7.493245675781418868e+03
5.477238450859945260e+03
1.826885140669986140e+04
2.316660742658970048e+04
7.193436708762439594e+03
1.279916161410135282e+04
1.356734045208192765e+04
1.231714796199438933e+04
1.068507145873523405e+04
9.323876290683609113e+03
1.269989473413478481e+04
4.367306312773242098e+03
2.724298180540061730e+04
7.514880831110494910e+03
6.304893614575178617e+03
6.317679676691790519e+03
6.976211133700198843e+03
1.023467558623167315e+04
1.539589537335995556e+04
2.292656616298127483e+04
9.760463895206503366e+03
1.241035072373794901e+04
1.065404222993156509e+04
1.988973065596889137e+04
1.300301119582232968e+04
6.238534830743950806e+03
7.386772874674494233e+03
5.715283271303680522e+03
9.527476143591564323e+03
5.417045856324592023e+03
1.316453602619608500e+04
1.690219758345384616e+04
9.280551644809920617e+03
7.396821539876075803e+03
7.384499908835451606e+03
8.943364054718862462e+03
2.371026979285204288e+04
5.300679970096820398e+03
9.831664123184265918e+03
1.239799552941985348e+04
5.336894112102530926e+03
7.576350996088969623e+03
1.513620371424767109e+04
1.154216922883897860e+04
6.303269317201754347e+03
6.816153978621848182e+03
2.369073170846520588e+04
5.264973134346940242e+03
9.993367398693819268e+03
1.599288376132362464e+04
1.028785068528013107e+04
1.677628926090692767e+04
6.685433759073373949e+03
5.787486329156180545e+03
8.620354502013866295e+03
2.760488480519206496e+04
4.678588004743393867e+03
1.936471917784322795e+04
4.444580032170732011e+03
5.305000181578712727e+03
1.107940395482852909e+04
1.281966817722501582e+04
1.023755417723264327e+04
9.663041776781210501e+03
9.926198061994004092e+03
1.325684196746647285e+04
5.305993021338614199e+03
1.540947773355392383e+04
1.846342476783332677e+04
1.725570730769136208e+04
1.140469210813894097e+04
8.634908427810505600e+03
1.045640745548658015e+04
1.035367170052754227e+04
9.817716087360664460e+03
9.492704554518750228e+03
1.373502849212520414e+04
5.234258679661427777e+03
1.798131124430333875e+04
2.870599350428803155e+04
5.917877106476946210e+03
7.365313898874610459e+03
1.117704769259223031e+04
5.453789742705414028e+03
2.026649159993501235e+04
6.184137065399654603e+03
1.460454880156231593e+04
7.737360275858153727e+03
6.550169224076826140e+03
1.052186503678030931e+04
1.605666801652711365e+04
9.863679352684233891e+03
7.150933195944925501e+03
6.402823665003774295e+03
1.550530155086221930e+04
5.204148349721750492e+03
1.423513836563621953e+04
6.657423584941537229e+03
6.429802631732851296e+03
6.746751015517655105e+03
6.944738671262297430e+03
1.113660813214785776e+04
3.827023792698176840e+04
