2.701660925198996119e+04
2.820000000000000000e+03
1.005098730150380106e+04
1.484747955139920668e+04
5.976070113464589667e+03
1.290949880786320682e+04
6.693566642747930928e+03
6.891712473129381578e+03
6.401069380568727865e+03
1.204825126297622774e+04
1.299955932352701893e+04
1.694192786047445406e+04
1.617373129290034194e+04
6.595519895549976354e+03
9.020518086809141096e+03
8.660680927031327883e+03
9.058722869441407965e+03
7.458500152183934915e+03
1.344567016985341070e+04
6.544054035932460465e+03
6.766210287031972257e+03
2.295412453389723669e+04
1.001076947831183861e+04
9.261860084458716301e+03
1.109836996244521106e+04
1.307067495074546969e+04
1.344359137496701442e+04
9.135666185790161762e+03
7.412855102944484315e+03
8.630363946879231662e+03
6.798506268513347095e+03
8.811720600481527072e+03
9.741374111058139533e+03
1.151921513816204060e+04
1.137304346673767941e+04
7.715790722587974415e+03
7.206375951449895183e+03
1.824563089412323825e+04
6.812886085153237218e+03
1.474146175721471263e+04
9.214689916801029540e+03
2.102181910236692420e+04
2.076572645545422347e+04
8.717477732625931822e+03
7.421781554505599161e+03
8.078996770129392644e+03
6.702285786529801953e+03
1.458483549282748208e+04
6.195518283209088622e+03
1.214921873954669718e+04
2.821529637355818340e+04
9.608977822194057808e+03
7.136683464466035730e+03
1.049010603424819601e+04
5.864210253930195904e+03
1.207583763026365341e+04
5.651568922167685741e+03
1.124691323978867695e+04
9.143325477363461687e+03
3.651123896793957829e+04
5.502659973757394255e+03
1.244642476858650480e+04
1.576058629863518581e+04
7.078156238563267834e+03
1.004240160817087053e+04
1.540729547914813338e+04
9.947056421094981488e+03
9.078091536210344202e+03
1.132259263318552985e+04
8.066823672043547049e+03
5.631339955672614451e+03
3.133338385296215347e+04
9.672898578769649248e+03
6.155819019220091832e+03
9.568028827967396865e+03
1.952640562489975127e+04
7.008482920068863677e+03
1.010163313563890915e+04
1.378567933200817606e+04
5.751272523753554196e+03
6.599884799113678127e+03
1.197115050917765075e+04
2.170433715461170141e+04
8.267444608456849892e+03
8.215649637663624162e+03
2.183370567913725972e+04
1.370353283665973868e+04
6.373688005669078848e+03
7.992164943091781424e+03
6.417351512254329464e+03
2.352322393747838942e+04
7.345163832204553728e+03
1.842789163242770519e+04
4.885884614762739147e+03
1.307736472201813740e+04
1.906919419846593155e+04
6.020293438681694170e+03
1.733829645514722142e+04
1.648781989040262488e+04
1.348428388190392616e+04
6.295517378959899361e+03
1.820123527637805091e+04
8.944816270594383241e+03
1.413823240187276133e+04
5.565219656130039766e+03
1.010461340999289678e+04
7.741187719099644710e+03
1.645174522312204863e+04
6.202257622438213730e+03
8.379179234270954112e+03
5.064854791873553040e+03
1.403288531692519246e+04
2.084583441305626184e+04
8.541247942673504440e+03
1.240220743617898370e+04
5.691598157217676999e+03
4.349192136933374059e+03
1.409541874638902300e+04
9.401576082258832685e+03
1.880133496786749674e+04
5.720775146330317511e+03
1.764603801235646824e+04
9.834302290501154857e+03
1.101364850942455450e+04
9.790351579051501176e+03
1.361476892982211757e+04
8.501151133396509977e+03
5.072481160726709277e+03
1.544113257113096370e+04
1.135417246501925729e+04
1.331999071802056460e+04
5.803472562451079284e+03
6.470346512905192867e+03
2.010639969035585455e+04
1.113300667983205858e+04
1.244505060112971660e+04
6.607670059442250022e+03
8.933252616094865516e+03
1.493383091582533052e+04
5.576932126152016281e+03
8.165979467492717049e+03
9.182549384034202376e+03
9.875489661030173011e+03
5.186126333558384431e+03
9.616815181756508537e+03
6.818817375809017904e+03
6.219813488891674751e+03
9.627304467550377012e+03
4.801437626460670799e+03
1.253620069937212611e+04
1.777811600591820024e+04
1.350454272283287537e+04
9.295627303413344634e+03
1.226695258160802405e+04
8.349671221865923144e+03
1.119214046412058087e+04
1.048735446113897524e+04
6.522598811901159934e+03
1.269091128241539082e+04
2.247355103744423832e+04
9.013715449306399023e+03
5.479225502413672075e+03
1.479792546259621304e+04
7.285489422701646617e+03
5.151058584191405316e+03
2.096504177592145061e+04
1.424240129725450788e+04
9.132617839274511425e+03
9.402736354162079806e+03
1.429509170110303967e+04
1.394022477290399002e+04
1.277632626757152320e+04
7.246060094944258708e+03
7.979876526922112134e+03
1.298040196046936580e+04
1.386156489602794682e+04
7.617730048435631033e+03
1.766191185165732895e+04
6.911016717967292607e+03
7.837140908212119029e+03
9.758175349123677734e+03
9.771015267286031303e+03
5.631664174031820949e+03
1.313538889369537537e+04
7.938244641482363477e+03
9.812803379765806312e+03
8.538338213738266859e+03
1.934761815998433667e+04
6.193237865150800644e+03
2.489350201101059793e+04
1.026117533546105551e+04
7.869109418243595428e+03
6.647887589763473443e+03
9.187873127696882875e+03
2.315524159863449313e+04
1.144687314218582651e+04
2.101663070068944580e+04
6.751549356114127477e+03
6.578551366282127674e+03
2.379757830881429254e+04
7.048694818917516386e+03
1.158829537595354122e+04
8.977758283679471788e+03
9.581759138678111412e+03
4.807173657221956091e+03
1.100461755649684528e+04
2.087006276205081667e+04
1.561603646597397892e+04
9.389883911582544897e+03
4.402636604045263084e+03
1.240444326230365368e+04
4.689978027377988838e+03
6.081821485025883703e+03
2.180932383644607762e+04
2.053456656268206279e+04
1.464245212918796096e+04
9.767290371476123255e+03
1.166920809736213778e+04
1.175178828964473360e+04
1.808955786872417957e+04
2.321642687551136987e+04
1.058032831448568504e+04
1.307687869703974320e+04
5.692730245952392579e+03
6.893093240443376089e+03
6.667047007018556542e+03
7.893414233794184838e+03
1.282539620088028823e+04
6.254705615556633347e+03
2.444162344095539447e+04
4.785440179977191292e+03
9.813789159857995401e+03
6.907340294375851954e+03
1.260121926159312170e+04
7.158798399303553197e+03
1.296907634424901516e+04
1.646998743064964947e+04
1.519202698707318996e+04
7.146152746938313612e+03
1.134412732725414207e+04
7.642382543174376224e+03
5.902937037415918894e+03
1.130679575284891325e+04
1.029868342023378864e+04
6.484110184975288576e+03
1.026738973142705254e+04
8.661490438182048820e+03
2.979382154315668595e+04
4.663241662535053365e+03
1.805045131765778933e+04
1.291913922167945748e+04
8.500391849000458024e+03
9.535863544921186985e+03
8.616908554924106284e+03
9.123808084026564757e+03
1.317509054792813913e+04
