4.938339341488888749e+04
2.820000000000000000e+03
9.090645990445991629e+03
5.971443051073143579e+03
4.951670178541071436e+03
9.458059301477018380e+03
1.356752096225149762e+04
2.428133241849128171e+04
8.187971896543301227e+03
1.191261941564681729e+04
9.580606925166412111e+03
5.680837129588602693e+03
1.478469561590782541e+04
1.512087142670339563e+04
5.182823354402733457e+03
9.085221022486239235e+03
7.283934810141110574e+03
2.313789090999234031e+04
1.284033365764914197e+04
9.208080080458763405e+03
1.907043241835274603e+04
7.691185271843412011e+03
1.223651004729720262e+04
8.501572798101915396e+03
1.010339857502150880e+04
9.012104470892667450e+03
1.051114019496126093e+04
8.669416189642564859e+03
4.743539651796469116e+03
9.973147924978889932e+03
8.919483502159022464e+03
1.303894064445642107e+04
2.030138075709396435e+04
8.421627837061405444e+03
1.278481052690608522e+04
7.157881680188907922e+03
8.585234964941628277e+03
6.021731992687029560e+03
1.055176714116024596e+04
2.526739915147759893e+04
1.277060606592390832e+04
8.050999492016468139e+03
9.982877447822082104e+03
1.246419323862434976e+04
2.245983958767810691e+04
8.128789573518319230e+03
6.332880272112688544e+03
5.982182599597599619e+03
1.080817839239940076e+04
1.247928916161433335e+04
1.273699032568218900e+04
7.536846549911883812e+03
4.896959357382384042e+03
1.427162982545133855e+04
8.361325778499631269e+03
1.201318652183548693e+04
6.177369245377201878e+03
1.692745095544436117e+04
9.929404075835731419e+03
7.761985748115116621e+03
4.709872986712742204e+03
1.238698541903490514e+04
5.587169516294366986e+03
1.039630311474642440e+04
9.069186839506590331e+03
8.735850893603910663e+03
2.069596542040231725e+04
6.824708752133262351e+03
6.876079257513017183e+03
8.601392030614795658e+03
6.563652283517399155e+03
1.398753028436274144e+04
5.070454000388514032e+03
7.740778146339471277e+03
1.557530493685030160e+04
8.351592584249940046e+03
1.454452646956615536e+04
9.151715954100971430e+03
4.715730655961413140e+04
1.519742012247494131e+04
1.000034268788299778e+04
8.492453311515098903e+03
1.362579681110041929e+04
5.322189860788671467e+03
1.003868263500663670e+04
1.785227591566465708e+04
5.138797423917839296e+03
8.713599767901167070e+03
1.233672417250902618e+04
1.408945288604334564e+04
1.686096404471962160e+04
4.151120779142541323e+03
2.008579159331316987e+04
4.613703086801043355e+03
6.958294846413416963e+03
8.918879931126926749e+03
7.393926334444097847e+03
1.030407422897297874e+04
1.131479957169213958e+04
8.736057436653311015e+03
8.162709735467596147e+03
7.143398859956460001e+03
4.848336663678328478e+03
6.806598775033456150e+03
1.790189484962856659e+04
1.120423274476186452e+04
1.307896228409660944e+04
7.326554625155327813e+03
5.475571291135367574e+03
1.400664427766391600e+04
4.725905820356338154e+03
2.332458004010265358e+04
8.941921194361942980e+03
8.862668238346122962e+03
1.054203209538796000e+04
1.543969259903691818e+04
8.045931105301938260e+03
1.503349323192634438e+04
7.404801652660194122e+03
9.968572706185172137e+03
6.267124555393320406e+03
1.469010412445318616e+04
1.346057732776690136e+04
9.935459835017099977e+03
8.644447492406819947e+03
8.111974306171857279e+03
1.776673647384941796e+04
8.209529598283806990e+03
1.172359541523228836e+04
4.945518153014914787e+03
1.396663161829453020e+04
5.675155184983708750e+03
1.433398756735834831e+04
2.636320468464391161e+04
8.098057765938480770e+03
6.292644015022906387e+03
4.001441818610317569e+04
7.666569344708922472e+03
2.065313334828750521e+04
5.973458713761148829e+03
1.248043972664775720e+04
6.600051153940050426e+03
9.177732603109096090e+03
1.056539381489041989e+04
6.179368867727272118e+03
1.715695207770623529e+04
7.157146982836775351e+03
1.308940675054023814e+04
6.184891938001070230e+03
2.537085392886485715e+04
1.431842077638722913e+04
5.584666095617678366e+03
1.394689418299423596e+04
7.204132873321044826e+03
1.687208021475977876e+04
1.039243417858202520e+04
7.935570527989506445e+03
1.451240107108692246e+04
1.144257162388106735e+04
6.669755340889220861e+03
1.051919422094194124e+04
7.251181112969832611e+03
5.815195182199113333e+03
6.413159484208423237e+03
4.984668854020290382e+03
4.442143398592769518e+04
7.040263174583726141e+03
6.739785198475365178e+03
7.223395693286280220e+03
1.654981998827140342e+04
1.342318010686502384e+04
2.803414701100253296e+04
1.606785498694348462e+04
1.365530568978179508e+04
1.711652316026699918e+04
5.591963056590792803e+03
8.897691194517905387e+03
9.691111786663384919e+03
9.893760829050155735e+03
1.318626176995081187e+04
2.257851447090836882e+04
1.755293101224943530e+04
4.955575239374402372e+03
1.454217740777727340e+04
1.211091550507264947e+04
1.028141866778880285e+04
1.093281026112845939e+04
1.178474809446346808e+04
6.927002022888831561e+03
2.201780172239211242e+04
7.949719883663849942e+03
1.617094330165834253e+04
8.879650145894733214e+03
5.882096564303723426e+03
5.389485908603493954e+03
3.762901333619926299e+04
1.416794218744703176e+04
8.831405564110027626e+03
9.304509968081423722e+03
8.884559108198551257e+03
1.057778100535230260e+04
2.087743922451107210e+04
7.266771083874646138e+03
8.517792665608896641e+03
8.122796574683455219e+03
1.253730119330112211e+04
7.494356259886667431e+03
7.680528395822571838e+03
2.150503292168766711e+04
5.237247508064240719e+03
2.789713615831127390e+04
4.638356778298226345e+03
6.468508576983363128e+03
1.159081430989991350e+04
1.913381902844658180e+04
1.151954776329649576e+04
9.080374638650297129e+03
6.606068819341096969e+03
2.518999014195632481e+04
1.389603366972809090e+04
1.100664329516186262e+04
1.195488957079291322e+04
1.548305795880273399e+04
1.027894007142716691e+04
5.682827582671395248e+03
1.519742227150967665e+04
2.663972413797903573e+04
7.330206406859926574e+03
8.286197535159659310e+03
7.670425273865846975e+03
6.429989306166258757e+03
3.059713255815904631e+04
1.081628870873742926e+04
7.204173268987435222e+03
6.544863892671762187e+03
1.427200651945279242e+04
5.681877309914235411e+03
1.602069005806600944e+04
5.893143339518918765e+03
1.297655812919149503e+04
7.333855438051452438e+03
8.255244421571134808e+03
9.997325046402296721e+03
1.142040254245092001e+04
1.746206563342167647e+04
1.628997921920238150e+04
9.500067969597444971e+03
5.877720801522717011e+03
5.324240258087772418e+03
1.097172021949645568e+04
9.104216163289533142e+03
7.433438797250089920e+03
1.074364388274038902e+04
6.661738364037295469e+03
2.114454377515008673e+04
1.364809555571392048e+04
