4.211581657414118672e+04
2.820000000000000000e+03
9.540473021010971934e+03
1.266001065215050767e+04
7.125712210262136978e+03
1.252844947408450753e+04
1.832266676356342941e+04
5.719353321583537763e+03
9.375493380233219796e+03
1.674895586535897019e+04
8.677127975885689011e+03
6.601307059923703491e+03
9.529214936565203971e+03
9.455451534996238479e+03
8.021221980142056964e+03
8.573950247398624924e+03
1.216552922030189075e+04
1.672949641003667784e+04
1.016448202416215645e+04
9.746985413732620145e+03
1.030374616681248153e+04
1.060550209543278470e+04
7.674857127083955675e+03
6.695178898196310911e+03
7.685437782006280031e+03
5.193552493023219540e+03
7.129028913794335494e+03
1.056163748072649105e+04
5.349579813526457656e+03
9.082906504624417721e+03
2.126512160537205273e+04
1.245711048572618711e+04
1.622688245845266465e+04
5.500588608508836842e+03
1.221518710999096947e+04
1.154304504994863237e+04
8.315726445641110331e+03
6.022448515441688869e+03
8.337886002545448719e+03
1.907200279688023875e+04
1.781888129134859264e+04
5.155677760683828637e+03
1.694577478599360256e+04
1.465803751914102213e+04
1.647823004406488326e+04
8.710644224832130931e+03
1.144914350305547305e+04
6.946936115273460928e+03
9.348858310681840521e+03
5.372217936344933150e+03
6.911376858675105723e+03
9.297345225272470998e+03
4.671266784328610811e+03
2.707269670745752956e+04
8.245491137682360204e+03
6.166439544500824923e+03
4.971514033791592738e+03
2.211582189048635701e+04
1.166915623720574877e+04
1.273474167431136266e+04
6.510845715050914805e+03
2.019431055236985048e+04
1.602732152342177324e+04
1.006019259240873907e+04
9.739515598977504851e+03
7.415187358355717151e+03
1.135480680449115971e+04
9.115387987566349693e+03
8.549192871472640036e+03
1.294382733777644899e+04
9.767326376069722755e+03
1.033524730194181575e+04
7.971995203218872120e+03
9.733670698537389399e+03
1.251428955393650176e+04
1.602496709653181279e+04
8.623518482624189346e+03
5.610497965248225228e+03
1.507972429521087543e+04
7.010216292005112336e+03
1.578258999041966126e+04
5.250781857671236139e+03
1.234427371651382055e+04
5.319658875846207593e+03
6.012629579143404044e+03
2.429944723433678519e+04
1.039823446864898506e+04
7.805625473908727145e+03
1.063016121605614171e+04
1.347431721340100376e+04
1.961235386236354680e+04
8.605665558559137935e+03
2.118998749498746110e+04
5.070548259359531585e+03
1.369781009692202497e+04
7.395557584576187764e+03
1.217269923100663618e+04
2.050413228743426589e+04
8.065194089721057026e+03
1.355262926704920756e+04
8.780060556938718946e+03
6.493987024836620549e+03
5.910002978391199576e+03
1.210062436117175457e+04
1.209324200293085050e+04
5.168414610227948288e+03
7.509589484913727574e+03
1.229927406794407761e+04
5.674227455434951480e+03
1.907427667892723912e+04
5.467630770690468125e+03
1.160988494439074748e+04
1.226408053917282632e+04
8.089769236473290221e+03
1.745418056129485922e+04
1.193195173235582661e+04
6.879340635408127127e+03
2.652844432434197370e+04
1.124647493362442219e+04
1.169755588216412980e+04
9.914841220782182063e+03
8.133019547380780750e+03
1.610981944553751055e+04
5.943767580226287464e+03
6.719987081804644731e+03
6.760907308407064193e+03
1.225079941137032256e+04
7.139005627278133034e+03
6.761445962711623906e+03
5.931065909479173570e+03
9.854774459126037982e+03
5.696376997922069677e+03
1.131858445119010503e+04
1.182027857511328875e+04
6.082495621173624386e+03
7.989304633566483062e+03
1.344460594883240992e+04
6.706327220914869031e+03
1.713103788597486709e+04
5.647357961897831956e+03
6.285467859106907417e+04
6.106747556148911826e+03
1.304562702113092018e+04
9.566151530600598562e+03
6.185506065982149266e+03
1.291178965874162895e+04
7.659197657774921936e+03
1.309824885867671765e+04
5.415738880437565967e+03
2.150194843297424086e+04
7.408358579628736152e+03
1.051605002891986078e+04
1.213699809322306646e+04
1.000923647509297552e+04
1.001249248927658846e+04
1.218478787077798734e+04
9.431400509023298582e+03
1.228607267569077885e+04
9.226444526346938801e+03
1.337350110043811765e+04
1.717549983278468426e+04
7.692103460428186736e+03
3.201508795772981466e+04
6.733487943646442545e+03
4.924242461851648841e+03
3.738930386127432575e+04
8.484524699784014956e+03
1.081363323964896699e+04
6.293964690509381398e+03
6.448336473021217898e+03
1.787282435398392772e+04
9.672132318364678213e+03
1.887820134528721246e+04
1.098723462907953035e+04
1.534426327660909374e+04
8.531812928446188380e+03
8.804528403919457560e+03
6.502356236681418522e+03
8.602941019307363604e+03
8.154484471534348813e+03
8.861114926551985263e+03
1.697803442903760879e+04
6.343154796020107824e+03
1.473404445200469490e+04
7.027522079866445893e+03
1.029558772841437894e+04
7.518422211039608555e+03
7.690104007758410262e+03
1.035143616777051102e+04
6.601390651624373277e+03
6.552971462197649998e+03
7.816371551943775557e+03
1.280304967284258237e+04
6.500040787715903207e+03
5.985113088188487382e+03
1.294551433581270794e+04
1.219535488887551037e+04
1.306515798628398989e+04
6.464708488621037759e+03
4.176655812588505069e+04
6.305943505962917698e+03
1.086418139414297366e+04
1.139501701584647526e+04
5.161058878809366433e+03
9.945330502640779741e+03
6.820416044312802114e+03
6.039390208233218800e+03
9.665351518077373839e+03
2.341334499212443552e+04
5.400791486698801236e+03
3.188137001118711851e+04
4.201302997547412815e+03
9.742037445622170708e+03
1.201445694864102188e+04
1.239230084227407860e+04
7.114333157805003793e+03
6.075355226913298793e+03
1.574672879945118802e+04
1.495970614850936181e+04
9.284425679834870607e+03
9.640524615544327389e+03
1.520080585244841859e+04
1.604580638542844099e+04
6.519361784656644886e+03
4.874687958365519989e+03
1.144609984766987691e+04
1.649616651488246862e+04
1.103775294548806050e+04
1.827153174439856957e+04
9.663091449408220797e+03
6.477890232534749885e+03
1.074864623132710221e+04
1.269200126713690952e+04
1.792460664850941248e+04
7.755618314131778789e+03
1.173695973812980264e+04
6.874152341640898157e+03
2.228335510656859697e+04
6.688047925513235896e+03
8.596980240035314637e+03
1.010913085078533913e+04
5.862965101872154264e+03
8.016034133447219574e+03
5.644203916763779489e+03
1.118507878946473465e+04
1.317901265604036234e+04
5.853863316767719880e+03
1.368862519939250524e+04
5.791400427130965909e+03
1.139246987798147165e+04
8.722634520468312985e+03
7.563641381356110287e+03
1.077840489930750300e+04
7.176061469091661820e+03
8.942940412184550951e+03
1.412944896928136041e+04
