2.225808429677413369e+04
2.820000000000000000e+03
9.083028505054757261e+03
5.352815259032624454e+03
1.846686937955365283e+04
1.412814104373409100e+04
6.385587540153928785e+03
5.858894236185953559e+03
1.153904426947672437e+04
6.905504141038682064e+03
8.199273184171470348e+03
1.166538955326090036e+04
1.145277294609255478e+04
5.762427270884414611e+03
1.160810427372007325e+04
1.094431522611422588e+04
1.687342488367579062e+04
1.037622363841281913e+04
1.377669940674740974e+04
7.324775711780819620e+03
6.365345395357787311e+03
1.742177050367514676e+04
2.479148460418342438e+04
1.456284517759951086e+04
1.268390863997631277e+04
1.364181694898533897e+04
1.423177800036603185e+04
1.607104749714565332e+04
8.046216362399476566e+03
8.535211384576072305e+03
1.005329122730287781e+04
1.169630585509289631e+04
7.482070218971015493e+03
6.998016858816044078e+03
1.495207316689645995e+04
1.885832852986148282e+04
7.828769301919971440e+03
1.683885740345971863e+04
7.450234003428242431e+03
9.048582407257654268e+03
8.363284810817469406e+03
1.062010821625496465e+04
1.429885720663192660e+04
1.580190776246380483e+04
9.642001331912804744e+03
7.131937726683138862e+03
4.728379506558437242e+03
4.054715569506098109e+04
4.798026359165880422e+03
1.672185809116502423e+04
1.160477076536021559e+04
1.238451248339323683e+04
5.171407801058221594e+03
1.061992408154834266e+04
1.095956465300227683e+04
8.108698364450178815e+03
6.837891839309643728e+03
1.239591989577922504e+04
8.042283466435568698e+03
2.327491638661233810e+04
4.371082340086011754e+03
1.150866851337559456e+04
6.984067192603291005e+03
1.329575596172124460e+04
6.207147670430960716e+03
2.768706193755377899e+04
1.377446909132787732e+04
7.346049899421476766e+03
1.375740303789482641e+04
6.007412585408969790e+03
6.056593571629126927e+03
1.382024237896336854e+04
1.050516598176686239e+04
7.513911744058736076e+03
1.010794940495929768e+04
6.472147063958411309e+03
7.729230806579993441e+03
1.094013783017371316e+04
7.782541725375121132e+03
8.017913189089189473e+03
1.243419118070344120e+04
9.045109205596989341e+03
1.117639373886964495e+04
8.650883653450984639e+03
8.985146438065616167e+03
1.038325006404618398e+04
1.145902090850736022e+04
8.052201441187328783e+03
1.243829952199637773e+04
1.297850264741179308e+04
2.147743361785976231e+04
4.279720516745804161e+03
1.868155693017212252e+04
4.821274297480649693e+03
5.978233480195605807e+03
8.832750921019405723e+03
8.224398788753911504e+03
8.083800984697048989e+03
9.916749206979064184e+03
1.503012141117778447e+04
5.814557392630777031e+03
1.627637724250011343e+04
8.447151283128845535e+03
1.862080730369434605e+04
1.530531902218606956e+04
1.293649579863610597e+04
1.512105236587141553e+04
7.952838791423584553e+03
1.116756933760468928e+04
1.223735429706297327e+04
5.521212123790805890e+03
7.800546314919213728e+03
1.380303610864183065e+04
7.781907766959860055e+03
1.285429471923999881e+04
5.884263303766877470e+03
5.440682673574507135e+03
1.984580753789306982e+04
5.167019672619924677e+03
2.687462691347476721e+04
7.889429665011735779e+03
1.305227942319249632e+04
6.736006835611477982e+03
1.147871796419241036e+04
9.252798812811721291e+03
1.209189094607664447e+04
2.247752018674879582e+04
8.495362867740810543e+03
1.542928773576163258e+04
7.703813949347734706e+03
1.722409900308312353e+04
1.248509590510520502e+04
1.398792813141029728e+04
1.315056747917698704e+04
5.432618308787390561e+03
1.858658219514337179e+04
1.050643608838325054e+04
1.202363838632882289e+04
1.785822757668822669e+04
5.713389590429907003e+03
9.060862730005170306e+03
6.507946804007546234e+03
4.628354572300875589e+04
7.765328968545384669e+03
1.392402738663353011e+04
5.420552511727564706e+03
7.886075508355067541e+03
1.457765975629533932e+04
4.563693006157962373e+03
1.257870199952048642e+04
6.891550107833154470e+03
7.224632396232846077e+03
7.292493307173917856e+03
9.323382017547119176e+03
9.628428607901043506e+03
1.369427428973179849e+04
1.098686311292513892e+04
7.742471821170448493e+03
1.469429199632782911e+04
6.785658393826553038e+03
7.457779533171991716e+03
5.506499729670282250e+03
7.183090243475136049e+03
1.266722345103044245e+04
5.291886344167608513e+03
1.459414071472804426e+04
1.147351673289738392e+04
7.889765147553329371e+03
1.086381612356370715e+04
1.155260687066912033e+04
1.208693546856452667e+04
6.754693020916699425e+03
5.904491562154515123e+03
7.096048925371798759e+03
8.034899279473777824e+03
8.763225612414884381e+03
5.803005181351083593e+03
1.211525622080293215e+04
5.440291060609357373e+03
1.106419087978420794e+04
2.059668022477274644e+04
1.523577638040051534e+04
5.024253258046213887e+03
2.039822430780402647e+04
7.010947600775551109e+03
5.968471551082730912e+03
9.076449801836915867e+03
1.338112107098704473e+04
4.499532552899850998e+03
2.280278071885873942e+04
1.759351258366647380e+04
1.210113810374679815e+04
8.023085682651584648e+03
7.742408888474374180e+03
1.414473327664933458e+04
7.570952337840570181e+03
7.282851081440974667e+04
8.772973351826425642e+03
7.486116487482985576e+03
7.181545430735225636e+03
1.677260915025161376e+04
6.387824548421766849e+03
1.076702427845181228e+04
7.164575579040687444e+03
5.554719027334649581e+03
1.059795574493391723e+04
9.213999818881849933e+03
2.042350593136344105e+04
1.248428576460608929e+04
4.584780291132537968e+03
1.358317914057853523e+04
5.903971222522901371e+03
6.367425692114244157e+03
1.041360960551265634e+04
1.967633710620438433e+04
5.052778321856287221e+03
1.177058191699118288e+04
1.490659316028663488e+04
8.454916454767389951e+03
8.221678519025388596e+03
2.124191257381593459e+04
7.977795839212142710e+03
5.749407979938043354e+03
6.605297207009920385e+03
9.086415243805920909e+03
1.059241363602826459e+04
1.175907783454904165e+04
8.576758773890562225e+03
5.897919659831703029e+03
1.780046016941170092e+04
4.943416224011962186e+03
1.159961892975899900e+04
8.181893377055347628e+03
1.467132351963994188e+04
5.206011278358667369e+03
2.201172551009456220e+04
1.112954254424604915e+04
1.071625113451114703e+04
1.029816467545763771e+04
2.076607027249420935e+04
1.852479147365493191e+04
1.387237337394827591e+04
2.028108395086081873e+04
6.730596853626700067e+03
7.756727192861673757e+03
8.754468797083651225e+03
7.391068515683867190e+03
1.123495782757859524e+04
5.027169700091239065e+03
1.049672348746968055e+04
6.475024507489367352e+03
1.028716904015807631e+04
1.810502103368291500e+04
1.859746746241398068e+04
1.001265962860165746e+04
1.791121477837504790e+04
