2.782237933551178867e+04
2.820000000000000000e+03
1.188681246231460682e+04
7.929834319502509970e+03
5.309775379936336321e+03
1.148608738876315692e+04
1.115930411218383597e+04
9.750054757114474342e+03
8.268501746398313117e+03
6.514454115087740320e+03
7.408058890661885016e+03
7.384715370017871464e+03
1.036734480739700666e+04
6.847611227994924775e+03
1.101161944579316514e+04
1.077730886957268558e+04
8.829128529841262207e+03
1.189821598185826224e+04
2.339133077263374071e+04
5.467823085877409540e+03
2.362921522070039646e+04
6.798947380252335279e+03
9.037515254138726959e+03
9.626053669000441005e+03
1.758516380971327453e+04
7.859410483518350702e+03
6.730320034791349826e+03
1.205170705478375567e+04
1.010279018896900925e+04
6.792851472492062385e+03
1.465041405669209234e+04
1.022625663216180328e+04
2.031413107623023097e+04
9.569644538557808119e+03
4.422965249925253738e+04
6.356361697630334675e+03
7.232311634997132387e+03
5.089751780567361493e+03
1.202964487080846811e+04
1.363096531941989451e+04
1.226130726240272998e+04
4.469607498452503933e+03
1.944665271328442759e+04
1.701723076544608921e+04
1.746549478849097068e+04
6.705406872673607722e+03
5.520028792175020499e+03
1.420049295871869617e+04
1.304857407162775053e+04
9.578059799609498441e+03
6.068496383763595077e+03
1.001070853886227997e+04
5.177893197635378783e+03
1.976396728495067509e+04
7.276451179146290087e+03
8.795399251931092294e+03
6.649146429119517052e+03
1.232126621131165120e+04
6.819773424232244906e+03
1.370964985599819011e+04
1.037971393333365995e+04
1.673016657425754966e+04
6.455056039919614705e+03
1.109668716377156125e+04
1.301851413201320975e+04
7.464532576784640696e+03
1.357998302784271618e+04
1.503534192954679747e+04
8.009283849501149234e+03
9.618044949032257136e+03
6.351458884966223195e+03
1.091594099751845351e+04
8.091561380322035802e+03
9.275320866950514755e+03
9.662342101662510686e+03
1.237039943718729410e+04
1.264426625264673930e+04
9.436949162687147691e+03
1.176630112038337211e+04
1.045096968141385878e+04
7.770352987948407645e+03
9.267970258843830379e+03
1.523234252524694966e+04
6.110698032861848333e+03
7.324343996644221988e+03
1.013840473513845063e+04
6.180604732079613314e+03
7.806987859496328383e+03
9.796972611979661451e+03
7.017008978489575384e+03
1.831909409824215254e+04
6.236871264928788150e+03
1.644709741888823191e+04
4.522132315270223444e+03
1.066970070771129394e+04
1.832920149902851699e+04
7.959967262715084871e+03
2.860405102078591153e+04
7.065717994188120429e+03
1.346032036745366349e+04
5.749514561959171260e+03
8.358662634712251020e+03
6.446353956351726083e+03
3.598880144355948141e+04
6.051027274100939394e+03
6.742479633237232520e+03
7.429253385789559616e+03
2.091176097760082121e+04
8.892079709129684488e+03
1.377172987134249888e+04
5.122494300180585924e+03
1.267373111219557904e+04
1.203278405061973717e+04
5.623040986419382534e+03
2.608063686033949489e+04
9.661542175481719823e+03
7.420243299568307521e+03
1.083395150731288595e+04
9.232885813946209964e+03
7.172368436716864380e+03
1.450802973853086223e+04
1.958111730200391685e+04
1.536822273003892951e+04
9.476934320856267732e+03
9.139798066644641949e+03
4.683649704382261916e+03
2.953690796201678313e+04
9.948710640119814343e+03
1.249937089382546947e+04
4.996955973477881344e+03
2.710530797621506645e+04
5.950247114454130497e+03
1.408324096493076468e+04
6.810767106571914155e+03
1.460889652625103372e+04
1.577116855728013434e+04
2.321753836054106796e+04
6.084240685641874734e+03
2.196977690889656878e+04
4.775243353049115285e+03
1.706302357906983161e+04
5.716753579830228773e+03
1.178251160915076798e+04
7.297170327333774367e+03
8.817327070047302186e+03
9.089175133903681854e+03
6.264394152285347445e+03
1.261429200642669821e+04
4.978172362532801344e+03
9.833956790659889521e+03
7.214793817187335662e+03
9.793243588269800966e+03
1.401300910900958297e+04
1.002772786463108787e+04
5.021112017112569447e+03
2.301469640970617911e+04
1.045265355391544654e+04
7.080537775884719849e+03
1.190667138817288469e+04
9.451894219387831981e+03
2.254136919015263265e+04
6.043618166216019745e+03
1.054393367619994569e+04
8.578474112078012695e+03
4.789340972665809204e+03
9.294695527470394154e+03
1.655720546560520597e+04
9.098587526128325408e+03
1.076289561082286309e+04
6.839131616429103815e+03
7.809576174133772838e+03
8.938364090323368146e+03
7.553359081928137130e+03
7.682489754621798966e+03
1.519034532068546287e+04
6.518086555112952738e+03
9.690483957706681394e+03
1.334276732888341030e+04
7.878634630850984649e+03
8.790305640316268182e+03
1.126311531194363306e+04
1.038231718923357039e+04
6.645798425113976919e+03
1.142204583662908226e+04
1.588754250180773488e+04
1.041131338315814355e+04
1.114692651510165160e+04
5.786618787363746378e+03
7.366570558101412644e+03
1.310772323011168555e+04
1.531502161435257403e+04
1.316852995723967979e+04
3.050013588023560806e+04
1.036917581959733070e+04
5.489904823399880115e+03
1.159476915631073462e+04
1.312347545045666266e+04
5.782311919824262986e+03
8.985514494406666927e+03
1.602708911669763438e+04
5.301062430095391392e+03
1.462538090279972130e+04
7.977468229386691746e+03
6.750234447379886660e+03
1.144823095912069039e+04
8.063868040265975651e+03
5.171455168404461801e+03
1.792386998886405490e+04
2.861646227722417098e+04
4.483048034070028734e+03
1.742412429308533319e+04
5.219487352903334795e+03
9.031577586767278262e+03
7.396717806516418023e+03
3.995484003047850274e+04
8.789988775854029882e+03
9.393662765637016491e+03
6.170473679401996378e+03
1.948573775044915965e+04
8.107689833512077712e+03
7.160042807535442989e+03
9.806698354369756998e+03
4.675448000488536491e+04
1.332438965033184286e+04
7.613431942719719700e+03
7.354993348849021459e+03
1.395431047757268789e+04
6.563633210366588173e+03
1.465740720542111558e+04
1.058901923100488784e+04
8.324842514490002941e+03
1.403989845864484414e+04
1.694453574891781318e+04
8.275411214236946762e+03
4.459424908577146198e+03
9.938633898830285034e+03
5.511695868058117412e+03
7.728261990374112429e+03
1.707234609337273287e+04
1.522468261822560089e+04
1.826590436820104514e+04
5.901160928185469857e+03
1.322335890257797837e+04
8.250803144528032135e+03
5.761536787990791709e+03
9.988457863990115584e+03
6.056367545996086847e+03
1.144552989330138371e+04
5.652614556899815398e+03
1.324724310370508101e+04
1.956892393807268309e+04
9.325725726792297792e+03
1.048673277425126071e+04
4.672937025725743297e+03
1.908461087206584125e+04
1.108819849960038118e+04
