3.156264901274617660e+04
2.820000000000000000e+03
6.253801646514434651e+03
7.907585708510979202e+03
9.678993670978794398e+03
1.733622383777445793e+04
1.093910911713588575e+04
7.722578387136434685e+03
4.981054783048151876e+03
1.256557159837915060e+04
1.163430617029967289e+04
1.356001217834980162e+04
1.998057061305537354e+04
7.071522252085782384e+03
8.009352775564831063e+03
9.879534078683445841e+03
1.633355045906572923e+04
1.656329423057838721e+04
2.223968690674951358e+04
6.762469276548151356e+03
2.614855755820389822e+04
6.183305423399153369e+03
7.779420873307144575e+03
9.704116616813855217e+03
1.276098706948175641e+04
5.167592111060988827e+03
6.576499096809160619e+03
1.842507916854889118e+04
6.731994006449027438e+03
1.443634485050515650e+04
1.710299618886430108e+04
1.080238339107224965e+04
3.438332133833437547e+04
6.892586364199119998e+03
1.279689622852964203e+04
6.561860421230562679e+03
1.190033376435248465e+04
1.032497885215130373e+04
7.418320755681181254e+03
1.331795055688339926e+04
1.240810635708679547e+04
5.240317139413331461e+03
1.702654666667137644e+04
1.337969720201275959e+04
1.294455267449824532e+04
7.143163667167952553e+03
8.394267734937151545e+03
1.038717274945880308e+04
9.233562759483349510e+03
7.160393288655519427e+03
6.336531430151713721e+03
2.650849168971327526e+04
4.701821840520502519e+03
1.394946293608135238e+04
8.117940141725047397e+03
2.615456155240410953e+04
9.882096900393920805e+03
2.155207109883029261e+04
5.915127618776388772e+03
7.217772423568648264e+03
7.446920855207774366e+03
1.774174799343307677e+04
5.397897402150660128e+03
1.714276375587298025e+04
8.602495501112794955e+03
5.083383160709905496e+03
8.869213995966922084e+03
1.197709033900604300e+04
7.185322075577196301e+03
1.095109508477553754e+04
5.471312441370529996e+03
1.180154814297162375e+04
1.156898523503613978e+04
7.038468986342724747e+03
1.051443346223258777e+04
6.354428055866088471e+03
1.132590753249535373e+04
7.467119136302382685e+03
2.162613050453473625e+04
1.022772241259550719e+04
1.347027048354685030e+04
1.434145923613859668e+04
1.303878424899389029e+04
9.155331954808596493e+03
5.161359296050395642e+03
9.046545065293556036e+03
7.127960886260902953e+03
8.124323833645481500e+03
1.086362523649878312e+04
1.139069879220144685e+04
1.199530517228457029e+04
4.933339419272517262e+03
1.565367354266450820e+04
4.281675866844851043e+03
7.037145077140539797e+03
2.146164184627603754e+04
1.096489769744250225e+04
1.608401789876259136e+04
5.191513046314953499e+03
9.156623752960491402e+03
1.125210128566508683e+04
5.475329011757881744e+03
6.008443255166641393e+03
1.680682629108458787e+04
1.065428233769178769e+04
7.311380975787358693e+03
8.401691630083214477e+03
2.216606695222947747e+04
8.410687571277328971e+03
1.404489691873339871e+04
6.372559447861723129e+03
4.030534899125380616e+04
1.655993783864009310e+04
5.350151420487718497e+03
1.022119011937915639e+04
1.585663242787650597e+04
5.460308563452485942e+03
9.687096638461813200e+03
8.101438674238971544e+03
2.124739454013938666e+04
8.703373239959903003e+03
9.619217914006614592e+03
1.093908793513543606e+04
5.796554583414627814e+03
1.270809196011009408e+04
7.283840268507638939e+03
2.211018606643106614e+04
8.364556564658285424e+03
2.211407883922779365e+04
4.884236974990609269e+03
9.626300073899756171e+03
6.040671756134292082e+03
9.818342577053754212e+03
8.217813137124518107e+03
8.265321026121531759e+03
1.749194743327740071e+04
1.930606324816350025e+04
8.755603622977076157e+03
1.761216819840378230e+04
4.509228688435534423e+03
2.632671213064454059e+04
5.481777944486233537e+03
2.039000305256295542e+04
6.642325994796239684e+03
9.604052962238616601e+03
8.751359320278217638e+03
7.561606638512799691e+03
8.548355506506728489e+03
7.098122560558325858e+03
7.590268156479262871e+03
1.148507020427826865e+04
1.609008597499142343e+04
1.479034375428488784e+04
7.448315219298810007e+03
6.150350668095250512e+03
1.356875321436966260e+04
7.680290747140214989e+03
1.109308980022000833e+04
9.654493256511288564e+03
9.863466324833141698e+03
1.794288154429419228e+04
5.218406579786049406e+03
7.647700006879945249e+03
1.171654926753184736e+04
4.486451704709855221e+03
1.802583348067368934e+04
5.528279178467440943e+03
8.012394290643845125e+03
6.278766947052456999e+03
9.289960683379635157e+03
8.280997564106815844e+03
1.208936796711625175e+04
1.111140922539354324e+04
5.878696274530233495e+03
1.793400618097364350e+04
1.966878706023692939e+04
8.913871989144336112e+03
5.483977062642480632e+03
1.032649155356484334e+04
1.718341567761114129e+04
1.572025233832945560e+04
1.128390488938451199e+04
6.942082902793149515e+03
7.110752244708858598e+03
5.497661384849286696e+04
1.205175150711866445e+04
9.292149795824687317e+03
6.524081709009362385e+03
7.163185545271798219e+03
9.631599108314190744e+03
7.509763884217490158e+03
1.375287756165872452e+04
1.320503667665064131e+04
9.275650993799557909e+03
6.437666763617024117e+03
1.107342441591542593e+04
1.108123143400431400e+04
7.319175747998853694e+03
8.888652267756871879e+03
3.500313069814468327e+04
8.408402520891628228e+03
8.898928250547014613e+03
1.077914088855941372e+04
1.118114947481901254e+04
1.054801624973014987e+04
1.028618482274610869e+04
5.589689637605748430e+03
3.289225083387465565e+04
2.434107962381188554e+04
4.753114763590129769e+03
2.072609913722010242e+04
4.462920102109856998e+03
8.057589057774648609e+03
1.066118189658993833e+04
3.502811037761338230e+04
6.419053959785741426e+03
1.032926087173716587e+04
8.802276305409397537e+03
5.800143047870922601e+03
1.378319767735977803e+04
1.643540429343314099e+04
5.956345067580497926e+03
1.486772421766816842e+04
8.043244546523148529e+03
7.500783229519883207e+03
1.969938417655489684e+04
1.656965729208425182e+04
9.596941216410788911e+03
1.602570447692708149e+04
6.536122556973592509e+03
7.902125113312683425e+03
2.698381035018229886e+04
1.049675770122520953e+04
4.983306907920960839e+03
4.893136583481878006e+03
4.293153638287127978e+04
6.953003984227656474e+03
1.203570915446013169e+04
9.845846970846345357e+03
7.219289427352530765e+03
1.477227756108489484e+04
4.757177486933012915e+03
1.287869320769564911e+04
1.270020360767188504e+04
8.240797924824360962e+03
8.196182817631648504e+03
8.669960900084097375e+03
1.220425687501561333e+04
7.073616611728373755e+03
6.951226495875371256e+03
9.246983925486165390e+03
8.058560162011442117e+03
1.525170685660670097e+04
8.470472490593881957e+03
4.679167903804191155e+03
2.135657693482930699e+04
