5.136355794223414705e+03
2.950000000000000455e+03
4.773845923770563786e+03
4.724866851619824047e+03
4.432117538243564923e+03
4.677628085860065767e+03
1.804608289085114666e+04
9.932336428461308969e+03
6.539732077952614418e+03
7.092652173431382835e+03
6.010456642414586895e+03
4.947688586945087081e+03
4.803111176522364985e+03
5.759813612635920435e+03
7.353930007476688843e+03
4.584845045543992455e+03
5.072947597221230353e+03
5.384482898455350551e+03
1.051297075473766381e+04
5.564307713373589650e+03
4.133009837391598921e+03
5.278192676399392440e+03
6.493241401322002275e+03
1.027341092646686593e+04
4.169090579831172363e+03
9.087715461927167780e+03
4.614138907023118009e+03
4.920202187087994389e+03
5.780390183738350970e+03
4.416061624862353710e+03
4.401569714774565909e+03
1.799192613783192064e+04
3.619725566138566137e+03
6.023657907461581999e+03
1.183659999360012444e+04
4.230956198235156990e+03
5.960978294624501359e+03
5.942896865885913030e+03
1.057654071744404791e+04
4.322364554882753509e+03
5.171422870049991616e+03
4.636384287868299907e+03
1.405227188529048362e+04
7.978940856708767569e+03
4.887605548374176578e+03
5.709502156478853067e+03
4.824833658858266972e+03
4.763470384006041058e+03
5.937646491734880328e+03
4.563301076713649309e+03
6.489982408863243108e+03
1.596575609433159480e+04
4.767041462417098955e+03
4.846514007700940056e+03
4.228452250335538338e+03
4.277670303858552870e+03
4.647547605224230210e+03
4.758984651835611658e+03
5.792789333662920399e+03
8.393046320640525664e+03
4.613485017634575343e+03
5.505550288161545723e+03
1.407759070361047816e+04
6.459443108705106170e+03
5.842364685679662216e+03
4.843513990839348480e+03
4.945900416955568289e+03
9.030018575389844045e+03
5.194435754570548852e+03
6.606429131123086336e+03
9.355957000432430505e+03
4.850570362925187510e+03
7.501353384402465963e+03
4.168570872295878871e+03
4.045745069946786316e+03
1.238501647658966431e+04
8.858815958649352979e+03
4.184280096328425316e+03
7.293430583188211131e+03
1.329424891197241959e+04
9.327542462665160201e+03
7.647963464554803068e+03
5.072264356586067152e+03
4.677762587492552484e+03
5.492344945589919917e+03
6.656213648913777433e+03
4.428872596605495346e+03
6.711605396700846541e+03
4.959504158834788541e+03
4.712792551759353046e+03
7.434638636144471093e+03
5.151300846454923885e+03
6.916847893875292357e+03
5.034418240387466540e+03
1.131568736889652064e+04
9.036003105055124252e+03
5.258264337974454975e+03
4.717056390656731310e+03
8.366108943885799818e+03
9.887165800387048876e+03
1.033862013171820217e+04
4.198669759838688151e+03
4.437126110345951020e+03
1.212242228404547859e+04
4.556301901279393860e+03
6.863689252972146278e+03
8.965811445790914149e+03
7.236552817646284893e+03
4.363508438666065558e+03
4.064400520528020024e+03
4.912709612269207355e+03
6.383193300128290502e+03
4.395538756396248573e+03
4.640405161256129759e+03
1.075861737648520648e+04
5.728065305997415635e+03
4.948427955043687689e+03
4.701394967341785559e+03
9.225571254758651776e+03
3.860630172179676720e+03
5.061027362763676138e+03
4.198720125962414386e+03
7.659337458522386441e+03
6.778569287528640416e+03
8.936251425022255717e+03
6.516543389929898694e+03
4.224083298202251171e+03
4.845916451172029156e+03
3.800735759576627515e+03
4.850292776305824191e+03
9.137393171983174398e+03
7.785485867253813012e+03
5.498622730557015529e+03
8.919103145840013894e+03
4.601299579217859900e+03
5.130578867298580008e+03
4.713383631497761598e+03
5.545717116543850352e+03
9.034637581018414494e+03
5.838516346504783542e+03
5.809084942092866186e+03
4.006648259860806320e+03
5.429988756099834063e+03
9.174532140382758371e+03
4.428358880861420403e+03
4.918156104738454815e+03
4.795886022042115655e+03
8.119767713312565320e+03
6.281142251520408536e+03
5.876064595865433148e+03
6.550272759895273339e+03
6.548024405623098573e+03
4.176778628271382331e+03
4.310433959515369679e+03
9.180548622370595695e+03
2.245481264009784718e+04
3.868420328257148867e+03
5.291960552734979501e+03
5.149200366597742686e+03
4.724662578470252811e+03
7.935172828046811446e+03
4.989887329655692156e+03
7.087946025293552339e+03
1.048007130045609301e+04
4.787486264955989100e+03
3.837681749074259642e+03
7.222533741672482392e+03
4.807703198342658652e+03
5.997221345368308903e+03
4.321609667119701953e+03
3.846857036820872963e+03
4.314829691175867993e+03
3.897754364598904431e+03
5.071968302325010882e+03
1.518316712865450972e+04
5.513243247225028426e+03
4.418951416222476837e+03
7.592066169606771837e+03
5.829043983535782900e+03
5.263716230699199514e+03
3.989772125521566522e+03
6.930904299970861757e+03
7.553493837495337175e+03
1.673273124716940947e+04
4.784189330310498917e+03
6.343268120412230928e+03
6.793912885847939833e+03
5.310205599791315763e+03
9.204667163385325694e+03
4.891454948443998546e+03
4.810360474442363738e+03
1.030274188328692253e+04
4.209490058140378096e+03
5.094037387692885204e+03
8.930390255535916367e+03
1.377403260190272158e+04
3.896824802272826673e+03
4.402388849105568625e+03
4.986698759259469625e+03
1.271310872204734005e+04
6.106861372232365284e+03
3.956993066581822859e+03
6.538920317249929212e+03
5.137601175472467730e+03
7.956885582189211163e+03
7.602592046124309491e+03
4.630623828149087785e+03
7.497671481806320116e+03
6.519718314339253993e+03
5.086825158141029533e+03
9.410543876434407139e+03
8.324562008444921958e+03
5.250440731030362258e+03
5.914783122802709840e+03
9.634029417586712952e+03
4.798338918125792588e+03
5.443010856428470106e+03
5.316957369038436809e+03
7.149423196209536400e+03
5.069330417923625646e+03
4.935448266933242849e+03
5.824932111708298180e+03
6.334022191326204847e+03
4.261708395390478472e+03
8.541192175085498093e+03
6.106949465143464295e+03
3.987346553150849104e+03
7.231278929926607816e+03
6.974473575116900065e+03
6.438681193531419922e+03
7.767527410682201662e+03
8.049121071603680321e+03
6.201058202942743264e+03
6.598959236348904597e+03
4.902099589994757480e+03
1.073794510863278265e+04
4.757404522762286433e+03
4.480261997240912024e+03
8.540951319419047650e+03
8.311864704779380190e+03
4.088187393489562965e+03
6.011502727664165832e+03
6.204208921300520160e+03
5.229794387224830643e+03
7.266476716422077516e+03
3.986795673793047172e+03
8.622667419497687661e+03
5.811497148844267940e+03
5.131428166474652244e+03
1.083290947423398029e+04
1.460901893109656339e+04
4.275634981724731915e+03
4.641475507979674148e+03
5.578034664017390241e+03
1.236526777048792428e+04
5.674410171713359887e+03
