3.367632563808124360e+03
2.950000000000000455e+03
1.139115725465748255e+04
1.109132567097621359e+04
4.748540705391300435e+03
6.967553682863871472e+03
4.463286320551050267e+03
7.053738248390338413e+03
5.363842923861220697e+03
6.744916390103890080e+03
4.367996617402433003e+03
5.773596431950481019e+03
9.831939053495447297e+03
4.998456778361824036e+03
4.811574948729811695e+03
6.376780381210074665e+03
5.178322280523177142e+03
6.654262302114293561e+03
8.995892907172372361e+03
1.281539200498381797e+04
4.456735318071307120e+03
5.709423775917000057e+03
6.996538037255845666e+03
4.451279982113477672e+03
7.168408305373399344e+03
4.317083825816531316e+03
5.918700670760088542e+03
4.341576475183719594e+03
8.203745442470204580e+03
8.478228603594590822e+03
6.156301083538707644e+03
3.633226591036933314e+03
5.971651991192917194e+03
4.547023139525073020e+03
7.193888261605303342e+03
4.893469633689215698e+03
6.128521425493956485e+03
4.506196089931064307e+03
5.121578817193674695e+03
1.923844447327787930e+04
8.760386218166218896e+03
6.990794341376167722e+03
9.986867535812363712e+03
4.263160482861634591e+03
5.889223376668429410e+03
5.981760080533957080e+03
5.202523177205106549e+03
3.991691913114324961e+03
5.820692565308207122e+03
6.092522152950483360e+03
5.195199499704098343e+03
7.175822659158680835e+03
6.826682629453063782e+03
5.331437698798664314e+03
1.529427838159370185e+04
7.147227939635678013e+03
7.425025777557526453e+03
5.265835293788092713e+03
4.990881340122366964e+03
5.744966321807145505e+03
5.290359841959489131e+03
4.188043260981899039e+03
5.600617024300607227e+03
4.600915653184209077e+03
4.764267648867212301e+03
7.293106489694038828e+03
5.301930768220765458e+03
7.011806886131757892e+03
9.761415260984031192e+03
5.745002575719508968e+03
4.212129266759717211e+03
8.085966740282474348e+03
4.092940088945011667e+03
4.949705539701039015e+03
1.242360194928911369e+04
1.227412476323786905e+04
4.504713785878736417e+03
7.463795210633848910e+03
5.758803959828281222e+03
6.638631762829895706e+03
6.063840905350205503e+03
4.768390244106057253e+03
5.155612885144371830e+03
4.909720717545830666e+03
6.125727705157323726e+03
9.908261422348909036e+03
5.064306490128177757e+03
4.254779614270635648e+03
4.182537844298219170e+03
4.641278004941701511e+03
1.584722430445866667e+04
6.274801140186553312e+03
6.421083243887638673e+03
4.325647013296636032e+03
4.243389469855412244e+03
5.495908805769070568e+03
4.427514974508033447e+03
1.282735831960003634e+04
4.735839457198651871e+03
4.392594060443453600e+03
5.316354800860017349e+03
4.082544249688586206e+03
5.123693118883405987e+03
7.037800054566719155e+03
7.477476542647378665e+03
4.547219751824268315e+03
6.506425936456649652e+03
4.394002901464201386e+03
7.662249717534957199e+03
6.877853646997622491e+03
5.137873297920862569e+03
1.668008356457862828e+04
6.802535186140546102e+03
6.298110724926714283e+03
4.419552506830859784e+03
6.853670646119986486e+03
5.773516258367313640e+03
5.108347694625297663e+03
5.510897792340027081e+03
4.110231080780544289e+03
5.398574626785417422e+03
6.436426585031838840e+03
5.810143912627855570e+03
7.177525533594796798e+03
4.292225937762347712e+03
4.890108758820639196e+03
1.989099870907139848e+04
6.548855111781341293e+03
8.178082290271335296e+03
8.831699455921600020e+03
6.027734736551329661e+03
4.403085096588142733e+03
4.324333575694755382e+03
6.471965155485623654e+03
4.771026632943499862e+03
4.246021058545908090e+03
5.004423605289966872e+03
8.993218741341786881e+03
4.831089494922118320e+03
6.662850130005581377e+03
4.532058278752016122e+03
4.878433936575364896e+03
1.043508812978903916e+04
1.046191541586115272e+04
6.737289900460651552e+03
6.596596457914468374e+03
4.731042712451785519e+03
5.872281267645559637e+03
5.730443424222010435e+03
5.668681083736367327e+03
4.673644440153634605e+03
4.043501825030011787e+03
9.102053343566927651e+03
4.370827395307911502e+03
1.291319231806414973e+04
4.938982152803133431e+03
4.020253007190705830e+03
5.394005197490974751e+03
8.005922666234792814e+03
1.642501136547359783e+04
4.095693735622412987e+03
4.759165701987439206e+03
7.612390579797114697e+03
4.489624866715598728e+03
4.733173168364983212e+03
9.090826010624281480e+03
7.450911921948278177e+03
4.060285943529176620e+03
4.776544027883421222e+03
4.309182571079520130e+03
1.231295341973130417e+04
8.787949770375276785e+03
4.943818264461619037e+03
7.985239266800965197e+03
5.257504185764262729e+03
6.326149212850456934e+03
5.073543847335058672e+03
8.347392388591963027e+03
4.351796137837640345e+03
5.286422864979603219e+03
1.767757664155638486e+04
3.919053646691763788e+03
4.918073191676317947e+03
7.010867049066153413e+03
4.115908657836665952e+03
5.815361862947356713e+03
1.009721282065859123e+04
1.027338925109584852e+04
5.281552997063492512e+03
4.776251349575967652e+03
6.601914963374769286e+03
4.681406517739003903e+03
3.937926033517424003e+03
5.452808782703288671e+03
4.994414300153979639e+03
1.117019079509691983e+04
3.740780805257546490e+03
4.237403623640985643e+03
1.121114765229952172e+04
8.974655655370183013e+03
4.989290652317818058e+03
1.181466031091070909e+04
5.315898645444956855e+03
4.525285422193006525e+03
5.777318377779723960e+03
4.489588537153662401e+03
4.503379356104627732e+03
6.802164632614199036e+03
9.963273536048451206e+03
4.911751277045018469e+03
1.091430107999309803e+04
4.725509479541126893e+03
5.348153634045786021e+03
5.157414075627064449e+03
1.136683578088178001e+04
1.293762787843121077e+04
8.432538254469589447e+03
7.126098244313002397e+03
5.748524804574653899e+03
4.589675985778631002e+03
4.590141813937303596e+03
4.436365715223766529e+03
4.818876423345936928e+03
4.936817219286683212e+03
4.205083410051047395e+03
3.741437641195899687e+03
8.745730853410041163e+03
1.505962484019745352e+04
4.763712334103494868e+03
6.715579304299640171e+03
5.122672933199923136e+03
7.658485212803262584e+03
7.536994495697578714e+03
4.989834047071426539e+03
4.387087414737843574e+03
4.124025741448451299e+03
4.561993042235123539e+03
1.148424439492141209e+04
7.521563800335658925e+03
4.291766921963126151e+03
4.117648719747235191e+03
4.752999685961491195e+03
1.389899310828367925e+04
6.149214694206615604e+03
6.902217176822177862e+03
4.548486457554083245e+03
4.393355498751880987e+03
7.976691483445543781e+03
4.361708082244174875e+03
4.972150984661197072e+03
4.292513000676643969e+03
7.071947706339426986e+03
1.083081773151197558e+04
5.361864247258619798e+03
4.089827870421916487e+03
8.120702373120330776e+03
