1.119408380085588578e+04
2.950000000000000455e+03
4.725087796368306044e+03
4.601582203487345396e+03
5.195069411940165992e+03
5.140626016506194901e+03
4.249446860969676891e+03
4.266926785482316518e+03
9.572971060837387995e+03
4.280197582658347528e+03
1.193751539093945576e+04
6.167546733478697206e+03
8.255728373675927287e+03
5.538604520020200653e+03
6.369263806692746584e+03
4.476429965559900666e+03
1.508052933020344426e+04
4.589803316480337344e+03
9.291448717183226108e+03
4.439587074581427260e+03
4.393407574186016063e+03
3.896805842070232757e+03
4.921166034719774871e+03
4.732619555454162764e+03
7.695953807980045895e+03
1.151281976574019973e+04
5.187171758490216234e+03
5.339036435432515646e+03
5.509981741416988370e+03
1.080286160873724657e+04
3.819632036936698114e+03
7.731456180551189391e+03
1.942282106088503133e+04
7.315194331010188762e+03
5.905796134824994624e+03
7.021909881116929682e+03
4.481991718577492065e+03
4.434652599414393990e+03
3.816539926945290063e+03
1.005202912825084422e+04
6.666897912990964869e+03
7.259294982252709815e+03
4.036056219897923711e+03
6.017959441604582025e+03
6.631977160588204242e+03
1.393140586164214437e+04
5.487463064458645022e+03
1.007121396910500698e+04
3.838347936600669527e+03
6.053365750158774972e+03
4.711515219090797473e+03
5.016881954715688153e+03
7.408764015349406691e+03
4.896817724544469456e+03
5.831122778527809714e+03
3.929876384006905027e+03
4.783220861845652507e+03
4.767464424593754302e+03
8.322291869520471664e+03
5.272659670545352128e+03
4.908907968867206364e+03
4.787979851507718195e+03
4.506136189531828677e+03
4.314830610395548320e+03
7.588945164022932659e+03
3.993758214996116294e+03
5.046590575733294827e+03
4.731222104940022291e+03
5.167632152386956477e+03
4.174145878303876998e+03
7.363693295589165245e+03
8.318944213597216731e+03
4.774906110881933273e+03
4.954737500038278085e+03
3.702832183360753334e+03
4.840637279277079870e+03
9.974368799095209397e+03
4.052283993505826857e+03
1.260001560029562825e+04
4.938993603887742211e+03
1.575961490944118304e+04
8.423152360181400581e+03
2.366992987107908630e+04
9.562376514099691121e+03
6.693181577695835585e+03
6.918458218296145787e+03
5.380324498704660073e+03
4.875783912132392288e+03
4.146777905784976610e+03
4.083728214931643379e+03
5.512820817886105942e+03
5.377910644072690047e+03
8.779371874686628871e+03
5.089587016483732441e+03
4.228967171688762392e+03
8.961475506432132534e+03
8.132747579879274781e+03
8.072873586953459380e+03
1.293031142730427200e+04
1.115590622261472890e+04
4.749483822530205543e+03
4.406966003093377367e+03
4.694385454836029567e+03
5.778128659054965283e+03
4.173333071468062371e+03
4.352549461207511740e+03
5.882677676262513160e+03
5.020950162128888223e+03
4.876858147701055714e+03
4.325167288465092497e+03
4.633848822991649286e+03
5.134908563932294783e+03
6.495585372241769619e+03
5.014942898770613283e+03
5.018507641090474863e+03
9.527127706878038225e+03
4.563273445670591173e+03
7.787845346280836566e+03
5.789183581217110259e+03
4.182013806363685035e+03
5.958754910458185805e+03
7.226063084305760640e+03
4.261094899096344307e+03
4.370695127656095792e+03
6.999601751280251847e+03
6.169174805577209554e+03
1.673054785251864450e+04
5.578771238017310679e+03
4.849687245590335806e+03
4.497150066749840335e+03
6.370453571297010058e+03
5.451077878224013148e+03
1.146293206829541668e+04
2.461864148286114869e+04
8.574296088973569567e+03
1.157121889213652685e+04
1.627821086975573962e+04
4.164618671294935666e+03
8.481951333054601491e+03
4.787605025898619715e+03
4.264234136331510854e+03
5.892046648528429614e+03
5.694996986654241482e+03
4.392505089100938676e+03
5.633971036965498570e+03
4.399183065890010766e+03
6.143870386882691491e+03
4.429092781084959825e+03
5.011283446743776040e+03
4.760700717595673268e+03
4.394959480435939440e+03
5.429111655530412463e+03
1.085562307056095597e+04
4.829873916886384905e+03
6.305410928416900788e+03
4.788507149452291742e+03
4.959616911510818682e+03
5.488370033160974344e+03
4.501425630217663638e+03
4.645485868115161793e+03
5.075008103849977488e+03
5.277093318915774944e+03
6.397617323750688229e+03
4.236495540644844368e+03
4.643423725804100286e+03
4.119718338621663861e+03
4.557539388060886267e+03
4.222019890211405254e+03
7.501987192058396431e+03
1.082957816681248732e+04
4.779171968808652309e+03
1.290252074628752052e+04
4.265788795111136096e+03
6.599392402768390639e+03
3.948871298161760933e+03
8.410898769352290401e+03
4.510115242099969691e+03
8.345531222138453813e+03
4.250608116348413205e+03
4.426506249936926906e+03
1.276017705101242973e+04
1.338682921327648364e+04
5.159494249334289634e+03
1.160741310449321099e+04
7.888604206441663337e+03
4.274633536830466255e+03
4.603122142726076163e+03
3.889269665413185066e+03
7.730787626550800269e+03
4.813896668821957064e+03
4.573528879494924695e+03
4.079666236609384214e+03
4.448536969662738557e+03
5.134709135070029333e+03
4.136060509341110446e+03
4.177819802058654204e+03
4.450420152237727962e+03
6.124103918239261475e+03
6.979085601923826289e+03
9.502093750393436494e+03
6.874112501163287561e+03
5.344085917966298439e+03
1.101428225424599441e+04
4.719521697884032619e+03
5.264821253004734899e+03
7.128955707055925814e+03
5.516376627344701774e+03
1.359913305206476616e+04
3.628899219680706665e+03
4.987239784811365098e+03
4.592840925191848328e+03
5.292411215441405147e+03
6.636528945963476872e+03
4.507828024587947766e+03
1.298184974560983028e+04
3.883239549510451980e+03
4.913079859350022161e+03
4.772381267650690461e+03
5.898592134711764629e+03
5.845514406252406843e+03
1.613579529969757277e+04
5.956186563241926706e+03
9.963787625939752616e+03
3.866053953056068167e+03
4.692922114686700297e+03
4.165305160772445561e+03
9.383558785786906810e+03
4.102644497503792081e+03
5.110367881869886332e+03
6.205184401990933111e+03
5.605443527399255800e+03
4.680400751325178135e+03
5.227954128597473755e+03
6.100900265615957323e+03
5.208302013459366208e+03
1.040179173356612409e+04
5.931312098462252834e+03
9.360924559629771466e+03
4.488619024792293203e+03
4.466633638676940791e+03
4.443336225293154712e+03
6.122057033302477066e+03
4.953634293804361732e+03
4.881099721848512672e+03
6.180941224365801645e+03
9.442932088524352366e+03
1.121651525025270530e+04
9.125329638546685601e+03
6.424390249284802849e+03
1.072365651250639348e+04
1.022229633303669834e+04
7.303062438453270261e+03
5.856680546793056237e+03
4.276299694409425683e+03
4.640130197743357712e+03
9.228505526267765163e+03
