5.473803580273044645e+03
2.950000000000000455e+03
6.840281799204008166e+03
6.770063248068482608e+03
5.538685811323161033e+03
4.051686258024948984e+03
6.603052120895775261e+03
1.098685180800289527e+04
6.874844739952547570e+03
7.832064314595379074e+03
3.918949608059103866e+03
8.535180477650757894e+03
4.213719053472058476e+03
5.997783877911617310e+03
4.727053460537187675e+03
5.278805086723330533e+03
4.196675547796768114e+03
4.501011769066215493e+03
4.025803470601539630e+03
5.266254272487749404e+03
4.870009156552805507e+03
5.634530841910907839e+03
3.806524691965583770e+03
5.837090174294142344e+03
6.117581866582784642e+03
1.460340468850906291e+04
7.353052518956944368e+03
4.837917606463177435e+03
1.067550817693108183e+04
1.180764122295282687e+04
1.036024556886575374e+04
5.139781656043172916e+03
5.378255376199108468e+03
4.799806277275309185e+03
5.785751414226942870e+03
4.843245047549993615e+03
8.313135157237904423e+03
1.043080488536798839e+04
4.123381455421899773e+03
4.767342347019930457e+03
4.361324338877167065e+03
5.385797560133407387e+03
4.887456950335182228e+03
4.391232646753886002e+03
7.440881758837386769e+03
4.720267786920118851e+03
4.874224813876953704e+03
6.554140319377028391e+03
8.810505430511926534e+03
8.567980677737479709e+03
7.797161012126193782e+03
4.793842226216142990e+03
5.000177032391442481e+03
8.689894957309650636e+03
5.593130957997593214e+03
1.536832537460241110e+04
5.206959004196896785e+03
3.908223380646669739e+03
4.996312151494386853e+03
6.173919836162272986e+03
4.814753790638616920e+03
1.554580805626093934e+04
1.144962706996305133e+04
5.577006928958931894e+03
1.639303398139274941e+04
1.165762676427350380e+04
9.941251329257771431e+03
4.830668314654280039e+03
6.847637608310574251e+03
8.680629999085078452e+03
4.595962707774601768e+03
3.566048707664272115e+03
4.133310941913630813e+03
5.188475560038146796e+03
4.903894272615244518e+03
5.809895228656247127e+03
4.741953759726070530e+03
4.906203834559652933e+03
4.485692013298514212e+03
3.887064505511441894e+03
8.725487575986750016e+03
4.095946706332576468e+03
6.718397891306420206e+03
4.750041537928130310e+03
4.942493452080463612e+03
4.165622210620027545e+03
7.553839761737885965e+03
6.127938831304987616e+03
4.712320430958443467e+03
4.632843886326347274e+03
4.215561366263254968e+03
6.489955160029979197e+03
3.289838877043621778e+03
5.131334931243951360e+03
1.339283200436240440e+04
1.146574589045120774e+04
4.758625393476208046e+03
8.348958295722757612e+03
7.016483781300354167e+03
4.946141623423271085e+03
6.200711453477613759e+03
5.561575366087419752e+03
4.964311963507121618e+03
8.790747549308547605e+03
4.116571302998585452e+03
1.001878701578569235e+04
5.553091962419361153e+03
1.075872430518329202e+04
6.794149378715505009e+03
6.028778791856435419e+03
1.229380488719483765e+04
1.235662884252705408e+04
5.882265598900246005e+03
7.915021222714549367e+03
5.827232315741112870e+03
7.199226552490606991e+03
4.631553623083333150e+03
5.078144843557631248e+03
4.825212240769856180e+03
3.860010561425581727e+03
7.179961203186830971e+03
7.675618402240473188e+03
5.681177842855771814e+03
5.209309595500650175e+03
7.424458050977849780e+03
5.980211249367516757e+03
4.705046663901058309e+03
6.001084755751605371e+03
8.659160323898098795e+03
6.082498303655786913e+03
4.351165187352027715e+03
5.007522404431810173e+03
6.200758972653415185e+03
6.190908944755003176e+03
5.557660625448810606e+03
5.385712925236675801e+03
4.387856905105860278e+03
1.241302684261492868e+04
5.742070095367895192e+03
6.531729027235501235e+03
4.034152272227629510e+03
5.575875413999300690e+03
3.773911949364473458e+03
4.598495157731100335e+03
6.958205363978392597e+03
5.455276221336441267e+03
1.109360164801960309e+04
4.179504172732066763e+03
8.886842860992528585e+03
1.347039749793049850e+04
6.695832101335217885e+03
9.308411147160506516e+03
1.053607125270309189e+04
4.551163728927526790e+03
4.330683423333643077e+03
9.808265972224984580e+03
4.520089705683454667e+03
5.092096964138738258e+03
6.032881152410691357e+03
4.551883234861837991e+03
8.285441886422528114e+03
4.772963469864715080e+03
9.515786965973011320e+03
5.197346273051356548e+03
4.929402578676206758e+03
1.373615913148457184e+04
8.260141772372549894e+03
8.848234090210075010e+03
3.796371848571204737e+03
4.019664000215555461e+03
5.971919896862526912e+03
7.040881136017679637e+03
9.954554812681819385e+03
4.325273923684968395e+03
4.940162032115329566e+03
4.436491038006588497e+03
8.425571116920520581e+03
5.906841169002500465e+03
5.258098722552390427e+03
4.936964121851803611e+03
4.486825369508904259e+03
4.713758958698942479e+03
4.510491738219272520e+03
3.785904666920992440e+03
9.857002298206651176e+03
1.915154225270931784e+04
4.132811569254289680e+03
9.440059807008381540e+03
8.849388273767533974e+03
6.633336854289938856e+03
4.484380639855669870e+03
4.600031001024611214e+03
4.107709629587426207e+03
5.072207681662946925e+03
1.081808529109468145e+04
6.413327547138782393e+03
1.165049841625711997e+04
5.062299339348537615e+03
4.702694363751428682e+03
4.348974234626427460e+03
5.089285261365004772e+03
6.999360094707735698e+03
6.526394017202182113e+03
1.370016543657338843e+04
1.131030523116402583e+04
5.626373193591272866e+03
8.863255604388288702e+03
4.618504686647490416e+03
7.086612630945191995e+03
4.517134677025193014e+03
3.552621916797404083e+03
5.439260526549069255e+03
6.911167437528282790e+03
4.388440814759029308e+03
4.423631568136106580e+03
5.941691783654498977e+03
5.565512287321259464e+03
5.065624952678403133e+03
5.215329967897047936e+03
4.520655013677208444e+03
1.095705028108468468e+04
7.510043381517459238e+03
5.088291627816393884e+03
5.210231819662481939e+03
7.314816813108270253e+03
1.307113251753298573e+04
4.058618303978993026e+03
4.620585707360408378e+03
7.030997254745467217e+03
1.940299847553207655e+04
4.602427781884728574e+03
9.089578708548597206e+03
4.527232941489846780e+03
4.732625297416389003e+03
4.825245086352069848e+03
5.623987942031770217e+03
7.536464201590533776e+03
3.997537407580301988e+03
6.616869927475239820e+03
3.974969335901906561e+03
6.111925779525907274e+03
4.321404909059214333e+03
8.040235271694094990e+03
8.615381191220567416e+03
4.082689614712460752e+03
4.820553591180159856e+03
4.670111074683503830e+03
4.143877670656934242e+03
5.012886183463971975e+03
3.881552102746713899e+03
9.556986548475786549e+03
1.033906408035628920e+04
5.615767633221081269e+03
4.281214168276421333e+03
9.398283960226852287e+03
3.764498270821986807e+03
