9.825775255268679757e+03
2.950000000000000455e+03
4.650146564958140516e+03
5.081895750965215484e+03
8.874642796459462261e+03
4.764957027709491740e+03
6.975173783820650897e+03
4.312051147856797797e+03
6.476767975143618060e+03
6.905826224879586334e+03
5.097303308920507334e+03
1.169955082036315798e+04
4.357359823109954959e+03
1.257364007092709471e+04
5.166137166449630968e+03
4.457919757718258552e+03
5.184144611552941569e+03
6.340831289088729136e+03
1.141027522672951272e+04
1.125828000364101354e+04
4.318830251835760464e+03
4.373457775972645322e+03
5.234825346929082116e+03
4.373046831773150188e+03
7.773978827672679472e+03
4.481611990384655655e+03
5.530670975327117048e+03
6.520155957978406150e+03
5.747999566890252026e+03
4.959687423272021988e+03
1.283064757350188302e+04
5.893285769257294305e+03
5.210015875045994107e+03
4.954548429751568619e+03
4.720598617794905294e+03
4.477894334362084010e+03
4.190407126279998010e+03
4.070899168623531295e+03
1.180197563429115689e+04
8.325814098705193828e+03
4.904737690416188343e+03
4.524514726064525348e+03
7.968943270136088358e+03
1.000302573909383136e+04
4.783291373271603334e+03
4.458574730196333803e+03
4.300266855820127603e+03
4.014563188649896802e+03
6.872081367572519412e+03
6.148478379362974010e+03
1.028798727346128544e+04
5.100999567980758002e+03
5.325667718382315797e+03
7.086034404395687488e+03
4.477478418241598774e+03
5.730479423850846615e+03
6.758059692852046282e+03
5.243499152539720853e+03
4.672440801700657175e+03
3.718070910526502757e+03
7.616117391966757168e+03
8.467478250561551249e+03
6.255250521579611814e+03
9.087122759267549554e+03
7.442209072364396889e+03
1.602772915390458911e+04
4.487950763629568428e+03
1.133678483511179365e+04
8.339005607963712464e+03
7.127155438371104538e+03
4.850874630909565894e+03
3.769981436205657701e+03
1.105736822507029319e+04
5.494277690095661455e+03
3.896234982275171660e+03
1.256558962742159383e+04
9.655383702921457370e+03
5.050468913229454301e+03
4.279455836300619012e+03
7.844620903336012816e+03
6.707733289562407663e+03
5.970651936163605569e+03
7.186853870123462912e+03
5.059994424584148874e+03
4.283246601146065586e+03
4.521455314607791479e+03
6.996436058596235853e+03
9.529918844697134773e+03
4.754480445434955982e+03
4.408042890447617538e+03
1.483663378703935086e+04
5.741001165473227957e+03
5.137642773083029169e+03
5.223720502081941959e+03
4.107407123552899066e+03
4.528901241340978231e+03
5.125618293432340579e+03
4.987852673779554607e+03
4.784289632940566662e+03
1.266548841813917898e+04
4.233373485965723376e+03
5.185632037903819764e+03
5.102439422267837472e+03
4.555391015674741539e+03
5.402353459538366224e+03
4.948414613727492906e+03
4.837553815896091692e+03
6.307240442773508221e+03
3.916982647460217322e+03
4.502742100815642516e+03
6.801930115084966019e+03
1.483380608460890835e+04
9.238186161548379459e+03
9.683618355317757960e+03
5.434396558078065937e+03
4.310724657452132305e+03
7.122670877681917773e+03
9.023729548760933540e+03
7.390101359368086378e+03
4.564990663454797868e+03
9.864883160844496160e+03
7.744525613924183745e+03
8.440053658272827306e+03
4.381138275368937684e+03
6.377710750199472386e+03
6.342163340279716067e+03
8.421876068257182851e+03
4.636362167518338538e+03
4.621480115315085641e+03
4.759505013275445890e+03
1.028040710901620332e+04
6.499206743114838901e+03
6.170147282506382908e+03
4.219384828092521275e+03
4.241860207060150060e+03
4.312836857350119317e+03
4.252135028573424279e+03
4.224801764952261692e+03
3.659907781875475393e+03
5.787187757142068222e+03
4.289408654370165095e+03
7.018543132617461197e+03
1.502045529780137076e+04
8.076540618953423291e+03
7.684127911716968811e+03
5.848366250997539282e+03
4.720813667217665170e+03
5.799044639634681516e+03
5.392219563153266790e+03
1.191318700723064467e+04
5.839647410487865272e+03
1.159054340809819041e+04
6.616857482099372646e+03
7.370026569714818834e+03
4.949404286248022800e+03
7.529564424667905769e+03
7.430445101257027090e+03
4.312585996828587668e+03
4.009485567218627239e+03
5.701126040266019118e+03
9.315121281791580259e+03
6.374445745400496889e+03
6.255329840740874715e+03
7.380727261125127370e+03
4.617842897901581637e+03
1.586009903290645525e+04
5.093547831837920057e+03
4.929548936183031401e+03
8.593551682704755876e+03
4.885276296472915419e+03
4.551947081878111931e+03
4.793882884510938311e+03
8.253184859905861231e+03
4.919158153397008391e+03
1.052753183652577718e+04
4.594536008975232107e+03
4.349794376827213455e+03
4.646303892771753453e+03
4.239256430940888094e+03
3.987404327485914564e+03
1.117036909802820810e+04
5.696126223351293447e+03
6.967825495133744880e+03
1.378063016299311676e+04
4.250295527782529462e+03
4.763720219779383115e+03
7.959346345643422865e+03
1.519050209412130243e+04
4.993608406048813777e+03
8.058443024670754312e+03
9.593352202110832877e+03
5.927871317953628932e+03
4.863921077807722213e+03
4.775953230803112092e+03
4.407667556692583275e+03
4.371702208614266056e+03
7.493560701148909175e+03
5.717801612803323223e+03
8.351738023047724710e+03
8.547972348790968681e+03
3.753386125335452107e+03
3.747793736202544096e+03
7.110414333025106316e+03
1.047904771745294602e+04
6.052940069029493316e+03
4.286237488989451776e+03
4.452558174633005365e+03
4.652996657927607885e+03
7.284449869844313980e+03
5.700642915218270900e+03
4.883020178413861686e+03
4.989514002421647092e+03
1.060024741978804923e+04
6.415800652910108511e+03
6.778801259238877719e+03
4.822782452840914630e+03
6.892295328692429393e+03
9.289906262227750631e+03
4.536067725964609963e+03
4.112298756183347905e+03
8.553264006374569362e+03
1.147036812666711376e+04
5.620733326313489670e+03
5.273423104552966834e+03
6.743489392041716201e+03
4.982660645754513098e+03
3.629357568793150222e+03
8.810253064290389375e+03
1.350391577064131343e+04
7.221610819618759706e+03
4.996080189340562356e+03
5.447252458248542098e+03
6.614167481235392188e+03
1.006811932984934720e+04
6.257632310625132959e+03
6.575853726586386983e+03
7.013240206618904267e+03
1.204598309576135398e+04
8.045364291160373796e+03
3.882910438098856503e+03
3.945200947342347717e+03
4.461244431171431643e+03
1.617230409201253133e+04
6.085662463584014404e+03
7.352291957450890550e+03
5.969822135326586249e+03
4.305368475734463573e+03
4.552527748108817832e+03
4.863987512860887364e+03
4.098864775485713835e+03
4.599884179146518363e+03
5.458770822508235142e+03
3.873051261625347706e+03
4.258003623543969297e+03
4.496078306832977432e+03
9.332130913893857723e+03
