7.613490899602930767e+03
2.950000000000000455e+03
7.014349178046172710e+03
6.536113821403468137e+03
4.569693328848155943e+03
5.799416139432982163e+03
7.675095090223730949e+03
4.114594102490460500e+03
4.762005037944276410e+03
4.685505366386845708e+03
1.266984510150637652e+04
8.160375057130034293e+03
5.780584475285079861e+03
7.274941608864613954e+03
5.785506222571742910e+03
4.026247220001864207e+03
4.238797668012337454e+03
3.630023767926219080e+03
7.505402505190525517e+03
9.024493433609663043e+03
9.634208221682438307e+03
4.831714878432248952e+03
7.014020862219585979e+03
1.191351974927948504e+04
6.882864026365970858e+03
4.828892359764856337e+03
1.068100599738823075e+04
5.511124087136988237e+03
6.588070429860674267e+03
3.993595456522771201e+03
4.337397810633558947e+03
4.353699266314426495e+03
4.506088112124830332e+03
5.348124930311984826e+03
5.014108725440564740e+03
4.579474581679155563e+03
4.167296705299479072e+03
4.525649299104163219e+03
4.279599846332313064e+03
6.729674231797936045e+03
5.219292018819554869e+03
6.296580956538202372e+03
7.848317176784707954e+03
3.988684862729567612e+03
3.787589093108154430e+03
4.469354572443182406e+03
1.344504135114754536e+04
1.504624064195759638e+04
8.885910721004489460e+03
6.148678343600580774e+03
4.367391848100523930e+03
9.512308056698402652e+03
5.071060594741564273e+03
5.860202029288999256e+03
6.578429335026033186e+03
7.345779266735236888e+03
8.038950992920107637e+03
7.471011503353933222e+03
5.787763213446361988e+03
7.785486060133415776e+03
5.241125623738878858e+03
5.383922819771240938e+03
7.421808715520348414e+03
1.136221981779180715e+04
4.733302031862717740e+03
4.207545729027156995e+03
4.013053815595372726e+03
1.284027989571956641e+04
4.717084712843521629e+03
6.508196438471174588e+03
4.583444764214582392e+03
3.914188808084019001e+03
4.164722740605456238e+03
4.305331088510645714e+03
8.485901935845038679e+03
1.092163225451775725e+04
4.168597073793696836e+03
9.360301546882599723e+03
9.620552836041664705e+03
5.823129357726006674e+03
4.754962536885549525e+03
5.371113893926320088e+03
1.750715310810846859e+04
7.160580617294146577e+03
6.332394790861431829e+03
9.378510102732543601e+03
4.667995857760524814e+03
3.963730278682482549e+03
4.233263166164678296e+03
4.924350364476493269e+03
7.903535092097690722e+03
5.528027807610591481e+03
4.589996672909039262e+03
5.345717257198753032e+03
5.097033852711115287e+03
5.207092142351050825e+03
4.721006165334501929e+03
7.230875139827696330e+03
4.565589812389870531e+03
4.051429382919349337e+03
5.276719798115364028e+03
7.256504662089876547e+03
5.180266806847464977e+03
1.936013614294149738e+04
6.203958564539362669e+03
6.599631303669773843e+03
7.071104361178250656e+03
5.997352085694597918e+03
6.008444122391626479e+03
3.767626108637203743e+03
4.504682483600274281e+03
1.328931003920767398e+04
8.846989559335765080e+03
4.041497837324115608e+03
4.453100772823288025e+03
6.609043280704482640e+03
5.143886787554699367e+03
4.415743956192656697e+03
1.453818886241702967e+04
1.117205165908097297e+04
6.579308494902163147e+03
4.726033100755145824e+03
5.061007323527152039e+03
4.681096788902668777e+03
4.181498688577614303e+03
4.417089964063938169e+03
9.851630534561190871e+03
5.055989675363856804e+03
5.464906871919032710e+03
5.553021134566637556e+03
4.141128818344678621e+03
5.837565827782406814e+03
4.234346492765889707e+03
5.673794619838123253e+03
7.212526600074561429e+03
8.950979863379165181e+03
3.910973971614152561e+03
6.743839330304857867e+03
1.703667615791473872e+04
4.444437373158314585e+03
4.392074735566091476e+03
5.128691439257085221e+03
9.856402438634195278e+03
7.323182371458207854e+03
7.924732171512800051e+03
5.765380613683597403e+03
3.807988470259719179e+03
4.672181575405644253e+03
4.165391005474230951e+03
4.943287816641601239e+03
1.682592871435971028e+04
6.262574134272880656e+03
4.653768736452326266e+03
4.684235012369900687e+03
4.615172717486405418e+03
9.989033471380516858e+03
7.639846374352319799e+03
4.480655023713466107e+03
8.310392680397166259e+03
5.525563590782343454e+03
4.007475747989534284e+03
5.660796762362188929e+03
1.286618259815091005e+04
6.213027726295163120e+03
4.702511639372039099e+03
4.352709719556644814e+03
5.227323965554796814e+03
4.349077416999323759e+03
4.404142048456853445e+03
5.049076907274722544e+03
4.421012830496760216e+03
1.225566557819075933e+04
6.927411374461624291e+03
7.731987431115889194e+03
4.210081165248730031e+03
7.550903132101603660e+03
4.522719810719333509e+03
3.965265685294973991e+03
1.292204722034360930e+04
1.735225817399134758e+04
1.024452747191240269e+04
3.963782483910978954e+03
4.653975753423283095e+03
7.241776578727142805e+03
4.455829649298038021e+03
4.348021118603850482e+03
5.841191909598990605e+03
3.921374436826849887e+03
6.405863762619046611e+03
5.875870688832279484e+03
4.199972580153103991e+03
5.778229253328219784e+03
6.475461415042760564e+03
5.507055014373865561e+03
8.852985284602505999e+03
4.019955259881415259e+03
5.293792800780144717e+03
4.498394579474092097e+03
4.359191251762280444e+03
9.412528347865392789e+03
5.950789735566786476e+03
9.821973851427745103e+03
4.152235404443384141e+03
4.652158570689958651e+03
4.457268033180229395e+03
3.926438844186569895e+03
4.848614185098270355e+03
2.833990659712985871e+04
6.176197838399577449e+03
4.865395458727223740e+03
8.181253096751713201e+03
6.263389073989244025e+03
4.379503189332578586e+03
4.550380733309023526e+03
1.720760380515663928e+04
4.840708794065343682e+03
5.091061588330676386e+03
4.574329861322672514e+03
4.475050807696437005e+03
5.512258903796146114e+03
5.964823527566609300e+03
5.191352326904690017e+03
1.256438023942223845e+04
4.427830574994497510e+03
5.088817313494195332e+03
8.137446562521361557e+03
4.147977699184727499e+03
1.070537705646677205e+04
6.339033274715055086e+03
5.117182797785557341e+03
4.685348704452050697e+03
4.390892869904193503e+03
4.169661270437475650e+03
4.789139826607186478e+03
9.095415013153668042e+03
1.936636392804354546e+04
4.570937146499416485e+03
8.221733523646067624e+03
5.317278804429131924e+03
5.928214737336932558e+03
4.025326521344711182e+03
6.108306830434963558e+03
9.818257685106371355e+03
4.869892123585907029e+03
8.832007809851718775e+03
4.591750338672539328e+03
9.471038372638897272e+03
4.273114015524269234e+03
6.758556974984374392e+03
4.090198872258562915e+03
9.669827840228033892e+03
1.067395803499627800e+04
6.020648978561328477e+03
4.549354037672598679e+03
3.861714435832922845e+03
4.622363614701417646e+03
