4.188300708205195406e+03
2.950000000000000455e+03
4.267119189495383580e+03
4.251498248284578949e+03
1.209554008135455297e+04
1.323498662349734150e+04
6.900829280068798653e+03
7.407406026580648359e+03
4.654900208054146788e+03
6.671754294612535887e+03
4.582459196125023482e+03
4.383616773965243738e+03
4.068114730895383218e+03
8.279659932619961182e+03
4.641230213196307886e+03
4.181248763198740562e+03
6.450895409296965227e+03
5.624828702234322918e+03
1.460708274215872007e+04
5.201033088724627305e+03
4.380571702365676174e+03
6.561161735377325385e+03
4.854106592620260926e+03
4.964445461397974213e+03
4.488428271871411198e+03
7.650702319553193774e+03
8.964659277733164345e+03
1.555387638903478364e+04
5.049629738793398246e+03
4.811871104687670595e+03
3.971815141419552674e+03
5.042669252786052311e+03
4.177700434637176841e+03
6.290796195233689104e+03
8.516557651932176668e+03
5.167222339563310015e+03
4.643088926972421177e+03
4.722079451058763880e+03
5.676878133400730803e+03
5.641984686553112624e+03
5.423377816450059981e+03
9.824874838719832042e+03
7.588170415367629175e+03
2.697599738228631031e+04
5.362935621772274317e+03
4.246608563383407272e+03
4.704683927811092872e+03
5.013282219947806880e+03
4.661662016449173279e+03
4.744122393202391322e+03
4.301744858921261766e+03
4.824325535707389463e+03
7.478413490681270559e+03
1.380206903768369739e+04
8.249586358861717599e+03
4.751087939221575652e+03
5.126247096094766675e+03
4.885268305972827875e+03
5.361524325892936758e+03
4.006532996223405917e+03
8.561684873645030166e+03
5.685510565445638349e+03
5.039359436980035753e+03
4.143706371299012972e+03
4.546356967089641330e+03
5.642493786200673640e+03
9.102858771593633719e+03
4.865356670394457069e+03
6.116769404542070333e+03
5.157210427031641302e+03
5.154646458094639456e+03
9.826835010349243021e+03
6.856320620833579596e+03
4.762777340807369001e+03
5.922362199956483892e+03
1.195556519613789715e+04
1.323636999427043156e+04
6.649155705861096067e+03
6.235645090267107662e+03
9.040540434737475152e+03
4.566465294119570899e+03
1.009682249883909753e+04
7.979142006512273838e+03
5.490611514012725820e+03
5.291207316368976535e+03
5.248216871174967309e+03
5.323644478483110106e+03
5.226611353567994229e+03
8.965018919187879874e+03
4.953759906964543916e+03
7.044151736031170003e+03
4.986346914673906213e+03
8.162692588091970720e+03
6.210022648588572338e+03
7.707991355774906879e+03
5.029010273017297550e+03
7.008422469546556385e+03
1.104183230024766090e+04
5.363396905799116212e+03
1.045541397620200951e+04
4.129493537668417957e+03
5.102417839089446716e+03
7.422280838795253658e+03
4.710016924648538406e+03
6.232609885657995619e+03
4.831385058658523121e+03
5.228287186300651229e+03
4.778907107347049532e+03
6.485249681678975321e+03
5.463812378908134633e+03
5.060255368613903556e+03
4.471818104529340417e+03
4.955466557788056889e+03
4.534574318763143310e+03
1.742520355797735829e+04
5.155750197492363441e+03
5.656912773491560984e+03
1.025764842651249273e+04
5.518851002074572534e+03
6.672842920767396208e+03
8.002981144162151395e+03
5.345432618751317023e+03
4.177490459763538638e+03
5.013252557512862040e+03
9.806291279141423729e+03
5.271220821363177492e+03
1.152928101300078561e+04
4.350653450635776608e+03
4.109383903547274713e+03
4.427737825584867096e+03
3.838281894186627142e+03
5.498394995363889393e+03
6.084781746812801430e+03
1.096114209151243085e+04
6.585972527482337682e+03
1.563857976137265177e+04
3.604289265355088901e+03
1.130372184567721342e+04
6.823246994650209672e+03
4.912554294631564517e+03
6.803613855990519369e+03
4.849135419154816191e+03
1.605526733128112028e+04
5.990143551098444732e+03
1.031530907507163465e+04
4.629284739488456580e+03
5.155402095741204903e+03
4.079281445680073375e+03
5.721135072483768454e+03
5.071753109334618784e+03
5.072658240926789404e+03
4.433401963671119120e+03
9.510782883254400076e+03
1.203272942665389746e+04
5.831087330036874846e+03
6.971889998183430180e+03
4.455879064714896231e+03
4.314106418368022787e+03
4.554129052146989125e+03
3.783939765627440465e+03
1.089385967346077268e+04
6.578304651272266710e+03
3.799674766861729495e+03
6.901011382732666789e+03
4.927445006009951612e+03
7.573714287157086801e+03
4.980770346283474282e+03
5.705755604461269286e+03
7.455014949776645153e+03
1.018153581844013024e+04
4.772392520842249724e+03
6.685050351925625364e+03
4.837524592132022917e+03
4.794186487008940276e+03
4.549842406789738561e+03
4.824098224510058571e+03
4.569351956721576244e+03
3.935503740085708159e+03
4.867887451216171939e+03
5.288311274898926058e+03
5.102397878326632053e+03
9.912088963122161658e+03
9.076269568543313653e+03
1.732989156437508791e+04
4.746584162734420715e+03
4.473446258246254729e+03
4.109043381763560319e+03
4.404674172546285263e+03
8.071330357895281850e+03
7.993128888914277013e+03
1.184981058435563318e+04
5.114713701711332760e+03
6.505627469012541042e+03
5.640681983132576534e+03
4.546227015090924397e+03
4.008923482137132396e+03
5.723029414819316116e+03
5.503102784506641001e+03
4.554649145408912773e+03
5.353160419106365225e+03
4.271111254356878817e+03
5.984059644314666002e+03
6.293393321740909414e+03
4.116445616547136524e+03
5.497387583636282216e+03
1.282044227237475934e+04
7.756501412571937180e+03
7.551836695020931074e+03
2.139057546958819148e+04
6.087506701191852699e+03
1.447700588357981542e+04
6.016422588309951607e+03
4.890325938947720715e+03
4.607386103554717920e+03
5.831794978327228819e+03
6.029629850555471421e+03
4.153014446025645157e+03
5.718391398033196310e+03
4.496892944694191101e+03
6.766468450997188484e+03
4.186705481804097872e+03
7.588012514037917754e+03
6.072079818174488537e+03
5.680365981178587390e+03
8.072667680649244176e+03
9.143441180217851070e+03
1.185681291657858310e+04
4.317197953867590513e+03
1.006156922864952867e+04
3.643836633935819009e+03
4.524947216846460833e+03
5.822465320769025311e+03
4.379939925357915854e+03
1.142442998388403248e+04
5.082485760182702506e+03
5.771478630265846732e+03
4.689496546673972261e+03
3.981651564982468244e+03
1.460167536161739008e+04
4.058721175776234304e+03
7.689317464854211721e+03
4.295175921804489917e+03
3.679487460702084718e+03
4.869007550455840828e+03
7.391469116508857951e+03
4.245713117564739150e+03
4.387402333098394593e+03
4.891967326914425939e+03
5.099123788988695196e+03
4.471959414483314504e+03
4.373267100590078371e+03
4.409053111291887035e+03
1.359051649244195687e+04
8.430521449389832924e+03
7.531628031990476302e+03
1.052769785287146806e+04
