5.391142655565869063e+03
2.950000000000000455e+03
4.975261069276624767e+03
4.987886540375414370e+03
6.827690043746619267e+03
7.260835427751554562e+03
1.469594213954026782e+04
1.375664903214520746e+04
1.132786746225637216e+04
4.133083507655116591e+03
1.020473182914892823e+04
5.046975066663249891e+03
1.210954453693621872e+04
4.429625672358589327e+03
5.182087539382941031e+03
6.718014515337688863e+03
5.520615283174262004e+03
6.332902482439729283e+03
6.383772570681485377e+03
5.152593502444984551e+03
4.162717820869316711e+03
1.159035162794709686e+04
3.876838822955857722e+03
7.838137336004692770e+03
5.141081145246378583e+03
4.486096470265197240e+03
4.415831524753642043e+03
6.112681823343238648e+03
4.786873824889664320e+03
5.926195269770130835e+03
4.504311422060618497e+03
6.851938652362752691e+03
1.277388090816333715e+04
4.373840970092279349e+03
1.400742703590058591e+04
7.044838350559898572e+03
6.260057427967191870e+03
5.974540058628288534e+03
7.255084536577659492e+03
6.180457774875483665e+03
1.184417298723482781e+04
5.086137139722155553e+03
5.278731274871658570e+03
6.365900655331710368e+03
7.179526179886851423e+03
4.465645158401170193e+03
4.688834869655005605e+03
4.987132662403202630e+03
9.856880692239206837e+03
8.783505349086821298e+03
8.970209113333545247e+03
7.197047563925430040e+03
4.392949235374514501e+03
3.930138224145191543e+03
9.600148785556215444e+03
7.013857918877472912e+03
4.064514296583343821e+03
3.736315705518352843e+03
4.827105831480569577e+03
3.648551851541841643e+03
4.581564788853846949e+03
4.538923134553161617e+03
5.739420478140989871e+03
8.831143484535557945e+03
5.227487794314722123e+03
3.912907760608208264e+03
4.934091356444558187e+03
9.866320541927652812e+03
4.252687425048417936e+03
4.235107332928727374e+03
4.182515802879546754e+03
4.233089345756204239e+03
5.073120946869366890e+03
4.502406680786352808e+03
1.856808799741976691e+04
4.080495627090331709e+03
7.984977972993570802e+03
1.154795313959551822e+04
3.632456179492420233e+03
1.548008208802851914e+04
4.566198908495661271e+03
4.959592838471906362e+03
8.373382901110522653e+03
4.883289013681866891e+03
9.076997714157887458e+03
7.702654087320265717e+03
4.232001979990292057e+03
4.781123840996172476e+03
4.076287665756313345e+03
3.904764904687487615e+03
3.793219305860621262e+03
4.754422001055080727e+03
4.214799238045401580e+03
5.810435685464846756e+03
8.761465229847595765e+03
1.288414783631577302e+04
4.267164039893330482e+03
6.896388492788337317e+03
4.574965339050771945e+03
5.240306150140471800e+03
5.758061864325617535e+03
4.182172323890508778e+03
5.990901931826498185e+03
4.801032489863237060e+03
8.519764126597679933e+03
4.576397349561804731e+03
7.221197274763973837e+03
5.680860786090905094e+03
7.432318891239249751e+03
4.193920618670532349e+03
4.675046767963798629e+03
7.913691424679661395e+03
5.439962710460305061e+03
5.992365156197122815e+03
3.828891355137542178e+03
6.056315619223778413e+03
7.003003966668846260e+03
6.797035708144086129e+03
5.206720850648938722e+03
5.500107748813737999e+03
9.451497657631949551e+03
6.914185015639597623e+03
1.873889042064886962e+04
9.600966801916718396e+03
5.298505651993689753e+03
4.574245190090228789e+03
4.932963099701451938e+03
5.292553984070504157e+03
4.463693147588521242e+03
5.807468481280960987e+03
5.289456144784926437e+03
6.350362925941373760e+03
5.464906820169615457e+03
5.193970554814928619e+03
5.157156533465931716e+03
9.552956056781671577e+03
6.741033826517914349e+03
1.011029920010050046e+04
7.663205476513181566e+03
6.407683871116316368e+03
5.162466380683468742e+03
4.257609854255031678e+03
3.681165408636450593e+03
5.755601474170856818e+03
4.013699264516088078e+03
7.998912493208217711e+03
7.117030652297376037e+03
4.171410042159230215e+03
5.986219183314451584e+03
1.698992998491216713e+04
4.748406658374397011e+03
6.934069267862199013e+03
5.677625859795007273e+03
6.126041981878865954e+03
1.566608226736275719e+04
8.379679695521037502e+03
7.354289086328090889e+03
4.199071006892751029e+03
4.808410626114948172e+03
6.987650671306146251e+03
5.674260366395754318e+03
4.826858104303952132e+03
7.958406599041279151e+03
9.594291479515188257e+03
6.110806799977244737e+03
3.501382269373039435e+03
4.204170810365517355e+03
4.227727976902688170e+03
4.706005315270494975e+03
4.620421285740174426e+03
7.572601983456856033e+03
6.621321515600746352e+03
1.184497092047359729e+04
1.051881695561123524e+04
1.293586804475834106e+04
8.645990129049334428e+03
6.302768737991495982e+03
3.712640640660670670e+03
4.961201585809176322e+03
4.628362172862091029e+03
8.839557811491045868e+03
4.852633353419524610e+03
4.313641779837458671e+03
4.102976095421909122e+03
5.455341458557550141e+03
4.029137430734444933e+03
4.583743982259070435e+03
3.989202202493849654e+03
4.348098364829978891e+03
5.595969348688751779e+03
5.795841011763945062e+03
1.185433925640242524e+04
3.860009223725732227e+03
5.410657233448295301e+03
4.109661483439590484e+03
1.728296815409099509e+04
3.753624523689884882e+03
4.596627781578236863e+03
6.545620038739745723e+03
4.033060657164184704e+03
4.583721536715106595e+03
1.176913685999934569e+04
6.130667507851989285e+03
5.317850000989119508e+03
4.294880103354116727e+03
5.901431122699972548e+03
4.814018566220040157e+03
6.181512483492002502e+03
2.171590573179279454e+04
6.198681887945847848e+03
1.504560168890335808e+04
5.715660878759141269e+03
5.288824282204190240e+03
4.467670696620827584e+03
5.801587295964402074e+03
9.627551905981614254e+03
4.685435691518318890e+03
3.787948839423602294e+03
4.546444045002988787e+03
5.067365086852624700e+03
4.669717792667162939e+03
6.171775108388614171e+03
8.172331838362623785e+03
9.506277805937421363e+03
6.969827926669263434e+03
4.668969651146823708e+03
5.528037364513074863e+03
4.910965124040786577e+03
7.833801448213849653e+03
5.579038918972943065e+03
8.628801514562397642e+03
1.488464994381676661e+04
4.828841265319062586e+03
7.423844047555689940e+03
5.174474659178411457e+03
3.536129586856328388e+03
4.894172378288329128e+03
4.364041854216540742e+03
5.392080695486018158e+03
4.569457023276921973e+03
4.640812472611196426e+03
5.716546449534341264e+03
4.410973204310215806e+03
5.965154284231030033e+03
6.178827791260133381e+03
9.767777642065542750e+03
9.171096188646599330e+03
6.903383729954689443e+03
5.013217085527388008e+03
4.432532958988866994e+03
1.786918967711786536e+04
5.070349026953522298e+03
6.777551573235083197e+03
4.638963865370578787e+03
1.123542993524727717e+04
5.032752211722745415e+03
