9.321439526940426731e+03
2.950000000000000455e+03
4.514585588513046787e+03
4.346887845603338064e+03
4.375395276087288948e+03
7.162607860631869698e+03
5.831688234119505978e+03
4.414249735210583822e+03
5.091356208683578188e+03
4.609011168653671120e+03
8.654972134354520676e+03
9.573452951247822057e+03
7.717868413407320986e+03
4.173990028127085679e+03
8.020267378363166245e+03
4.138034557978104203e+03
1.353266476812644214e+04
1.265047441506944597e+04
6.927950005333048466e+03
4.269357408300507814e+03
4.674879670347194406e+03
4.648181769030402393e+03
4.705878895066174664e+03
4.572402317690419295e+03
7.003289751702051944e+03
6.753026919972290671e+03
5.943082888851113239e+03
5.934075753738708954e+03
5.382948579646596045e+03
9.529788743540833821e+03
6.732252933880756245e+03
4.884907667735793439e+03
1.812622618747693195e+04
4.736921004425330466e+03
1.187984145585360420e+04
5.740219529281245741e+03
5.095827437030550755e+03
4.744266787655516964e+03
5.477908762816629860e+03
1.003106617438721150e+04
8.752841507338747761e+03
1.153162203296000916e+04
4.467349116167770262e+03
5.111833781051190272e+03
4.771654221546445115e+03
9.015326610030411757e+03
4.936850901152003644e+03
5.007589924094010712e+03
4.921943877340921063e+03
4.421043178946463740e+03
9.476603336113803380e+03
4.743001881778591269e+03
5.046251401158030603e+03
3.825062328488213097e+03
6.225433541258664263e+03
4.128204322441268232e+03
5.078003248929575420e+03
1.119912525659865787e+04
6.478539591622700755e+03
4.623475548937949497e+03
5.868484275951428572e+03
9.471770281120736399e+03
4.129645850388991676e+03
4.042579842755977552e+03
6.933306575713949314e+03
3.909991789095626700e+03
4.123346869478607005e+03
6.588422518273629976e+03
4.770480624138494022e+03
6.343567250490086735e+03
4.396760041656056273e+03
1.297978436088581293e+04
1.197547268311799780e+04
8.518307817099677777e+03
5.125253082007582634e+03
4.083532949074865883e+03
5.773902305090015943e+03
4.418579991971545496e+03
1.087830986688507983e+04
4.594422732478429680e+03
7.697312524714784558e+03
5.752273070656548953e+03
2.037624900285156036e+04
6.692768002560160312e+03
4.227443690280129886e+03
4.941106227401382057e+03
3.885996580592978717e+03
5.225982866144911895e+03
5.706248749654890162e+03
8.073799681724236507e+03
4.775047108227369790e+03
5.293783093177164119e+03
6.271204449882367044e+03
4.970378322594706333e+03
4.257140253323666911e+03
1.158514162192815274e+04
1.318589753916365225e+04
6.359215842843784230e+03
7.513357399846783665e+03
6.424207167565260534e+03
7.254385696057680434e+03
5.440238765735462039e+03
4.312267283502742430e+03
5.173350032266067501e+03
4.850792189788757241e+03
4.733287846060009542e+03
8.675355117536470061e+03
8.068028921465085659e+03
4.201104731650295435e+03
4.189635218231815088e+03
4.495719058197575578e+03
3.729403270093807805e+03
1.308326906616330962e+04
4.769376399339558702e+03
5.450061220369250805e+03
7.554072765050943417e+03
4.110736793271011265e+03
4.265501106822570364e+03
4.633156034787434692e+03
5.663162934419960038e+03
4.826704460756747721e+03
8.779464981845558214e+03
4.839793002411719499e+03
9.153523755396636261e+03
4.794284383142478873e+03
4.440143592473790704e+03
1.971258402995550932e+04
4.172616461944918228e+03
5.443730796773097609e+03
4.794545695646509557e+03
1.281935080748984910e+04
4.569101191755877153e+03
5.410608645308355335e+03
1.697121344588125794e+04
5.625365455323137212e+03
1.280054307903292283e+04
9.209876298072860664e+03
4.805705463651915125e+03
4.897844166751214289e+03
4.950135693389598600e+03
1.276599548528637024e+04
7.544201668947516737e+03
4.381992230969568482e+03
4.326954036769679988e+03
3.942150945017176582e+03
4.555313377639126884e+03
5.153068041728709431e+03
6.878369925207899541e+03
4.817433647341021242e+03
4.645346708217162814e+03
4.412717468329445182e+03
1.073648252506562676e+04
9.024487829070963926e+03
6.200667757408799844e+03
4.211298638740581737e+03
4.339523207622116388e+03
1.065549943471271581e+04
5.807776049878106278e+03
4.942131462743749580e+03
5.258202011434549604e+03
8.492666193418001058e+03
4.490295591086641252e+03
4.346176070803110633e+03
5.406973731166005564e+03
4.569672995627315686e+03
8.337583994715849258e+03
4.073937303841700214e+03
4.725977866996363446e+03
4.816172307483355326e+03
8.040915129998405973e+03
4.002798300550632121e+03
7.549718017618206432e+03
3.919027327453991802e+03
6.068986450219794278e+03
1.266439782046748587e+04
6.633812136270376868e+03
4.248617813997600933e+03
5.184051163667201763e+03
4.730700676078969991e+03
4.593383409076481257e+03
1.188593503472782868e+04
1.515834073516562785e+04
4.803097458866837769e+03
6.225889196716090737e+03
8.961724488278867284e+03
5.294809894124848142e+03
4.875670700505163040e+03
7.442336687959241317e+03
7.472055981210455684e+03
5.503569163074241260e+03
5.032293724142967221e+03
7.793298309932815755e+03
4.925315889935764062e+03
8.960466518982973867e+03
4.250000810083173747e+03
4.446327228453895259e+03
6.380920626759227162e+03
1.277500856065302651e+04
5.914884449829969526e+03
7.292375093953085525e+03
4.507216471127606383e+03
4.392976302233176284e+03
4.871507267850673998e+03
4.237243243142466781e+03
4.929497822781435389e+03
5.260452848360390817e+03
7.668626448598554816e+03
9.862786009344414197e+03
3.498606930398273107e+03
4.409224664644551922e+03
4.771621803025522240e+03
4.913686552317527457e+03
4.974123130774647507e+03
1.282926400363257744e+04
7.511452295545129346e+03
5.754502916687273682e+03
4.729611246810771263e+03
3.953576504025259055e+03
5.303318243563591750e+03
1.521233999782951651e+04
9.462169284311155934e+03
4.730430068708150429e+03
9.562997413856737694e+03
4.887171402848338403e+03
6.021362347372371005e+03
4.667030436833363638e+03
1.192149495105304777e+04
4.314619851197258868e+03
4.587947487722924052e+03
5.531113877465670157e+03
6.039457121914920208e+03
4.706491485305536116e+03
4.757238963953135681e+03
6.228722457215308168e+03
4.772405561423733161e+03
1.007295090282473393e+04
6.655676483261373505e+03
1.576200290855364437e+04
4.073635791263531246e+03
4.107907536638240344e+03
4.229574873544483125e+03
4.297345550206297958e+03
5.787894415996053795e+03
4.200684241326456686e+03
4.376054846452019774e+03
9.387045825297922420e+03
9.103470429857894487e+03
1.497725398745753773e+04
5.012563387796019015e+03
5.882521124333263288e+03
1.322375864700853708e+04
4.098670977452325133e+03
1.089196394957853772e+04
4.882194117839992032e+03
4.163048008852723797e+03
6.553872432076109362e+03
