7.125200798521881552e+03
2.950000000000000455e+03
6.254505849115394994e+03
6.068899423675784419e+03
4.147382841172316148e+03
4.263258625379379737e+03
5.367393871783278883e+03
5.278570525811846892e+03
5.778469853864706238e+03
1.246960710683190337e+04
9.234507384023589111e+03
4.446653927346571436e+03
4.230797553258078551e+03
6.812978066955710347e+03
4.659136292844293166e+03
8.214357536551180601e+03
4.322344382747132840e+03
1.559378611935690969e+04
9.074114048395351347e+03
5.334704297093885543e+03
5.725352328781804317e+03
6.045136124692605335e+03
6.439437452335969283e+03
3.959012167070223313e+03
1.527020660656926339e+04
4.564436554869629617e+03
4.312012130846528635e+03
7.515627725140757320e+03
6.659188540978997480e+03
1.208182520618702802e+04
4.622375891202015737e+03
6.146813259696083151e+03
4.340953925153905402e+03
5.585943546991170479e+03
4.005626855899200564e+03
9.840893566448572528e+03
1.007106002724513019e+04
1.020779587613438343e+04
4.306836757022583697e+03
6.066133493490789988e+03
1.408469802636739405e+04
6.852992503494380799e+03
7.416491717063315264e+03
4.329025374514930263e+03
4.496948153636009010e+03
5.808794883194121212e+03
4.894137998661386519e+03
4.264550144968439781e+03
8.209152109268485219e+03
7.426720174525270522e+03
6.531268761184710456e+03
5.805557180825224350e+03
4.796935130569963803e+03
9.866622043036777541e+03
4.897154990370744599e+03
6.381451399656624744e+03
4.643175981765532924e+03
6.971569074255072337e+03
6.085297836143256063e+03
4.920723721003854735e+03
4.905008042016428590e+03
4.587070014533948779e+03
7.366088255942829164e+03
5.455101814470339377e+03
5.233614480517857373e+03
4.884693232285675549e+03
7.101454111207186543e+03
4.767160123337321238e+03
6.149740433886472601e+03
9.657358437478425913e+03
4.406759805048008275e+03
4.595100877325477086e+03
8.308355277912763995e+03
6.026577746305358232e+03
5.219088381694206873e+03
1.209386378804791093e+04
6.067320545103988479e+03
4.475729238818525118e+03
4.410114137683034642e+03
4.797353848530885443e+03
7.071396035336840214e+03
8.410724370704516332e+03
4.408072729904756670e+03
8.703458996681634744e+03
5.049077188815961563e+03
8.619194640747457015e+03
8.873377403855802186e+03
4.889889502215183711e+03
4.748679860915348399e+03
4.860836067141057356e+03
1.157374616601699017e+04
4.850173552825821389e+03
3.647289206495230701e+03
5.047768320199098525e+03
4.851458467960855160e+03
8.309290645582084835e+03
4.693051694549028980e+03
6.255737276562358602e+03
6.706094321874355956e+03
5.008042896269565063e+03
5.241999007054896538e+03
6.997056105565780854e+03
4.177595421481788435e+03
1.482703586438522871e+04
9.162407982076965709e+03
5.268527260934928563e+03
9.201781235820404618e+03
5.242123835860946201e+03
9.849425607092525752e+03
4.057125527808524566e+03
7.476150201314416336e+03
4.315747689621070094e+03
1.769687460006644687e+04
4.794474243316843967e+03
5.324662591978129058e+03
7.538303165730457295e+03
5.475670425719087689e+03
9.699254063134616445e+03
4.512676210036957855e+03
5.054731639587329482e+03
4.095134783867366423e+03
5.454364520967496901e+03
7.711627366821204305e+03
6.186330436731142981e+03
1.338385242916051538e+04
6.486448608128443084e+03
4.508222181752164033e+03
4.655973384516510123e+03
1.540479527916560437e+04
7.168150350222099405e+03
5.344850663921402884e+03
4.601465164399407513e+03
4.190740955964096429e+03
5.925722060738109576e+03
8.762192089574486090e+03
3.974567571803822830e+03
4.872223874498171426e+03
6.499329602396572227e+03
4.334510423946946503e+03
4.542986235723060418e+03
9.419587422644166509e+03
9.277356377241883820e+03
5.035797793524639928e+03
6.007837907194233594e+03
6.530118545054720926e+03
4.201037100482090864e+03
7.775290639957056555e+03
4.573076533768320587e+03
6.097842019145597988e+03
1.043234658381520421e+04
5.933766361838072044e+03
7.539696279019351095e+03
3.917493412322627591e+03
4.200831374053374020e+03
4.923197865867036853e+03
7.978468880542711304e+03
1.052847269635170596e+04
4.292498986800405874e+03
5.620952044696470693e+03
5.238739025937844417e+03
3.828572732166795959e+03
4.565834187842383471e+03
4.960000035795774238e+03
6.273966396170234475e+03
4.555070229193894193e+03
6.853381104769030571e+03
7.412362771084430278e+03
5.577862975586771427e+03
6.562560543499761479e+03
4.489155097140621365e+03
1.048157254194866982e+04
4.219596031826094077e+03
1.751162541156040243e+04
5.077952592169581294e+03
3.970845388418203584e+03
8.165754220406021886e+03
6.268473982956475083e+03
5.003495309074203760e+03
4.626276272403931216e+03
5.649819499546735642e+03
1.308752984723187001e+04
5.335940626740417429e+03
4.957093147112280349e+03
9.191684514844640944e+03
1.107935747306917074e+04
6.852515535690065008e+03
5.085298076118695462e+03
4.294022807839063717e+03
4.439610589909999362e+03
1.227212417597215426e+04
7.646870534553127982e+03
4.338961475897644050e+03
9.873886653321218546e+03
7.475942925344978903e+03
1.242691130969831283e+04
4.457784137008734433e+03
8.046548004888811192e+03
4.210100853581465344e+03
4.990186213503829094e+03
6.789910529266560843e+03
4.623238788375536387e+03
1.348652413168534258e+04
4.557253893735856764e+03
7.152184609276630908e+03
4.890109950847585424e+03
1.020880981675536168e+04
6.016865844831062532e+03
9.331932749438163228e+03
6.995894168593921677e+03
5.899903375087791574e+03
4.247649337515673324e+03
4.878620396021551642e+03
5.041090586070342397e+03
1.353766734218762940e+04
7.670112706875181175e+03
6.060475124472788593e+03
8.667793996460955896e+03
9.203128856977018586e+03
3.853414209644713992e+03
5.854988542424211118e+03
5.710843311061214990e+03
4.357514588063226256e+03
6.693542739680675368e+03
6.339465065124650209e+03
9.847210556834141244e+03
5.889367340834243805e+03
4.263096773773863788e+03
4.497062652710143084e+03
5.201407926975578448e+03
4.571154125525101335e+03
4.817215452553722571e+03
7.795341012585914541e+03
4.395009514217716060e+03
5.444107690048604127e+03
6.547990568715324116e+03
4.318837430517642133e+03
5.924942028486939307e+03
9.468808319086170741e+03
1.370682650438788369e+04
3.994602377400346086e+03
7.745465128771119453e+03
5.198485390461811221e+03
6.290605879374268625e+03
6.232058463544638471e+03
9.603488740745982795e+03
7.159115302230852649e+03
7.459245585291065254e+03
4.574736514107020412e+03
4.176611563623658185e+03
4.032509505503452147e+03
6.699858999007390594e+03
5.609167986078607100e+03
5.161314254288879056e+03
4.552360814306396605e+03
5.391113813050961653e+03
9.448809311213743058e+03
