1.322838647326951832e+04
2.950000000000000455e+03
4.621842390101939600e+03
4.703275227467465811e+03
4.122489358934919437e+03
1.192286401505701360e+04
5.231749316616669603e+03
7.214447789459420164e+03
4.280023640023098778e+03
3.584661581516091246e+03
1.093350643196239434e+04
1.019996766308655060e+04
5.332974416258836754e+03
4.790601987522573836e+03
6.595872281222263155e+03
3.904640913601254397e+03
5.852965548567504811e+03
4.878717275292088743e+03
5.015740927937906235e+03
4.778831972608848446e+03
1.571079750711640008e+04
1.364668411935162840e+04
5.948526699104477302e+03
4.595757208990610707e+03
4.146830562602831378e+03
5.474031712831514596e+03
4.376862513300927276e+03
4.628939096060856173e+03
4.964959331582390405e+03
5.657520127181955104e+03
7.168473931302602978e+03
6.281465046123874345e+03
5.923444498174548244e+03
4.758072641787863176e+03
4.586319000299778963e+03
4.895928605221914040e+03
5.013191569673082995e+03
1.124238347568557765e+04
4.552021246252300443e+03
1.175847983893096898e+04
5.623412362818167821e+03
5.029246870385781222e+03
5.090533301132625638e+03
5.611703919497747847e+03
5.433210050244892955e+03
4.256193058624041441e+03
6.598437306588237334e+03
1.217849234983544011e+04
8.321823300076161104e+03
1.877010497979134379e+04
4.635487251059577829e+03
4.208392195418648043e+03
5.440464875517511246e+03
5.699844926891917567e+03
4.609882219531802548e+03
4.581861212449287450e+03
6.042162456079500771e+03
5.665700001836488809e+03
1.202249707489660432e+04
5.719778229153014763e+03
6.213503031211128473e+03
6.057282769188135717e+03
4.498990238782611414e+03
4.151082694981218083e+03
4.803325429828024426e+03
4.792283929556431758e+03
4.326837182984239917e+03
4.474997656359842949e+03
3.988456388740700277e+03
5.936773089428291314e+03
9.093299721269386282e+03
4.967550044588586388e+03
4.392282312461181391e+03
5.336885250885487039e+03
5.156166445170962106e+03
4.658285433939554423e+03
1.518740624280099655e+04
1.954377274303769445e+04
4.881176806065726851e+03
7.277037894716972005e+03
5.323583573931636238e+03
5.500377411373983705e+03
1.586673842747563322e+04
1.011681346148760895e+04
4.531330404436452227e+03
3.897456476008884238e+03
4.540681667369340175e+03
4.181001478590944316e+03
5.928330504894640399e+03
4.985042769045185196e+03
3.964259445166712794e+03
4.741056733102093858e+03
4.741777519084199412e+03
6.554721660277789852e+03
4.921706658351002261e+03
4.982757513717944676e+03
3.986241846801221982e+03
1.288335292989806840e+04
7.413494043335800598e+03
1.408726758758445794e+04
3.841486516130746168e+03
8.822055765877312297e+03
3.998457713044984303e+03
3.837279228261197204e+03
8.274601060383032745e+03
1.377871877462086923e+04
3.993586823103616098e+03
4.399292967576143383e+03
4.096634181757565784e+03
4.759647259837140155e+03
4.518405163590947268e+03
4.761074488653694971e+03
7.323036000129643980e+03
4.951641722196510273e+03
8.945212409975432820e+03
1.106315196311562249e+04
7.093354992261452935e+03
3.898386911334327579e+03
6.130022724623388058e+03
1.010294810440195761e+04
8.687250702030680259e+03
4.885639404152477255e+03
4.559277008957909857e+03
5.614644498505222145e+03
6.896010764337333967e+03
1.120017184541393181e+04
6.912574887100234264e+03
5.945948371298324673e+03
3.908829781368260228e+03
4.766048669992610485e+03
4.725988719452014266e+03
5.654447637372668396e+03
4.934771811906814037e+03
9.313043241009907433e+03
7.967538904838803319e+03
8.224343017272087309e+03
6.062952941387132341e+03
1.040082743637910244e+04
8.855907183689361773e+03
4.709576590458924329e+03
3.590808958264898138e+03
4.141656816561716369e+03
5.487381107836843512e+03
5.120678413459586409e+03
5.198802476642146758e+03
8.406325482258558623e+03
4.188564947086499160e+03
4.840916584135658013e+03
5.190845893615193745e+03
9.249100896475898480e+03
8.146152790005245151e+03
4.559963211640029840e+03
1.046872647190479984e+04
1.345651866396004334e+04
1.120847525630637392e+04
4.505533561301808732e+03
3.596115179461226944e+03
4.752010843151975678e+03
4.920854719692968501e+03
4.712115286285471484e+03
6.747890481228598219e+03
6.724135602678403302e+03
4.265572102646031453e+03
5.806081454258510348e+03
5.171837416134684645e+03
4.554529522190038733e+03
5.199114567898418500e+03
5.041397572821188078e+03
5.230115036664077707e+03
1.144695331374515263e+04
4.461931967411256664e+03
1.911731179528133725e+04
1.122576562108326834e+04
4.493632652720772057e+03
4.348760681702780857e+03
7.840899445711906083e+03
8.341487977194845371e+03
7.575840886623678671e+03
6.486001331586110609e+03
3.771587251631090112e+03
1.049627130919008960e+04
1.020307576758862342e+04
6.356617383381688342e+03
6.931239996758492452e+03
5.177590037189796931e+03
4.468817621320429680e+03
4.571255060611493718e+03
5.806061800246176063e+03
4.965141190357067899e+03
1.176396912158534542e+04
4.389723594654967201e+03
6.056271767305743197e+03
1.011939854560745880e+04
9.466373162635569315e+03
4.688547710935108626e+03
7.337650646313939433e+03
4.037625865496511324e+03
4.337472764786776679e+03
6.335529323674432817e+03
4.924165987843358380e+03
8.622421966741963843e+03
6.118965517738308336e+03
5.150878400602692636e+03
4.472275692504702420e+03
8.163018081421248098e+03
4.231313464996729635e+03
5.240990413264491508e+03
8.733434605103422655e+03
1.415573459197258853e+04
6.471920460120260032e+03
4.783769003735083970e+03
5.238302138739647489e+03
4.668715411652145121e+03
3.985216634488611817e+03
1.355729227008950147e+04
4.261153738589782733e+03
5.886731563212228139e+03
4.556995350799174048e+03
5.305147744660898752e+03
4.413345690297163856e+03
9.974327829512800236e+03
5.331575597211232889e+03
1.419774558855810574e+04
4.333281307793610722e+03
4.421432970978318735e+03
5.744460368449470479e+03
4.871645347707028122e+03
4.037252306442072495e+03
1.336030337021277228e+04
5.477396339597489714e+03
4.813082210035953722e+03
6.287116893092350438e+03
7.190979415036621504e+03
1.189834758316342413e+04
5.318702721806383124e+03
4.887340445351888775e+03
6.749556776930313390e+03
1.119971241502672819e+04
5.051440947021003922e+03
5.588111376214803386e+03
5.420460877939916827e+03
5.084757555931251773e+03
8.579079811522471573e+03
6.384236402085406553e+03
7.370664398205980433e+03
4.504698064711400548e+03
5.989144042718569835e+03
8.152258853059521243e+03
4.059236981048677990e+03
4.417004160585165664e+03
4.348093414162779482e+03
7.490604818745112425e+03
7.502983433790542222e+03
6.380708369360345387e+03
7.337951468403455692e+03
4.040939032539140044e+03
