5.795661938118583984e+11
1.590804499949270248e+10
6.474045192166984558e+10
1.796173255432584763e+09
1.599072286044418439e+07
3.609638360200773180e+07
5.884101416720524597e+10
7.885195992177012939e+11
2.851792400807924194e+11
8.634578774007598877e+10
5.447031417121544946e+05
7.382451988663778687e+10
4.742135367674122620e+10
1.080176160815245972e+12
3.195830256173651123e+10
9.976178937187130127e+11
3.696501523849340210e+11
1.129007357787659424e+12
2.451503422170767975e+10
2.447964012081810303e+11
9.528756678226621094e+11
4.430643380935138550e+11
1.711720031292171776e+08
9.596157616162289429e+10
3.117828800438250732e+11
1.194053129200549796e+07
2.315046464230463028e+09
2.534920645513788452e+11
4.517240406037615356e+11
1.783833245739116211e+11
3.117057109799177170e+10
3.358637126436432617e+12
6.459394474601881104e+11
5.498008162682352066e+09
1.928654726302805424e+09
7.200528838922367859e+10
1.747575499012654114e+10
1.019210292865936432e+11
7.519171192632592916e+08
1.297366885378388916e+12
3.169775806237545967e+09
8.834239216839538574e+09
3.043641219111812592e+10
5.551116572828433838e+11
1.057415936584829102e+13
8.610129407445832825e+10
4.136601159076181054e+08
4.995091217514169922e+11
4.175579853103528976e+09
1.354035394470590210e+11
3.090312466345944824e+11
1.393917775389087677e+10
2.622029569877228165e+10
1.217538028573242188e+10
4.001999332147766650e+07
3.035662968124283203e+12
1.206617707744619370e+10
1.073946331404749390e+12
5.285970349432018399e+08
2.413935342362085724e+10
8.884960384717262268e+10
2.496335933900204659e+09
1.489719977296172176e+06
1.269452790159129181e+11
8.037966223973442078e+10
2.901931955485474854e+11
2.314387832626763000e+11
9.674342851682808399e+08
2.033594170906599121e+11
1.918297067997011900e+09
3.699225620035614014e+09
7.304008165500817871e+10
1.393541217100160408e+10
7.007552549625684814e+11
8.022744620565654039e+08
4.564957176376497269e+09
2.486463681103425217e+10
2.542559048973828506e+10
5.346334311692482300e+11
7.057409649563988686e+09
1.788818316123310852e+11
8.874699837290255737e+10
2.722386924654847336e+10
5.612812368708034668e+11
5.194263984412761056e+04
4.237110978391332245e+10
2.220176164020671387e+11
9.234784097493537109e+12
4.573441830038992310e+11
1.181448016013210938e+12
1.644645441572856140e+11
2.702435069420694187e+07
1.958782467555724609e+12
1.507051186442873906e+06
3.499922456625068188e+09
2.172382971154347168e+12
2.281603960778922272e+10
2.112697796214934066e+07
1.769495891161331236e+08
1.657586541885008789e+12
5.619036268854429932e+11
4.639282597743368530e+10
2.426749480231144333e+10
2.397500312929703125e+12
1.726046416877066650e+11
7.339765277080013766e+04
1.397813140184323072e+09
5.727231055216061592e+09
2.210493996307866821e+11
2.903862930716521454e+10
7.824851965501789856e+10
8.732068055948200195e+12
6.799723899257410085e+04
1.332578795587540771e+12
1.325829413391497135e+09
4.643770920754533386e+10
2.669700732586392822e+11
1.465257713232527771e+11
1.309843107788170319e+11
1.111806710539187622e+11
1.023667753467324982e+11
8.107409886821704102e+11
2.189786186236753845e+11
1.103850256720615434e+05
6.030896123126222610e+09
1.633788231280446434e+10
7.798627240532816887e+09
7.456268223163873291e+10
3.531569707037884277e+12
4.269945879417764395e+07
3.747360106496824341e+11
4.344449963472437744e+11
2.740450267583733215e+11
4.718997044545253754e+09
5.798348932373078346e+09
8.002930874360605469e+11
3.952538060807437988e+12
1.082036018158813171e+11
1.227575122323016882e+09
4.284481734885569458e+11
8.346095729785846197e+04
3.783595168608329010e+10
1.194446940905864321e+05
7.689798743591036377e+11
1.449785205955812378e+11
9.613934830655051270e+11
1.075021023263859100e+11
1.122360477138623779e+12
5.427860437604050636e+08
4.254362624041005969e+08
1.146188832180748596e+11
4.533316918376028538e+08
9.403333759361675475e+05
2.370022650382875651e+07
2.370646336431498051e+09
5.802616187794495392e+10
2.031977612849832773e+09
4.877156433738396606e+11
1.063592164368186951e+11
4.180954745557932281e+10
8.279099195421499023e+11
4.165714811334203339e+10
1.567529832248112183e+11
1.097831712127245665e+09
2.863338708510290146e+09
1.451126217571243652e+12
2.387230001276123524e+09
6.497492343021593094e+09
9.147143435728900146e+10
1.761304633739242172e+10
1.157632270141782188e+10
2.883190858704841919e+11
4.305263453007820249e+08
7.181935182341552572e+05
4.303147842734513672e+12
7.935442504047465515e+10
5.907883736177660156e+12
1.350884004287663727e+11
5.510361559586816002e+05
4.761336314946761475e+11
4.947571826439425786e+04
1.362880051484557390e+08
2.976445535956013203e+09
2.266225834981800781e+12
1.857628274802341797e+12
1.230371143423802592e+07
9.870955365529455185e+09
1.449810430775436768e+12
1.760611879200036011e+11
1.706231265588360310e+09
4.384374888984026760e+07
1.950206718703739405e+09
1.088272827024291504e+12
7.890050842401677743e+06
5.542212141882273102e+10
3.942599986835731201e+11
1.878590642739046326e+11
2.385832342166825562e+11
1.598318458618346751e+08
1.004006785773038330e+12
1.983557073683178101e+11
1.236454491514305584e+06
2.088489281005727783e+12
3.921115553554285645e+12
9.861572099425476074e+10
4.327321736704926300e+10
1.960706801124545898e+11
7.979031871718497314e+11
1.470886346433170654e+12
2.456993168160710335e+08
3.297224296286132431e+10
2.736857691582724918e+06
3.348224862948102417e+11
2.106923157771710510e+11
7.038112010172595270e+06
1.858952229823225411e+06
2.977089783355442429e+10
3.110724903271732926e+08
6.797301973795157671e+07
2.108127644160203857e+11
1.575206691191289520e+10
2.000870285076638412e+10
3.245896396654613647e+11
3.030431359742253494e+10
6.520303032629019165e+10
2.677113913371968842e+10
1.575654940177842331e+10
3.324770929573228760e+11
6.894054029205507278e+09
5.701023453265272141e+09
4.809070673837496948e+11
4.519654927459389903e+06
1.995924304288108154e+12
9.523050822001515189e+05
2.330169825268691056e+05
2.579884529807099819e+09
2.270817930604153633e+09
2.123023189624779663e+11
3.041801186914042950e+09
2.239361968563183289e+11
3.154625537171775513e+11
1.854501593780531616e+11
6.112179383342785645e+11
1.965481570710098145e+12
1.519911811724927734e+12
5.770932446361564636e+09
4.005438453854086399e+08
3.668048130542058032e+06
9.975047908566541748e+11
6.775272929719600677e+10
2.121388154108679199e+10
4.264801206834763672e+12
5.069053332832394540e+07
1.049728632511484809e+07
8.122126962613235474e+10
6.622274053359741211e+12
