2.991797888537320312e+12
1.590804499949270248e+10
1.406210438142835693e+12
2.056233472870759964e+10
8.283334198542332764e+11
9.709494913954191895e+11
2.715405461505928040e+11
1.469208833600572348e+09
8.417230270729814453e+11
4.774398038466403633e+07
6.960067077681437683e+10
2.976767391944291504e+12
7.254684760078324890e+10
6.120977077226810455e+10
7.035924858471914062e+11
1.265291041321471184e+08
2.372646995511926651e+09
5.296700092872435303e+11
1.204022307591503906e+10
8.781834200544736862e+09
1.145805865838628387e+11
6.073500649549149170e+11
2.946129453003268555e+12
1.182473280184508667e+11
6.860691561872237921e+08
2.391743895072078323e+10
5.141656353369021606e+10
1.965674512857883606e+11
1.577032261202901917e+11
1.337599915911553040e+11
2.043606054948925376e+08
1.126115804778892696e+08
1.790754375405126095e+09
9.305951750839225769e+09
1.105060439590638876e+09
4.570002609395670776e+11
1.185811693716706238e+11
3.900113840092521973e+12
1.282518300767222412e+12
7.701485823061143799e+11
2.085304130289808655e+10
2.436990174572648621e+11
1.910103748653624756e+12
6.011064881320762634e+07
8.737527142178966064e+11
2.934501739084085083e+10
1.124436108193992615e+10
8.786600583215152588e+11
1.518638737939951122e+08
1.133386294633267334e+12
7.118487452732798767e+10
1.131528244006259918e+10
2.332859536983247963e+05
8.809299761332276917e+10
4.256766654142568207e+10
8.021099609180738032e+07
1.190894189618087006e+11
3.330483814772072315e+09
1.407568175165815651e+08
1.883896372234025574e+11
1.156702124920689501e+07
3.437325450604973602e+10
4.194190835669599619e+04
5.141789788431542206e+10
1.345679316160682589e+07
1.440476302780788422e+09
3.319175300137932129e+11
2.429549805685170410e+12
1.755696960532304382e+11
1.076510342276166725e+10
1.284061991307521629e+10
2.361937833967171900e+05
5.784361074304581642e+09
1.370083904469276276e+11
2.287911313352798462e+10
6.997912797393424436e+06
1.724374089602576494e+08
1.216573012312806885e+12
1.558569674707913513e+11
1.745078376330101252e+09
8.679445830275592041e+11
2.319623588301766586e+10
2.538007263839538879e+11
4.468260591088117676e+11
2.329346154492602158e+10
7.336790940538326416e+11
1.191747844547082031e+12
1.765217033997383341e+07
2.972760167034080200e+11
2.301581022594650879e+12
8.064391671657500000e+12
4.581197413328916579e+07
7.911947986146437645e+09
1.643154893186732483e+11
4.485455226424791908e+04
1.504585032752432251e+11
5.937951820343593359e+08
1.716102533171557903e+09
2.121558143096380711e+09
4.664427056103642273e+10
1.114948656580858231e+10
1.537835011987018555e+12
6.451014884568672627e+07
4.380194019305891037e+09
3.879113979954425812e+09
2.025765201828187256e+12
6.916696911704344482e+11
3.165092026871022797e+10
9.403405807790102959e+08
2.277824719748075256e+11
3.075356260841618347e+10
3.352489998782135010e+09
1.152228559194849245e+07
2.757855194241320190e+11
2.956730457097683716e+10
1.938444992780487442e+10
3.529287934609083862e+11
4.515815014702460915e+07
3.392492824319473743e+09
3.343804326380673828e+12
3.007779064012108326e+09
2.418620539919994306e+06
6.460610549533776194e+07
5.220722378115877686e+11
1.841384493628337097e+10
3.072587733940804688e+12
1.980946131161488281e+12
7.024920710616697693e+10
1.877557376555731583e+10
4.938343388729108276e+11
2.422937772262725098e+12
8.891052850656823721e+05
7.048514059129337158e+11
3.181392317566563606e+09
3.692681180003101349e+10
9.420154333520179443e+11
4.083566857540322113e+10
2.141367376563882751e+11
7.256271374199539423e+08
1.433719947426418495e+10
4.402839203840451050e+11
1.223384490692108887e+12
4.143010546861740234e+12
3.905899334693484497e+10
1.053311437029505768e+11
1.538719205169012070e+10
9.781681232225071192e+08
1.303809864702185516e+11
1.413911504779769480e+08
3.912509643304542542e+09
2.658519197454887331e+08
4.699168988597933197e+10
7.077375486405410767e+10
3.279359141547215576e+11
1.287887763468373535e+12
3.148361182490881348e+11
1.784607535749783325e+11
1.393030097127911621e+12
8.754245440885518789e+08
1.461092113061862439e+07
1.043013541151142120e+10
3.275990488393930435e+10
6.777578797520998383e+10
2.012600713211948730e+12
1.173577627134922077e+05
5.711218671979569092e+11
3.623371519964995117e+11
7.131690411146079004e+07
7.826533973437675476e+09
5.097827040848606445e+12
7.706513837964863281e+11
1.857938065761107788e+11
8.955162819245162964e+09
2.198896339876812935e+09
1.552564556882492065e+09
5.098136989559282837e+11
1.275536767515165806e+09
5.857547023989637756e+10
7.736139942377134562e+08
2.641915008861676216e+09
4.414766339377320557e+11
1.942386184638259888e+11
1.461075991747604561e+10
5.953337748274770355e+10
8.369454554150795937e+08
1.196701723298171539e+11
2.536249012675498047e+12
5.997261265310997009e+10
4.974869416201652288e+08
2.001393426442375488e+12
3.144077755915026093e+10
8.938808016956617832e+08
7.330911311689764404e+11
1.752280886560699463e+11
3.589775412933419800e+11
6.238308554662609100e+08
3.068666878622807264e+08
5.691511646667170410e+11
1.259533886457176447e+09
1.419381640849430656e+10
3.037630016347661743e+11
4.625470456637187500e+11
4.980308756714366376e+06
8.640376255955556631e+08
6.503504922547257423e+09
1.976349341127709579e+10
8.927376764732464600e+10
4.981249692814416504e+11
1.115110688008086967e+10
4.288308296488576412e+09
2.196152830329215240e+10
3.261904815431157303e+10
2.438030633737253666e+09
3.265618002630217285e+12
8.724148308715496094e+12
4.690734245741506815e+08
1.002410428780247192e+11
1.433108429942376709e+10
3.180825310193867188e+12
3.051218100322435379e+10
2.411838761158028809e+12
5.130730790469844818e+09
2.013651789816125977e+12
8.016009561768276978e+10
1.580772252705703497e+09
1.872917752128808594e+11
5.416272125002133942e+10
9.884888927603053162e+04
1.492076923013148785e+09
5.036710586292448120e+11
2.009024414343632889e+10
4.589390554416529834e+07
2.649342961981822014e+09
1.366749567769494476e+11
1.473713834496655464e+10
2.514708925898699951e+11
2.778378388365090561e+10
3.375422664874871727e+06
2.238560906972475350e+08
1.043684686385362244e+11
5.168420452047075806e+11
2.456591015891288574e+12
9.794409365532853516e+12
2.379904766286882758e+08
1.966298147178180695e+09
3.090538133762234497e+10
5.812616454413790703e+09
4.780399150536872864e+10
4.048800411001905060e+10
5.593539190272249107e+04
2.097982416062652206e+10
1.086429857838449341e+12
1.688498339120291770e+08
2.859794531343781738e+12
2.451352527914109802e+11
6.157239823504994392e+09
