4.781523404188044922e+12
1.590804499949270248e+10
1.104380742028863192e+09
7.771641986766302490e+10
1.483713106029882431e+08
4.744212525483223877e+11
2.121947366511833252e+12
7.584305628098623047e+11
3.312125791971184921e+10
1.219123215985968942e+06
1.737612775000317383e+12
5.049018181077255859e+11
3.911259594105353516e+12
5.706706569702771759e+10
1.015479537692821198e+11
4.344027032963887329e+11
6.295784972223048210e+09
7.877677765402104492e+11
2.831032856687369347e+09
1.396318446843703125e+12
6.035643894402503662e+11
1.399995374216199036e+11
3.120142860512493178e+07
5.625605243606546021e+10
3.512249179795906067e+09
4.784134823237655640e+10
3.106602892939189911e+09
1.011805411566130829e+10
6.420131041745671082e+10
3.142691799490883350e+08
4.608511822883961722e+06
1.288566010590473877e+12
8.905806740977424383e+08
1.328314828151103821e+11
1.465007269773566284e+11
5.908386981738848114e+10
2.072792215886989441e+11
1.202725388148335876e+11
2.643913502161103439e+10
6.583676164330178711e+12
2.433573666152400494e+09
2.085895370773937073e+11
1.395459804277351562e+12
3.665404072736212921e+10
1.988408634044783020e+11
2.149826400234662369e+07
1.158374716002713013e+11
4.013277118792832375e+09
1.711171287810664062e+12
1.920165748694175243e+09
5.535631201030894775e+11
3.054646445246261597e+09
1.482674813440677795e+11
6.652979775862745941e+07
3.281699313000804782e+08
1.147720671874502686e+12
1.129822690164623108e+11
1.493533136891887093e+10
1.568810344309080811e+11
4.445661822622574121e+07
8.839425642623027344e+11
9.899772157111008167e+08
6.615949727761967468e+10
3.753464080956884766e+10
2.374568069208790970e+10
3.351231030382194214e+11
1.204978913457509188e+05
4.001538530258285254e+07
3.369594373686119080e+10
1.674235902223162174e+09
1.398145699739202690e+10
2.958120860866932129e+12
2.406064610623728037e+08
2.137487707078742981e+11
7.112087757588930130e+09
6.085892577853333740e+11
6.719288910101000977e+11
3.874532868003124237e+10
1.794527646401553154e+08
8.093710947001872253e+10
3.629122030221426392e+10
7.823214212546347380e+08
5.857025443619359375e+12
7.203916748963176727e+09
1.457614534540210266e+11
3.876371029501256561e+10
8.386746212860692024e+09
2.199342102561050781e+12
3.127499970504253418e+12
1.497805395480437949e+07
9.125712343034591675e+09
1.065899538993569374e+09
6.472011401541210938e+11
1.233811400714986801e+09
9.443989114158966064e+09
1.099039812203216076e+09
2.497431631796128540e+11
1.224963924557658005e+10
2.904296650199451294e+11
1.192471693099471092e+10
7.194425461555843506e+11
1.876018289067288589e+10
4.300993174695381165e+09
1.231779836144756699e+10
1.670568953114943848e+12
1.684057288508574104e+10
3.701029788397065639e+09
2.497736080756554565e+11
1.810411431371451111e+11
1.684618991485240698e+09
5.747048781385676861e+08
4.650718486195162109e+12
1.045736415553456068e+09
3.051172123391115189e+10
5.771281337033340707e+06
4.173120454719076172e+12
1.256040046130813446e+11
3.808647500829306841e+08
2.531920671698622131e+11
2.977354471163575172e+09
2.542007562627977905e+11
2.727228097580549316e+12
3.890502448276930332e+09
2.101234752799677372e+05
2.093576094556253662e+11
3.856694873076004028e+10
1.842701708845639343e+11
2.114148955229571533e+12
1.291576235851894043e+12
4.514433281179603338e+08
6.952254468790887451e+11
3.140419239288322754e+11
4.681413116708205082e+06
2.807502432741739502e+11
8.467577652818713379e+10
2.468559942442689836e+07
1.324603255594047852e+11
1.332507734459201241e+10
9.248744739485835266e+10
1.005519532255068512e+11
4.482530508882570267e+09
1.856082092977956772e+10
1.068282715201740265e+10
5.716833228971963867e+12
2.505056076186344299e+11
1.336155727717372513e+10
1.079778763806240074e+07
6.094369775619692383e+11
3.102786611734951782e+11
4.811343498512933731e+09
9.362008828024744873e+11
4.375229473790480804e+10
2.081887332121449219e+12
6.991063567292068481e+09
3.041180859607163906e+09
3.003288775231549051e+06
2.854621335996750259e+10
6.971127171715028286e+08
4.321547780899152832e+11
1.352405701235249023e+11
2.875263055958126953e+12
2.473658474594852600e+11
1.634060739917961884e+10
4.537651228418329239e+09
2.259794803300556641e+11
6.795863950563126802e+07
2.193069863918914795e+10
2.247149030007349777e+10
7.209272223639056396e+10
3.043020042770707397e+11
6.152123514166385651e+09
4.295469912116179199e+12
4.324844631305736694e+11
2.974173167095167082e+04
3.944806605697824219e+12
3.231020265265226841e+09
3.251686798630755371e+12
1.390210576499082804e+09
1.593519183818540871e+08
1.196202386768761063e+10
3.764857422281791992e+11
2.362066557765355110e+09
1.451458973490550220e+08
5.588128417899379883e+11
1.946165822256719360e+11
5.977640510252893902e+06
5.292940429584540558e+10
9.049999540235426025e+11
9.741693349826721191e+10
3.733371437876530457e+10
3.000985807049842834e+09
1.879958504321077271e+11
2.381692574856432617e+12
2.364435252234141541e+10
1.672272799904694222e+07
5.501573725675928497e+10
7.262240438469753418e+11
1.785160241671700478e+09
2.596297138078149719e+11
1.823973301958967285e+11
2.373904952139406128e+11
1.209309855116833925e+09
5.713316852217463255e+08
4.428088887808264771e+11
4.420244748397860718e+11
1.311213916718476486e+10
1.126790323908071045e+12
5.055630709759039879e+09
4.464340248518973999e+11
1.311068724791544955e+05
6.869923843353140259e+10
2.075226182705897141e+10
5.852122142705954313e+08
2.824360328341519165e+10
3.137932445549253418e+12
2.379770090781137085e+10
1.018079211960027710e+12
2.714617843250136852e+09
3.631516187342302856e+11
3.020991455293862305e+11
2.182048322673104858e+11
3.045013249348806381e+09
4.300728340918384766e+12
4.677992419950009155e+11
1.095493608267703857e+11
4.081348142980709963e+04
2.613404058364952087e+10
6.823551452969434814e+11
6.656281030918607712e+09
9.305415574896617889e+09
8.940373748486494064e+09
1.194185979865166016e+11
6.037628558825791016e+11
2.380766656721249819e+08
1.810667351785436869e+08
1.311481783541426182e+09
7.904557923990085125e+08
9.229752088730987549e+11
1.178426772402960807e+08
7.625572071409664307e+11
4.584836344407863281e+12
1.161951810783668421e+07
1.068545434059939819e+12
5.147905908786481323e+11
7.099326400689686279e+11
7.400738016629657941e+05
1.898426029875202148e+12
1.183785523160755157e+10
3.593052374491840210e+11
1.250253636042911094e+06
5.993699099333095703e+11
2.740443146942429352e+10
4.106939688687360382e+10
5.053812081416429138e+10
8.707564902353598022e+10
2.261864504846910706e+11
