1.895183361182218933e+11
1.590804499949270248e+10
1.188163008253166992e+12
1.240890606225556183e+10
9.029665561834774017e+08
2.415128322696469238e+12
1.424354936523049325e+07
6.680650040888886452e+09
2.669588200121485814e+07
1.030862373513559723e+10
7.482522270070604324e+09
3.870905738461745605e+11
1.924292587162402051e+05
8.205838151450772095e+10
1.432772631924743896e+12
3.376848731291506767e+09
6.030423368861697998e+11
3.112403729671995239e+11
6.048032315711228180e+10
1.653388688373303711e+08
3.168473032220609131e+11
8.668219400452262878e+10
2.790764823487513428e+11
2.257077650257855415e+09
3.569263395569958496e+11
7.584393452987809181e+09
1.762214595395058692e+08
3.692317930596138916e+11
1.033924768566667603e+12
1.925743680086329346e+11
1.189623463672530029e+12
3.270409123149863815e+10
1.170653678408712891e+12
3.092152865390806580e+10
7.303797449918145180e+09
7.033248456737797546e+10
2.250424848986289551e+12
4.691627802993335354e+04
7.695430717279484863e+11
9.562066515629438477e+11
9.875374324899656982e+11
5.683766066003267670e+10
4.332898686536272461e+12
2.272755573532626648e+11
1.309963690537742043e+10
1.118485561245617676e+10
5.425917187044005585e+10
3.406924305954372406e+10
4.938788758785613813e+06
1.847486730002531433e+11
4.557683875895151496e+08
1.169372311448019028e+09
3.635602108689434528e+08
5.684531096456169128e+09
5.058736783383784180e+12
8.952687755500774384e+09
3.611395837626531219e+10
1.109938582360305786e+10
2.304648037904300537e+11
2.753948626033235550e+09
3.216143615674157045e+05
6.335031591381748047e+12
1.391319842018112242e+08
5.844998028572587064e+05
1.518739526314085722e+07
1.201992259205716324e+10
7.101399746270208740e+11
4.878229109203055420e+11
7.832956455921319580e+11
1.334330456179518660e+05
5.386376775153952637e+11
3.415950582994708496e+12
8.916406265959573975e+11
6.610711838088320941e+07
2.726942208615032043e+11
1.607827941398156738e+11
4.823468768254844326e+04
8.029230158302073669e+10
4.143661990347107910e+12
8.614271592889453173e+08
8.151865946075901794e+10
1.464919155005459441e+06
1.236563085663661652e+11
1.765721744320627136e+11
1.022862528776136780e+11
1.969747467638488007e+10
6.548783645232873535e+10
4.679001429863002151e+07
4.564957593048244629e+11
2.762062792369506359e+09
6.745556940787434082e+11
5.721468924993000031e+09
5.650168365245023370e+07
1.185125972782804871e+11
6.670449099576179287e+04
8.373849255966666260e+11
8.202841910534003906e+11
9.515245859936160278e+10
6.170954812469741058e+10
1.088866571756473732e+10
1.702736950729413331e+08
2.431063973697680054e+11
1.755737736283307266e+10
2.019267520040434326e+12
2.310226940014028549e+10
1.432323901857217407e+10
3.605753804304816294e+06
3.029344916897196655e+11
6.688100356313365479e+11
1.058730326463985901e+11
6.343999189505086899e+09
7.118076367838391066e+08
7.753990949668144531e+11
1.594131919664665461e+09
4.101025168013131714e+11
2.382177458958765869e+11
2.514206934717645645e+10
5.364013318156629944e+10
8.467743541534300148e+07
2.451624983342581787e+11
1.139805144148178846e+08
2.752069850582660198e+09
2.286997113067587891e+11
3.202858217390509033e+11
1.956071130702514267e+10
7.953726022330725193e+07
2.266618075592216406e+13
5.769184005204550171e+10
6.036736226991839600e+11
5.761675274494078064e+10
9.332917463649566406e+12
2.249767867688870465e+05
1.626492141833132172e+10
3.115996835624282455e+10
4.296894822447302938e+07
1.191060604797488037e+12
1.686921801058404297e+12
1.601129992110483093e+11
1.692959209799921417e+10
5.238016116089141369e+08
2.529552666161216797e+12
2.089807863958622515e+07
3.093036330398370743e+10
5.734699645465106964e+10
3.674689331065153503e+10
2.320610899750652771e+11
2.529944950019693851e+09
4.335055127607702637e+11
8.679167697866219282e+08
2.655629041615720825e+11
6.766283403020491028e+10
2.473896393446660461e+11
1.315602469990605713e+12
1.767756236612272034e+11
5.985676669788382568e+11
4.191985621500677490e+11
6.042827645444068604e+11
5.937750040835906982e+09
3.372566798445173340e+11
1.001058929953713036e+10
2.281470820146593933e+11
1.073664218753759766e+11
2.063670977521127835e+07
9.667283293649866104e+09
2.186202822887229538e+10
3.445837242953995615e+07
1.451038086793965820e+12
2.352483563402592242e+08
7.431371636498653412e+09
1.022987611818073120e+12
2.444707404804271484e+12
3.380773003224547863e+09
8.274285870427079201e+08
1.076620578646997681e+11
8.009828102457773685e+08
8.355290323463667631e+08
3.471107595229640198e+10
2.088776335829226300e+07
3.708903893082737427e+11
3.354084810361510468e+10
5.580701209079841797e+12
3.756976607149146080e+09
1.029896508648154602e+11
1.667518288159274161e+08
1.409605580520042725e+12
3.255723955769236755e+10
9.403406564919998779e+11
1.691455977332069702e+11
4.990897543768823242e+10
5.233665384384350777e+08
8.116282762032277584e+08
2.096560061580157776e+11
9.173244917448429763e+07
1.314137040574773682e+12
2.000764557045161963e+09
4.482696011567360687e+10
1.678700178805703369e+12
2.034941825608036041e+09
2.364812315617047119e+10
1.331391813227354921e+07
2.693398354714041233e+09
4.749656397209657669e+09
1.522007194468244629e+11
1.266573446228030396e+10
6.927134920966960144e+10
9.559271167258617401e+09
3.975440317302331328e+08
1.375665240508474121e+12
2.131626639599835617e+05
4.449631717655064583e+09
3.186022953667494629e+12
2.085567475994183731e+10
7.166349240676536560e+10
1.762071656589082628e+07
6.494377544171350586e+12
1.210790477507605217e+07
8.084235576276499023e+11
1.093853270428586960e+10
3.502299481478488281e+12
1.734515748111500732e+12
1.011999303430867004e+11
8.090325299806671143e+10
7.696461761797731400e+09
3.902161828180485219e+07
6.004261734662895966e+10
5.539955610175146103e+09
1.163529119602078906e+13
7.637931975160977173e+10
4.752260268497052002e+10
6.332505496421324463e+11
8.018949682823472977e+09
1.353054880706887133e+07
3.415632182519515610e+10
4.355569636760623779e+11
1.881310958984761353e+11
3.762308197435041809e+10
3.391704953651566696e+10
1.374247318314804382e+11
8.925774459167701416e+11
2.676377639822180271e+09
8.478628070360380173e+09
5.233901294927495003e+09
1.452037689249267090e+12
1.548212532037506676e+10
1.624727669154606247e+10
7.877135800070641562e+04
6.213809764153852463e+09
4.179469716476428833e+11
2.470999508753357441e+04
6.742974318991421509e+10
9.681134591795724487e+10
1.053218518292521362e+11
2.453131074460180176e+12
3.746716974029303063e+06
1.429744257341774292e+11
3.853606449190312624e+08
