1.974036093441644334e+05
1.590804499949270248e+10
2.388930457351441895e+12
8.067179465698176575e+10
1.266801640693321686e+11
5.194135517055258179e+11
5.222869405355689675e+07
1.301563156034643948e+07
8.077496800363725051e+05
1.646096109652788611e+06
2.028774432862989502e+11
6.088227852550369873e+11
3.885641298249786987e+11
1.188103057978332415e+07
6.781172731170372772e+10
3.633946377661811560e+07
3.423263793640396729e+11
5.031622635384127045e+10
4.729218164280234375e+12
1.580922842891112061e+11
3.050470942009928894e+10
7.691529565932524414e+11
1.316555766927810303e+12
3.962573898308862305e+10
8.156442383515867591e+07
2.020343100598066406e+12
7.039399263632852173e+10
3.573723679021053761e+07
2.889816177357520142e+11
3.767777890594909668e+11
4.562490769832723236e+10
1.092065275150239258e+11
9.090958864940697021e+11
3.664196665101849365e+11
9.963261875394190674e+11
7.822490414317606390e+07
2.947631297915737629e+09
1.317944738920164062e+12
1.619384948273599609e+12
2.361852721444132385e+11
2.151676285004192032e+06
2.891908803537193604e+11
4.592662144411249023e+12
9.183011021319816113e+08
1.409414263613875389e+10
6.881283569339020996e+11
2.550210135440531187e+06
1.698505776339874983e+09
1.085535454686224699e+09
2.036885758905274963e+11
5.214618607911629639e+11
5.620104213537032127e+09
2.526439262307639694e+10
3.329693430734037757e+08
3.503018293308618774e+11
6.676142544036479950e+09
2.139938219393213196e+11
2.765836739904632092e+09
8.055623922624404297e+11
2.774806502536033280e+06
4.228282176517204285e+10
3.239175883480974197e+09
3.923752740682116508e+09
1.717139531517229843e+10
1.027910223826023712e+11
8.915619252954272553e+06
2.183404775256769714e+11
1.088190007500626099e+12
4.249937008323118896e+11
4.549291082215144485e+07
5.295614452666365051e+10
2.269572346330863953e+09
6.684747606083642006e+09
3.145209007352638550e+11
8.578072349300532227e+11
1.819605569976617050e+10
1.802826794627557983e+11
2.292122181978414062e+12
1.785126447757282294e+05
8.172936111067682505e+08
1.201803556462310314e+09
1.112057591463509521e+12
7.412389080690646362e+10
3.048692386207580101e+06
9.098026720257250977e+10
1.244386901970641937e+11
1.230448591415481689e+12
9.270033093926832199e+09
6.538629635050293922e+09
4.713406867874976807e+11
2.471802653299602344e+13
1.075260200793067551e+10
3.789613051434513092e+10
1.185017150815361023e+11
5.542542941190920830e+09
1.637282968267654419e+10
1.779676981854832458e+10
2.726937662761867046e+06
2.430545672117047363e+12
7.032799133752563477e+10
1.869363570175759125e+10
7.494880104851071777e+11
4.232830979866960907e+10
7.099616091544844627e+09
6.608164327909388733e+10
1.584123186966243652e+12
3.386311909686660645e+12
6.368563656411223201e+04
8.464580277510579109e+09
4.418344767034736938e+11
4.301568257629699097e+11
1.086250451955519897e+12
8.454640353837296367e+06
6.028682766361775808e+06
7.662135614791373291e+11
2.870176530519542471e+07
1.716273524459525146e+11
3.557524984016927338e+10
9.196637005805666447e+08
3.417827434441237793e+11
4.860883852544352412e+08
4.755467844923325195e+11
5.177737480672307014e+09
3.710022340935122967e+08
7.025974578478507042e+09
1.542001393089582062e+10
3.592785624927527466e+11
5.753662101891852379e+09
5.935978829658663744e+04
2.093663669061297178e+09
1.004979447672949951e+12
1.483359421554132223e+09
2.561756947737283073e+06
1.852101000611675781e+12
3.257087859302780151e+09
2.242691961318013724e+06
9.326741412727865219e+09
6.084137501030106201e+11
8.491410184651583862e+10
3.211992330648296699e+07
6.464261966547443390e+10
6.409470410949593506e+11
5.279128947154862305e+12
3.162505640727445679e+11
3.203788813488465576e+11
3.730776480318605900e+08
2.245094178122907104e+11
4.632770914900844574e+09
4.980080193329930878e+10
2.373695107449017639e+11
9.961368748499308527e+07
5.286318119060649276e+08
4.167041195526390802e+05
3.672793700949309540e+10
1.057837254630687866e+12
9.948698905761356201e+11
2.693809622889634323e+10
1.147512732632741852e+11
4.474294264648717651e+11
4.052020164149937134e+11
5.478070254386482239e+09
1.139315760620235950e+08
7.178498401692863554e+06
2.703443652231526184e+11
3.260466452939435959e+10
3.281129776924092174e+08
1.875297539104880371e+12
2.633846728690964519e+05
1.204505078441773834e+11
5.577725328932405853e+10
2.145880825835272217e+12
1.585275833647672334e+04
1.122863185786270905e+10
1.075544982100368164e+12
3.793601698481760502e+09
7.842080607009851933e+08
1.647981328037286177e+07
1.932326039460363770e+11
6.491172459416815758e+09
6.741885528498879433e+09
3.000424212314265137e+11
3.330591547066652832e+12
2.865738815135570068e+11
3.094922632307190552e+11
8.250927852254968262e+10
4.070700240764245391e+08
6.437806043800532227e+12
2.670611959273697063e+07
1.873581796730241699e+11
2.496815438506547852e+12
7.871827112768969727e+11
2.332901009244719446e+08
1.083785431095713959e+11
1.427093254291846924e+11
9.238881467055853271e+10
3.301377196371201992e+09
9.457690241609440418e+05
7.220018682947515869e+11
2.174344545891550049e+12
1.918954651990030518e+12
3.437146077843480682e+10
9.825629907294818878e+09
1.774337067189696533e+12
5.758516025005357340e+06
3.319513479452899098e+07
7.330463596258752441e+11
6.509365213723515625e+11
9.246983400550825596e+08
4.060143415495036840e+08
5.838236496974051476e+09
7.913431559786589622e+09
1.378154283956965942e+11
2.023641793817160950e+11
2.804727445783837402e+12
1.641602734179875000e+12
1.646253258110615158e+10
4.600437320699092102e+10
1.070998541106304824e+08
8.081093919033179932e+11
7.667806791916317749e+10
1.170536491482589245e+09
8.263319438058656311e+10
3.103269808137865067e+09
4.728251398965526581e+09
6.214501915895839691e+09
1.125920255418990850e+09
6.823656042304515839e+09
1.311172566771111145e+11
3.757720781679147720e+09
3.700360653861646484e+12
6.531905577028789520e+09
4.056824339470903942e+04
1.418862137464134216e+09
4.444987595917595029e+08
5.529901215626515961e+10
2.546282620710350098e+12
2.249810508106599331e+09
7.930537976104274392e+06
5.196247366475208740e+11
4.680628166686564684e+08
2.110587505397148132e+09
4.404064357746494293e+10
1.055641280829057227e+13
1.267940856117604733e+09
5.196446259762099457e+10
9.644249635825074463e+11
2.900373079401989136e+11
4.370853078628368378e+10
4.251557815550042391e+08
8.745676112748597717e+10
1.323032763635688477e+11
1.298221853229826508e+11
1.671838212890134621e+10
5.093710036557706299e+11
2.993262954648228760e+11
1.967680204818258301e+12
