2.645361525809179246e+08
1.590804499949270248e+10
3.164804696633209586e+08
1.107743265987743530e+11
1.612803336275411415e+10
1.072547661907296906e+11
2.070723213807018697e+08
1.401760745921962585e+11
3.403970851394274139e+10
1.748993171816448242e+12
7.221391195166838074e+10
3.814212663258769512e+09
2.725417270221418457e+12
1.088258004570131104e+12
8.079007567993726807e+11
1.299355338916738987e+09
1.066157165504035492e+11
5.013490398278785497e+07
1.130193019522377014e+11
1.213729173705611572e+11
3.433039292364038574e+12
1.896047251432957172e+09
1.737261268501057625e+08
2.799601772414023429e+07
3.757608020912776142e+07
2.773696990043877065e+07
1.073962425970935913e+12
4.936823307729350281e+10
3.433628208158850670e+09
5.271605715737988892e+11
1.130740752251628662e+12
1.156367171047250244e+12
4.438714884658775391e+12
5.802271764831297845e+07
1.463010239073652840e+10
1.035453321757572937e+10
2.841366450117080307e+10
3.318239885259434581e+08
1.371204986236908691e+12
2.167527880662026215e+10
4.040933914991860867e+09
5.046954854335735321e+10
2.099196415214629883e+12
5.332288309538620524e+04
1.284395064056542206e+10
9.411812865240603638e+10
9.357566539782780762e+11
3.365001903333808899e+10
1.852175758625617266e+09
3.811391677030323792e+10
1.257768365041898346e+10
3.424865500755435791e+11
1.986910733367006302e+10
4.647576109660906250e+12
1.290378244409106445e+10
2.895906236704582596e+10
4.464430733621936646e+11
3.700999603613752441e+11
1.524760078355773926e+12
1.171386109143221617e+09
4.416072135743666649e+09
1.883721219363861084e+12
3.642010245126462936e+09
3.097779476584457397e+09
1.012607232818112373e+10
2.208252461638585281e+10
4.394575705271322632e+11
5.560923347628047690e+06
1.118443507445405982e+07
2.484422224177997070e+12
2.278355317513307129e+12
1.256225188365136963e+12
1.240375797273144073e+11
1.118951843628368950e+10
1.336203148553234100e+09
1.675758700836633798e+05
7.474128725747779846e+10
2.841571956405068207e+10
9.727907639126602783e+11
2.870552411101497192e+11
2.745646993205739212e+10
7.916247080256830156e+07
2.789690315048566818e+10
1.640722205223468018e+10
3.610761255393640518e+09
1.151267118658577930e+13
1.418112177003187866e+11
8.673945745014064789e+09
6.560961258603024762e+05
1.837422552928251913e+06
6.619005996384649277e+08
4.588161769812882690e+11
1.188390378732283020e+11
1.162868348406471405e+11
3.590771254300952911e+09
2.486202076213533325e+11
8.316503022434406448e+05
3.930964983569113281e+12
4.510016826150733948e+10
3.680380992023830891e+09
1.008017386966445312e+11
1.749788333424149475e+11
1.053572372300997314e+11
8.910502996829727173e+09
4.601671971434520874e+11
4.051949452617432456e+06
5.863263624930560589e+06
3.502981669455957520e+12
1.492179169310329854e+07
4.339249461281460571e+11
2.299399622923162282e+08
3.044302746117961502e+10
1.172131305303205490e+09
3.339067083684812012e+11
3.922473528489967285e+12
9.510158578272248269e+04
3.799958727698748016e+10
5.938245761405102539e+11
3.044281102315932007e+11
6.221478795025992432e+11
1.521952522678646545e+11
7.342072981096543884e+10
3.069083066689503479e+10
5.630695062305677490e+11
4.513379668647402954e+10
2.674604445138689041e+10
1.522683518367854919e+11
7.353774851888495445e+09
1.048808821149802399e+11
3.988803531201211548e+10
5.101419877315051758e+12
5.631006828637221527e+10
3.877230112261046143e+11
2.634871280907268982e+11
4.517800714043927612e+11
1.447128589788335085e+09
4.670879615790626831e+11
3.761159051013751030e+09
3.697227391076089478e+11
1.892009081692455750e+11
6.209917672693314209e+11
1.078110903532130432e+10
1.389870706470963240e+09
1.192000723396411091e+08
3.366341622355138550e+11
6.933580352106173828e+12
9.592162124035766602e+10
1.892697907314338074e+11
6.900725382941565514e+08
5.317886611147959137e+10
8.206093206423289795e+11
3.337564505882175293e+11
1.893929696805264684e+05
1.961077741845946312e+08
7.596395459942711592e+08
1.720015779369937744e+11
2.338591543184828186e+10
2.358163601829085999e+11
3.467158136901197024e+06
1.078824914317473602e+10
1.271525219102765808e+11
6.867969248094105225e+11
7.080317573608741455e+11
1.634388255507938957e+10
5.688284896479238510e+09
2.399348985476555176e+12
8.053334544734838867e+10
9.887472186106248856e+09
3.601437830895384789e+09
3.509477961512702026e+11
2.453274255155314941e+11
5.405220546420495605e+11
4.360115129813523560e+11
3.400244150581888676e+09
1.354092350651371460e+11
2.968910621544450378e+10
1.463153938911842704e+08
3.846274997274054527e+09
2.642907094760810547e+12
1.184453799978054315e+07
2.781652188056494594e+08
7.591102711098610840e+11
1.919594662356408936e+12
1.174659213949358910e+08
7.338484625400097656e+11
2.810789646835129395e+11
5.952418515895603180e+10
6.383652981554324150e+09
1.943831129266144409e+11
3.671374230553964233e+11
4.111970842320173979e+08
1.318253535124483490e+11
6.286353935111283302e+09
1.607191527235702753e+09
1.654201657220820427e+10
3.708635969621760742e+12
4.007985725837919617e+10
8.140572112056132507e+10
2.295411614048867226e+09
1.785923781899279022e+10
6.507873880803123779e+11
2.578207398363865723e+12
1.214589833197240967e+12
7.815849113493877463e+06
1.083448278807642174e+10
3.094249436256074829e+11
1.397588093630205840e+07
1.329931519930136390e+06
1.709258801366295410e+12
6.894159700373066902e+09
1.200913792771714172e+11
3.865243111864453316e+09
1.243295461634335518e+10
7.621751949104064261e+04
5.131264039122971802e+11
2.626413197054409180e+11
5.663428624982885361e+09
8.519723785045614014e+11
4.445219565199330078e+12
3.285088746113107300e+11
6.709269803490355492e+09
3.503714189426877594e+10
4.228698336889147949e+10
2.323470773238068008e+10
2.897858872196113953e+04
4.003647436915690778e+05
2.749775864139425293e+12
7.274306647716938019e+09
3.434827974323027832e+12
3.633155962901853919e+08
4.338684750414227843e+08
2.017371244554085083e+11
3.696509124373013619e+05
2.126288017961759186e+10
2.086545151609438965e+12
1.515725311193962860e+10
6.796440335186851025e+07
1.540893752564070801e+12
2.346105970488890076e+11
4.184335649072344360e+11
8.331345302902478218e+09
5.928752153069455719e+10
7.172840592998538017e+09
1.941159686902579651e+11
8.383528970187058105e+11
7.717688319116623402e+08
1.271707926669483185e+10
6.707579614999133301e+11
8.666458380433641434e+09
9.348344277415698242e+11
7.378174923717960119e+08
6.528153155006611633e+10
9.875837448592996216e+10
2.991117867352956543e+11
8.986716532434597168e+11
1.411542508429092789e+10
