4.921442042577909088e+10
1.590804499949270248e+10
1.639390343323482513e+09
6.715950519561570740e+10
1.086095561372516968e+12
2.406368419725049438e+11
2.059107192938450623e+11
3.308054805731683350e+10
9.451046428837434387e+10
2.650719856577232422e+12
6.160932409636251221e+11
5.595305833485112000e+10
1.374594932170462847e+09
1.175794939267929230e+11
1.210993745519254303e+11
1.911362031348308563e+10
3.219958305179850101e+09
9.756329022557124329e+10
9.762403216310640869e+11
2.492653471190184021e+11
1.791679703690763184e+12
8.336261898107576370e+07
8.927489774371348572e+10
5.468693240328832626e+09
2.696695630166423917e+08
4.703821173655171879e+04
3.034630829945151367e+12
8.580938932302419662e+09
1.839618184992881393e+10
2.229706451232512695e+12
1.042880005139565277e+10
4.139023228745973855e+07
4.282601700061918335e+11
1.401257903545687675e+10
4.082751144425554199e+11
1.626641564698930025e+09
1.603894529334569216e+09
3.150999414495072174e+10
5.677004357270008326e+08
2.718189857047015137e+12
2.269627359169670939e+08
2.241806813618843262e+12
1.646700807085603943e+11
2.089316311361917114e+11
4.051826010659103394e+10
1.020650700722900848e+11
2.089127142652084656e+11
2.486839939387373328e+08
5.757618208348090947e+07
9.866372657423179626e+10
4.903193079255652618e+10
4.768900186735283661e+10
8.217976961472331543e+11
2.464114710041987915e+11
3.610190304898699105e+04
1.809461802261701226e+07
4.497721105259105225e+11
3.587674169883432129e+12
9.947295438412434082e+11
1.534193034952507541e+07
2.658321680779767761e+11
2.857603961830326007e+05
6.761018112552889404e+11
1.795537464454901123e+10
1.969396381545381165e+10
1.957968120535548401e+10
9.160024891630324707e+11
3.564742513962721558e+11
8.648394166473001242e+08
5.706111595625582031e+12
7.332523513201811523e+11
9.777300839633241272e+10
8.134778667405404849e+05
5.178774278064313507e+10
3.406269260064009476e+10
9.600204222957586171e+04
2.301216348992533875e+11
3.518250382237554169e+10
9.551786569278702373e+05
2.728661834304278259e+11
7.666359936420319080e+08
3.366149575782760620e+10
2.298466663133113281e+12
7.926862142545962706e+04
3.542817897572347522e+07
1.087128624768598480e+11
9.658364796608947754e+11
5.984319411024085283e+08
6.947137097217994690e+09
2.843944127790146255e+10
4.649996132599913597e+09
2.343475761070790100e+11
1.221917464726803906e+13
2.295091805427175132e+05
2.118784673257538557e+09
1.258137399930533791e+10
2.239554473758904648e+10
7.995726787365479492e+12
7.067983956986878967e+10
3.076507325938055420e+10
1.228855765820926361e+11
2.812163039201178074e+09
2.547541861165506836e+12
1.895000750731967390e+08
1.780529889552678223e+11
2.422069849519033730e+08
6.114656368853699493e+10
1.485279280807366333e+11
1.054946159858136749e+11
1.462721794150312185e+09
4.154053555867806077e+07
5.394000143706823349e+09
1.173471348390909424e+11
6.214066439430463867e+11
1.014385106661651172e+13
1.412610455883052063e+10
1.504837726658588982e+10
1.241563590493956299e+11
1.079949900785043793e+11
1.172233249184986055e+08
6.021735768754667969e+11
4.460502189503720999e+08
2.570889459614053955e+11
5.977345223929214990e+04
2.070521668874422789e+09
9.925987595596989441e+10
3.549249537395289307e+11
2.848597522683478355e+09
3.505250783330806274e+11
1.775440178294589233e+11
4.269311832445161438e+10
2.239543134391051865e+10
1.406297649839151367e+12
1.649802098947102051e+12
5.272779413445430298e+11
7.933163174609390869e+11
1.741391335378954468e+11
3.574583804480669403e+10
1.485312385110784531e+09
5.054537070208726807e+11
7.137083277143628895e+07
3.367174345977813244e+09
5.588125050473004913e+10
1.883656659082833481e+10
1.607036946623998322e+07
6.177937169175230713e+11
6.111370637466197510e+11
3.859646080619150162e+09
1.397257039818589985e+08
1.880750872251196594e+11
1.858902757503200684e+12
1.224266624244076200e+06
1.778984083719641602e+12
2.967047860319241333e+11
2.140951283900863957e+06
2.009838839637781726e+06
8.452774258365550995e+09
2.327998904061092224e+11
3.677196217671530724e+09
2.138685161079611969e+10
8.627991793599227295e+11
3.744604751272438049e+10
3.246611871899894531e+12
1.091466499296742976e+08
1.007752251994937897e+10
8.484098868969863281e+12
3.069467351699961472e+10
4.919367052009346771e+10
1.719600528890608251e+07
1.586643602627737236e+10
2.594496543861559753e+11
8.122300439586191406e+11
4.022695533376137085e+11
1.055654864045586395e+10
4.964284557411730957e+10
7.789575213993824959e+09
2.752598708106906414e+09
9.153040518175277710e+08
3.179399989745280762e+11
1.916865601446025848e+10
1.609312536016235113e+09
3.015378974189261719e+12
1.794588107152737549e+12
1.148579262724296188e+10
1.481572512825186157e+11
1.054262836181884033e+12
1.108584344471604347e+10
1.610517116023444214e+11
3.085847799017394638e+10
6.725127188178228760e+11
3.002033680681393814e+10
4.805052399384766613e+04
2.114200446179335938e+12
4.388018528934277344e+11
9.163588046625752258e+10
1.309118699782305603e+11
8.637090959898819029e+07
8.759637933948924561e+11
1.467963303784255087e+08
1.936003152815612411e+10
2.918845522463380814e+09
1.216578275533927460e+11
2.056618056900069092e+12
1.328269766645685673e+09
5.434991000039556885e+10
6.734052006486269531e+11
1.541796357414566345e+11
4.000170118276574707e+10
2.468744884451699219e+12
8.042686473876261711e+09
3.380362076677265763e+08
2.185523882547927094e+10
6.047993136948429346e+08
3.501942763563863373e+10
2.358518171612433624e+10
4.977876950699413419e+08
2.456099114951015091e+10
1.745837451309915771e+12
4.604014825670703125e+11
1.567633978819697571e+11
5.038727723008777201e+07
5.710956617019820958e+07
2.761617287978008301e+12
1.611316197032308655e+11
5.005135166545113921e+08
1.876257282039832687e+10
7.638549725935353898e+06
3.676197193587869263e+11
1.398589201332982910e+12
1.487729633875922263e+08
2.821717230717517090e+11
9.424018985459390879e+08
1.846197636803873628e+07
3.429634306446155097e+04
5.607535592360455322e+11
1.674952654933720779e+10
5.948407378300421238e+08
1.052085259108105273e+13
7.347835396154505615e+11
2.211097136025869141e+11
3.104150681880905151e+11
1.612561681126282215e+09
1.354994789470849609e+10
2.233313229224253155e+05
4.671630906220463867e+11
2.521882368255328655e+09
2.084682379832564163e+10
1.212354552555961418e+10
6.226321131068775940e+10
5.218910071224167943e+08
1.836311439427060547e+12
5.574066048325997591e+08
1.088078549147003906e+12
5.872613730776943359e+11
3.706493504358029175e+11
1.450652099914531864e+05
