9.171279399412958984e+12
1.590804499949270248e+10
1.135881925658303070e+10
2.170375097626061630e+10
3.998400626602183342e+09
8.540041381029499695e+06
4.365700264519284058e+11
8.346019523153196335e+09
2.418252207719746605e+07
6.129567927162249088e+08
9.085364416664228516e+11
2.718332802406975534e+05
5.071674314204345093e+11
2.003003185900305557e+10
9.029535717691809082e+10
6.815578973208194971e+08
8.650939603959838867e+09
7.178890830695211182e+11
7.341417447631692505e+10
2.104355429145048828e+12
9.171814936791651917e+10
9.115103798155239258e+11
7.270805288988704681e+09
3.660698786632881470e+11
8.845711995648640137e+11
1.004295541209208984e+12
1.082650750696113968e+10
4.940513838177881470e+11
5.835960598197728395e+06
1.510154534672669922e+12
3.767033707602591705e+10
1.814171808269774628e+10
8.051847358960969543e+10
6.434214067527679443e+11
7.601645999276137445e+05
1.123683387374366211e+12
7.189889082084575891e+08
5.952437187382983398e+11
2.470041572023483276e+10
3.265973183787370605e+11
1.516141788015047789e+09
8.519933284885155029e+11
2.113763747070400391e+11
6.469593699731597137e+10
3.716006516230764771e+11
1.419406020330894287e+12
1.099342756179098511e+11
2.639924051320158691e+11
3.967006249796095581e+11
2.400196561748627186e+09
1.614437906260004150e+12
7.199960303073538208e+10
1.740093874934840576e+12
3.656317969669713974e+08
1.679109911434351467e+06
1.349237068875239611e+09
2.226232654714576111e+11
1.558800482146952438e+10
7.020165800832639694e+09
2.557468406714610319e+04
1.536401155359376371e+08
4.340221139936176300e+10
1.197703868727378906e+12
3.298022794062536559e+04
8.756362454299711227e+09
3.837361118151984863e+12
8.404019023452192688e+10
3.472934956209946156e+09
1.109997670943206978e+10
4.859789637600131226e+10
6.274972212652328491e+09
3.364687712751144531e+12
1.789431222758272488e+05
1.867089562831703568e+10
4.264082422275534153e+09
9.056806193507378906e+12
3.686019777749660015e+08
1.593311187378288574e+12
5.260700579969699860e+10
5.496076774448396683e+09
1.719434690540454102e+10
2.560975496319752121e+10
8.453450107510123291e+11
4.608703866934299469e+09
5.733494798462758789e+11
1.989241836567258301e+11
4.959249441912861938e+11
1.228641933317058086e+09
2.529948841532894897e+11
2.840005190940684128e+10
1.126415474272315674e+11
1.901277646298437881e+10
5.332630394804750443e+09
1.307270163908981133e+10
1.828401746484190063e+11
2.219645494587501287e+08
8.318103420979566956e+10
3.200128115285855770e+09
1.247891231766055664e+12
6.456456636546600342e+10
6.714945265251905060e+10
1.570830836519652832e+12
1.555779153166462708e+11
2.273174195452534180e+11
1.137996421854856445e+12
2.776859671115030518e+11
8.261187473408589172e+10
1.312167520730949402e+10
9.982000576746355742e+06
2.250724229312721863e+11
2.895042008065146484e+11
1.517401425632727051e+11
2.963831518260947418e+10
5.211403070243793488e+10
4.195234479302446747e+10
9.808433853043339844e+11
9.309005960925690830e+07
5.180889385442018555e+12
3.308879084510719776e+09
1.743501811418802185e+11
2.218388966863661766e+09
8.006227105038416748e+11
3.499738918213262081e+09
1.363106343749412354e+12
4.180574445724719763e+07
1.851287109952523041e+10
1.265845720159418335e+11
4.549679340004420166e+11
1.308815627352556419e+10
4.523187262676807251e+11
4.077653271155633777e+07
3.866985836150260010e+11
1.757810666869342041e+11
2.248286057198921875e+12
1.296951515808397532e+09
3.259660115970156479e+10
1.293056316541317444e+11
4.720817550233826904e+11
3.514569725659619272e+07
6.645643586748311615e+10
5.068609826803874969e+09
9.268330271357025146e+11
9.496902736175334930e+09
2.980439878917053223e+12
1.537741289426725960e+10
2.113377573834058762e+09
6.287236270212293701e+11
1.319675167063023224e+11
9.911302266635717773e+10
3.499374150130344391e+10
9.844581372391204834e+10
5.896416014732695770e+10
5.438356114656305542e+11
3.338922749304112549e+11
6.767227292954924583e+09
1.083731346268953705e+10
7.571259842646690674e+11
9.226834169460021973e+10
2.770192600931425781e+11
6.043557693533905029e+11
2.054184160164158344e+09
4.444156011649028778e+10
1.000191547955792603e+12
4.395638117237580940e+06
3.439763821144705811e+11
9.499209288788478374e+08
1.204832731875857391e+11
1.692010389396054983e+09
4.169877999254693604e+11
1.351615882051268220e+08
3.309267830575228500e+10
5.470506772497089386e+10
7.376653016458044434e+11
4.268975490443500519e+09
4.153696463141975403e+10
1.206257638960328512e+07
1.557002880391696393e+08
1.195420101657425781e+13
1.336920723270410486e+07
1.746547245790842571e+05
6.831958867033526611e+11
5.071530280054460168e+08
6.184150747080869675e+08
1.593590061604586182e+12
2.075186601446393585e+10
3.113387075077576637e+09
1.934308132012427598e+07
3.013474772347947266e+12
3.659261422846093774e+08
7.693922536913241211e+12
7.142031719261240005e+09
2.000932962137916565e+11
5.068270549290532470e+08
9.472324320930472459e+04
1.302382438271456299e+12
1.400715933892400980e+09
2.727896787722908691e+12
1.968589434351983294e+07
3.753778564641590118e+09
3.667697661580007076e+08
8.993734954364309082e+11
2.047106884092190247e+11
2.351038597636230774e+11
4.208949680272404552e+08
3.167984596908239275e+07
1.463428067115362734e+07
5.011762749364755859e+11
5.172020549125984955e+10
1.573192391158743591e+11
8.095710817208842468e+10
1.581876827857023478e+07
3.837297851825644531e+11
1.092262577879445457e+10
3.557193148427513428e+11
3.812862377353622437e+11
1.494439677385884766e+12
1.479769026851443768e+09
1.406887498228292236e+12
2.671445686272086716e+10
1.053939949396039886e+11
3.110516588208095093e+11
5.466248793216648560e+11
5.626097277558791637e+08
1.143272401164532471e+12
3.242568154770408273e+08
5.514167274981405640e+10
1.319226789150661011e+11
6.977465822179631348e+11
9.436368748662698746e+09
8.149628707339313965e+11
1.309365362195114613e+09
1.146029685338430664e+12
1.411163374935979919e+11
1.426461381164035645e+12
8.133797000991308594e+10
5.014993815533474731e+11
1.017430878896257132e+08
6.395619334978240967e+11
2.051546371254523621e+11
5.824367914666765137e+11
2.511672474886601257e+11
1.469396946423333324e+07
5.501415991274299622e+08
9.240694515654670075e+06
5.835632916030129242e+10
5.402872816201964021e+07
2.856771630011836914e+12
7.560284021203361511e+10
3.073488393928995132e+08
1.720204451982538452e+11
1.967111232796633789e+12
1.607237794528576313e+06
7.213177937833106689e+11
3.635816742392311573e+09
3.595421133420849609e+10
2.187201833048359871e+09
