1.063634433265532227e+13
1.590804499949270248e+10
3.247697579540316105e+09
4.945016471278414917e+10
7.842688643805445557e+11
5.991486599393486977e+09
1.563200713452201843e+11
4.747798653743482056e+11
1.855508569943239258e+12
3.558934747538285522e+11
9.903016168513139343e+10
3.045764939436251831e+10
6.026195290650574951e+11
7.599885938938572998e+11
1.021720848346230537e+08
6.322804766897175293e+11
4.223911342405525208e+09
5.466594099872607422e+12
8.908969452857060242e+04
3.091662738305741882e+10
3.423624136910677910e+09
1.409920253190224171e+08
1.126319592277233734e+11
1.203829116851583252e+11
4.095128484800361097e+07
5.958368091838433407e+06
3.894331343593376465e+11
7.985354883267544556e+10
2.041458216847917736e+08
4.868777610480180054e+11
3.019459670094301987e+10
1.276734299673206711e+10
2.053727094103775024e+11
3.432232067081204653e+08
1.946863765503484011e+08
7.661216722150950623e+10
4.891828021576662598e+11
1.516777014030251770e+11
2.670216763792158508e+11
2.797449193854292603e+11
6.249550425231940918e+11
1.221984981367411621e+12
1.225082411698618507e+10
2.844762902714497596e+07
6.540496122934406250e+12
6.440767441059823608e+10
1.416961799596552610e+09
9.854586031918986511e+10
3.792424844278956056e+08
5.735691356309706116e+10
2.423254185155081749e+09
4.324427592788882446e+10
3.056312496759199351e+07
1.330801292211431641e+12
1.185771376374098969e+11
5.748869887199779053e+11
9.137697068221496046e+07
3.024217065947130371e+12
8.990374972181086242e+07
1.334390325337484375e+12
1.149007451439261495e+05
5.484453768554227281e+04
8.085852242012272589e+06
2.986719860868574829e+11
3.241800640409611511e+10
2.052921621308539200e+10
1.735815787911962585e+11
9.988912903941693115e+10
1.177077103189780474e+09
2.776927211230468140e+11
1.857948846588575745e+10
9.757028816293003845e+10
1.067828733250825286e+09
7.110551465668049316e+11
5.316208664489798993e+07
6.072931665798522186e+10
4.919409909128365326e+10
9.179665716691536829e+06
3.651134202614180756e+10
1.496222151272848511e+11
1.150799333687965202e+10
1.355062696997801363e+08
2.365578701603474915e+08
7.404902876303017578e+11
4.508752637616179810e+11
1.876578452044112061e+12
2.934034113970535994e+08
3.113157448649742432e+11
2.197841706739794617e+11
7.438256663303431641e+12
4.602115228580060601e+08
1.739001318146394014e+09
6.438943541852119141e+11
2.772079369487203979e+10
4.127998797138153553e+09
1.126839127272756592e+12
8.986094644234768677e+10
1.188261603597020020e+12
5.958873555411934853e+08
1.742536794362503357e+11
3.187416862345859528e+09
3.001647518139229584e+10
9.457396378673353195e+09
8.716802709836683273e+09
5.129860321379526854e+08
2.081174920962532654e+11
3.291946114747690201e+10
5.533430005345265961e+10
6.352895167701873016e+10
4.552896908173908691e+11
1.321185004443257093e+09
1.421050352529858887e+12
7.729152903673883057e+10
2.350174434585344727e+12
4.066239313065181732e+10
1.764492935058649826e+10
4.831811152798157959e+11
3.639913059990111542e+10
3.390232758262878418e+10
3.405885090300451660e+12
2.015636583075009155e+11
3.191157113996857777e+06
7.220010382692299318e+05
9.437308748283605957e+10
1.454294169511191547e+07
3.291925787263619629e+12
4.707080116592725366e+07
1.028965120573807955e+08
4.697910621878527641e+09
1.807343862478208252e+12
8.153874628713115817e+05
3.517927062476750463e+07
1.683334414202258057e+12
1.003748373441453705e+11
5.833696421384983063e+09
2.739481720475086365e+11
1.540152486433072815e+11
3.414680140215003967e+10
3.458548587409265637e+08
5.258474731295565796e+11
5.812745141397895508e+11
1.498791556463825928e+12
1.449370319611185303e+11
1.025535322802716446e+10
4.476550071546334657e+05
1.657368123513255859e+12
3.546200071350891113e+09
2.462117005094483887e+12
8.413675120039983749e+09
4.273097111070386018e+04
2.440390411869124174e+08
2.515013649997042465e+10
5.808136191749360085e+09
1.031632380009183502e+10
1.627228778233058751e+06
3.874033434734644165e+11
1.157573241863201112e+08
3.339974539703438965e+12
7.405686520401728630e+09
1.730445591042539978e+11
2.271487442627100220e+11
4.394238533164620458e+04
1.941782297667415237e+10
1.599997697397499512e+12
6.648492311446089745e+09
1.137312635344814453e+13
1.035350888965952792e+06
8.491161894756536484e+09
3.748318281484628906e+11
1.317699820683077148e+12
5.143498041603277206e+09
5.500687365313722992e+10
3.248620367869414330e+09
1.868170058500371873e+08
1.564516342885687828e+09
1.680126362392395264e+12
4.747094372559587860e+10
3.489032744753053784e+07
1.677052334504577398e+09
3.980900332382072449e+09
5.496023337773164749e+09
8.591744638603289795e+11
1.125228845170536423e+10
3.542536589662721558e+11
5.426340586991089821e+09
1.109455199165414062e+12
2.001096767337549210e+10
1.411600800275964355e+12
1.522442968234897852e+09
1.792999511786570740e+10
1.247930950447511673e+09
1.439982818244956136e+08
1.999276354251150489e+08
9.544115013664565980e+07
4.653855623374640656e+10
1.182342432296450439e+12
6.781946631368994713e+09
3.260016736402887695e+12
6.457719791342614174e+09
5.297376664368141937e+10
3.763613260185865760e+08
4.107891826683725098e+12
1.708301774679615784e+11
2.121558209318539124e+11
2.080760704819981813e+09
5.494398137535353661e+09
2.837481721973157883e+10
6.690145886759512329e+10
4.538526869413583008e+12
2.710073069631320000e+09
2.842618945030646362e+11
6.572776166435745955e+08
2.077447845555943298e+11
1.627038055328200928e+12
2.030229322391034546e+11
8.989426602452697754e+10
6.549007324552249756e+11
1.443020306848565865e+10
3.706712254252897949e+11
1.011591951758489746e+12
9.543665827206020508e+11
3.161066509060411930e+09
2.059419900774967968e+08
6.371379071555998993e+10
3.294449896039184570e+09
4.507525967823984985e+11
5.703579558753941674e+05
5.521474817498426514e+11
3.967463404403404593e+08
3.266027384442064166e+08
4.848558787135128021e+10
1.447544561546321106e+10
9.263504866982450867e+10
5.459887477244086767e+04
5.254710774479696274e+09
5.914688120367843628e+10
8.498442467075685272e+04
1.193031996466659424e+12
1.862193721231981367e+07
9.503946000213456726e+10
2.634705688670911255e+11
2.967641526429288086e+12
2.291771600687666416e+09
4.010434667060856323e+11
3.933519459273901367e+11
1.397342407787582397e+11
4.532072788985136414e+10
8.444161514054843903e+09
1.319639486081340485e+11
3.319623790979569778e+07
5.870586219580170441e+10
4.760654231117483521e+11
1.203756627885123779e+12
2.438296474021454102e+12
3.980074030985750732e+11
6.306106420180487061e+11
