2.836679495123604298e+09
1.590804499949270248e+10
3.148678539562594414e+09
8.048311479072899170e+11
1.567245509226817871e+12
7.726546858738539696e+09
1.910705440655752718e+08
2.624241219280465393e+11
8.662593449835992813e+09
2.182512013790631836e+12
1.577693071492367172e+10
3.595986272358102322e+09
1.211749839354567975e+08
4.145207414048373234e+06
6.392179135981060028e+10
1.841970882762292480e+10
3.903650095719684601e+09
9.604110173135467529e+09
1.851527111367612000e+11
4.941968210855230713e+11
1.638382959581425786e+08
3.968272291269570923e+11
1.063024011117562675e+10
3.357903086031738520e+08
9.545145992003908157e+09
2.952353038468674316e+12
8.516660721965104492e+12
4.161123368931978760e+11
2.205368050500482917e+08
5.924080705993972168e+11
2.936578107933636904e+08
1.812824343115682602e+08
3.055234240484628081e+07
6.303360466067866325e+09
3.629625346257387085e+11
8.337932769945091009e+07
9.427981264219917297e+09
1.642418122361553650e+11
1.169588007703751945e+10
1.025199841515293823e+12
7.477923877174768448e+08
4.219045039591195312e+12
1.394634197190880127e+11
1.157540722358876221e+12
2.981053203248227239e+08
9.209643559711914062e+11
7.715259177888375244e+11
1.062024693176850700e+10
9.631107890683288574e+08
1.852837882945672302e+11
1.181252212270951653e+10
1.791677747535440674e+11
2.988818218521849609e+12
4.326532167627221680e+10
4.025805636326699219e+11
6.557039173860053711e+11
1.396059234386649895e+10
1.985412641527333260e+09
2.139603120646108150e+09
8.804054980109090576e+11
1.255987690295820808e+10
3.168133584716113281e+11
2.224949773977487183e+11
9.323629906312967300e+09
5.103441661538444757e+08
1.437986370321589050e+11
8.961818831802674561e+11
2.153492064469841309e+11
1.253043383458386803e+10
2.934478746601840496e+09
1.914963126951847458e+10
4.748910049582566406e+12
1.544922992288698975e+12
8.701218556978666306e+09
3.315721991642878723e+10
1.412438796125344543e+11
1.422149218337134705e+11
3.659236668880937958e+10
7.385051515186076984e+06
1.472913714429741516e+11
2.655426175358676529e+10
3.461338875281797363e+12
2.073020527221998047e+12
2.952403141059342384e+09
2.346282174184246396e+05
7.751475660080644531e+11
2.257218957725205383e+11
8.365802009081276894e+09
1.309036659141677094e+11
2.088395362047845078e+10
2.420133912861104965e+09
9.054855398872183228e+10
6.444611309837026367e+11
1.303758510920942497e+10
1.122119600975730658e+09
6.396936583010729551e+08
2.588461163519626260e+08
2.728833227670325195e+12
4.056766108984235382e+10
1.418234601567969704e+10
1.971976011090730906e+09
1.272185879140243164e+12
2.300974088523491211e+12
1.508395536239764709e+11
9.221899903667147458e+07
2.358289351847666992e+12
1.502877604390506287e+11
5.544340423361284286e+07
1.659982879211277580e+10
9.466734393942864990e+10
1.827760201912186312e+04
5.016109587146224365e+11
3.449007117492920160e+07
5.631952080459371948e+10
5.372918565605997925e+11
1.797623340173783526e+07
3.771361201419142890e+04
3.575581500225680351e+09
1.533032612070991211e+11
5.645852892427863770e+11
1.305318245658857727e+11
4.621703621345269775e+10
8.122197156145715332e+10
2.548271092229075623e+11
1.409311651737464600e+12
9.644561179903819275e+10
2.897930249626927246e+12
2.795447949437837601e+09
3.649915144940360260e+10
1.076323531488002930e+12
1.167776945706546936e+11
2.973866392681922913e+08
5.316593738551801300e+10
3.878845535589780273e+12
8.957935478456491699e+11
4.941413633838497314e+11
1.441370338963628006e+10
1.796790754608106232e+10
7.068252917282100767e+06
1.025669438549837189e+11
1.210433878555399132e+10
4.833075829703166199e+10
4.126710284788129883e+11
6.485842691000195503e+09
1.741800474849093933e+11
4.493992852257497725e+04
6.567321408047770262e+08
2.775779344860192871e+11
4.676602810431149292e+10
1.721999901953114746e+12
7.536984945511276855e+11
2.218076233289722800e+08
9.402739920960975342e+11
5.279069506110943794e+09
4.181852343325764872e+06
1.007845143200835943e+09
2.364484562425307846e+10
1.138658383812942505e+09
1.536599416850715332e+11
2.505619480017862793e+12
3.652597964490749836e+09
2.305545083603083156e+06
2.320754450770868652e+12
7.705408392312388916e+11
2.090233454292025757e+10
7.150319099323680664e+12
5.754060082109164447e+06
1.093956780277509987e+08
1.275627222841299805e+12
5.363123372947010648e+04
2.369755756981198311e+09
3.618559077364400024e+11
4.661289786068104506e+08
2.898112938134187832e+07
5.619355185314368248e+09
3.119157544720682983e+11
7.655094489500336647e+09
5.273804619807379883e+12
1.508276481280653381e+11
2.308927124535809326e+11
4.371703869946084451e+05
1.232977832892624664e+11
5.836978507897410889e+11
3.019266266137857735e+07
7.938914008322113037e+10
5.866342492726625204e+08
9.688745864728486538e+07
2.670739683423020020e+12
3.741502408705544472e+09
3.627879128387609482e+09
9.867312550066650391e+11
2.178021694257926178e+10
2.959932618771116734e+08
5.576956038978882790e+09
8.022343178959962158e+11
2.438710043377381325e+09
2.000712010530335665e+09
5.905052415626059723e+10
3.297505210318732738e+09
3.842336365721854248e+11
6.772007046344120979e+09
6.446214694933940125e+10
6.309262732521954346e+11
1.293597440324130554e+11
2.137769572160231628e+11
1.021777004584101172e+13
2.896806683846303711e+11
7.589562060009261475e+11
2.431355095771913574e+12
1.910826800799614334e+10
3.422798231209152222e+11
1.356276890415812683e+11
2.435785445877409363e+11
1.703147001973323931e+05
4.201530260473108292e+09
1.246374066495503693e+11
4.666161454333590269e+08
4.151537083075409698e+10
3.783057523877736664e+10
5.099487513904602051e+11
4.881534408611456864e+06
1.619610580785844028e+08
5.818295673999154053e+11
4.229394479989025742e+07
3.930888690967830811e+11
3.770677809667829132e+10
2.574369640895647888e+11
5.373886205884545898e+12
6.277237646032366943e+11
7.629352680587602234e+10
1.209496315590318441e+09
1.290659682268695831e+10
8.739364147344981384e+10
2.831423445979296875e+10
1.960928844949995117e+11
1.813472499843404293e+09
5.180128873393447876e+11
9.745010218724403381e+10
4.093944278481651611e+11
2.527166827471442261e+11
3.228946476614937744e+11
8.526525886339569092e+10
5.933910570514715801e+04
3.116103008978459835e+08
5.510882707166687250e+08
5.478901005816467285e+10
2.643241182780521240e+11
6.020233144050579834e+11
1.201657476756613515e+07
6.965804227021130371e+10
9.607380371422353516e+11
7.341388070221228600e+08
3.170307960643746948e+11
3.440439688228303223e+12
4.985275972718254089e+10
1.205675798833807564e+10
