1.923709416704866016e+13
1.590804499949270248e+10
4.396612567487540283e+11
1.170607201580743194e+08
1.194088122532079315e+11
2.730596683120742906e+06
4.184823834031511545e+08
1.066502897422641113e+12
1.331544613153738098e+11
1.511856765234895935e+11
2.125547136144176941e+11
2.343326753621844482e+11
7.620266830942004395e+11
1.629216526436158657e+09
5.039606238024393082e+09
5.580301533687735748e+10
9.057126817500945926e+07
8.910354165423294067e+09
1.150092124295783806e+10
1.502463623508322835e+08
3.826956039580839872e+07
1.166679873845700455e+10
4.288379593309469238e+12
5.492922943235315323e+09
4.385784342968720739e+04
3.797545859160185059e+12
5.735281244625457001e+10
3.727023808887778968e+07
3.769543551392931152e+12
4.965923288309193254e+08
9.187816509943104553e+10
5.325109637903749466e+09
2.803008769347701073e+08
1.458047962604340210e+11
9.943010830153337097e+10
1.669749368592630615e+11
5.419848628957934570e+11
3.839577992553421296e+06
1.143799351099734375e+12
3.328038449411365509e+10
2.234062118278878021e+10
1.545700995584558411e+11
2.804683238841770554e+10
4.200818070295735931e+10
3.943252205282521057e+10
9.225123467098768800e+06
3.882197611395969238e+11
4.793956709494760513e+09
1.731068461026950928e+12
9.834059681407266235e+10
2.845898392784784698e+10
2.062125782542257786e+09
3.428979744872268677e+11
1.062090001110536011e+12
2.096184314192584276e+09
1.354184896919136963e+12
1.916197486339653564e+12
2.095617645707295654e+12
2.542536656757754517e+11
3.495284147023589325e+10
2.527913757468681641e+11
2.777252397755460205e+11
3.920559235096887946e+08
1.943163282619583130e+10
5.934830541898312569e+09
5.868711730828409195e+08
1.370229254344920349e+11
1.000933439986550415e+12
6.315227610365939453e+12
7.062255580929127197e+11
1.990535127716968536e+10
6.992297641106027222e+10
3.456201250554467285e+12
1.062785809546821110e+04
2.801901610129302979e+11
1.093627257935250818e+05
1.020934355266975098e+12
7.666536737571706772e+09
4.435606696104514771e+11
1.371839323915579071e+11
4.562085415691221313e+11
9.387185133880596924e+10
1.467658242103433228e+11
1.096476444930151558e+10
1.717577699865781593e+10
1.199614116866330624e+09
5.188634469250640869e+10
4.744036844176708221e+09
2.121808734921253357e+11
1.046685332374074906e+08
6.511700351485762695e+12
6.160992933049165726e+09
8.132199092738991976e+08
6.909951781302691698e+08
2.970513302422600269e+09
3.528235337162889862e+10
1.032986357719264160e+12
2.888913595763249588e+10
1.641431571426085693e+12
1.221794782928949893e+08
7.301820519319983432e+05
1.020180126180426880e+12
8.548556231277661133e+10
8.315918377469457686e+07
7.543326641129048347e+09
1.978836889387424011e+11
6.120617623910948486e+11
2.382200803307077942e+11
9.551475062989265442e+10
4.944403650548606873e+09
1.011190659735222015e+11
4.853996033106015015e+10
4.061225209630372620e+10
5.312936233049172401e+09
7.850328286901101112e+09
2.434601573962522125e+10
9.776061204469954834e+11
1.597597228509530449e+10
9.478252126886413991e+07
7.994956659761831665e+10
4.622271873044314575e+11
1.407947303925791626e+11
2.653795049736417770e+09
4.305464944870515137e+11
2.019003587315196289e+12
2.007429461711592407e+11
2.223387136956231689e+11
1.164023514949557066e+09
8.600073967581418457e+11
1.602625781785325333e+07
1.660112408393077881e+12
1.164165272568602371e+10
1.484190160148995346e+05
3.462099848230847168e+11
2.008773154199445486e+09
6.794644515629539490e+09
4.966059597990527344e+10
3.940215125557736307e+07
5.187314876929359436e+10
4.767645304643132724e+06
1.195559445752388954e+09
3.233643407858937836e+10
1.205507037083018799e+12
1.253998174885950565e+09
5.621339079474067383e+12
3.225777340181773663e+09
1.314181540470449448e+10
7.533228362053140259e+10
3.793172473023661613e+09
1.283352030434044647e+10
4.311114381879772949e+11
1.150809772473870754e+09
1.431707459656232357e+09
1.911391785972579479e+09
1.175167142213043404e+10
5.113136769739468384e+11
1.140713365602299609e+13
8.773232932937416077e+10
2.979924382254551697e+10
3.850021256010985374e+08
1.380392355370518799e+11
8.363558356740858289e+04
2.764897610473707676e+09
7.404982212593421631e+11
7.650101905724456787e+11
4.129110313380527344e+11
1.946143528981622314e+12
4.606838343651831627e+09
2.649279775988660156e+12
3.656964955171174407e+08
1.942095283504988861e+10
1.255026421903644409e+11
9.202931125388869629e+11
3.936561597650417805e+09
2.762221752983434200e+08
1.456938563096748590e+08
1.597468965780137634e+11
6.121068461290114746e+11
5.106318052747887421e+10
2.316249560839794006e+11
8.938876843132075500e+10
4.338187945442781448e+08
1.444882546129104042e+10
2.654263576901901662e+08
1.369470529355912170e+11
7.696246679789034424e+11
7.812276519762708740e+11
2.198073655526337624e+08
2.254911624266742706e+09
1.888604608696492188e+12
1.172634515844534424e+12
5.109251797581248474e+10
4.141575636705804825e+09
2.690317465028428650e+11
3.758007181496114349e+10
3.158994764642188238e+04
1.434774285729364014e+12
1.161222396988220024e+10
9.930406872406136475e+11
3.126423771337028503e+09
8.747540339675356445e+11
4.837900799805892110e+08
4.115377471708009338e+10
1.562912213154035568e+10
1.282643241069637686e+08
5.351453341968877411e+10
2.510457138431890137e+12
1.138938283883860397e+10
9.511858496607687988e+11
1.767302522511443710e+10
9.385787908906232834e+09
3.107740052188665161e+11
8.895799472185588379e+11
3.904958062435329914e+09
6.754528579460363090e+07
1.310921922832388878e+09
3.278683335596996094e+12
6.950413872053117371e+10
5.999213036994723320e+09
2.607287134197045803e+09
7.709491569090491976e+04
2.234800887236021519e+09
5.485659197660258360e+04
1.203248160077329834e+12
3.187433169289488281e+12
1.861747845903614258e+12
1.970767677886963785e+08
4.527019649813526154e+09
3.528200227329754639e+11
2.084694137246165039e+12
7.244335471613446236e+09
1.099293924891351014e+08
3.290744898948781128e+11
6.511047906609447673e+06
2.985631389812992096e+09
3.973001543693478452e+05
9.103820075378532410e+10
4.357714828873753052e+11
3.151809585744703369e+11
4.922296431583214844e+12
4.739913254266492310e+11
1.801901825302290344e+11
1.264536812980932373e+12
1.088738546214423752e+10
3.978404642661029007e+06
9.870960234335021973e+09
1.196138550455731445e+12
1.241984402752905637e+08
2.124477509958924294e+09
9.017088080537493896e+10
6.387762682161098719e+08
1.617383583802165413e+10
9.320147010549566650e+11
1.766834749506333590e+09
8.166505093402456055e+11
7.457220416922636719e+11
