1.161418212061856079e+11
1.590804499949270248e+10
1.347715809710683899e+11
1.187679582489650249e+08
3.526542789803630352e+09
1.603578640915286255e+11
8.541230060340192871e+11
5.136100087564314453e+12
9.678827299230163574e+09
6.313720797009223175e+10
4.651451002318064570e+08
9.918986435846380234e+09
1.045925088420432281e+11
6.382313661919263916e+11
4.710806771827946472e+10
3.566421776411293945e+11
6.758162507629318163e+06
7.915865179813173828e+11
4.450918839606527686e+08
8.339629605508119202e+10
1.695393378812231445e+10
2.074032976999460936e+09
1.216977713498544312e+11
1.153283167016897705e+12
2.168357488426976624e+11
1.176187751333185547e+12
4.713255802059532166e+10
1.535141129004084717e+12
1.558438740810209961e+11
2.573145454837416382e+11
2.502044524155475795e+08
1.894635218657992188e+12
1.396718639626385307e+10
1.546437615378177734e+12
6.205507595874218750e+11
2.570434352331697998e+11
3.646572173495613575e+09
1.855789440401861668e+09
2.504050118756892090e+12
6.060133012749011230e+10
1.239177341965431396e+12
3.888605950285003052e+11
2.064877612006815491e+11
1.678937267824906111e+08
5.296993302702685547e+11
4.435242192380409546e+11
9.594186130200561523e+09
2.403985143420881271e+09
2.186013729426758957e+10
1.537603935161788249e+06
6.791186732932627201e+08
5.659777669882103271e+11
3.134683985453351498e+09
3.108637352484268188e+11
1.049038242766543984e+09
1.357266774294524658e+12
1.352206628301630735e+09
6.266410729588480377e+10
1.061258691019945068e+12
3.489622306513827643e+05
1.150289403921577835e+10
1.057392449309358032e+12
4.659254223430025024e+11
2.242640665879557190e+11
4.820466642621810150e+10
7.608838970841060791e+11
6.243912473682269096e+09
2.437753333991991699e+12
1.018642090969920158e+10
4.171295004108388722e+07
2.986351737045592651e+11
3.234826000434759617e+09
1.892729380822897339e+10
7.873416326209537354e+11
7.506985820654844666e+10
1.302429788314507008e+09
9.398047343079294434e+11
6.307635877446086705e+07
2.375365484572309113e+10
1.807561461330748291e+12
1.327760984785875511e+10
8.240295898729329109e+08
3.691289194420050812e+10
6.671134688650154114e+09
4.462900277909450961e+04
1.010927803756803320e+13
8.515249416566814184e+08
5.992973083623349667e+08
1.138773655780906868e+10
3.090997271021528244e+10
3.925673913295616455e+11
9.674532092494359240e+05
5.242733819951396942e+09
3.792645947556858063e+10
2.588688857632700195e+11
4.207518564724305176e+12
2.014122872846089602e+08
6.802975554646665192e+10
2.105862261809755859e+12
5.822631386624965668e+08
1.527580398365705566e+11
1.159235915951515137e+12
4.341101091539383698e+10
2.944385680960600586e+11
4.072038752734212036e+11
3.524463666311694946e+11
5.917608038577542175e+05
1.634904838909158707e+10
1.154070533346060371e+10
6.430966367283042145e+10
3.942097797317829099e+05
6.968017674754016113e+11
1.123155520070200348e+11
7.960707113130998535e+11
2.551312446343249207e+11
4.950462496468257141e+10
3.759867072626376953e+11
3.254941459901171875e+10
2.173377124575020373e+08
1.520199753848924637e+10
1.573721234091630876e+08
9.983210978701704407e+10
1.112203007348235168e+11
3.256640681117417969e+12
3.717838326780284424e+11
4.005103838031892519e+04
7.726423118866262817e+10
5.653836708581229299e+07
4.896203842829112411e+08
3.757404159449442291e+10
6.397959950514725342e+11
1.405038173257566833e+11
2.582788402749410868e+08
3.726780729256127441e+12
1.005427089648178101e+10
1.883075399168662842e+12
1.481755595427805710e+10
3.513903156463424683e+10
3.264857380639950275e+09
6.339455810615893555e+11
2.831929892585910112e+07
1.892237457423473633e+12
1.819554968117146753e+06
4.822475693499657512e+08
7.858023590339501202e+07
3.311866752773996582e+12
1.544188342040374756e+09
1.000721940606884384e+10
3.389631251933076382e+09
5.615801784490368366e+08
1.990094658152369308e+10
1.285464459037112999e+10
7.672191987749868631e+07
6.409242099772397614e+10
9.338675369904380798e+10
8.477719749155185547e+12
2.725260017298366699e+11
6.716999415766685486e+09
8.634978768507296753e+10
3.793914976980821133e+09
4.807385116090391541e+10
1.963684158099206848e+11
9.539044870057748413e+10
1.849738486040456543e+12
3.029605445207877755e+08
1.764333355086932983e+11
1.397066531403844238e+12
6.413302389557932615e+08
1.694793466814875975e+07
1.824711662638419495e+11
1.551957042909695010e+05
1.302626288970149902e+12
3.176484373773437500e+11
1.403041716236124754e+09
6.920301612947329712e+10
2.576587583316646576e+10
4.479192699130657959e+11
9.553889170491419678e+11
5.546148061623562813e+09
5.255350981426509097e+05
1.909803052202777710e+11
9.076688676362813721e+11
7.884979379601214600e+10
9.869039079431542158e+08
7.934713098646766663e+10
2.870299553140755892e+08
8.739266789357841797e+11
2.900840310716010284e+10
2.374383173889071465e+09
3.305425570967588501e+11
1.225981762191052628e+10
1.258803365970051758e+12
2.030201046188667297e+10
8.536006022709443665e+10
1.860066489766607583e+08
1.099907372510155273e+13
5.586455490830438232e+11
3.156631155602609863e+11
4.366504837599293143e+07
8.125250169585169983e+10
1.446201525025144339e+09
3.638792335078172852e+12
1.050934541268196940e+09
1.941848688638097000e+10
3.489464010011043549e+10
6.531300188695502281e+09
2.204598847107510986e+11
1.116816823043509483e+10
1.827147882852255127e+12
1.257499166957334056e+07
2.060982535374433994e+09
3.362049069686693726e+11
2.734060174923308939e+07
2.489955640158676758e+11
1.685209160611231613e+10
5.626871624869890137e+11
4.351694289854477882e+09
2.660025977691355705e+09
6.022919962509969482e+11
8.583767704963586807e+09
1.167088166729228210e+10
5.630581010317504883e+11
1.113195100594862556e+10
5.250127914694390259e+11
3.481909358150187378e+11
2.097181215159115553e+09
2.140222857201388168e+10
5.005556550408698916e+08
1.049347326463849487e+11
2.265670854661874512e+12
7.982202219222297668e+10
1.950039848483745117e+12
1.080479239540655375e+09
9.269193052839583252e+05
9.848746244107328796e+10
1.149822418624627228e+11
1.142498120659003601e+11
2.910385364946809082e+11
1.979585331437005043e+09
1.038830916323034525e+09
1.706908508156589127e+10
2.106832541433212280e+11
5.312340358290850830e+10
2.147422973234818115e+12
1.275657998703932800e+11
1.711508505872692871e+10
2.483784947490396500e+09
1.854773545330044937e+10
1.896651327398674786e+08
3.203526154823255859e+12
1.300777880802665039e+12
1.225878858386197853e+10
1.185355326583019972e+09
1.805972260151033020e+11
8.636541137461519531e+12
4.632930122795822620e+08
