1.409557592345550947e+05
1.109737289048109596e+04
2.202460161261423491e+04
1.615155387385769427e+04
8.001307418515518657e+04
1.570588947205407749e+04
1.298621309138972538e+04
2.613336538619278872e+04
4.027127079515302466e+04
2.997218591883511544e+04
3.929719981366842694e+04
1.515708557955156721e+04
1.493019108246006545e+04
2.095123025895157116e+04
6.028450349436535180e+04
3.371928692639833571e+03
2.202718092290490677e+04
2.261876576010250938e+04
4.248520886027600500e+04
1.449756562465548450e+04
3.048432382169504490e+04
2.967114050196894823e+04
1.975061010856299617e+04
1.855320526697290916e+04
6.912248029269191647e+03
3.448946703019988490e+04
6.321203937852411036e+04
1.488908778619886834e+04
1.224981760452344133e+04
7.967093777757382486e+04
2.906781993919419619e+04
5.061896608785335957e+03
5.837886912073592976e+04
8.182700354713570050e+03
2.788643004782915887e+04
2.594537267879784849e+04
2.788175244059694523e+04
3.088152377432280264e+04
2.977899246946241328e+04
1.873743748046547262e+04
1.160895054833175345e+04
6.342165522855702147e+04
4.589986682871609082e+04
5.453393534748212005e+03
5.565925990909466782e+04
3.245537359519149686e+04
3.824614613794761681e+04
4.124784712970838882e+04
2.723281160554425878e+04
1.033344947393311304e+04
1.638807669823346805e+04
1.914346946641881004e+04
1.009907388338712626e+05
8.031549772528839821e+04
2.646251240786202834e+04
1.404852065691079952e+04
7.025396749179994003e+03
3.996285978602765681e+04
4.399846265598336322e+04
1.681662107758252023e+04
3.347713649955503206e+04
5.654706285590906919e+04
3.989037504110254667e+04
7.051886534793482497e+03
1.439395508627035269e+04
1.292831419915053084e+04
5.964451578720087127e+04
1.554202673671224875e+04
1.757603529254408204e+04
4.636443527129160066e+04
5.482700248830734199e+04
3.260154533610563885e+04
5.899732058058991242e+04
1.415537844690950988e+04
1.177270026115896326e+04
8.311542404992749653e+03
2.750803705250779603e+04
1.170403705457785145e+04
2.029805304812592294e+04
3.659091853283767705e+04
2.213015043861587765e+04
3.966651726070645964e+04
4.392834451492918015e+04
1.089620548342898473e+04
1.524471912213039286e+04
9.156734042852814309e+04
1.126529779087799543e+05
5.171634588194641765e+03
1.140910659039378879e+04
1.974108016518230943e+04
1.015700606955972034e+05
1.436668887884184187e+04
1.646560119988760853e+05
9.646975337655047042e+03
9.162942004967861067e+03
1.891111452251485389e+04
1.322625797367762425e+04
8.459171899286059488e+04
4.500720467103923147e+04
6.501525534444185723e+03
1.547581499787322173e+04
5.711813870849297382e+04
1.168152899223333370e+05
4.704540997260447330e+04
2.500810059078520862e+04
2.053005951347135851e+04
3.840730991740933678e+04
2.908185199429944987e+04
3.344734508085936250e+04
3.465683438792377274e+04
2.500125098341246121e+04
1.386387025733404880e+04
1.633856744125437399e+04
3.460040522385638178e+04
1.157463005295362673e+05
1.967010342030057654e+04
2.084224136867507696e+04
3.216071323389604004e+04
1.416470186586889940e+04
1.714060186151546804e+04
5.278994668898857344e+04
3.827683980371240523e+03
7.780222980435183672e+03
2.896376891028921091e+04
1.671531886747575481e+04
1.612991385018117035e+04
3.916505727924073290e+04
8.914623307748992374e+03
5.571628899237814949e+03
2.405350764885794706e+04
9.724502453011277248e+04
1.010308140738907605e+04
6.839514155027353263e+04
7.664595111390718375e+04
1.993508438549754646e+04
1.144958470039875647e+04
6.967573328965669498e+04
9.617743797518465726e+03
3.686987760934331163e+04
2.317332690524561622e+04
2.851950365447629883e+04
1.365030923975239602e+04
6.772975884906279680e+04
1.109896022872881076e+04
4.260056162506447436e+04
4.977493326385428372e+04
3.529763060338965442e+04
2.729963383775126204e+03
8.260863204969526123e+03
1.873254962657576834e+04
4.820342580978749174e+04
1.872476428293218487e+04
5.449228777881507995e+04
9.578327912807790199e+03
1.122871406075472078e+04
2.589162364237960719e+04
5.103790173857949412e+04
2.754229819359585599e+04
1.873788233293933445e+04
1.826344067774841096e+04
5.268362241082976107e+04
1.637238525104247492e+04
6.900363384555283119e+04
1.950750563157509896e+04
8.901592810644133351e+03
9.630056345483822224e+04
4.446776047425688739e+04
5.676349632319836019e+03
7.812797487402209663e+04
1.754870655764089679e+04
4.943326636492557009e+04
3.049810368467711305e+04
6.968886453288045595e+04
1.186161701064616500e+04
4.368682120966959701e+03
2.251105330804412006e+04
1.271723302487917317e+04
6.590435001157390070e+04
3.003312755157754509e+04
1.558075198949795413e+04
1.664618795440349641e+04
7.599316929215869459e+04
5.372471942847883474e+04
6.053032528650783206e+03
4.163907938404117158e+04
3.243508575614903748e+04
1.864053081698091410e+04
2.168514802117446379e+04
8.287887184072584205e+03
1.246248944524983381e+04
3.314696909876218706e+04
2.833271928731644584e+04
2.665645480635204876e+04
7.386309863834921998e+03
4.540935974527232611e+04
3.614531397026609920e+04
3.171016071321367053e+04
2.743910685971155181e+04
1.650453840567477528e+04
1.125638683451823636e+04
2.104019852836972495e+04
6.992246589469266473e+04
1.390443962466795638e+05
9.758914674980715063e+03
9.735077217325906531e+03
5.106721248462103540e+04
4.423662250358919118e+04
2.558884259136087348e+04
1.051616245570706233e+05
6.573670865529215916e+03
1.344400682078646241e+04
3.347379840154442354e+04
4.874905680631628638e+04
1.724872751204800443e+04
5.611224167711672635e+04
1.473239537565685168e+04
1.546145358886052418e+04
3.503690228271733940e+04
5.793707352445367724e+04
7.938709041890344452e+03
1.775918533151691008e+04
9.907577486566542575e+03
2.016136523397416022e+04
1.043195777387459748e+04
1.705696205728505811e+04
1.042809896577572181e+04
3.249218406654183491e+04
2.344770742814844925e+04
6.963881532161090581e+04
1.937859370231462890e+04
1.187141553501629278e+04
2.761902276373731729e+04
5.326602019278561784e+03
1.635966660638556459e+04
3.271329082703825770e+04
2.120025447800129041e+04
3.121204150621098597e+04
5.896250005804486136e+04
4.561036578607468982e+04
1.078825534349009104e+04
5.039750022897404415e+04
2.092345733797578578e+04
3.454548689161486982e+04
7.511163813900996502e+03
2.527732210652534923e+04
8.706734971001005761e+03
4.831623970601823385e+04
3.295370733755036781e+04
2.257019834976918355e+04
2.478383838381840178e+04
7.436587696651289298e+04
1.835852216356524514e+04
1.127383122351809652e+04
4.305057758197031217e+04
4.995212405658790522e+04
6.469285130796484736e+03
