1.131756381759998185e+05
1.109737289048109596e+04
2.590947123389828994e+04
7.290413130434095365e+03
1.724355133160029072e+04
5.695429091545500705e+04
1.682148836095593288e+04
5.072493626305059297e+04
3.254606208618368328e+04
1.228050261711249732e+04
3.067241489081856707e+04
2.021883060054426460e+04
3.754780190187951666e+04
3.043638337838071675e+04
9.858302713538838361e+03
6.519592676714324625e+04
1.000708265314416712e+04
6.893207109076640336e+04
1.013778817946283380e+04
1.020193742434778505e+04
1.653303422863591186e+04
1.690355925264255711e+04
9.481045821715866623e+04
2.703556520046673904e+04
1.740074584973690435e+04
5.630247112271389778e+04
2.016293362353488919e+04
7.018079938614902494e+04
4.517577624321221083e+04
9.846827675666439973e+03
1.546768402363467976e+04
1.903969424066881038e+04
1.348793420579169651e+04
6.204768307069285947e+04
2.244487741158104836e+04
2.049398942540045027e+04
1.263824915720624267e+04
7.885357759808031005e+03
4.134501433848790475e+04
1.177727251089453785e+04
7.169649705541189178e+03
2.247844908122230845e+04
1.724863913287112518e+04
9.956670311483953265e+04
8.670156347716975142e+04
2.399640127231699444e+04
1.028067902117279846e+04
3.250610764919737267e+04
6.011469411652954295e+04
4.445379810292481125e+04
2.612382135919890789e+04
2.012177386555639896e+04
7.568083890674126451e+03
3.631407479969425185e+04
1.401638335734488464e+04
7.206553640887906658e+04
5.887387483687181521e+04
2.008469252086009874e+04
2.443266764535990660e+04
5.528360049309673923e+04
9.807786096579446166e+03
4.982253035619171715e+04
3.495537540616468959e+03
5.083886586806802370e+04
1.402558652783345133e+04
4.424678821191797761e+04
2.851665273739984696e+04
7.311154670071299188e+04
5.773265499387313321e+04
5.231517519411915600e+03
1.576721980368828008e+04
1.287752834031623752e+04
1.706706957380567837e+04
3.947661312203255511e+04
1.177536520857502728e+04
4.397237786506560224e+04
3.680726497245252540e+04
4.146903675473786279e+04
5.927908132431003469e+04
1.868644474813490524e+04
3.675197315835306654e+04
1.515081352871181116e+04
3.903679922959782562e+04
2.712425766555363953e+04
1.876023060827238442e+04
3.555025466952893476e+04
3.306586453500681728e+03
4.739374292390447226e+04
4.914272777453317394e+04
5.127645310731188511e+04
2.753157956150781683e+04
1.949806472336802472e+03
7.607527940771810790e+03
1.703729478980191925e+04
3.125195038469706924e+04
6.895515735454238893e+04
2.649544966642996951e+04
6.424185880887404892e+03
4.934628768250337453e+04
4.080185436427631066e+04
1.531754599322737340e+04
4.461115772106788791e+04
4.307065889292442989e+03
2.473047927048124984e+04
1.865230076953105163e+04
5.612292926863685716e+04
2.857435390173354608e+04
4.173488627662938597e+03
6.480204950318077863e+03
4.865779564203843620e+04
1.576347923678536608e+04
5.516799910574084788e+04
1.242489364183341058e+04
1.909756456434617940e+04
1.104580528888879962e+04
6.883263628870452521e+04
5.912103692487907392e+04
3.413508506974756165e+04
2.361008434125456188e+04
5.626088251453075645e+04
1.853353934380419742e+04
7.184938481963111553e+04
1.031679134156313012e+04
3.315639939305624284e+04
3.253479949943580505e+04
1.336403851119317733e+04
4.820783473098354443e+04
1.714288787283752390e+04
7.261737101306533441e+04
1.243669896144588529e+04
1.355731449339126084e+04
1.121455470895021790e+04
9.784981609768366980e+03
7.114498376760787505e+04
1.193881667836452834e+04
1.077125540498951596e+05
2.372367692493287541e+04
2.036773516305128578e+04
9.395852237032684206e+04
1.377978879875317762e+04
1.729921202243823063e+04
4.427742202445668227e+04
3.617640353161276289e+04
2.670460267365039181e+04
3.216148667945486523e+04
1.620233934205743753e+04
4.320383767664992774e+03
1.000271797526937298e+05
3.059486673284862991e+04
3.450142790798353235e+04
3.425970557147697400e+04
1.181239872704762638e+04
5.908315330952173099e+03
5.780653954570695350e+04
1.667567797224970855e+04
6.250500274489766889e+04
4.217419117547089991e+04
2.475279974200648576e+04
2.573443705840961411e+04
1.193239744055644405e+04
2.373656330490565597e+04
1.779981246569618816e+04
6.802413864442237355e+03
7.394965315657827887e+04
2.584559287001805933e+04
4.541094316208607779e+04
2.608741411610116120e+04
4.384823929554774804e+04
9.056302721215068232e+03
4.508797102553393051e+04
8.386451326516480549e+03
4.188841891795870470e+04
2.185774435667470243e+04
1.504364205801074240e+04
4.460765162181352207e+04
2.121358980620598959e+04
4.377556131674049539e+04
4.603756358191028266e+04
1.225561348053977599e+04
1.711380575144454633e+04
1.128883819359630252e+04
2.208160387119375446e+04
6.693679162993158570e+03
7.431957232313230634e+04
1.932594695013044839e+04
6.823098740385650672e+03
4.088843554096241860e+04
2.533265753519581995e+04
1.638899091685013263e+04
1.064580257341671095e+05
2.338859894422105936e+04
2.312702335200393645e+04
2.392210413616548067e+03
3.841778512266361213e+04
1.326559368955917853e+04
2.925570818819608030e+04
5.628610276236370555e+04
2.389273557029559379e+04
4.121788594803973683e+04
1.158645276975276829e+04
2.611845829708750898e+04
4.144239301489588252e+04
1.499766490157468797e+04
3.218170966474516536e+04
2.764122099591591177e+04
1.930830919417610130e+04
3.516454973733561928e+04
4.335681508201063843e+04
7.788739633220469113e+04
1.241518928306702037e+04
6.570069695857547049e+04
1.495558443710403117e+04
6.975631165869162942e+03
4.499675436894200539e+04
2.685215244778095439e+04
1.654970625457913411e+04
2.871818586294546185e+04
8.377030577086579797e+03
1.699639957485523701e+04
1.464597277618986845e+04
1.862742424000317988e+04
5.352231339552686404e+04
9.004684988242812324e+03
8.623524630566354608e+04
3.685861666921673896e+04
2.107302582153185722e+04
3.418483471710425511e+04
1.368160681702419060e+04
9.822835058246735571e+03
6.050643240046843857e+04
7.225368986577368560e+03
3.151993202362422380e+04
1.130101750630339229e+05
3.192901319709758536e+04
8.117643444226023348e+03
1.808332009543004824e+04
5.730677209693266377e+03
1.769875330793696776e+04
1.339590423212530914e+04
1.110554560513342003e+05
8.567672236332073226e+03
5.570068385041147849e+04
2.017789357670952813e+04
5.452762408291422616e+04
2.666258984962544855e+04
2.621146459449427493e+04
2.814429849473847571e+04
1.360957587449875064e+04
1.446642491861490635e+04
4.827212891727466922e+04
4.700679544692253330e+03
4.497318272657977650e+04
5.044286863687587902e+04
2.968524456817736791e+04
4.224100781975370774e+04
3.668836763169679034e+04
