3.771401637321307498e+04
1.109737289048109596e+04
3.999356288993419003e+04
1.728905833625321247e+04
1.216601685202750014e+04
8.177781302374263760e+03
8.031334117680690542e+04
3.667652625497840199e+04
1.993101034781211274e+04
2.212436898852432569e+04
3.985322345018790656e+04
2.136930173144834953e+03
7.180943131379855913e+04
2.803604262260937321e+04
5.644411564346213709e+03
7.534788089766177291e+04
1.166123277352662808e+04
7.368831456754457031e+04
2.073009512384065602e+04
2.857674471149539750e+04
2.017806744499635533e+04
8.460372463701740344e+03
4.815491534875547950e+04
2.256705710652794005e+04
1.659741765885397035e+04
4.898494494730129372e+04
2.926126880490833355e+04
2.544039608689991655e+04
5.479905615683810174e+04
9.886361796077551844e+03
3.646276523274166721e+03
9.233365363290243840e+04
8.577365806453199184e+03
3.668308196518642217e+04
5.199812450127828197e+04
8.394651630189562638e+03
2.372734340890498424e+04
1.220771654963562469e+04
1.270522050107976247e+04
7.676000887748393870e+04
2.622200449671076422e+04
3.336656741420397884e+04
2.214004960836577811e+04
2.983160694796156895e+04
8.069256396000104723e+04
2.251268805123877610e+04
1.171554047832286233e+04
3.348694365654368448e+04
2.414201211329318539e+04
3.210728420735815962e+04
6.486484640242851310e+04
7.842643945208749756e+03
8.197669164813662064e+03
1.591543915457747607e+04
1.418210735602040768e+04
7.870071330753104121e+04
2.053542380928200873e+04
5.414066011072591209e+04
2.753565814507552568e+04
3.672660232932505460e+04
3.027102476859202943e+04
2.495089755157617401e+04
4.441262423971425596e+04
3.172655532978266274e+04
8.896461345588881159e+03
2.941856588334319531e+04
6.638375939514867787e+04
9.167735516690017903e+03
7.343460868403562927e+04
1.258109254358813450e+04
4.298698447900669635e+03
1.059832601779024117e+05
4.650988859448250878e+03
3.898972212916507851e+04
2.170848162889086962e+04
6.106457718966678658e+04
3.701011051762287389e+04
1.489636985531457321e+04
6.010934246503673057e+04
1.951934159359686237e+04
2.237859266694340840e+04
9.920696537788786372e+03
1.082036048083799833e+05
7.140022154527336170e+03
1.726323513776868276e+04
1.262835914098941066e+04
1.162764797504146918e+04
6.886424297049923916e+04
3.005046107993289115e+04
5.327975814721931238e+04
3.441690728433414188e+04
6.074426146891374628e+03
7.523397653390592313e+04
1.149537516829891138e+04
2.027076559053903111e+04
1.733303772517764446e+04
1.239868442470312038e+04
1.895670237410607297e+04
2.813584333632477137e+04
2.958241906551865395e+04
5.206284863929518178e+04
1.586841246433088418e+04
2.253192200094198779e+04
4.978743083870464034e+04
1.235370313149881622e+04
2.383962044550864812e+04
2.968369322217539957e+04
3.713118343218018708e+03
4.723687657600546663e+04
1.980083024882337486e+04
5.528207539804959197e+03
9.574231346369077801e+04
1.034133191400950273e+04
1.730569940428183691e+04
3.914254844613360910e+04
7.900458894134896400e+04
3.246392977227408483e+04
9.760858486195083970e+03
3.559794473189704877e+04
5.188601751114732178e+04
1.153078150187576830e+04
9.552589719415891159e+04
5.712393823765848356e+04
4.660779238215518490e+03
2.814336440517858864e+04
1.514116867088764957e+04
1.995427317284759556e+04
3.825441385179721692e+04
6.078440585347206070e+04
1.251952249927582488e+04
1.282105590130163000e+04
5.121915251258154603e+04
2.023406161014892132e+04
4.583045922969383537e+04
2.538820198896939110e+04
1.919463403484749142e+04
3.992757728761139879e+04
5.659491997719306710e+03
5.181574457487485779e+04
1.610483690353091879e+04
6.095502936971379313e+03
4.738819594931467145e+04
3.363335141249482695e+04
5.584161400339756074e+04
4.250276634916005423e+04
1.479316043486402850e+04
8.768503799050078669e+03
1.467517012777210330e+05
1.877638879593562160e+04
2.825255375249685676e+04
4.874516992651257169e+04
2.828134337305283225e+03
3.447445351282116462e+04
1.538642195312003787e+04
3.953115603307643323e+04
2.958624005391771061e+04
1.521216927502063481e+04
1.849498736231164366e+04
2.189521556939994116e+04
1.505181982250929832e+04
5.402146576487919083e+04
1.464714296490456582e+04
2.324434880844203508e+04
1.302168438002382027e+04
3.131134484087359670e+04
6.066434964548228891e+04
3.235382466599075633e+04
2.649111234050730855e+04
8.403329303913749754e+03
1.939169349547011007e+04
1.862599021131210611e+04
6.998591687243574415e+04
1.207368142646809974e+04
1.130427366279573471e+04
1.153856277620918117e+05
1.087666140767741672e+04
5.520383653514011530e+04
2.196377227724783370e+04
1.512833478272006141e+04
3.349076408023214753e+04
1.703229857868187537e+04
2.473859637784739243e+04
7.672593137557812042e+03
5.082352992145437747e+04
3.012952449353039628e+04
8.320561233369018737e+03
1.606054095718871395e+04
6.927680734239229059e+04
1.177164970814337175e+04
9.602394346819377097e+04
2.487476278740597991e+04
6.743820217822672930e+03
5.247914511981898977e+04
1.383582636676296352e+04
1.090474523058630439e+04
1.866283725344751292e+04
3.138333367792566060e+04
3.843988464239713358e+04
2.945130745125868270e+04
2.985749405612308328e+04
3.578599644802779949e+04
3.014892154916196523e+04
4.308048756521042378e+03
6.640694358970579924e+04
1.670006735958901845e+04
1.613700271783349308e+04
6.253437216992236790e+04
2.738215814566497284e+04
4.453578578582844057e+04
9.167103146499212016e+03
3.438589939950235566e+04
8.147717383215403970e+03
4.717050858044834968e+03
5.035368207854994398e+04
2.776481925458101978e+04
1.207494264262187608e+04
2.827993147191502067e+04
1.508724976937610518e+04
2.157953893171032905e+04
7.777750604462651245e+04
1.506112121867188034e+04
2.377913605211182949e+04
5.588274827348085819e+04
4.426264071429370233e+04
2.305505237422554274e+04
1.456465482538776632e+04
1.580224251239625846e+04
3.572449577454628161e+04
4.858857648797897127e+03
6.500042659635518794e+04
3.476185556341640768e+04
1.131064160976241874e+04
4.342731840227619250e+04
1.234983235297165629e+04
1.219156482820882411e+04
3.311621491762952064e+04
5.720293853352492988e+03
3.650093035111124482e+04
3.551536139889650076e+04
8.034805390154159977e+04
5.725529825448117481e+04
3.208086373993743837e+04
6.603496620033773070e+03
5.249634492583668180e+04
2.022249105355879146e+04
5.523317014392798592e+04
5.580585270307250175e+04
1.942048134357729623e+03
3.071617206990633713e+04
1.752875046537088565e+04
6.595758977312130446e+04
5.239496403391627246e+04
1.168576190010202117e+04
1.069069564930713568e+04
2.703542322256939588e+04
2.665066942543206460e+04
