1.951114544538912596e+05
1.109737289048109596e+04
8.232344614720926984e+03
5.206021117925826547e+04
8.792195465837510710e+03
2.280319642440521784e+04
1.397314528230272663e+04
5.126941969657763548e+04
2.522835379218521484e+04
9.972227573844269500e+03
1.527054318894499374e+04
2.753656135716000790e+04
2.501261187686589983e+04
3.003247573622081836e+04
9.199600410554034170e+03
9.702092690030946687e+04
2.539622257484714282e+04
3.306639464441702876e+04
1.194455050664083501e+04
3.495944578943630040e+04
3.843186440375728125e+04
1.996113868676626225e+04
6.720970580961633823e+04
2.133077448876107155e+04
4.348957172499567969e+04
6.308368697198922746e+04
1.480257496892360177e+04
3.057800487274927582e+04
3.725369616331440920e+04
4.713480167140328558e+04
3.758892338555847527e+04
2.021314433344263307e+04
2.537422812628528482e+04
4.453050840949645499e+04
2.202095577911158398e+04
2.177267260059681212e+04
2.500081466976497177e+04
6.614160858676883436e+03
2.846185306328678780e+04
3.327699134326766944e+04
2.600258212198068213e+04
2.151030122186226436e+04
1.134820651421765979e+04
4.376871434990860871e+04
2.921982285016535752e+04
5.816435683329220774e+04
2.676918570047998946e+04
1.875292559383079060e+04
4.377082635866959754e+04
4.775983931869021762e+04
1.173519115556558063e+04
2.940093828235106048e+04
1.167395081745113384e+04
5.290792552119569154e+04
8.521874229440019917e+03
9.953328430937000667e+04
5.373034853606688557e+04
9.771309806985962496e+03
1.066512907341511527e+04
7.479719727558708109e+04
7.532733569276801063e+03
4.532643098756887048e+04
7.005032161418065698e+03
4.858176603815779526e+04
3.356215202180197957e+04
2.841681812973676642e+04
6.379344796003390911e+03
5.533013910400813620e+04
3.140893899395532571e+04
1.211383634692688065e+04
1.877627632033880218e+04
4.896195814031953341e+04
2.450871983955860924e+04
1.527482769955726508e+04
4.611539533277848022e+03
7.378940563848166494e+04
2.920364592377449662e+04
2.326895946387999720e+04
5.445200905321566097e+04
1.957225843853827610e+04
1.859301171532794615e+04
1.753805011078629104e+04
3.660798801657810691e+04
1.388694740786213697e+04
2.041505103616775159e+04
1.170804836849181302e+05
2.189747816007988604e+03
3.003257716303021516e+04
5.865339174282642489e+04
2.443627059360275234e+04
2.034289546876154054e+04
1.682784160577949297e+04
2.725263073792100386e+03
2.007570705953536890e+04
3.421302189080198877e+04
7.412174713841966877e+04
3.295874039492591692e+04
5.883432478565869678e+04
2.154203191266733120e+04
4.957981839858235617e+04
4.166358124588734427e+03
6.775393974599540525e+04
1.965062733144048707e+03
1.324355892117362419e+04
2.496518686429144873e+04
5.733116712532616657e+04
1.569714443336780096e+04
2.546150932317795377e+04
5.494566889796038595e+03
2.329349678375973599e+04
1.493775948787879861e+04
1.272628860447528132e+05
4.896979099975719873e+04
1.262535683508368675e+04
3.633515432108256391e+03
4.808641704369289801e+04
2.636500312383719938e+04
3.980274306624981546e+04
4.083245236427660711e+04
9.876264878134167520e+04
2.292849608053563497e+04
2.980835299276601290e+04
1.797882420163094503e+04
5.103429555070625793e+04
4.245012174792403675e+04
8.280217600034928182e+03
1.500460626604901881e+04
2.561323316022737708e+04
6.594953729744900193e+04
3.086118641408498661e+04
1.662927743852176354e+04
4.747031003319705633e+03
6.877761191228821190e+03
4.815325358111870446e+04
3.168113680231133912e+04
6.805492442319808470e+04
2.660430980371666374e+04
1.036499972740825251e+04
6.658123863790917676e+04
1.267836929785996290e+04
4.990535362289265322e+04
4.971340323324059136e+04
1.050108972877784254e+04
3.453777073161519365e+04
3.438051080550112965e+04
2.960859637440335428e+04
1.040657432177051305e+04
1.235866146469347877e+05
1.273143026962926160e+04
1.916950360493618791e+04
1.997079198103663657e+04
3.464241028319596808e+04
2.321449278985345154e+04
5.034758975299113808e+04
6.216842287047982609e+03
5.339875170284108754e+04
5.680122743117740174e+04
6.021250736873881579e+03
1.090770589297306833e+04
4.531257212844887545e+04
1.364206217755005855e+04
3.818888384824003879e+04
2.826494288688097731e+04
7.344249855954812665e+04
3.146098826964095133e+04
1.904184190561929790e+04
1.054383127292937388e+04
6.351269814431396662e+04
2.840653305971105146e+04
2.544822324512020350e+04
2.959119823954963067e+03
5.259085812729466124e+04
2.303798891738909151e+04
7.488844066852127071e+03
1.271798111447449264e+04
2.157708100373296475e+04
3.190543390408439882e+04
6.172873899534830707e+04
2.174398292779612893e+04
4.122461952991521684e+03
1.765444725129576182e+04
2.018052018623944605e+04
7.810589765843166788e+03
7.214716033111742581e+04
3.233228252061369494e+04
1.936111887785558065e+04
2.309947623187395584e+04
4.620761824059591891e+04
2.262221523036984581e+04
1.342255268894681649e+05
2.680117622688621123e+04
3.204843553065440574e+04
8.692368193728696497e+03
4.121067868362055015e+04
1.749434120476672251e+04
4.788775244597639539e+04
4.079172311115817138e+04
1.173386078827421079e+04
1.278862988369692175e+04
4.241452607079308655e+04
3.492169927884000208e+04
9.172597105501088663e+04
1.870669315233414090e+04
4.144385218293557409e+04
1.759470446107063617e+04
1.915078232883845340e+04
2.381801858297189028e+04
9.172486675022859345e+03
3.146194841126479878e+04
9.397637963410714292e+03
6.909429360604837711e+04
1.558707793329304332e+04
3.479733487999044883e+04
1.990892948312555382e+04
5.919145120548805608e+03
6.769341377382047358e+04
3.936187598280625389e+04
6.713449635144364038e+03
4.873042169323689450e+03
2.107562819367900738e+04
3.116590860423023332e+04
2.337422418444279174e+04
2.655225769865191978e+04
1.043053914903232799e+05
5.119698151650821819e+04
6.836442661012501958e+03
3.428185228821720375e+04
3.439528845043946785e+04
2.982149756580098619e+04
4.301405563013297797e+04
3.850099481917468893e+03
5.248814103894268192e+04
4.261519514028156118e+04
1.458357167314185790e+04
1.594115592183838635e+04
1.904990412042907337e+04
1.898244597817335307e+04
2.549373306151091674e+04
4.304105911994030976e+03
1.620017714635935263e+05
1.036938708321485137e+04
3.979098437182233465e+04
1.361532420324314444e+04
6.707327877364619053e+04
2.578329891770061658e+04
2.290133749398705186e+04
1.761964169029050390e+04
3.622597519609815936e+04
7.546633522938871465e+03
1.057826268851326749e+05
1.247235597259139286e+04
2.778521939903621751e+04
4.575397569733458658e+04
1.487219550534701011e+04
1.995161755928684579e+04
4.781470481915862183e+04
