2.515114939586889814e+05
1.109737289048109596e+04
1.979876257646842714e+04
2.346811656931781908e+04
5.463381073676332562e+03
5.203478793450821104e+04
4.281606983616811340e+04
7.668646001110826546e+03
5.945993430460538548e+03
1.624228691379985685e+04
4.816577782243676484e+04
4.536465389487972425e+04
5.285400353058365727e+04
3.208213668610035165e+04
1.903652146706352869e+04
2.298260817693026911e+04
4.063058379019545828e+04
1.305900067766288703e+04
8.726098760705699533e+03
3.630447237343110464e+04
1.274346160716319355e+04
1.074484640141365671e+05
9.320751746070536319e+04
5.797052264463103711e+03
1.354614857057077825e+04
6.578828229373856448e+04
4.077532267348922323e+04
3.664792095317049098e+04
2.209646687571104485e+04
2.761707060265124528e+04
2.707639644328690338e+04
2.260626620313548483e+04
4.158137399722889677e+04
4.154532762394337624e+04
2.232781182705302854e+04
2.809166175387732801e+04
2.740398677363204479e+04
5.498270735326878639e+04
2.406758719760038366e+04
1.502142388577292513e+04
2.597074162978165987e+04
1.940123715153395460e+04
1.219594591254023726e+04
5.010239878408717050e+04
1.423230282112671011e+04
4.190696945796823275e+04
4.081340389449195936e+04
9.263207356004091707e+03
3.703927465667748766e+04
3.882383504167274077e+04
3.635843742756468419e+04
1.143407096303222716e+04
2.235872796354521779e+04
3.009693041998772242e+04
3.608880773174594651e+04
2.168620573093343046e+04
4.847176219156006118e+04
7.551937210609467911e+03
1.285096621443074764e+04
3.758137991688336479e+04
8.685829650051849967e+03
6.116976508253668726e+04
4.528823654649953096e+04
9.915237696246578707e+03
1.519337540274246567e+04
3.595452896574116312e+04
1.156083390643883104e+04
3.804455890676853596e+04
2.489460184922931148e+04
4.915267802091937483e+04
1.217563883561891998e+04
2.660883932090958842e+04
3.609214560420389898e+04
7.293254458387564227e+03
5.420632177784880332e+04
7.159425232097752450e+04
7.703812313387527865e+03
7.128704188225865073e+04
4.723428961363513372e+04
3.838014314949291020e+03
1.825188626237804419e+04
2.602882776296798693e+04
3.073601287206654524e+04
8.110119560597292548e+03
3.826108109016348317e+04
5.814667816217547079e+04
2.147310943860450789e+04
1.589049258858035319e+04
5.908120765179835871e+04
7.822855618035072439e+03
4.838027300517191907e+04
1.888311436282136128e+04
1.712020896278676082e+04
3.357142904715597251e+04
5.653222245433241915e+04
1.770452647108289602e+04
5.969948857125161885e+04
1.019904320202477902e+04
3.388064886541464512e+04
3.803220268438275525e+04
1.513317870562747521e+04
1.293001245183997817e+05
2.976647207214607624e+04
1.558480116227124927e+04
5.033400406842242228e+04
4.156209292120709142e+04
4.543708133868256118e+04
1.281600588418555344e+04
2.174421336369896380e+04
9.200409499576464441e+03
3.948040120945246599e+04
3.778032927973435289e+04
3.625986376967976685e+04
1.164472091665785229e+04
6.243134712371427668e+03
1.726643922606741035e+04
8.505602136882194827e+03
7.810127369314525276e+04
3.227355676558374762e+04
1.875035916014068789e+04
6.362010452253070980e+03
3.901563444099736080e+04
5.018574120214950381e+04
4.789011760945858987e+04
2.721612528905044019e+04
2.906497015272442877e+04
3.974230081247683120e+04
1.163722229808940756e+04
2.936074748887530586e+04
2.048461425712488926e+04
3.826714770771900658e+04
1.771645189803462199e+04
5.747595049867717535e+03
2.958125055099180463e+04
1.131948778632624271e+04
4.014199570226192736e+04
2.480574962922513078e+04
5.425623038973896473e+04
5.300619373253663070e+04
6.673628894960185789e+03
4.478126808351089130e+04
2.752493652361422937e+04
6.335141241760760749e+03
2.794975426754820000e+04
1.707694525552114283e+04
1.283450674489022458e+04
3.206609749975519298e+04
3.327157754868434859e+04
1.747459912893059300e+04
6.245140927420656226e+04
3.574110157387464278e+04
2.039530117337293632e+04
8.463973636542315944e+03
7.279885367476262036e+04
4.725086995141085208e+04
1.217008314312715265e+04
9.937713186710748414e+04
8.516985302912824409e+03
2.601929145008593696e+04
2.957606886130869316e+04
2.135258083973898465e+04
2.300273861280415076e+04
8.627016803681814054e+04
1.953212604136041409e+04
5.042780653103602526e+04
4.464394447588182811e+04
1.922029510530104744e+04
3.306591515375073504e+04
5.038190127350966941e+04
2.780009822616291058e+04
3.300447774402213690e+04
9.046999372283054981e+03
2.262285166433354243e+04
2.988126058790268871e+04
4.463831692988816940e+04
5.653786374871903718e+03
7.249664435318234609e+03
8.078629610422049882e+04
3.506056560247819289e+04
1.803576764641307091e+04
2.336200515913835989e+04
8.650988602435882058e+03
7.937551595777529656e+03
6.530063369348143897e+04
1.535169702958186099e+04
2.149118649126467790e+04
5.652974514648254262e+04
2.096454220827245081e+04
3.041341402352863952e+04
1.489976612152884773e+05
1.360439887781221478e+04
2.850014513825857648e+04
7.178649322999123797e+03
6.209288646204403631e+04
6.532940972799345036e+04
8.612074146235494482e+03
8.414153314623181359e+04
9.877808560873150782e+03
2.802751402938689716e+04
4.128788799685863341e+04
2.175297684994755400e+04
2.621304130326568338e+04
3.757328787454358826e+04
1.735894925965195944e+04
1.485334479842939982e+04
2.670887449010458295e+04
1.399845475388733030e+04
1.161444000706800762e+04
4.796690478935466672e+03
1.843957534507540186e+04
6.894262137945975701e+04
1.372478135612882397e+04
5.192962782468683145e+04
2.366624619004559645e+04
9.038562923069890530e+03
3.277029435893177288e+04
4.110341706014436932e+04
5.055176767922800354e+04
1.257723084920991460e+04
1.357397402348497417e+04
1.893621556403800787e+04
3.126897282851237469e+04
1.360158506967726316e+04
4.844088854092268593e+04
2.101221043958282462e+04
1.505775785290690692e+04
3.724974171687670605e+04
2.796768535441836138e+04
9.430483628200654493e+03
6.055297725487548450e+04
1.786011796342136950e+04
2.419248303857867722e+04
1.049212610851922000e+04
7.003115581123906304e+04
4.892920597974086559e+04
1.560222397670680402e+04
2.400923659077967386e+04
3.345778730023271055e+04
7.521135208502458227e+03
7.006505526678849128e+04
2.063922873714183152e+04
1.790802096443261325e+04
6.439801725083140627e+04
1.201917044104737397e+04
4.140998526508539362e+04
2.800817943753473810e+04
6.462903607857173483e+04
2.532243180629908238e+04
3.188280345607940035e+03
7.108437128328949620e+04
6.917485452026300482e+04
1.879399030551026226e+04
1.000043335661622550e+05
1.657409283231947484e+04
7.611191327712738712e+03
3.136217863603511796e+04
