1.563578823007504398e+05
1.109737289048109596e+04
1.397905968572707025e+04
3.056612988709091587e+04
2.931633150141070291e+04
3.404185972538668284e+04
1.963494141448110895e+04
1.436241283943279268e+04
1.275347153304609128e+04
1.848918193765366595e+04
1.477942302704081703e+04
6.600810293997354165e+04
2.084361583726170647e+04
9.946289692949820164e+03
7.067382379276685242e+04
1.096433526437561159e+04
5.150767255366619793e+04
4.005509282661159523e+04
7.009933131035679253e+03
3.051929259636915231e+04
4.786395314460612099e+03
9.161058087776813773e+04
3.089537339239748326e+04
4.108016421602277842e+04
1.858786475458467976e+04
1.022150196217011253e+05
2.681896613066535429e+04
3.812098033358399698e+04
1.534218254172057641e+04
4.018558498915288510e+04
1.766506571856931623e+04
1.841622195496466520e+04
5.163272872257184645e+04
1.200531856879862062e+04
1.076819134427139397e+04
3.883033779040481022e+04
1.958705292450243724e+04
5.552321272441114706e+04
1.394975904187532979e+04
5.312212924061249942e+04
3.271102623082027640e+04
3.808604694896589353e+04
2.066925477180997768e+04
2.631528924498605556e+04
5.824136805269000433e+03
3.951687984513810807e+04
2.090412231267985408e+04
6.065519541571587615e+04
1.829743577675722554e+04
4.596717817660253058e+04
2.196414060639600211e+04
6.829511795844467997e+04
7.540061069624182710e+04
1.903836235233781554e+04
1.311315269810647260e+04
9.809709868146986992e+03
2.403593092931591309e+04
2.592421843665571942e+04
4.201807439547057584e+03
2.259830508698465928e+04
1.165213851093547237e+04
5.455643171654687467e+04
3.838973208652032190e+04
1.456666691207865915e+04
3.798914614267995057e+04
4.703069744524064299e+04
1.005148489171896836e+04
1.982867351613355277e+04
1.045334770750986536e+04
1.948798941958953947e+04
1.925396599624220471e+04
6.524572839470670442e+04
6.252327882203708577e+04
8.961082399290533431e+03
1.804022638544208894e+04
3.486376198526676308e+04
5.617394309584777147e+03
9.165458797344908817e+04
9.659170413804513373e+03
2.953382985485490644e+04
2.061730027163568593e+04
6.034371417380411731e+04
1.341917604052477327e+04
3.661109951528601232e+04
3.031530446765604938e+04
3.989854868298098154e+04
5.666216337766166544e+04
4.776339477769784025e+03
2.549893849092017263e+04
4.561038402138374295e+03
5.636521370434912387e+04
3.442512439298940444e+04
3.830971064965448022e+04
1.627773207426884073e+04
2.062128978470889342e+04
2.449967877741690245e+04
3.033836067396940416e+04
1.766471985126650179e+04
2.905540284646829969e+04
3.401609493686184578e+04
9.784123849133797194e+03
1.214508764553330693e+05
4.690070774925053411e+04
1.068430842080405273e+04
3.797473694740309293e+04
1.049646433176967839e+05
2.193686284221206370e+04
8.056735922970651882e+04
1.965797332814107358e+04
7.540625317266925776e+03
2.251512311796816357e+04
7.081074329737049084e+03
5.598678512910939753e+04
2.815437517796421889e+04
1.450335747291173175e+04
9.399499700602882513e+03
3.786207814037087701e+03
5.227849026772543584e+04
2.854854583287945388e+03
5.296459527176292613e+04
7.214947396874005790e+03
7.863553070939015015e+03
6.732874689817916078e+03
8.036792562178698427e+04
1.754983150170848603e+04
3.587914375540748733e+04
3.113248160195157107e+04
3.432394309252116363e+04
4.299120276242990258e+03
3.206334795034800845e+04
6.092271764549815271e+04
2.713539492728638288e+04
1.441860823837187672e+04
4.716581341783826065e+04
7.198589894569808166e+03
4.231032298070672550e+04
7.327753164079386806e+03
3.862535399836929719e+04
8.436400525986424327e+03
2.066908870809957807e+04
5.744648946259936929e+04
2.221439922022961764e+04
2.680513928487211524e+04
2.730494509874163487e+04
3.781636132763897331e+04
1.125827999181797168e+04
2.738236962893704549e+04
1.623655813066543305e+04
7.346703008033378865e+03
4.708859131992766197e+04
1.446462610136033072e+04
5.069609372062161856e+04
6.400654244828996889e+04
5.145392635739931575e+04
1.961317922027504392e+04
8.431792245743046806e+03
5.965865421150417387e+04
8.705728166007174877e+03
1.529588520421549219e+04
6.280702687216008781e+04
1.361283839768796315e+04
1.215905166532827388e+04
5.489052467708977929e+04
3.956313765906833578e+04
2.478491932858200380e+04
1.770910722412169707e+04
2.273816279768946333e+04
2.104568726172175593e+04
8.917307188719826809e+04
3.158433591833994797e+04
1.700838906255705297e+04
8.542615049059342709e+03
2.856408562705676013e+04
9.586925637684709727e+03
5.347206768774900411e+03
5.842858387650666555e+04
4.110715418352670895e+03
2.214077695974695962e+05
6.746531659392254369e+03
2.354483181136426356e+04
3.876141813101115258e+04
9.294502285657781613e+03
1.085779480523839084e+04
3.217314039160386164e+04
9.793238454890437424e+03
2.564967320333628959e+04
1.844435415024175018e+04
4.854488794170235633e+04
2.248808476041203176e+04
9.303395731445927231e+04
1.468290237467238512e+04
3.690741968833468127e+04
6.135566866336515523e+04
3.762009035242503160e+04
4.430628627200725168e+04
2.593997434679073558e+04
6.729145889699801046e+04
1.043156176983881414e+04
5.278345739818161746e+03
3.312435940273635788e+04
4.035446676038278383e+04
2.113080116959875886e+04
4.880499124506940279e+04
6.122260405374770016e+03
8.744778720832258841e+03
5.150497139443516789e+04
2.532542728098270891e+04
5.301533637415408157e+04
8.483024652640277054e+03
2.387209269890185533e+04
1.533805127384464868e+04
4.040651158017020498e+04
3.587518291193924961e+04
1.925844546133109543e+04
4.902332517992477369e+04
4.555315622056758002e+04
1.310476773825844975e+04
4.849859549522953603e+04
1.879699819799520264e+04
1.590870020458168074e+04
5.868529831470496720e+04
1.894868890921094498e+04
1.958538509844745204e+04
2.501554778851872834e+04
2.771257995123959699e+04
3.904107795178455854e+04
2.109320610279905304e+04
3.433390433302304154e+04
1.585286702979010988e+04
5.654812628417147789e+04
5.350668692854193068e+03
4.357035186851704930e+04
2.129848617487281899e+03
6.334499668586816551e+04
1.248457519601471358e+04
3.562930492750537087e+04
4.782738926802218339e+04
3.711119883373107587e+04
8.058142624399659326e+03
4.401002755861486366e+04
6.384129337057634984e+04
1.199426029030586142e+04
5.509505697663948376e+04
8.208290371047207373e+03
1.831610668492684272e+04
1.450588292206411279e+04
3.215587432472463843e+04
1.220425721607751038e+05
1.282716707825550839e+04
4.125854559104682266e+04
4.991407705569141399e+04
8.418806600049694680e+03
4.438201846542682324e+04
4.181637141570221138e+04
2.332561693955597002e+04
3.936400197603989363e+04
