1.285289048744993488e+04
1.109737289048109596e+04
3.521215123723074794e+04
2.500473235362883133e+04
2.480054970846079232e+04
1.230118078491417145e+04
3.178816907046287088e+04
1.761476211665232768e+04
4.943461273723196791e+04
1.555384260812646971e+04
2.067252902750768044e+04
2.230570986642179196e+04
4.272266365973729989e+04
2.620007315890004975e+04
7.506289749419591317e+03
2.784390060559597259e+04
1.631251778011520400e+04
5.029381421825759026e+04
5.801222961472407769e+04
8.934367735543952222e+03
3.506382911441202305e+04
2.130351597773501271e+04
4.684256086025116383e+04
7.406850045339893768e+03
4.511179613271814742e+04
2.987545524620739525e+04
2.772449872076535394e+04
7.985809706272785661e+03
3.701589097234750079e+04
8.912259511720185401e+03
3.383711421814579080e+04
1.078631306388326775e+05
2.560609534476797126e+04
8.764313791197449973e+03
1.115342271192697954e+05
1.450002899666613303e+04
1.673092636365395811e+04
3.287106082498897740e+04
1.885463133789942731e+04
2.557081557319887725e+04
2.579851219181955094e+04
2.229770492321898564e+04
3.095097362893948593e+04
1.589844443129242609e+04
1.212904301888556074e+05
4.179286820708143750e+03
1.280744454448482793e+04
4.380734484669668018e+04
3.911617414247735724e+04
7.088553624978350126e+04
5.417705161669383961e+04
2.806530545705815712e+03
1.030554787432345802e+04
1.420631712239796616e+04
2.861395251354879292e+04
4.394546885797585128e+04
2.060735725519344123e+04
2.433705271317213555e+04
1.654005245479790756e+04
6.190204140527789423e+04
3.827596710753228399e+04
6.404250817736236968e+03
1.844654886507998890e+04
1.329447335603002466e+04
4.150546830482406949e+04
1.223088443082092090e+04
5.741157443976399372e+04
1.285170363794265177e+04
5.476354687024153100e+04
1.574387163660119222e+04
9.385918573506149187e+03
4.002695728568773484e+04
9.374719594818214318e+03
2.851456554646200675e+04
2.975651454312010901e+04
1.128812981962445338e+04
5.590561854941886122e+04
1.848669137504810351e+04
3.988424608140308555e+04
6.872321571267105355e+03
5.914728405602840940e+04
1.832186654547977378e+04
4.484764669160462654e+04
3.241448733162167628e+04
6.916464224587637545e+03
5.692548300587863196e+03
2.298125068614388874e+04
7.018116388699390518e+04
1.017002619643663274e+04
9.079658947551234451e+04
7.057155212342094455e+04
6.688669296651339209e+03
8.432547998839628417e+04
9.715411886339459670e+03
3.732778903273808100e+04
1.718822922393672707e+04
1.049448047207794662e+04
5.523545179720330634e+04
1.788821746185044685e+04
6.961233344516780926e+04
6.169371349851378181e+04
8.734064830300505491e+03
2.647389659630426468e+04
3.655284957627484982e+04
7.329738567103962851e+03
2.388720656857298673e+04
5.946761340651861974e+04
4.259484273841266258e+03
2.873879237312564874e+04
2.907687942742984160e+04
2.499869835270228214e+04
5.691679072738497052e+04
1.869991661283255962e+04
3.087275359186239075e+04
3.032006533777367804e+04
4.361552191116998438e+04
3.777836856141618773e+04
2.184820947760932540e+03
3.518765550451203308e+04
5.406492209024290059e+04
5.646768212638278783e+04
4.797291531047323951e+04
4.445959675441294530e+04
6.287838241067840499e+03
4.682630518554299488e+04
3.936371345319763350e+04
3.786050930736865848e+04
1.592848708453845211e+04
4.544235668382838776e+04
1.502539158462883825e+04
1.688277716658172722e+04
3.028656818022952575e+04
5.238804088005110680e+04
1.523209997179248421e+04
3.923061368696056888e+04
1.366219057754992537e+04
5.142332439632213936e+04
3.295414908864314930e+04
5.980987429429482290e+04
1.184331636628502929e+04
5.182468958321993341e+03
1.959085532585503825e+04
7.843977457103923371e+04
1.839325710545761103e+04
4.650855046982661588e+04
1.333959572790054517e+04
1.124916841004337402e+04
8.345653302447973692e+04
2.646211561342630011e+04
2.107896988472906742e+04
2.287882945943292725e+04
1.181359833951391738e+04
4.458369232877290779e+04
9.819446737884150934e+03
7.997747040880974964e+04
3.989746519870402699e+04
2.340875855379664063e+04
4.741023463324858312e+04
2.949562189935206698e+04
1.088176764292584267e+04
9.570330754720895493e+04
4.857723697323953274e+03
1.392896427608351041e+04
1.411874444931856488e+04
1.192933046602167633e+04
8.965639551450304862e+04
1.410665262722607986e+04
2.870743134368372557e+04
1.509039895721794346e+04
2.794224763055492076e+04
3.609525554675492458e+04
3.598623877643457672e+04
2.471182408106965158e+04
1.218161030341928745e+04
1.004712464469851839e+05
1.472487358147712257e+04
3.553166281166584668e+04
5.265424190003280273e+03
2.044495133318663648e+04
1.579708204724653297e+04
6.417539478129214694e+04
2.534048331348212014e+04
1.315684084614001222e+04
5.034665847208259220e+04
2.338597801659621109e+04
2.374410025510319247e+04
2.356801440992423886e+04
7.083501528761647933e+04
1.857997361453416306e+04
3.858707329353718524e+04
6.793139059030720091e+04
5.421904683022530662e+03
2.945577358682052363e+04
1.111866506533092252e+04
2.262946834998144550e+04
3.826421901355739010e+03
1.101767814104603895e+04
3.288671054060848837e+04
4.753850854804375558e+04
4.508259892766545818e+04
5.340783979446453304e+04
2.060749306188603441e+04
1.514680140473444953e+04
7.580783645437522500e+04
3.970022184642232605e+04
2.348363077471079305e+04
3.514431328860377107e+04
2.084029226894321982e+04
7.130342756329620897e+04
6.711313390931042704e+03
2.292308720013830316e+04
4.435303166676918408e+03
2.665370191669132328e+04
6.118376385353034129e+04
3.447490004352145479e+04
3.587378086829733093e+03
2.650076216068672147e+04
5.223245685358561786e+03
1.417434516961401823e+04
5.723649460807973810e+04
5.237478352766267199e+04
6.176325884916950599e+03
5.983174815483053681e+04
1.281646912232428804e+04
1.977333188035625790e+04
1.598124108076800439e+04
1.297485713862481316e+04
3.644659836950559838e+04
3.886255071791932278e+04
2.379921164713704275e+04
5.834990092922881740e+04
6.298597682781210096e+03
7.283257759256870486e+04
1.174144576240067545e+04
7.846527129669889291e+03
1.584715756876808155e+04
2.484391912866364873e+04
2.376170467988148448e+04
5.051739179802314902e+04
5.524703965075929591e+04
2.381151648872868464e+04
4.883513977442352916e+04
7.319569342201533436e+04
1.825564281077389751e+04
2.382492562562516468e+04
2.148086225547645881e+04
3.003329629551951075e+04
3.969781299097460760e+03
3.971963751124851842e+04
6.252341658027639824e+03
4.180017931856631185e+04
1.135610138519181492e+05
1.724183058396957858e+04
1.674560555467791710e+04
1.422172745241726443e+04
3.040426921622032023e+04
