1.489399483045112283e+05
1.109737289048109596e+04
4.040450542590399709e+04
6.862019876239449331e+03
3.603505384207473980e+04
1.774809668272150520e+04
5.458480171820434043e+04
3.576296882875586016e+04
5.449658693768659577e+04
1.280364185418538909e+03
5.280544991344389564e+04
2.138977929429535652e+04
5.808330667469999025e+04
1.590209147211745767e+04
1.542931280024390799e+04
3.469264888272035023e+04
1.528439770465150832e+04
3.908985264274678048e+04
2.058732155363515267e+04
1.174425576277089931e+04
2.150243656746669512e+04
1.500228186836936766e+04
9.137328147642257682e+04
2.140968078637253348e+04
4.213669056012682995e+04
2.007051588401734261e+04
1.612644553485783763e+04
1.566180600117139511e+04
4.017824913521394774e+04
2.740858516443043845e+04
4.220256570247564377e+04
2.653681918686884819e+04
3.693582778018369572e+04
2.342473133117093312e+04
4.783403252581990091e+04
3.591961183377614361e+04
2.299052929911580577e+04
1.489530419323224669e+04
2.432792636981542819e+04
1.126317795111238411e+04
3.581171621241122193e+04
4.189184213703144633e+04
6.536699471199619438e+03
4.704113952206535760e+04
3.339232385444076499e+04
1.022555396326284063e+04
2.571451558505750654e+04
3.025082108700773824e+04
8.939654252341861138e+04
1.848220454568965215e+04
3.009377802575514579e+04
1.532330662369122911e+04
3.068325741417170866e+04
1.953452997848768791e+04
6.173817706090123102e+04
2.803567911762909353e+04
6.312594135710391129e+04
7.026385690813128349e+03
2.720582342483736647e+04
2.286164126549501816e+04
3.281605489387136186e+04
6.951227012287540674e+03
2.127445366352514975e+04
5.129220786821917864e+04
2.799634953629019947e+04
1.013775643246971595e+04
1.142879007030742650e+04
5.304655394134620292e+04
6.820193432780871808e+04
1.749368347561893097e+04
9.318760884717008594e+03
3.120217047094697773e+04
2.480748562783131274e+04
1.794636211801015816e+04
2.181469226502091988e+04
2.410662897172888188e+04
3.350679302268604079e+04
1.079554201481880227e+04
8.451827585818225634e+04
4.046162713804873056e+04
1.037137546269129816e+05
6.795766931356690293e+03
3.414793224813511188e+04
4.246488211472734292e+03
1.437695262220349468e+04
1.410085915609953918e+04
4.121765808159831067e+04
1.968486128348798229e+04
6.242939571227075794e+04
2.005662932334028301e+04
8.630151865059013653e+04
4.015496958880005877e+03
8.231098225667474617e+04
1.084435841410927605e+04
4.089183025307745993e+04
2.437710487024476606e+04
6.630388164104791940e+04
5.993598796661347478e+03
3.104938840996419094e+04
9.790121153481673900e+03
4.471964952933825407e+04
2.779661040229863283e+04
1.879961321961281647e+04
3.210539489269736805e+04
2.696350263702055599e+04
6.853031299504147682e+03
6.902270647529428243e+04
8.883935941695108340e+03
1.668960782636304066e+04
4.512378192174732976e+04
3.726855842083072639e+04
2.566647831309608955e+04
3.825669973655571084e+04
6.958656920930549859e+03
1.252763235720092780e+04
3.737472308670100028e+04
5.501457456025468127e+04
5.740832080513924666e+03
2.117777001510867922e+04
2.659275868817511582e+04
4.871871679651817249e+04
5.235989422251563519e+04
1.864386516253138325e+04
2.373528014770666414e+04
2.551289687643596335e+04
7.712515639226302483e+03
1.185256465542520891e+05
2.838382461040486669e+04
8.810044254711986287e+04
1.605064207475438707e+04
2.264266135869516438e+04
1.210893708471214268e+04
3.489936748435701884e+04
3.655193422418541013e+04
5.258203361752105593e+03
2.906095683964155251e+04
6.166602662865829188e+04
3.227499676378152071e+04
9.164993922271556221e+04
6.308498008167514854e+03
1.345145575799369726e+04
2.034576844927893399e+04
3.452645964641446335e+04
2.530275041387046804e+04
4.645130979125738668e+04
6.398373712304730361e+03
1.225495908917098677e+04
4.260549428326581983e+04
4.863541822249240067e+04
2.753707585988510800e+03
3.932277610503921460e+04
1.823354621896653771e+04
2.763172087261837441e+04
1.066719732493401170e+04
5.430252705401225830e+04
2.728449615692016232e+04
1.186222161680219433e+05
2.062928170585398766e+04
3.213456042215263005e+04
1.621942594518741498e+04
8.519642295501570334e+04
1.180816434090574694e+04
7.258750265630040303e+03
1.633506419249866849e+04
2.960309441502789196e+04
3.388457906775764059e+03
3.416403645358917856e+04
2.727585057940570550e+04
2.824719874458808772e+04
2.350103486545239866e+04
5.188026744309994683e+04
1.919317404209310916e+04
8.866441412417872925e+04
1.074848437763613219e+04
5.394074115656547656e+04
1.399323329203181675e+04
4.243558523076745769e+04
3.065717057595589358e+04
2.836252073462217959e+04
1.861743071484470056e+04
4.204673795425116259e+04
2.841390728008246151e+04
6.556036080309069803e+03
3.428346712782218674e+04
1.807057149001873768e+04
1.498884532007447888e+04
4.474907031058398570e+04
1.471052286313948389e+04
2.805445511213082864e+04
6.788494583167933160e+04
2.754044201490215346e+04
4.480656819430390897e+04
3.185465276141833965e+04
1.451324494842755666e+04
4.109392712813978869e+04
1.600368712587182381e+04
3.535753945382950769e+04
7.236232158044046628e+03
7.934911770148653886e+04
9.234823300280630065e+03
4.007349700114974985e+04
2.789153389843144396e+04
1.468235316945789418e+04
1.137346492073164336e+04
7.662388287321543612e+04
3.127765224116376885e+03
4.885505713564153120e+04
3.214008488751820551e+04
4.043661220020332257e+04
2.050804436721454294e+03
1.679267987492016400e+05
1.592370097401730163e+04
2.239935289951779487e+04
3.806232823853599257e+04
1.378004527733500436e+04
1.739513086171502437e+04
6.789626560847871588e+04
1.756209320563440633e+04
8.527738455392174728e+03
1.187920161539291985e+04
2.357342922575148987e+04
4.617435552257743439e+03
1.653807325350301835e+04
5.706258358711514302e+04
4.356303830159181962e+04
1.289240023857398410e+04
7.168478412000903336e+04
1.810399492452426057e+04
2.055520133984112181e+04
2.482978383514473899e+04
1.940586666610061366e+04
3.479728386888257228e+04
1.031002576049393829e+05
1.052077313474664879e+04
1.267446440132148018e+04
3.825995929830632667e+04
1.404243744777645952e+04
9.923122534050344257e+03
8.646807115270437862e+03
8.435338862160945428e+04
2.649013466678648183e+04
2.655817772316104674e+04
4.965437223095427180e+04
1.808661619706618148e+04
2.965998631792454762e+04
7.914219965028854858e+03
6.842279248697248113e+04
1.500136305088434165e+04
3.590495663640127168e+04
1.255375378263876337e+04
3.072661681937266258e+04
2.098876755120520102e+04
9.076679733698544442e+04
7.430134865082199212e+03
2.450839653545946567e+04
1.774543769586093913e+04
