1.432928724681733293e+05
1.109737289048109596e+04
3.224054602750119011e+04
9.410314782793062477e+03
1.567572751384461662e+04
2.364699232249184570e+04
5.099429707155648066e+04
5.205714791437732856e+03
1.742000177805512430e+04
1.065856329061572615e+04
5.432190988029888103e+04
1.983982571124031529e+04
1.141392862553528976e+05
7.798644556346316676e+03
1.811533994757089022e+04
1.819169728838386800e+04
1.759781498759722672e+04
5.133071103924730414e+04
2.965228203723356637e+04
1.823318868879064030e+04
2.812361890776601285e+03
8.302672417244088138e+04
4.749595240625967563e+04
1.802287447162727403e+04
1.811728471674327375e+04
1.034670144018214050e+05
2.229785545568660746e+04
1.479548277204908845e+04
2.904236652701379353e+04
1.462987139476666562e+04
1.064318348397991213e+04
1.093911559831607010e+05
6.204352423015411659e+03
3.041614535065028394e+04
5.776243456765254814e+04
1.828462436614974285e+04
4.057234059934142715e+04
4.938815961361533846e+04
5.616781318744177042e+03
3.432920461577876995e+04
4.770048087570171629e+04
2.276383743420002429e+04
1.121688416883815080e+04
3.059558469566470376e+04
1.421205738728133292e+04
3.413614400948919501e+04
2.737929452843469699e+04
4.172275941064471408e+04
1.853549837685085004e+04
5.359054181929632614e+04
6.597422856580074586e+04
1.250207175217050099e+04
3.080323894059700615e+04
1.921278832821670949e+04
2.839563865940023243e+04
1.372975744878113255e+04
3.529449009204602044e+04
5.270678562055210932e+04
1.623559629843278344e+04
1.822002477805663148e+04
2.617486411145437887e+04
5.365311280939988501e+04
5.363112123140291806e+04
1.905495768710958146e+04
1.518032073751781172e+04
2.623024381273350809e+04
1.248829375466625243e+04
2.059588215893501183e+04
3.250859979214248960e+04
8.349665265703388286e+03
9.715517639850297201e+03
1.157572969655466586e+05
2.808331546229848755e+04
3.192195762399517844e+04
5.065586813000185793e+04
4.469431636933622212e+04
1.419052936146631691e+04
9.501827565804807818e+04
1.246315769365647975e+04
2.754580936489272517e+03
5.170501849324625800e+04
4.023987822482389311e+04
5.834657910023229488e+04
7.303980647608113941e+03
5.815898541877956450e+04
5.787407227751623395e+03
3.128203531751449918e+04
2.836587426557896833e+04
2.289676792846268654e+04
3.042630637698175997e+04
7.034218156855351117e+04
7.437241407465611701e+03
4.479521485844324343e+04
1.743690399099035494e+04
4.353880610015057027e+04
2.835288037016073304e+03
2.958636101180223341e+04
5.828247304067173900e+03
4.811165880894057773e+04
3.420989797022094717e+04
4.707587774590215122e+04
8.339813642373422044e+04
3.858397094392822328e+04
1.630233647359430142e+04
5.127790447890251016e+03
5.482878516400131048e+04
4.416212856946102693e+04
5.214155093820520960e+03
3.175250430578643864e+04
1.495844101508742278e+04
2.371795618625219868e+04
1.488406624294627545e+04
2.773042458419337709e+04
7.387467354743154829e+03
6.212213054546995409e+03
2.889591508245865043e+04
5.808820258318503875e+03
3.669810610657007055e+04
1.366173577392927291e+04
5.246933383801014133e+04
1.411488727677148381e+04
7.519413134975532012e+04
3.731011821598610550e+04
1.554060287959343805e+04
2.190475542059572763e+04
2.420614559859435758e+04
2.546605270539374760e+04
2.410909382384816490e+04
4.754917574880106258e+04
1.297535678159594863e+04
2.380816853111632008e+04
5.084204603590662009e+04
1.428579581315753785e+04
4.622643860022121953e+04
1.366833138892985880e+04
1.364404658512508286e+04
6.521617024225673049e+03
5.099819841636589263e+04
3.064639230415490601e+04
8.014738946715303427e+03
3.564377511715044238e+04
2.475292865570974755e+04
2.744605134441474002e+04
3.349732893292092922e+04
4.602521300202391285e+04
1.955491894361832010e+03
1.983833317418982188e+04
4.199096148863392591e+04
2.234833288650143004e+04
6.751419358889138675e+04
2.807400107966102223e+04
3.234791417382806685e+03
3.854572191600893711e+04
3.962987105375195097e+04
5.659135096017292381e+04
1.323229169074035781e+04
4.634306093765207333e+04
1.432868546880782196e+04
3.202642451321447152e+04
2.485745759370900487e+04
6.444377577788161580e+04
9.347229769666553693e+03
3.358262873529362696e+04
7.774394775808641498e+03
5.668337654315370310e+04
1.210170785166263340e+04
2.576756097552175197e+04
1.899592058880931654e+04
6.631282923497819866e+04
1.130334297786671232e+04
3.514546676053794363e+04
1.164271407484626434e+04
1.551297521630956180e+04
4.900904027270712686e+04
6.974774396392180643e+04
7.317765736511167233e+03
1.072865410160134161e+04
7.812179067178998957e+04
1.227006640224227340e+04
4.339756226617356879e+04
2.497573592187304166e+04
3.222999207913962891e+04
5.769782532261411689e+03
3.437582936164615967e+04
6.311418109979083056e+03
1.809975619507802912e+04
2.654975085285285240e+04
4.531085665305743896e+04
1.059339330635690749e+04
1.428459805553344777e+05
3.405507219544547843e+04
3.350275037989886641e+03
2.232579818668940788e+04
3.781343080693223601e+04
3.537193870899562899e+04
1.633181530710281550e+03
4.568960389669455617e+04
3.881807395745060057e+04
4.034744473673908215e+04
4.327991264805621904e+04
6.543644057191249885e+04
8.390000452726293588e+03
3.269925831180035311e+04
2.176041682914498233e+04
1.085128953662666572e+04
3.177626266151250456e+04
3.948914613496723905e+04
2.932275118017605928e+04
3.280141043675407218e+03
1.890853671608931472e+04
4.389295544683610206e+04
1.590521335438659298e+04
3.823534978010747727e+04
5.226288016704279289e+04
2.645757508483598940e+04
6.846503883555205903e+03
4.555699783044232026e+04
1.596455060654686167e+04
7.795866904046691161e+03
1.024167338260143733e+05
1.831995963406448209e+04
3.651052752260361740e+04
2.717595777474533315e+04
1.651636514877683658e+04
1.821981003544683335e+04
5.063279698499102233e+04
1.032648203220725554e+04
4.095288428872163058e+04
7.528357909974520226e+03
9.262643060688824335e+04
1.992703624375869549e+04
9.344129917675742035e+03
1.302093099691233692e+04
4.936457845125466702e+04
1.726254734994388491e+04
9.502286544591424172e+04
2.981477230626923483e+04
2.451445623905091998e+04
1.400563972981800180e+04
6.642182710666493222e+04
5.361572137232858950e+04
7.657767393345966411e+03
5.515774671160653816e+04
7.967604317231917776e+03
6.074219244048550536e+03
6.546821362311168923e+04
9.891819596493987774e+04
1.221802681543761355e+04
2.520583107837165153e+04
2.118505840669681493e+04
9.065721102194981358e+04
2.570538134750611061e+04
6.930178538213876891e+04
1.062943953223939570e+04
6.391145405142968229e+03
1.618906462215895226e+04
