1.166801795814901270e+05
1.109737289048109596e+04
8.895712819737118480e+03
7.284575366100862448e+04
2.977208122260306845e+04
2.510078881924094094e+04
1.449636871797513777e+04
3.770652091988601751e+04
3.199370243497780029e+04
2.427653981235662650e+04
2.833587368126594447e+04
6.211177812008374895e+04
2.032944132233459823e+04
5.174594739651559394e+03
1.789645901760556080e+04
2.889786447309363939e+04
3.205566011158086985e+04
8.838612257591294110e+03
3.204201071731661068e+04
2.979445818739954848e+04
3.766291648216266185e+04
2.123194808403172283e+04
5.424941589893845230e+04
6.676835294905399678e+03
6.888972166135399311e+04
3.351840987062090426e+04
4.152898224938341446e+04
1.046316624911204235e+04
2.316232475603961575e+04
2.465396226137869598e+04
1.002254293719775014e+05
1.600204213596749105e+04
6.605430604225691059e+04
4.624808405177873283e+03
3.625225134841563704e+04
8.625384444604822420e+03
5.992117032604764972e+04
7.100385959057924993e+03
4.314327624688598735e+04
6.074934458844180335e+04
7.336515913390125206e+04
3.700023727935982606e+04
4.050730761160235852e+04
1.421819223617974603e+04
9.556316825967163822e+03
1.681724195724929814e+04
5.472465196474816184e+04
5.736768225278719910e+03
5.038641779731922725e+04
2.034652403363149642e+04
1.717325474455861695e+04
1.856697498926367189e+04
3.564717571706960007e+04
1.665002048861678486e+04
1.323619257837648547e+04
4.739052584972555633e+04
1.188425308026889979e+04
5.063949605260185308e+03
3.234637433443845657e+04
9.259543901270571223e+04
1.948656305053301912e+04
4.171355690503366350e+04
2.188564128421930582e+04
1.432229910638763795e+04
6.046490534421496704e+04
1.447376517504202820e+04
2.852598968424674240e+04
1.199993067919876194e+04
5.387874340514141659e+04
6.985146076649281895e+03
4.881983740376018250e+04
4.734806908655663574e+04
1.281104788223397336e+05
1.486887601469435594e+03
5.844773418594891154e+03
2.941988221767491996e+04
4.215777087601981475e+04
3.851947226662691264e+03
6.143970822725717881e+04
3.526985529644935013e+04
1.887875126377422930e+04
2.802880710083152735e+04
5.678553159847317875e+04
1.859660546782719757e+04
1.336422545747108052e+04
3.013107249495145879e+04
1.109726748295034849e+04
7.374702484831473157e+03
2.200535797572899901e+04
7.654340817505065388e+03
2.004074841236854263e+04
3.174394117883222498e+04
3.531248247201039339e+04
1.457466476141596104e+04
3.965821367918860051e+04
3.089306663164377460e+04
4.992761327321205317e+04
8.401932003167281800e+04
3.605963311819445516e+04
2.768514091389367968e+04
9.826502260187115098e+03
2.260627749535317707e+04
2.871637967074448898e+04
1.824542646643170883e+04
2.092449746813090678e+04
9.929605493635173843e+03
3.251046920301793944e+04
4.655839189702646399e+04
2.459866691689373329e+04
1.947775809880706947e+04
1.472082341754513800e+04
6.417641833860927727e+04
1.351287931472146884e+05
6.353514584038945031e+03
5.906737043479132262e+04
1.930721594504522363e+04
1.562057654837033988e+04
8.825636606055479206e+03
3.132236101058202621e+04
1.442056316500575122e+04
6.407258623005206027e+04
1.142071342491647738e+04
1.626847951803841897e+04
2.117709463371994570e+04
8.515705548187142995e+04
7.527724585613250383e+03
4.690344713758928992e+04
1.769324319411471515e+04
4.505597804090256250e+04
3.266971058417182212e+04
5.826865231658435368e+04
5.135530751238861740e+03
3.119130947853096586e+04
4.644268660625033226e+04
4.477215655821709515e+04
1.680226470084628454e+04
2.394183337076630414e+04
1.217690995135703997e+04
5.228858354163390322e+04
1.138682828761838209e+04
9.066996608651375573e+04
5.558171734237600504e+03
1.676634970846930810e+04
2.562443576423125705e+04
2.282531869196910338e+04
1.630850518619916329e+04
5.652545167883798968e+03
3.129895115519329920e+04
8.686092081520408101e+03
2.175671112357519451e+04
4.300267881656406098e+04
1.013956542017120228e+05
5.339331589640230231e+04
1.945018610436430390e+04
1.643038611555102398e+04
2.688468309258595036e+04
5.546320698231850110e+04
5.995828642917751495e+03
9.790777649024039420e+03
7.185521166765571979e+04
3.357500674173165316e+04
1.535509381617559120e+04
3.537698256515711546e+04
3.188221701299924462e+04
2.103330778110812753e+04
2.128193565630501689e+04
2.446775180128811553e+04
4.711918837722966418e+04
4.877972259522199602e+04
2.736402529386949027e+04
6.369040601170257105e+03
4.622452986499500548e+04
2.878783454710790829e+04
6.587136662073589832e+03
1.434916058581776451e+04
3.349517282738262293e+04
1.304180305621242405e+04
2.839518740327334308e+04
4.752360767679606943e+04
4.291521765061031147e+03
9.438963171841016447e+04
1.295051094204636320e+04
3.648880707946750772e+04
2.061799096967457081e+04
5.264745980842519930e+04
1.405742466865976348e+04
1.433828113952700733e+04
2.894795651568120957e+04
3.182399506186554936e+04
3.187568160581594202e+04
4.725769362260662456e+04
2.163400405409781524e+04
3.331312707495041104e+04
5.637341204390554049e+04
3.032998887423528504e+04
2.620513144759193165e+04
2.226853834246366750e+04
3.593355672370424600e+03
1.487225428168176222e+04
7.675175734419243236e+04
1.529787421257720598e+04
3.787031983595152997e+04
3.625423049568333954e+04
2.012527391639190682e+04
2.889637895089171434e+04
4.762559798200363730e+04
3.358005810783852212e+04
1.127129447661144695e+04
1.047009223258195125e+05
7.766831015844392823e+03
3.564260207945681759e+04
1.461826272078619695e+04
7.657344171303445182e+04
8.979308328227945822e+03
2.331452488865836131e+04
3.941473942710706615e+04
4.621279750465400866e+04
6.723239247231631452e+03
1.886949570949369081e+04
1.344523890859348285e+04
7.701778349275783694e+04
7.808452461370705350e+03
3.500580498343434010e+04
1.447546342735818143e+04
4.642563679679267079e+04
1.949050863103487700e+03
5.330682431623112643e+04
7.097663996850441617e+04
1.061476236159054388e+05
2.779043782162321804e+04
6.423491335014336983e+03
1.812900303509995501e+04
2.857766931244630177e+04
9.526865395241402439e+03
1.374342764756010365e+04
3.735538759996315548e+03
7.268670350446499651e+04
1.873845385875437205e+04
6.009094967866372463e+04
6.634350733424893406e+04
3.933099881873399136e+04
2.285672668646470629e+04
2.574906922853192009e+04
2.268858112788544895e+04
1.778132957240173346e+04
8.242879487361164138e+03
3.794635379731881403e+04
5.148848649027421925e+04
7.157690312531930431e+03
4.602902533014940127e+04
2.697655121622158913e+04
4.558370466131670582e+03
2.198947431399227207e+04
1.860639655597996170e+04
3.254543925163739186e+04
3.455727620198244404e+04
