5.070996363442922302e+04
1.109737289048109596e+04
3.914593832175761054e+04
1.490593252157576899e+04
2.772200881434884286e+04
2.988187230189176989e+04
4.030478522697476728e+04
2.840761935449087105e+03
6.122657738509801129e+04
1.251559364865228235e+04
2.884579363403244861e+04
2.355694848022023507e+04
3.383694466214870772e+04
3.690138217636251647e+04
4.068682718725409359e+04
2.604315623854678779e+04
2.583953229299901432e+04
7.157208174369524932e+04
2.463536872779195983e+04
8.831007535035845649e+03
1.052862703258276997e+04
4.964083665421134356e+04
5.056759209215238661e+04
1.018310763499144196e+04
1.387533289854862960e+04
3.302286574364266926e+03
2.781015991160528574e+04
2.509134258740587393e+04
4.494233489711976290e+03
4.598672052353345498e+04
1.206159231986921259e+04
4.593111622847084072e+04
4.171534145369791077e+04
1.103774636859581005e+04
4.974603438481914054e+04
3.138186794095303776e+04
1.782535377675845893e+03
1.069376806375257001e+05
1.386610872969987395e+04
1.121618037730179094e+04
1.740340542667360569e+04
2.298924854981079989e+04
3.758849571030288644e+04
3.653412138327499997e+04
5.590544867655819689e+04
1.496446143777310135e+04
8.593912459965051312e+03
3.615247230495229451e+04
4.061977698234385753e+04
3.632449794220706826e+04
4.470291809130705224e+04
1.106932844814140481e+04
1.592588985875977778e+04
8.740334818902630650e+04
4.438870957444798114e+04
1.419335949275150779e+04
1.865902435750783479e+04
3.325020181794187374e+04
1.875689067638259803e+04
7.132569707122861291e+04
1.740465026524873610e+04
9.036982672998721682e+03
7.477672798489074921e+04
2.725721395825068612e+04
4.804832365504386689e+04
1.212619692657636369e+04
2.934716062144009629e+04
1.946404120243140642e+04
1.277665372168018803e+04
1.092940188617921522e+05
7.393157240551947325e+03
2.934962377264940005e+04
4.056409797362613972e+03
2.882932328556202629e+04
7.621823967683603405e+04
3.389773559842361283e+04
5.027041958311053349e+03
5.306443287173198041e+04
3.696906188469308836e+04
7.041826792697885139e+03
7.278965048278373433e+04
1.003783574977444550e+04
1.696385179230102949e+04
3.063458664687081182e+04
1.158798121357618220e+04
3.177312293433624291e+04
8.968665689116943395e+04
2.448630400912253026e+04
4.417952461753024181e+03
7.693546030197959044e+04
7.039746582484329701e+04
1.939488685959250506e+04
5.574372115086535632e+04
1.966507508333975784e+04
2.809757586482230545e+04
1.444133208427087447e+04
2.517920005606262930e+04
1.820268870372516540e+04
9.730362196064015734e+03
5.587033259927271138e+04
5.479419984304028912e+04
1.586338339211861057e+04
4.501526521593662619e+04
9.147763049340568614e+03
2.529818581399738832e+04
1.890294945289374300e+04
6.630774583903039456e+04
2.730801159324086257e+04
1.120554773301031128e+04
5.989101195220666705e+04
3.312930996338647674e+04
2.578740976357217733e+04
1.452793066111388544e+04
2.175996447797654764e+04
3.794931195090380061e+04
2.135921718334097022e+04
2.713845577284491446e+04
4.314649518180492305e+04
2.156143528628999047e+04
4.298351773422109545e+04
2.748879269671516158e+04
1.795314525369746480e+04
3.667331551159841911e+04
9.661837209952827834e+03
1.214992643485987855e+03
9.182939536321794731e+04
2.325526792972092881e+04
1.700310878054882050e+04
7.728516280260495478e+03
3.364405267804652249e+04
3.395851282516570791e+04
3.973465912642855255e+04
5.684472514563880395e+04
8.884854952708250494e+03
5.797651298113193661e+03
3.094472825031345928e+04
2.286607467031021224e+04
5.396535070101466408e+04
3.695413569499320874e+04
8.545282113904679136e+03
7.618792106361478545e+03
2.729214277395237514e+04
3.652456391438470746e+04
2.422947171468692977e+04
7.555156935303415594e+03
1.914643114613727812e+04
7.346979363317479147e+04
6.292654419139608217e+04
2.468959144124731392e+04
4.908908572318704682e+04
2.379169407221698566e+04
1.641227835158467860e+04
2.538565716156939379e+04
3.135682796082757704e+04
8.817997813982481603e+04
4.221220860791481755e+03
3.531507178004945308e+04
9.329143266946796211e+04
2.050172751044782126e+04
2.189886523587310876e+04
6.134107651865496155e+04
5.683304313377255312e+03
5.329831658665368013e+04
1.119554792375119177e+04
4.535053572027944028e+03
5.318853738510968105e+04
1.901200500462496711e+04
2.782951147673529340e+04
6.870305918073791872e+03
6.568045733068612753e+04
1.373784045567155408e+05
5.984558356178677059e+03
5.675870791663195268e+04
2.559876202573952833e+04
4.346426741869033867e+04
2.162169132383554825e+04
5.907693449680261438e+03
1.282823475940613207e+04
2.402448893034667344e+04
2.836248066639490935e+04
2.438071212219083827e+04
3.957285819442345382e+04
1.729781911895722078e+04
5.546868037334358087e+04
2.940329948591963330e+03
8.623395970534837397e+04
2.326724026976211826e+04
2.228196819675867300e+04
3.666709727422976721e+04
4.236929044247440470e+04
1.265718489299646899e+04
2.345565044458047123e+04
1.018447250135031572e+04
1.155929051640633224e+04
6.213358480322241667e+04
7.329093438103243898e+03
1.333668895395217623e+04
4.547802546937169973e+04
2.314227281562681310e+04
2.478553616544378019e+04
2.386402458888794717e+04
5.779187555484468612e+04
4.510166953438078053e+04
1.416341965313660876e+04
3.468947311334354890e+04
1.651459480783384788e+04
1.868141645366860394e+04
2.777944864010218953e+04
1.482639386610296970e+04
2.183824719788330549e+04
2.409211433923292134e+04
6.319508596989599937e+03
7.543779511559607272e+03
8.986706002230283048e+04
5.638869552502688748e+04
2.679637403327242282e+04
2.137728802075764634e+03
6.695887332491029520e+04
5.270537725020390644e+04
4.409694755281881226e+04
7.333431969113025116e+04
2.031306862641236512e+04
1.360438162139458836e+04
2.949774916453154583e+04
2.064533049520083750e+03
7.580616209710911789e+04
2.885112432763588367e+04
1.391862069144240377e+04
6.597002206830241448e+03
1.446410733826684191e+04
4.819116133421999984e+04
5.111948542519873445e+04
3.795876470155639254e+04
4.126326232281285775e+04
3.315514704699045251e+04
4.413003302652733692e+04
1.897030394491196057e+04
5.384769770489707298e+04
9.560633544366612114e+03
3.547308944209211040e+04
5.422358054207403256e+03
5.572273654470413749e+04
4.832655474820791278e+04
1.527118303365195607e+04
3.520565979749773396e+04
2.249727074385995365e+04
1.912956713790139838e+04
2.816197418456195373e+04
2.645788695607332920e+04
1.352747750139245363e+04
7.050592207307138597e+04
2.475471752426168314e+04
2.539418554541555568e+04
3.007437751303434197e+04
4.455189318034697862e+03
4.326267531268146558e+04
