9.227590549811515666e+04
1.109737289048109596e+04
1.277367217483357490e+04
2.483313832537236885e+04
2.650404345865926734e+04
2.251868369437544607e+04
5.984977331662322104e+04
7.695866525220688345e+03
3.126110763972598943e+04
1.545184293757348496e+04
3.984799949563123664e+04
4.370942117098284507e+04
4.810296567488315486e+04
6.677548670659861273e+03
1.426926827070811487e+04
2.950050366475132614e+04
1.757092915044682741e+04
2.766029380156081243e+04
4.569583908721603802e+04
2.370825284399526026e+03
3.059222113666815494e+04
4.487096571765949193e+04
5.327857131769254192e+04
5.138151618187558597e+03
7.121346898541858536e+04
9.811100908298220020e+03
3.053147267317934165e+04
3.703239310059958370e+03
2.797249165423251543e+04
2.794948909878683480e+04
5.073208696095838241e+04
5.169264624877818278e+04
3.052761009532326716e+04
7.688733960234750157e+03
1.500306845542152587e+05
6.309913321188817463e+03
3.673871132227651833e+04
3.051602084152542739e+04
1.780114354956397801e+04
1.506882879384107218e+04
1.067236884247303969e+05
6.635484951597724830e+03
3.204740485177006849e+04
2.488507118476695177e+04
2.594087085869077055e+04
1.617210621254697617e+04
3.367487313907765201e+04
2.178733424790426579e+04
4.102776948402549897e+04
2.898823703340971406e+04
1.962831325442593516e+04
8.721045617394045621e+03
1.606865753797079378e+04
2.408049410865243772e+04
2.893707706531140502e+04
1.362293860260620204e+04
2.946004514248225678e+04
3.549333660526868334e+04
1.131061228562235010e+04
7.115726990576134995e+04
4.724589339618415397e+04
1.222860890300448955e+04
3.648262170697055990e+04
3.482225575376350025e+04
5.670350427266982297e+04
3.099468736331681157e+03
6.872143651422360563e+04
1.918339407740888055e+04
8.042845258437987650e+04
2.411368846790045791e+04
9.271856137328937621e+03
2.998388598531881507e+04
6.651745205670713040e+04
1.259982085128481413e+04
7.521927563932524936e+04
3.561837639962014509e+04
2.428816675549456340e+04
2.611388073792368596e+04
6.879891805140150245e+04
1.122023254310364791e+04
5.034134558703617222e+04
2.161371827691866201e+04
3.495265265624163294e+04
8.218812929146708484e+03
1.401417572706699139e+04
8.789878253862119891e+03
2.586064528924100887e+04
2.059720992728307101e+04
1.313352820552232151e+04
4.503517651892195136e+04
2.901375352626834865e+04
1.400897737673657684e+04
3.958054000179441937e+04
1.957774326341164488e+04
9.205268008008762263e+04
4.158070779199913886e+03
4.665044448644387739e+04
2.005773132503210581e+04
5.474049787925777309e+03
2.428823185895162896e+04
3.669965659973200673e+04
1.847078467465900030e+04
6.772761980546783889e+04
1.330455666331975772e+04
5.690325434241659423e+03
8.684030142892057484e+03
5.859536531464113796e+04
1.914557438965584879e+04
5.220037133346123301e+04
3.736966062200292072e+04
3.473394131955430203e+04
1.440944868819956173e+04
7.496776814007658686e+04
1.846249702943452121e+03
2.701641962031993171e+04
2.722315358157413721e+04
1.955744271973033756e+04
6.790936059227313308e+03
3.119304255808069138e+04
2.720649962459285234e+04
6.031236110971865855e+04
2.313709934089943999e+04
8.725949123784014955e+04
6.839752355319648814e+03
3.028048865925390783e+04
2.240925281698200342e+04
2.789349636309039852e+04
1.931959823122502712e+04
4.436984471167645825e+04
1.248851806323611709e+04
4.229992015974328388e+04
1.921560243125783018e+04
5.647665935606052517e+04
4.894923912867418039e+03
2.889243738614105678e+04
8.763644865782403940e+03
4.415836003104945121e+04
4.060035186934722879e+04
6.969269815125699097e+04
1.599100975307433146e+03
3.790009466919360420e+04
8.081695950065815850e+03
6.672661078584523057e+04
8.824024261715178000e+03
5.281679300541167322e+04
2.126398179367982721e+03
2.421785658963343667e+04
5.436914708422150579e+04
3.147965081078422008e+04
2.832019692648533965e+04
4.014322230283699173e+04
3.286416340749937808e+04
4.128858041159228014e+04
2.843922510502799196e+04
6.557770144720555982e+04
1.145158959398494153e+04
4.914155260210635606e+04
3.046008495044178198e+04
7.291838657454673012e+03
1.265561278058542848e+04
8.191477133797037823e+04
5.313832622173694290e+03
3.388432001932423009e+04
1.477713158188080524e+04
2.615255627937065219e+04
1.842622847908656331e+04
8.902463649564298976e+03
6.907085132262718980e+04
4.038182523835133179e+04
1.775554938284799573e+04
3.130949938771404777e+04
8.418562836168139256e+03
2.720046473245710877e+04
2.804337313603111033e+04
6.921140540734793467e+04
8.045691947165442798e+03
1.398322029440309598e+04
1.575023268182683569e+04
4.649956798215187882e+04
2.275668303659672529e+04
1.288415611740293825e+05
1.928369963042661402e+04
2.097505516279113363e+04
3.516450070847551979e+04
3.785445676376137271e+04
5.916363356759749877e+04
1.932973972622873407e+04
8.816821538667523782e+03
2.274872560287400484e+04
2.611408760868302124e+04
1.004458385803567362e+05
1.143878066082547775e+04
4.256707834301478579e+04
3.168368378253995616e+04
3.589910038908175920e+04
2.281097227612824554e+03
1.058535905339884994e+04
2.699916452008943452e+04
3.895174413494880719e+04
4.200423231256252620e+04
2.668672169062728426e+04
1.553000306381951486e+04
2.609268584630196710e+04
1.813534896934488643e+04
4.700709085215628875e+04
3.222091651965643177e+04
1.565664136613507253e+04
8.620769874274645190e+03
3.345503127873953781e+04
1.418457806380673355e+04
6.002526578244275152e+04
5.209845173635991159e+03
5.681989626462078013e+04
2.309635077124759118e+04
3.612443119650439621e+04
2.254358848708049845e+04
3.365429235952546151e+04
6.197490656863727963e+03
1.943982590009059641e+04
6.228162436747215543e+04
5.680188785901735537e+04
8.786388974383051391e+03
5.181901398285815230e+04
3.587360586871561827e+04
2.558903575889754939e+04
5.776900068085708335e+04
3.109335929279389893e+04
1.115164187803013920e+04
3.934577016980439657e+04
4.891860795194617822e+03
5.251603065368808166e+04
3.635704242524132860e+04
4.417564313605577627e+04
1.253077220740472148e+04
1.453157038576004197e+04
3.185255087862373693e+04
7.538400897909936612e+04
1.715223138024149011e+04
6.588942869124011486e+04
6.643795013531288714e+04
4.674556773721051286e+04
1.790152978788633482e+04
3.432627187575602147e+04
7.868044667207984276e+03
8.805507673877727939e+03
6.949669532694184454e+04
4.533240693185993587e+04
1.266361367673343375e+04
2.404078451479906289e+04
2.333660383530191757e+04
8.540557362264764379e+04
1.510550073857631105e+04
3.219067863825976019e+04
9.562464859099005480e+03
3.009568508129833390e+03
2.581161354896176272e+04
