5.620109561898558604e+04
1.109737289048109596e+04
3.117332050395431725e+04
1.958117480211980364e+04
1.488931632011674992e+04
5.367834755180713546e+04
2.918087957073082725e+04
3.383683759440928407e+04
2.021765415523736374e+04
1.206543015623175015e+05
8.492291800690421951e+03
1.432439356939298159e+04
9.495869313056817191e+03
2.971467132269147623e+04
5.790794433176128223e+04
1.932567798930974459e+04
6.321577867417022935e+04
2.797082849786768202e+04
1.047006008118864702e+04
4.225282747886860307e+04
1.001087730809248205e+04
4.276356031738550519e+04
6.812734617165168856e+03
5.545467066105448612e+04
9.137208211013328764e+03
3.746791455072857934e+04
2.256497847401600302e+04
5.810137072151916800e+04
2.488855106024711131e+04
2.800727349508943735e+04
5.167270860242489107e+03
2.146629847444606639e+04
7.302628722158187884e+04
2.492365172452281695e+04
1.948786680481670601e+03
4.028838113178098138e+04
2.038126239023771268e+04
2.175812347710485847e+04
1.382495725202436370e+04
5.212432869849027338e+04
3.646430853283199394e+04
2.100262868544217417e+04
3.964763872815430659e+04
4.306964723178370332e+04
2.455276020729097581e+04
4.544970744281562656e+04
6.965279539066795223e+03
7.402400647916310118e+04
2.103077185956604444e+04
4.272265311009115248e+04
2.519301208526678238e+04
8.819590704202598135e+04
1.506064859153033831e+04
3.133889339685973391e+04
3.190800111954461681e+04
2.262961622165864901e+04
6.249605766855683214e+03
6.781165836025527096e+04
1.040740247285578880e+04
8.436094740313885268e+03
3.061939973213158282e+03
7.597306241320914705e+04
3.327159920383396093e+04
1.499650988772839264e+04
7.183595511650914887e+03
8.316928638990376203e+04
2.963808892038979684e+04
2.453479309743451086e+04
1.401369853867901293e+04
2.275407853452171548e+04
1.371058234016900315e+04
2.563625602844908281e+04
1.532999524361619842e+04
1.626626575576443247e+04
2.289285669626629533e+04
4.870948616272753134e+04
3.856922933785269379e+03
5.558178782162468997e+04
4.244188382370044565e+04
2.917947925171167299e+04
2.846303263773670187e+04
3.182809971113996289e+04
7.344792963659502675e+03
6.216482181782496627e+04
2.304673334642280315e+04
5.254815540486086684e+04
2.863309641983350230e+04
1.613682297682414537e+04
2.771074497448712282e+04
2.056682824968421119e+04
2.225667501567876752e+04
2.273320591337885708e+04
4.298466382610180881e+04
1.961145615594032643e+04
1.506554219626703161e+04
9.059301766328999656e+04
2.826603744828043637e+04
2.689580862610862823e+04
1.743174468816607987e+04
6.284292105304051802e+04
8.069284375623772576e+03
3.116810588383373397e+04
1.529609017680590478e+04
5.949620557565200579e+04
4.722056598639732692e+04
8.383983671243157005e+04
1.865595177586770205e+03
3.687499485697347700e+04
2.607376599353197525e+04
9.536103842902537508e+03
4.454006865145321171e+03
4.929674571474748518e+04
1.801692978197468983e+04
6.880652946578008414e+04
3.913262296697160491e+04
1.576917090752767581e+04
1.136649779315819615e+04
5.499939085590001923e+04
1.006616343217555004e+04
3.547445327709108096e+04
8.648028785125839931e+03
1.467533123428129511e+04
3.533964986785822839e+04
5.855638366159478028e+04
1.312696090735225880e+04
4.264302788875136321e+04
9.010854072593158344e+04
1.060674388149158403e+04
1.934181355305195757e+04
2.419536880996086984e+04
6.453941522795087076e+04
3.250915674209923600e+04
2.616894072720655822e+04
3.759558116562026407e+04
1.102245922357727432e+04
6.761538801472853811e+04
8.057544946903226082e+04
2.503942672355976902e+04
8.346162516685362789e+03
5.149301204815412348e+04
5.072245503268366883e+04
2.534309280296920042e+04
1.170715158702663393e+04
3.470392611698231485e+04
2.227403527573511383e+04
4.116098874452465679e+04
1.467894445965812702e+04
9.711512010054262646e+03
4.153125414559053752e+03
1.572724540653298027e+05
1.143408501759785941e+04
1.406743750493992047e+04
8.931053902413581454e+03
5.093824979198760411e+04
3.260270592676700835e+04
4.750214944871528132e+04
2.594172891325983437e+04
1.378170102622275408e+04
2.415397312140529903e+04
4.663301288238644338e+04
7.054364015182933144e+03
1.986492295776807077e+04
3.375695486239439924e+04
3.872670212675097719e+04
8.903260196283174082e+03
1.637434904016965302e+05
3.402506822718533658e+04
5.250508709995262507e+03
1.301397402993998185e+04
3.339686918406062614e+04
2.889799322588602445e+04
1.195614054329305327e+04
2.383806697011875440e+04
3.115549293448114258e+04
1.043175001255755342e+04
6.288837490782927489e+04
1.511159497625050972e+04
8.309097347502483171e+04
7.121301396314944213e+03
4.324296309326118353e+04
3.144505600415138179e+04
1.303492101760020159e+04
1.438271942160280196e+04
6.969229365516436519e+04
4.662831982137228624e+04
1.422744605997710823e+04
1.612138982404168382e+04
7.280526208050483547e+04
2.026765530022588791e+04
1.467336017936343160e+04
1.400805203143981544e+03
2.906011607481759711e+04
1.247529654764070983e+04
2.725403801510617996e+04
1.066393869152867592e+04
7.971308196230645990e+04
6.478938713989964890e+04
3.601320652268263802e+04
3.342822707560397703e+03
3.827859245717985323e+04
1.526673258527615690e+04
2.525541181437089108e+04
1.312125768391839119e+04
2.502270523568263525e+04
7.671811976431987205e+03
4.123566004254594009e+04
1.368399747250794098e+04
7.606201680944734835e+04
2.209652897512759228e+04
4.109048409367396380e+04
3.417653285491101997e+04
2.284867877930456598e+04
3.836022600779625463e+03
1.382996914611003012e+04
9.922648840141957044e+04
3.789439211382914073e+04
1.533293037466216265e+04
4.962549568873717362e+04
6.284045202438980778e+04
2.400850926240298577e+04
1.970510860687788954e+04
7.344740963097030181e+04
5.500649123749559294e+03
1.681777596956592970e+04
2.097203526756615611e+04
3.215742495878475165e+04
4.239839805062915548e+04
3.105960462822621776e+04
3.549491306723472462e+03
3.263318299395855138e+04
1.359937553874143123e+04
3.896986278608589782e+04
6.555039600571312803e+03
8.138398006493409048e+04
1.501868988938574330e+04
4.688213696628146863e+04
1.379988651761749134e+04
3.967441268461805885e+04
1.413570376128894350e+04
1.010857532387248284e+04
2.107390144953182607e+04
1.436618128980525398e+04
1.451091881150017070e+04
2.508687931210704483e+04
4.206541482002996054e+04
4.688139225885457563e+04
3.839881136809514828e+03
7.924424615946166159e+04
1.300025619311266382e+04
3.993411210871701041e+04
1.687889041095731591e+04
3.185185508818621747e+04
3.902480671449157671e+04
5.081939818154927343e+04
4.107184673682849825e+04
4.386705004166533035e+04
