6.816987327418656787e+04
1.109737289048109596e+04
1.124591990092839842e+04
5.095553908737592428e+04
3.090070700872664747e+04
3.692664531754758355e+04
6.364022690261833486e+04
6.668056224506975923e+03
1.025704285932273779e+05
6.832212719662713425e+03
4.463790317653657985e+04
2.412501270956526059e+04
2.234220451941470674e+04
4.972854161687209125e+04
2.275434926694901151e+04
4.038398012389032374e+04
6.069613915523794276e+04
2.677266029744200205e+04
5.124292130743402595e+03
3.631813069023665594e+04
4.509068824933560245e+04
2.875970438214452588e+04
7.955266545481464709e+04
1.229440963120659035e+03
3.429954244047419343e+04
8.608631709253961162e+03
2.299006701777126000e+04
1.674438177686518611e+04
9.969500632277289697e+03
1.643485999848457868e+04
3.847336894660969847e+04
8.913074497165987850e+04
1.717710097751825233e+05
7.169495588563390811e+03
4.409213434566451178e+04
3.276899867790949793e+04
1.153181854235227729e+04
3.814871998684835853e+04
2.189482264404434682e+04
2.283811058333955589e+04
4.189138322169868479e+04
1.157674792658265687e+04
8.533283600758042667e+03
5.243764099803450517e+04
2.401173878027960745e+04
4.229561310676097492e+03
4.388847629255137872e+04
1.228585304996028754e+04
7.411254603231402871e+04
4.133414195293868397e+04
3.186302433401298549e+04
3.995924821760204395e+03
1.480006436644812311e+04
5.055297478302750824e+04
1.602516586627473589e+04
2.795154541744084781e+04
1.134488536817482964e+04
1.225141401599913115e+04
1.547047776910791799e+04
1.110850333642700862e+05
1.372414276871249422e+04
2.921717520760203479e+04
7.425055315701327345e+04
1.054276926823803115e+04
7.821630940758864745e+04
2.022147349155252232e+04
2.024807107444405483e+04
5.722552201106632310e+03
2.568470417278071909e+04
6.048911280724899552e+04
7.563262394422351463e+03
2.890221396138699492e+04
3.690825401715963380e+04
1.257703758814234970e+04
1.446741666675841043e+04
6.856314106328121852e+04
5.987120535041653966e+03
1.462161975965584679e+04
1.069730385819724615e+05
9.114490485901089414e+03
6.689678494865380344e+04
3.788120617897285683e+03
2.556840103110638665e+04
1.964696751453661636e+04
1.086901022153430131e+04
2.731524719125259799e+04
2.853888282854205318e+04
3.957632613318205404e+04
2.695438643105162191e+04
2.160041363132469996e+04
1.534523353321918512e+04
3.470439053306617279e+04
6.915495392305750283e+04
1.952459317591583022e+04
4.928605352781638794e+04
1.395699619278467799e+04
6.275460145250018104e+04
2.808895618030316109e+04
8.093722246840718981e+03
7.255755815831584914e+04
1.909567085769740879e+04
4.148042836274347792e+04
3.433653765354777715e+04
1.535112148648994662e+04
5.198025160847244842e+04
1.290759133118257705e+04
2.916444186120989252e+04
3.623051241667097202e+04
1.819016621439519076e+04
1.851992536117445707e+04
1.603066450471606368e+04
6.327544127862092864e+04
3.225674051293935918e+04
1.377082581136393674e+04
9.783499394368322100e+03
2.562218326197842180e+04
2.655027870267623439e+04
3.472356553124591301e+04
5.582037964899490908e+04
1.695340355869407358e+04
1.117953632288123918e+05
2.790957610371489136e+04
2.498658733863416637e+04
2.616034192715392419e+04
8.881355030525728580e+03
3.450174180199622060e+04
3.382059030229312339e+04
1.876672363533330281e+04
2.791014663578756881e+04
3.157179798621578448e+04
6.162978919382407184e+04
2.283652131367595939e+04
9.233256103505096689e+04
4.440966008952729680e+03
1.444892219400024987e+04
1.089580677456828744e+04
7.898238609449927753e+04
1.386995928291054952e+04
6.199190775319001114e+04
6.758949330429730253e+03
3.109526544796482631e+04
1.581872955709733651e+04
1.099063393311151412e+04
4.927755156303579133e+04
1.348545160987328381e+04
2.581037215935751374e+04
1.888494774022446290e+04
8.375215771198138827e+04
1.539142194701385597e+04
7.290745263134032939e+03
5.519563665883315116e+04
3.318641461079923465e+04
1.566769908873256281e+04
3.459520507325595827e+04
3.008793449623748893e+04
1.947748815800819330e+03
7.749177715506436653e+04
1.902129140066550463e+04
1.461107062522167689e+04
5.138755716601375025e+04
3.781111814025454805e+04
1.921934603763178529e+04
4.492458287097401626e+04
9.828661743532886248e+03
1.771600422982351665e+04
2.438754465226300454e+04
1.003303554879081275e+04
5.369455336640402675e+04
1.163609667689517300e+04
5.689808964902981825e+04
3.126031308302403704e+04
1.581842947127537991e+04
7.686950948292568501e+04
7.446393096513638739e+03
5.566121902747947752e+04
2.493658987765338679e+04
8.593017575108620804e+03
5.870626724492737594e+03
6.031004726254965499e+04
8.517131714311683027e+03
2.779439626502956889e+04
4.301563836157569312e+03
1.157335338806324762e+04
9.222999055831633450e+04
3.432821704098768532e+04
4.236707726841916883e+04
2.588552183059410527e+04
2.034484418816206380e+04
8.244009857252598158e+04
4.900308046731324430e+04
2.280000961881548938e+04
9.136298596569324218e+03
1.513660596647455895e+04
2.964340767588937160e+04
5.723237552274153859e+04
7.264504499085851421e+03
4.838498256964990287e+04
5.925124152625772695e+03
1.074810916666134653e+04
1.291895221073168796e+05
2.142069195882317945e+04
4.518122084056107269e+04
8.540217609441602690e+03
2.933590137678599058e+04
4.668922838016943570e+04
5.109389833296792858e+03
1.031996171413039156e+04
1.424049182412302980e+04
6.042878793274745840e+04
9.347310079485394454e+03
6.625188201436748204e+04
3.475271618034293169e+03
1.312583801050406692e+04
2.739056542382785847e+04
2.304202823677735432e+04
3.139963216139416181e+04
1.127604247140697044e+04
4.613129509930390486e+04
2.243151286687573520e+04
3.311883109730132855e+04
7.683647006306613912e+04
1.396881059149115572e+04
2.950290365228865994e+04
1.556747357881359130e+04
8.648746783906808560e+03
2.345747224390913470e+04
5.246585156767928856e+04
5.521273935296640411e+04
5.144952442637812783e+04
2.677540521212448220e+04
2.102725028475101135e+04
1.194353146369692695e+04
3.579058340124165989e+04
3.107817900766690582e+04
3.259821065063730566e+04
2.584242671986350160e+03
4.466743739173654467e+04
4.687523526758507069e+04
5.693480129305410628e+03
6.312339114271058497e+04
3.081053716676469048e+04
4.673775736707349279e+04
2.603707677366751886e+04
1.690581508042597488e+04
8.759685585645296669e+04
2.335411554211915791e+04
2.259004081802347355e+04
4.763452849202852667e+04
1.512927725009729875e+04
7.882379838489300710e+03
3.417448756571674312e+04
1.397129687531061063e+04
3.825641247965007642e+04
1.367795864599018387e+04
5.835878973640295044e+03
7.857360798060215893e+04
