4.860827543029931257e+04
1.109737289048109596e+04
3.474403312185332470e+04
1.858545816065650070e+04
1.591315012530480271e+04
6.037531131496541639e+04
3.617198856244512172e+03
4.872301346280996222e+04
3.722052363450286794e+04
8.223014896761622367e+03
9.248916220672177587e+03
5.900933561693678348e+04
1.050785713876481350e+04
2.696441385092593919e+04
2.012828641593043358e+04
5.786379127605996473e+04
2.161336679341117997e+04
3.217185002757984330e+04
1.025673961875429268e+04
2.123031278002019098e+04
1.766550713613536209e+04
4.322659621449837141e+04
1.082223184456177260e+05
3.208058402540476163e+04
2.454557095287150878e+04
8.483542031816716189e+04
1.013385856517182219e+04
5.379579621263420995e+04
5.619327810814532859e+04
1.255322245597922847e+04
2.511336720145631261e+04
3.366064826857578737e+04
3.653315888713602908e+04
3.650629292161446210e+04
7.121255253105177871e+03
3.253999297585312161e+04
2.349676552829913271e+04
3.223123339793279956e+04
2.587953891179932907e+04
2.171925255923134682e+04
1.911745937968638464e+04
1.343739738763498463e+04
3.175244829726720127e+04
6.248340965991614212e+04
3.184216876153525300e+04
1.211201338678658067e+04
7.029130331268695045e+03
3.871552124132125755e+04
3.507057678832015517e+04
7.885323446909044287e+04
2.737777379427655251e+04
1.418940139066627307e+04
4.063112393430556494e+03
2.513735977242324589e+04
3.163191150264116368e+04
5.738136758340218512e+04
5.248278615571257251e+04
1.019087401385328849e+04
1.348501652246690173e+04
1.082429087450711522e+05
3.253746585691834753e+03
4.416135949449118198e+04
9.147974628507841771e+03
3.499196541792572680e+04
2.000723856100872581e+04
3.704407371422612050e+04
1.444831412648503647e+04
6.799476559624433867e+04
3.809447223715192376e+04
5.173422833602485298e+03
9.386470026491961107e+03
1.461092455311852063e+04
1.976718903337703887e+04
1.611014135068733231e+04
9.763079966233843152e+03
7.820645643546836800e+04
1.048302081778682623e+04
4.912386596779173851e+04
4.550939585854337201e+04
2.504824163507496269e+04
5.112488901796538994e+04
1.220051153725430231e+04
7.163367564958284675e+03
2.812406369480553258e+04
1.167530192518738841e+04
3.309874088443045912e+04
1.988545221405074335e+04
3.035369669344651265e+04
3.950528032029982569e+04
3.375391023883874004e+04
5.639083329867165594e+04
7.505985055192079017e+03
1.081982160636412664e+04
2.716011276500517124e+04
5.075459931397021137e+04
7.893844542739269673e+04
3.436570186990872753e+04
2.665268390317241028e+03
3.574046540636666759e+04
8.447147240818904538e+04
9.888406704138345958e+03
7.562164193387556588e+04
1.575460504328064189e+03
4.700667856606115674e+04
3.732178769716148963e+04
7.460083937433047686e+04
2.660857929019635776e+04
1.337792853868420389e+04
1.604780032151507476e+04
2.475002947446371400e+04
1.645844284214714935e+04
8.219662303971369693e+04
3.158160747190978873e+04
1.933771232639755544e+04
1.151387447493016043e+04
2.332799102674569440e+04
2.058236069167392998e+04
2.186405820239228342e+04
1.826273870446305227e+04
6.567165680703193357e+04
1.271931542919688400e+04
3.157412215709967495e+04
5.009489880173826350e+03
4.845919411258317268e+04
1.942677181386020311e+04
3.807821994067035848e+04
1.163778080024589726e+05
1.509585936499296986e+04
4.900977483898224455e+04
3.070259964793459221e+04
3.900773838491937931e+04
1.409502997100930952e+04
1.114206040005062641e+04
2.229574724476843039e+04
4.135595159978211086e+03
1.093381941505886789e+05
3.135953413021516826e+04
3.193070694559934782e+04
2.957695576449502914e+04
1.622709903569655580e+04
3.468679617618693737e+04
4.433364762595819047e+04
2.123242381503197248e+04
3.228008936345643087e+04
3.545785810950031009e+04
3.058876767511714206e+04
2.133396631592498579e+03
1.071994820653003408e+05
9.777388237203216704e+03
3.128685066991349231e+04
1.134382211560391443e+04
2.351857480407840194e+04
4.127726518255768497e+03
8.715643979970301734e+04
2.781926895996171879e+04
5.403880699268061289e+04
4.921381229332341172e+04
1.618082426553254118e+04
2.552890760930155011e+04
2.848994264245528393e+04
1.424637383583190967e+04
1.815338139390236393e+04
8.113066661210365965e+03
5.000595869889899768e+04
2.688843154948065785e+04
1.788029572378097873e+04
4.306711503592697409e+04
6.115012995529506588e+04
9.426565046358757172e+03
9.134297835757785651e+04
2.047364518802621023e+04
2.061107515215592502e+04
2.255388924727806079e+04
8.398416758104205655e+03
1.302297418399675189e+04
2.495907962207524542e+04
4.429487847807312210e+04
4.128796644456778449e+04
1.092176829003382772e+04
1.572871685474869810e+04
4.869013731245188683e+04
6.201768341071270697e+03
4.462682092741418273e+03
1.264009449495279550e+05
2.635235564508911193e+04
1.271759229382962803e+04
4.378279101248842926e+04
2.766805152027510121e+04
1.982199741726813227e+04
1.622359378929410595e+05
1.134197078049521951e+04
4.447363019655608514e+04
1.199595433217638674e+04
6.099170040572371363e+04
3.896544499207178160e+04
6.468482890048802074e+04
4.542666745313085994e+04
1.170417189307388253e+04
1.215020216037058708e+04
3.443359722381249594e+04
3.843699139784253202e+04
4.481682031062492024e+04
4.604499237190910208e+03
3.035285116237266993e+04
1.639000234497335259e+04
1.177696579604836552e+04
2.876507095040138665e+04
3.629642277689823095e+04
2.149714998561722314e+04
9.786174648897684165e+03
3.287891742522065761e+04
1.834969915189450694e+04
8.375769630813005278e+03
3.516043522444192786e+04
3.975649719223414286e+04
3.963848220844813477e+04
3.093006876875392845e+04
8.859785493880395734e+03
2.014823694572008753e+04
1.328454269222731637e+04
6.573341500998035190e+04
2.567003139795990865e+04
3.654757883176001087e+03
7.886612675171937735e+04
3.232383323488386304e+04
2.040915737071658805e+04
4.667214881753682130e+04
2.085882680301344590e+04
7.618540264664897222e+03
1.138257442142981599e+05
5.664138050170209681e+03
4.360129468226832250e+04
3.700210914535429765e+04
3.080262302518368597e+04
1.059883519345540844e+04
1.293144398949006427e+04
1.990136142975019902e+04
8.992820432729886306e+03
1.777763654565537581e+04
1.384490118387342372e+05
9.562458791651048159e+03
5.534626741455787851e+04
5.230458902567767655e+04
5.128388436901984096e+04
2.943519549765491320e+04
2.098300454859473030e+04
1.299372651743773713e+04
2.164005905551493197e+04
9.427322516314232416e+03
2.635042333257967766e+04
4.736973047375443457e+03
4.376374875577593775e+04
4.814356116186935105e+04
1.904312638710652391e+04
4.525225020494573982e+04
5.657155410400499386e+04
