8.876358844861044872e+02
7.417754941044280486e+02
7.737654434704934374e+02
7.690157590193679198e+02
8.111951454883700308e+02
8.165569034075692798e+02
7.871382022820647535e+02
8.193351216095115888e+02
7.520197730671745830e+02
8.543766695245012670e+02
8.015367221368481978e+02
7.018814140850915919e+02
8.828807598999940183e+02
7.894464107305843754e+02
7.955349390656162996e+02
8.623934548106872171e+02
8.300650285966347610e+02
8.343535645966272796e+02
7.527602624212445335e+02
8.183917294891266465e+02
8.122795079334097181e+02
7.829556385298390069e+02
7.218468760422261994e+02
8.580340545223270965e+02
7.941961243540961277e+02
9.703970820456434012e+02
7.741771681214129330e+02
7.815438809489825189e+02
8.401380610675491880e+02
7.798494671461345433e+02
7.306119199538318298e+02
7.768127866602033009e+02
7.920045755680745287e+02
8.218318005163558837e+02
7.640899479248097350e+02
8.433843199851899044e+02
8.789379928113908136e+02
7.805361015403306055e+02
7.617351000944942143e+02
9.160434710288878932e+02
8.567002525073049810e+02
7.652496729684704633e+02
7.661856373212649487e+02
7.635507586029378899e+02
7.385373603302451784e+02
8.036449647391630151e+02
7.757089582053017693e+02
8.517714886374321850e+02
7.391819657688001826e+02
7.807959023164620476e+02
8.696657951743288777e+02
8.593750558406804885e+02
7.940178110218463416e+02
8.496595611088594069e+02
7.811048050181565259e+02
7.804841861504576173e+02
7.415397247267192142e+02
8.502149368934415179e+02
8.181404238092194419e+02
7.207772498810331854e+02
7.645541433951885892e+02
7.870707073847155471e+02
7.033109859778801365e+02
8.180592946000674601e+02
8.400063375786916140e+02
9.010595378362397696e+02
7.647046258794134701e+02
8.143878075422958318e+02
7.207506947585029593e+02
7.783062241089623967e+02
7.630179335444391882e+02
8.503901409262892912e+02
7.787375128074754684e+02
7.878047060244406339e+02
8.003737701622723080e+02
7.978431266814900482e+02
7.941764951091514604e+02
8.279691313973786464e+02
8.138995238534675991e+02
9.211991270475710962e+02
7.739149652217595303e+02
8.603459018585386957e+02
9.224724562577706592e+02
8.503102358978567281e+02
8.935162274307176631e+02
9.097328045111119081e+02
7.909282113369007448e+02
8.094912197147149300e+02
8.172643732349254151e+02
7.964990706570503107e+02
7.251272250295638742e+02
7.523707188401247095e+02
8.400778526966849995e+02
7.985942774306730598e+02
6.799528298874907932e+02
8.896052281277022757e+02
8.141151078543518906e+02
7.906033536289934318e+02
7.629504378842505048e+02
8.173281482815287973e+02
7.696012003660679284e+02
7.970300253539058986e+02
7.655122658430581168e+02
1.008743134393158016e+03
8.593156093706511456e+02
7.794999159911803872e+02
6.790987488859215091e+02
8.337599855900781449e+02
9.165442231434060432e+02
8.401910771812049461e+02
7.172715326709127339e+02
7.543226757685018811e+02
8.413475780274502540e+02
8.046663479633086808e+02
8.170039328026091425e+02
7.199575492499379834e+02
7.159897344500966483e+02
8.451215948603153265e+02
7.818941168220608233e+02
7.740620904480618947e+02
7.467353816323590081e+02
7.979477640895927379e+02
8.657686047705467445e+02
8.793441811475966006e+02
7.795812104516888894e+02
7.515068822586780470e+02
8.276806090413081165e+02
8.282126430738657064e+02
9.046229050093706974e+02
7.322175267049975673e+02
7.270963557182794830e+02
7.624917496959220671e+02
7.248109349792198373e+02
8.452704543533321839e+02
7.607059978507018059e+02
8.474857839887689579e+02
7.613862559264214269e+02
7.889474015546587680e+02
7.902657229966658861e+02
8.804431485304569378e+02
9.135195676071780326e+02
7.884965913880351991e+02
7.290456173589151376e+02
8.086141573975091887e+02
8.629751609345653378e+02
8.222991268193029555e+02
8.354536204161796604e+02
7.760623577903393198e+02
7.370861662296205168e+02
9.207958318379380671e+02
7.566176534154354840e+02
7.791528384575900645e+02
8.420412231760882378e+02
8.369839080103956803e+02
7.477290039287075842e+02
8.070032757185525725e+02
7.727077607788221485e+02
7.158702045073144973e+02
7.738350753413384382e+02
7.926557774662687734e+02
8.653861482022073233e+02
8.522829301684311076e+02
7.846404694128370920e+02
8.829568727600887996e+02
7.922975332222191582e+02
8.395096540170975459e+02
8.352949193702174853e+02
7.974099088166178717e+02
7.730306173531754439e+02
7.793562940794497536e+02
8.124407964324290106e+02
8.695442786423143389e+02
8.549474755898211242e+02
8.028668139503153043e+02
7.378894206971446010e+02
8.486873339253183985e+02
8.737010102301032930e+02
8.659631808444646595e+02
7.168714820523058506e+02
8.545046968989497600e+02
7.237794149362979397e+02
7.870128289377297506e+02
7.583209442824661437e+02
8.338923105083407563e+02
7.945786308622823526e+02
7.420144460903979962e+02
7.542444394168857116e+02
8.269335118624308052e+02
7.412884169548640330e+02
8.504493935149203026e+02
7.311457763413001203e+02
8.629172030978299972e+02
8.852983884496971996e+02
7.971219569862580556e+02
7.418779084718264585e+02
9.112416957099876527e+02
8.019957471096524841e+02
8.205078975120663927e+02
7.441679005484415939e+02
8.178406595181398870e+02
8.085623330945910539e+02
7.622417175662698128e+02
7.517490214068761816e+02
8.138818642019682557e+02
7.554656370968690453e+02
8.308555482013700839e+02
8.219107537744583851e+02
9.004065630865122785e+02
8.351278522170600809e+02
8.260309797634681672e+02
8.698673099904565333e+02
8.175497428280488066e+02
7.931972156351376952e+02
8.023483120439819913e+02
8.012916778277615322e+02
8.299481356895128101e+02
7.835429231605944551e+02
8.077651426448417169e+02
6.901895698888330344e+02
7.763460524301162877e+02
7.190688757908633306e+02
8.209628845782947337e+02
8.331378672553580600e+02
7.943314815029207239e+02
7.642289679319578681e+02
7.980775007092005353e+02
7.529622895995802310e+02
7.672800609643530834e+02
7.838871467254882646e+02
8.129957423219304928e+02
7.190279727312419027e+02
8.477649403684055187e+02
8.372619011468964345e+02
7.721113369074054162e+02
7.598760690344957993e+02
8.648324338235431696e+02
7.269147533522550475e+02
8.000164288334597131e+02
7.823003060438352350e+02
7.493088269653439966e+02
8.565667725708709668e+02
7.119929958190805337e+02
7.586270395500278028e+02
8.279169932702532151e+02
7.876307189023717683e+02
8.189306338978237818e+02
7.762874371473053543e+02
8.157535206437406714e+02
7.686374621541643819e+02
8.660362611809547388e+02
7.968687568323189225e+02
7.775214647468347948e+02
8.106464005251398248e+02
7.300000096282249160e+02
8.517306161119080343e+02
8.978044580096691334e+02
