9.145055208948926975e+02
7.417754941044280486e+02
8.590365014199977622e+02
6.802225760123535565e+02
7.410455662385362530e+02
8.290886089255204752e+02
7.586926678694528619e+02
7.996053941791587931e+02
7.734015144379964113e+02
7.876276042992357134e+02
7.668720321481550855e+02
8.110840731092229134e+02
8.539389040806241837e+02
8.294547420594508367e+02
7.047185684696125918e+02
8.508289648035193977e+02
7.687756486681154229e+02
8.460684556200626503e+02
7.727163623865083082e+02
8.253471614529809131e+02
8.300423427090433961e+02
7.680553120787693615e+02
8.779097633118421982e+02
8.238672751107435488e+02
8.451843659807741460e+02
8.104168559268121044e+02
7.065060703834434435e+02
8.530771720468997046e+02
7.946987814313190484e+02
8.043360209263572642e+02
7.917575536258917737e+02
7.908700433094973050e+02
7.503433488505344258e+02
8.863319472599015398e+02
8.143377445361352329e+02
8.115001328015667923e+02
7.613181263686616376e+02
8.133191489966794734e+02
7.691607757366124360e+02
8.156645696347286503e+02
7.720246633237685501e+02
7.907070808923255072e+02
7.805930078614831018e+02
9.281181600698173497e+02
8.541436140437558606e+02
7.829837858346944586e+02
7.102096494233645672e+02
8.264534361688016588e+02
6.955806519533530263e+02
7.855428463036234916e+02
8.455732230199324704e+02
7.960008457470192980e+02
7.588417376489592243e+02
8.232597685512107546e+02
7.609280602514912744e+02
7.856057315100258620e+02
8.766805956664691166e+02
7.280497027471972160e+02
7.802848216333219398e+02
8.154173441437662859e+02
7.956950507607072041e+02
7.898734925919702619e+02
7.368955818138562108e+02
9.399069796239680272e+02
7.701968065545812578e+02
9.111462297148473226e+02
7.913194494229626343e+02
8.997149630753464180e+02
7.910293408356320697e+02
7.669746443043167119e+02
7.293176360117656714e+02
8.052453546136259774e+02
7.144563548691985488e+02
8.126418626358312167e+02
8.336207501350571647e+02
8.168336359111403908e+02
8.513672628679552190e+02
7.445112224385106856e+02
8.041112217716807891e+02
7.848621243964273617e+02
7.833598227935181058e+02
7.808318313781077222e+02
7.411190213309070032e+02
7.722399872395911871e+02
8.352565388189874511e+02
8.419590128617609253e+02
8.073570289403559173e+02
7.955609912002680630e+02
8.814075412541524202e+02
9.371444784464288205e+02
9.141816984391198275e+02
6.884200526524002726e+02
8.136880640622457577e+02
6.875699884744041128e+02
7.665338213601701227e+02
8.436391512252936309e+02
7.301730858397935435e+02
8.160629613697690274e+02
9.119584093976222903e+02
7.622843680585917809e+02
8.110220706383881861e+02
8.130747189978968663e+02
6.866203044995622804e+02
7.684440880030232393e+02
8.403209719096554409e+02
7.763991577610798913e+02
8.147862070703328072e+02
7.524605713115481649e+02
7.531994743073029213e+02
9.503319315815199388e+02
7.664199177776737315e+02
7.865449182333154567e+02
7.531942050389060341e+02
8.663220480200420752e+02
7.565027552299911804e+02
7.578207909293805642e+02
9.457991519788987489e+02
7.980796969340957503e+02
7.622721779658514833e+02
8.943793042611740702e+02
7.452413508037154770e+02
8.126079457405430730e+02
8.355176651889320283e+02
8.110055501662875486e+02
7.290321991138818021e+02
7.939838789348086721e+02
8.958881218270531690e+02
7.628908044945206939e+02
8.337010467935917859e+02
7.900021622418933021e+02
8.459553706595215772e+02
7.239448353064143475e+02
7.459913485020592816e+02
8.366684676008828774e+02
7.058535626504004767e+02
8.204651809937873850e+02
8.241156297898584171e+02
7.662751105897848447e+02
7.977961965399003930e+02
7.028305924644330389e+02
7.420605425227741989e+02
7.920121835449598393e+02
8.600794585023775198e+02
7.613269744760814319e+02
8.259902940910030793e+02
7.639544963449342276e+02
7.439816854125497230e+02
7.939025822432870427e+02
7.907509167328732929e+02
9.400296681294082646e+02
7.601732306157224457e+02
7.776647053451794136e+02
7.247325939757358810e+02
7.828749893702357667e+02
7.583273192454031459e+02
8.514314129852563156e+02
7.624569033305604080e+02
9.056147769204384304e+02
8.143398316495001836e+02
7.291817305249491028e+02
8.861326534866007023e+02
7.390444131426074819e+02
7.455723429824626010e+02
8.244111189201008756e+02
7.968766469575967903e+02
8.475489891280850543e+02
8.663206674687307896e+02
8.243787386225426417e+02
7.549988081484991653e+02
8.372268988486439412e+02
8.704648025306884165e+02
7.910222942988209525e+02
8.622418946216232598e+02
8.227950957768869102e+02
9.165701449139396573e+02
7.674383984185462850e+02
7.841174323025940112e+02
7.493347362149731907e+02
6.765977066094702650e+02
8.904439535817289197e+02
7.191388779473160184e+02
8.423537483482675725e+02
6.820015002023059196e+02
8.088224336549033069e+02
7.795021596820330387e+02
7.973641992511455783e+02
8.777597229536470422e+02
8.521238579987307276e+02
7.504329233665342826e+02
9.891689398688954498e+02
7.847379461343010689e+02
8.137575171246619448e+02
7.289975967638531529e+02
7.994697187829199265e+02
8.140115890747582625e+02
8.737068915863872007e+02
8.268914622472769906e+02
7.837102012562105529e+02
8.033788303112701215e+02
7.516138470869663024e+02
8.468025549960015042e+02
8.065091701979322352e+02
7.966084289651021209e+02
8.114967294558163076e+02
7.505649573440950917e+02
7.400786968047444816e+02
8.256811727184349365e+02
8.137684846646984624e+02
8.139234190073113950e+02
7.332899986693831806e+02
7.666207568743735692e+02
7.780083639867398233e+02
7.133659696797241168e+02
8.709603954670261601e+02
7.714397198335050234e+02
8.094258851969277657e+02
7.766475839129286669e+02
7.630208029534380785e+02
7.706331502708179642e+02
8.212673715445258722e+02
8.601721473377773464e+02
8.216798873330951665e+02
7.963883672392588551e+02
7.426288707176375965e+02
7.629002971474651531e+02
7.966684954430056678e+02
7.567901654320219222e+02
7.360641703277692613e+02
7.821571089404799295e+02
8.746136188263445774e+02
7.475526061793609642e+02
8.580988612477854076e+02
8.518087198988456521e+02
7.662495363954419645e+02
7.116775176578216815e+02
9.345355835132202174e+02
7.116329098156106738e+02
8.255575995660628905e+02
7.030662680160897935e+02
7.979628974757067681e+02
6.978592608581336663e+02
7.939887638637069358e+02
8.894302217173858480e+02
8.354261729669915439e+02
7.945264618083754158e+02
7.742588349366066041e+02
7.531698592096695393e+02
8.157831250238857592e+02
7.769054915178874126e+02
7.832226169381284535e+02
7.979782554638669581e+02
8.693952561984226577e+02
8.627478153452705101e+02
7.828365868567922234e+02
8.069844012787524434e+02
7.905395364914845686e+02
