8.707750249985335813e+02
7.417754941044280486e+02
8.768862779062911841e+02
7.221952436225371912e+02
7.615648436475844392e+02
7.688354100533682640e+02
9.898681524606492985e+02
7.344590514414775271e+02
7.996599006655608264e+02
8.998632137032491300e+02
8.649898128855762707e+02
7.984186108123032000e+02
7.956606055517709137e+02
8.073477826587477466e+02
7.844425605690693146e+02
7.123946878846605841e+02
7.008045310600432458e+02
8.308699721806989373e+02
9.274951618772702204e+02
7.505701733808032259e+02
7.745519193823143951e+02
7.951699488707453156e+02
8.086464166098375017e+02
7.130708201942377400e+02
8.520478201323485337e+02
8.169230575549917148e+02
8.776930297058614769e+02
7.625185775678486380e+02
7.856271369976618644e+02
8.190470945073882376e+02
8.648442500874612051e+02
7.703012915458518819e+02
7.542567823538277025e+02
8.296387530235929262e+02
9.088445315145247605e+02
7.373993939929105181e+02
8.879326962823054146e+02
8.449656846745425582e+02
7.711284216474807636e+02
7.842032152355561720e+02
8.908135811224026384e+02
7.871809382642577475e+02
8.290630337714706002e+02
7.735670649755020349e+02
7.274252812176571297e+02
7.803267776437344310e+02
7.781103527535569810e+02
7.554449538617235476e+02
7.778533286551304400e+02
7.723507884796767939e+02
9.437217400957858899e+02
7.544741261355993629e+02
8.254431809898844676e+02
8.567255368115399961e+02
8.631499748670955796e+02
8.093259764547050281e+02
8.364869695096109581e+02
7.955982116032541853e+02
8.408454988736232281e+02
8.349390819833540718e+02
8.116374278656376191e+02
8.232052350491572952e+02
7.871139042685073264e+02
7.407499628147407975e+02
7.246867730094805893e+02
7.109741226480645082e+02
7.819552793391342220e+02
8.117166527024228344e+02
7.606245077000005494e+02
8.775329237723128699e+02
8.371685586939843233e+02
9.014691135648637328e+02
7.790914649117694353e+02
8.011038589292841152e+02
7.929340002063042903e+02
8.100003846235321134e+02
8.119530577690737800e+02
7.411442092349257109e+02
8.165294410655504862e+02
7.439524050735184346e+02
8.571353427773515250e+02
8.394488346655389250e+02
7.330817166581895208e+02
7.035924070827393280e+02
7.386172906557804936e+02
8.067545177610076053e+02
8.196940641337671423e+02
8.069866893226973161e+02
7.910437931110993759e+02
7.355582198256954598e+02
8.998360137130709973e+02
7.688415778869386941e+02
8.402145983268391092e+02
7.682827953673470347e+02
8.269240752762477769e+02
7.052186102457586685e+02
7.511524916990111933e+02
7.555175208979206900e+02
8.112648353001461601e+02
6.996462604775584850e+02
7.597391792799927543e+02
9.017038320770186601e+02
8.827221798754877682e+02
7.773089888262811655e+02
7.894038930982559350e+02
8.068248979735363946e+02
8.546669632063455992e+02
7.258374773419369603e+02
8.159086499005023825e+02
8.435534433493539836e+02
8.414698895527792502e+02
7.937115990881906100e+02
7.533148057870166667e+02
8.102859686666236030e+02
8.037280713099142986e+02
7.413813478830365966e+02
7.500688773962900768e+02
7.866429517934445812e+02
8.002645025175867204e+02
7.532317467185430360e+02
7.418711396358676211e+02
8.226593503144246142e+02
8.612536066504683276e+02
7.785622407169532835e+02
8.064718944941773771e+02
8.247498450395085001e+02
8.032819516162036280e+02
7.725626105587306256e+02
8.088683905155153298e+02
7.950479573205484485e+02
8.254609844189467367e+02
7.377109065261699925e+02
7.971035831615861298e+02
8.909416239069071253e+02
7.791419110194657378e+02
6.866850375601211454e+02
8.134289069743224445e+02
8.145952858670073056e+02
8.794094173671602448e+02
6.920378699338525621e+02
8.911683679681559624e+02
7.943306549659964730e+02
7.707196329288392462e+02
7.551877587269593732e+02
7.937488808875016275e+02
7.320420560701211343e+02
7.605956140072871676e+02
7.975335488466115521e+02
8.583644602351971571e+02
8.416263877733609888e+02
7.633796517540255309e+02
7.359111398108161666e+02
8.704033058159952816e+02
7.821126318794998724e+02
8.421025446827782162e+02
7.795006079359696969e+02
7.992225436645899208e+02
8.120152506881072441e+02
8.340748590918062746e+02
7.209230230515581752e+02
7.452282966871747476e+02
7.557782781422632752e+02
9.042720406184896547e+02
7.700181064612089585e+02
7.757092275624354443e+02
8.625969369948265921e+02
8.034583897022378096e+02
7.243882251590988517e+02
8.447729781036289296e+02
7.427433678607617367e+02
8.431069949935917975e+02
7.845668815032870498e+02
7.663136869306308654e+02
7.924035204897263611e+02
8.327041184786887698e+02
6.406764887615202042e+02
7.790838668329305392e+02
8.345006648367443631e+02
7.652908576308658439e+02
7.582803118149518014e+02
8.032211939423914373e+02
8.191098923553901159e+02
7.666859651487704923e+02
7.480281312072498849e+02
8.129804020144047172e+02
8.128834636373886724e+02
8.259757499433405883e+02
7.666887138866729856e+02
8.233683058231139285e+02
8.117081420713607258e+02
8.491687469266648804e+02
6.991578429346537860e+02
7.759432669047436093e+02
7.570815629828309739e+02
7.966466969289926965e+02
7.128048912768966829e+02
7.643835698473426419e+02
7.756134813903945542e+02
8.480278540660821136e+02
7.839786022204665414e+02
7.881051189938118569e+02
8.207813167610070195e+02
8.845924536185493707e+02
7.265433508876470796e+02
8.564058925871913743e+02
9.169676307597146661e+02
8.487835189444537036e+02
7.502918015050862550e+02
7.849338107597441194e+02
7.750624416413188555e+02
8.860115218224307228e+02
7.533614476380099632e+02
8.724291709392666689e+02
9.747966642217543267e+02
8.201070386530195719e+02
6.930792295136798202e+02
8.623820749442541000e+02
7.999909314883108209e+02
7.329577832092187464e+02
7.805961171135265886e+02
7.291533146058296779e+02
8.550007280621030077e+02
8.308610072406128211e+02
7.525080258367866008e+02
7.737165403215510651e+02
7.700023055227769646e+02
8.802639420910998069e+02
7.597730034854075711e+02
8.222123628538572575e+02
8.851502935295006864e+02
8.463080418152730999e+02
7.535583084463144132e+02
7.476613492514856034e+02
7.797714934053404932e+02
7.456595983081050463e+02
8.072780091538787701e+02
7.395488529224920740e+02
8.715446781126235010e+02
7.783149517224943565e+02
8.380166581623868751e+02
8.943691769295271570e+02
7.678686267192920241e+02
7.994033052752480444e+02
7.305406199485126990e+02
8.410144041323485453e+02
8.101800565739056310e+02
9.460937415373301747e+02
7.597885968733883146e+02
7.237953419805064641e+02
7.201732561271146551e+02
8.716498108639832481e+02
7.668483254975029695e+02
8.764033334306316192e+02
7.836876962624402267e+02
7.446399619117454449e+02
7.562005248836632063e+02
