8.415089112273110459e+02
7.417754941044280486e+02
8.040283279874021218e+02
6.979827424184986739e+02
7.691230275195972581e+02
8.728571033706830349e+02
7.527511260622408145e+02
7.100119099998836418e+02
8.129473361284707380e+02
7.971031744045289997e+02
8.391412555152998038e+02
7.938193585050415777e+02
8.125204296137868596e+02
8.585473264827771800e+02
7.051433268482174981e+02
7.601163317313601056e+02
8.352655736994015570e+02
8.176927628066908937e+02
7.941950546248070850e+02
7.336209432587461379e+02
8.043616719449917127e+02
8.084642929120697090e+02
9.254220796951583452e+02
7.730794824839250623e+02
8.606240798810997603e+02
7.573368690417655671e+02
7.776473683990138852e+02
7.924385168415483349e+02
7.756011307564381241e+02
7.591467919802778397e+02
8.395215932058731596e+02
7.881859567352455542e+02
7.662826622375777106e+02
7.735498760859616141e+02
8.471161795046627958e+02
7.206858806178237273e+02
8.650982700911424672e+02
8.065482022891479801e+02
7.336259415292724952e+02
7.822445106420007050e+02
7.773916883449679744e+02
8.002180435249551920e+02
8.036268617159886389e+02
8.554389495975287900e+02
7.891687923757202725e+02
7.975280673336035306e+02
7.386606763073006050e+02
8.606562688338030966e+02
7.341093193257078156e+02
8.800066340992163987e+02
8.659233732037017717e+02
7.498357770214713582e+02
6.693566242981917185e+02
8.288900635906850312e+02
8.383720385088240619e+02
7.555749065569344793e+02
7.577882194776557299e+02
8.312382358261897934e+02
8.169599930629611890e+02
8.016282586907967698e+02
7.658531817583930206e+02
8.324106527491944689e+02
7.366955901202201176e+02
7.343908540026448009e+02
8.017251488756887738e+02
7.542688871312985839e+02
7.620232241435344349e+02
7.842266460949832663e+02
9.249876472710052440e+02
8.462010416101086321e+02
7.726478001100222173e+02
7.308340448206243991e+02
7.473996084178991168e+02
8.150473152783856676e+02
9.312014698126453141e+02
7.628395961545331829e+02
7.578962837063741063e+02
8.423523517794221789e+02
8.818217674286886449e+02
7.284167209165052554e+02
8.274263703590276009e+02
7.020099184172735249e+02
8.323815354752326812e+02
8.188896674674705309e+02
7.834357441911411115e+02
8.757020936597692753e+02
7.712482066424352070e+02
8.688207281195311680e+02
7.339886678136679166e+02
8.486268972989238364e+02
8.844469226531712138e+02
6.918663416323566935e+02
8.041837697353803378e+02
7.415247654070627732e+02
7.762191699488349741e+02
8.020628070709369695e+02
7.191637732244903418e+02
7.711651739513027906e+02
7.777193665244274143e+02
8.468726126388852435e+02
7.779435226344576222e+02
8.302300158170060058e+02
7.862537244615610916e+02
8.097513151274015399e+02
8.018531893467335294e+02
7.900311930318650866e+02
8.339346590401023604e+02
7.661838817664461203e+02
8.712221513009355931e+02
8.180014676619646252e+02
7.549555870699975912e+02
7.975860489453611990e+02
7.972337810989301943e+02
8.595264504436659081e+02
7.922889515776771532e+02
7.796770214479834067e+02
7.631164809361025618e+02
7.547356579466272706e+02
7.816975793064270874e+02
8.032223497301251882e+02
7.318877992986456320e+02
8.472936524514929033e+02
8.006026401563171930e+02
7.148214545900251551e+02
7.409131555408965824e+02
8.650270226552588611e+02
8.645528691929182514e+02
7.583874784221042091e+02
8.382955323075659635e+02
7.009724985838353177e+02
7.382392218593230382e+02
8.641197676656697695e+02
7.098403640736884199e+02
7.237178679042401654e+02
7.601843468570700679e+02
8.051181372222504251e+02
7.487987927116471383e+02
8.602104250579793643e+02
8.625904909569696883e+02
7.534639236431283962e+02
7.910210071462879569e+02
8.048887053989453761e+02
8.731428564624638966e+02
8.073541937972152027e+02
8.397631218069807346e+02
7.454651169198577918e+02
7.801158915229402737e+02
8.041781620236954495e+02
8.123183182235255799e+02
8.465505569060718472e+02
7.508927875809043826e+02
7.760324100150291997e+02
7.104242484473541026e+02
8.221559363119738464e+02
8.062923116348409849e+02
8.034122189076316545e+02
7.049843361497793239e+02
8.194514071177605956e+02
8.307330641116590186e+02
7.693624248834235004e+02
7.966856530729568249e+02
7.467673498386050142e+02
7.617418122707620114e+02
7.584309738498689057e+02
7.959940442433489807e+02
8.988162339935574892e+02
7.955669835133915058e+02
7.385484268640497021e+02
7.830412297835639492e+02
8.904954734695736533e+02
8.338590476325218788e+02
7.690417759053975715e+02
7.666962667249823653e+02
8.317454955594413377e+02
8.906435391881061605e+02
7.382525994027803335e+02
7.760356080715562257e+02
7.619340324950018157e+02
8.623993974996781162e+02
8.618884439071708812e+02
8.837603534012229147e+02
7.344301264394142663e+02
7.773837064682428490e+02
8.909577499713242332e+02
7.979037314976775406e+02
7.811971707303218864e+02
7.935178335828404670e+02
7.994066001625043327e+02
8.074499260177552742e+02
8.320999277738950468e+02
7.660707041460678965e+02
7.126413595009055371e+02
8.366648399611419791e+02
8.607125170057242940e+02
7.372239297791749095e+02
7.831800117584360805e+02
7.782671026201395534e+02
8.618118375460560401e+02
7.552023125482357955e+02
7.913264744148617638e+02
8.458283487774729110e+02
7.858975685085310943e+02
7.906013658276218621e+02
8.893933189886624859e+02
8.170699347457714339e+02
7.607379253170896618e+02
7.511916265311639336e+02
8.409217524586517811e+02
7.813241447496700403e+02
7.988143852718878861e+02
9.869551047655916136e+02
7.503751754324300691e+02
7.819034446753616976e+02
8.200755155596607437e+02
8.518830183802195961e+02
7.583306261109075876e+02
7.716635007244262852e+02
7.870385814669665479e+02
7.753851268556578589e+02
7.775989932359477734e+02
8.099314650410619834e+02
8.774211658491285561e+02
7.565379323590240119e+02
7.386560148771153536e+02
7.566721525165030471e+02
7.628499838323785980e+02
8.663126098345331911e+02
7.811810160376641079e+02
7.126722958047625980e+02
8.087885974164797744e+02
8.091095791978832494e+02
7.297652004264101606e+02
8.335800070417928964e+02
7.451770605168751445e+02
7.649518496005601946e+02
8.018285596873425902e+02
7.384918745938242637e+02
8.549681434155861552e+02
7.874197335690380442e+02
8.186132197120118690e+02
7.939257978665053770e+02
7.771174849995877594e+02
8.493356736639756264e+02
7.837047588378687806e+02
8.050685484317790497e+02
8.284883451595037513e+02
7.553229998186475314e+02
7.644470604479570284e+02
8.212555875671351941e+02
7.891419920592813924e+02
7.955908557007559239e+02
8.817522629017607869e+02
8.806101800343251398e+02
7.784898312490031458e+02
7.465285210680696082e+02
8.575224992201056011e+02
