9.143373721243640375e+02
7.417754941044280486e+02
7.925286384789118301e+02
7.963613041352895152e+02
8.045756363105319906e+02
7.594559406655265548e+02
8.551747127670797681e+02
7.312587509036404754e+02
7.611610138017031204e+02
8.008570522290744975e+02
7.332794539957890265e+02
7.851721492316329432e+02
8.687096707467180750e+02
7.644672998989052530e+02
7.530887551141920540e+02
7.456480474178054010e+02
8.043620157067326772e+02
7.919283002223631911e+02
8.186517067536993864e+02
7.445530161534818490e+02
7.144802627829819812e+02
8.008969573969009161e+02
8.259828171142784186e+02
8.228534951921603806e+02
8.463502601792365567e+02
8.619837242434803102e+02
7.221001367364285670e+02
8.396828486647100362e+02
7.453412756078035954e+02
9.216104032466363378e+02
8.034727011584776619e+02
7.921804814185311443e+02
8.032294391412758614e+02
8.612550729676654555e+02
8.540191323880322898e+02
7.454214850715419516e+02
7.496582754685284726e+02
8.239930491035211162e+02
7.692283069295586984e+02
8.844055072081853268e+02
8.408309795258913937e+02
7.200869511175397975e+02
7.949400853957952222e+02
8.374894749141330976e+02
7.212813700642952881e+02
8.056164166679367327e+02
7.799696917138791150e+02
7.664328823992751722e+02
8.189295421456706663e+02
7.557827465694739431e+02
7.036793733170520682e+02
8.223890851924294338e+02
8.521143246809645007e+02
8.598007704924652899e+02
8.402077640926472668e+02
7.387579775201400025e+02
8.295835667149935944e+02
8.334642790821358176e+02
8.040211219062558712e+02
7.556918599782230785e+02
8.692303073645385894e+02
7.904143665568896040e+02
8.549233735195347208e+02
8.259495689739121644e+02
8.296604413659317743e+02
7.908699342559490333e+02
7.157130644108713113e+02
7.855155606672072963e+02
7.128669151688609418e+02
7.632396853556314227e+02
7.653241234155099164e+02
8.743074585484528143e+02
7.650626441031553213e+02
7.613166635032778231e+02
9.102015163094397394e+02
8.625938940160490347e+02
7.690710256175957511e+02
8.867127470771913522e+02
7.637501760386903698e+02
7.589479058145280987e+02
8.134158144395725003e+02
8.919366034267640089e+02
7.894018010953545854e+02
8.065458304184497820e+02
8.383987002698388551e+02
8.180246808775879117e+02
8.582442051727862236e+02
8.195250142512165894e+02
8.731063682867408033e+02
7.551000407288004226e+02
8.284440583301930019e+02
7.177752545511847302e+02
8.032959907414823419e+02
6.950230409762071986e+02
9.238036117396507052e+02
7.334269514348936809e+02
7.639976413692228334e+02
8.022514996615047949e+02
7.917436684021043902e+02
7.650049046330583451e+02
7.430506469558590652e+02
7.552017948535145706e+02
7.687604953875369347e+02
7.776907116280131049e+02
8.417304881108109385e+02
7.721418988092004838e+02
8.347337969906672015e+02
8.221022571590816597e+02
8.184211160690640554e+02
7.713033258236737311e+02
8.137712600490127670e+02
7.808822484518376541e+02
9.207117762942402805e+02
7.413877465771586230e+02
7.789461228718084840e+02
8.802261181552419202e+02
7.686734632115544628e+02
8.201153695522725684e+02
7.563755931679012292e+02
8.887350315102081595e+02
7.246524786429222331e+02
8.279847211731176913e+02
7.729732064397375098e+02
7.999122927206944951e+02
8.276363143163414406e+02
8.313058378151865782e+02
8.538628855066280039e+02
9.533881825176038092e+02
8.196670456187055152e+02
7.425751140070304928e+02
8.229215891208850735e+02
8.837022030670975710e+02
7.838916032423784372e+02
8.150485501347015997e+02
8.274402087635507996e+02
7.920572811604550907e+02
7.687740329978630598e+02
8.842691077883644084e+02
7.795774354819261589e+02
7.876912378901851071e+02
7.789323344485205780e+02
7.482700558681955272e+02
8.176780093219093715e+02
8.352887061348832276e+02
8.229068890261796696e+02
7.034147081169353442e+02
8.499505572383637855e+02
8.046878793480993863e+02
8.233785099229017987e+02
8.575600544302537855e+02
7.567510539633476583e+02
8.271220228635488638e+02
8.623776729088056072e+02
7.030731077970491469e+02
7.393868218782564554e+02
8.753137069440010691e+02
7.747551306228840531e+02
7.507550784125189693e+02
8.585232911317978051e+02
8.500569562794689773e+02
9.004690769595372331e+02
7.829386812018836963e+02
8.450801301119104210e+02
7.558653903708420785e+02
7.146817007307287213e+02
7.269970508617407177e+02
7.808096482739792918e+02
8.079426359894938514e+02
8.471514456408399383e+02
7.029490894257432956e+02
8.695893897902358276e+02
7.210473135308639030e+02
8.693417847652940509e+02
8.764183686458097782e+02
8.198389481562695664e+02
7.935735406479828953e+02
7.557393800382936888e+02
8.897467531175540216e+02
7.818895560254293287e+02
8.285917006341375100e+02
8.244701062024176963e+02
7.766750845916437811e+02
7.129583398557596183e+02
8.661897520151112531e+02
6.598927686839418811e+02
7.733944062090945408e+02
8.271514634161916319e+02
8.414881979534993661e+02
7.803444761478646114e+02
7.203676158815794679e+02
8.394362506095654908e+02
8.505004887633149337e+02
8.278529449351603944e+02
7.095744789959624086e+02
7.823669907743155818e+02
8.583332946673922379e+02
8.195718060829497063e+02
7.678174198571886109e+02
8.430396309530759709e+02
7.503935665529328389e+02
7.432266598856094788e+02
8.167444168737830523e+02
8.381192563910273066e+02
7.122472651582191929e+02
8.526373858294931551e+02
7.602215580663826131e+02
7.363335646538268975e+02
9.272883560822813251e+02
7.599684571985077355e+02
8.043296989307225431e+02
8.288455000925109744e+02
7.407783087947968852e+02
9.329277215119609536e+02
7.769307191623939843e+02
7.937475620360479525e+02
8.914958534281399807e+02
7.386933040808960413e+02
8.535033343918856872e+02
7.225724653812121687e+02
8.619507669780107335e+02
8.549603663978859913e+02
8.497614417099964612e+02
8.782498728496368585e+02
8.631763343975480893e+02
7.306074275767419977e+02
8.473131316553581200e+02
8.142718933801226058e+02
7.432384817694236290e+02
7.914966842675837597e+02
7.971790392659710278e+02
7.982973988451334435e+02
9.089140605819868597e+02
8.208027142964940595e+02
7.450656757598388822e+02
7.436876287751256314e+02
8.412192684293015645e+02
8.210999387270209127e+02
8.475854429995906685e+02
7.815817331331279547e+02
7.787455693761125985e+02
7.617119673798872554e+02
7.290463901014551311e+02
8.813682516527412645e+02
7.436826930516464245e+02
7.833912791040977481e+02
8.723385242175397707e+02
9.088494924261935921e+02
8.195634297952956331e+02
8.231381922122465085e+02
8.136510766246358344e+02
8.828005358975035506e+02
8.118066774518824786e+02
8.637247679288811923e+02
7.317985087965477078e+02
7.156051114181029789e+02
8.433401945656332828e+02
