8.081554699872660876e+02
7.417754941044280486e+02
7.621597731719707554e+02
7.189776913539390080e+02
6.776348763810117362e+02
8.139884925101039244e+02
8.260512426283810328e+02
7.263552359058044203e+02
7.462884565316443286e+02
8.467417196624805911e+02
8.041176257613997223e+02
7.883131123434390020e+02
7.975791127871168555e+02
8.404926000124161192e+02
7.321794931057347640e+02
8.160189008140584974e+02
7.847057993151175879e+02
8.109837431999906130e+02
8.511474297300507033e+02
8.777151397919895999e+02
8.008581113871121033e+02
7.472467958991528576e+02
7.861320901347895642e+02
7.368717780051900945e+02
8.649570426972975383e+02
8.039815215659095884e+02
7.630476297407366246e+02
8.432156600665225596e+02
7.826642206281175049e+02
7.129250655267929915e+02
8.154553489925096983e+02
8.872653676586068059e+02
9.125534642974062081e+02
8.178252872315983950e+02
7.417244116957928100e+02
7.206428314402526212e+02
7.709744897758122306e+02
7.453661456664724483e+02
7.634344264081188385e+02
8.019974393906081787e+02
8.450797795704439750e+02
7.332535888251906044e+02
7.713091905880135073e+02
8.726367633683710210e+02
7.823547701152069749e+02
7.671049482086533544e+02
7.906384783938364080e+02
7.769673542135365096e+02
7.635906264169362885e+02
8.200553869552381911e+02
8.018109101362963429e+02
8.112521151309986180e+02
7.098720617887413482e+02
8.010055119030879496e+02
7.829552913991579999e+02
7.555028916451469740e+02
7.801406195589839854e+02
8.376514034429030744e+02
7.507924055246505759e+02
7.773578740162731719e+02
8.021472491663122355e+02
8.675182694627659430e+02
7.350834069476629793e+02
8.662422165149505418e+02
8.265556553873684607e+02
8.600858776839379516e+02
8.274527689937793866e+02
8.181676530736314135e+02
8.009532120034359650e+02
8.094271550166093903e+02
8.000118707922920294e+02
7.301970821428210456e+02
7.880269812258746924e+02
7.758234273128582572e+02
8.348308750363443096e+02
7.501556967113564269e+02
7.824702361305994600e+02
7.933189828870200699e+02
7.759055765168442349e+02
7.454829271426438027e+02
8.040148021777467875e+02
8.378419501316909646e+02
8.039066068960610210e+02
8.368730148316421946e+02
7.768161622797458676e+02
8.104759708902113289e+02
6.932147761888153354e+02
8.548924994759281617e+02
8.958503614952421685e+02
8.104768717358793992e+02
7.938727717033759745e+02
7.697951695524722027e+02
7.457634772395025493e+02
7.781716323536198843e+02
7.887696579835863986e+02
8.101664193528820306e+02
8.607415165020372569e+02
7.815369502616288173e+02
7.661610809306206420e+02
8.780590722989029473e+02
7.409178762383211279e+02
8.429002312476698080e+02
7.356753377021007054e+02
9.171711368292492352e+02
7.492530533718291963e+02
8.030727162258232283e+02
7.827169264433264289e+02
7.949659062341318077e+02
8.198261075955250590e+02
7.912526083991054975e+02
7.634858346417305484e+02
8.117200556543325547e+02
7.743865494686911006e+02
8.267992702347393106e+02
7.798367272617595063e+02
7.686480158877294571e+02
7.274441704596337104e+02
8.655236643684352202e+02
8.206565729962208025e+02
7.843216709105151949e+02
7.529873336630699896e+02
8.351799871093444381e+02
8.585688719369927639e+02
7.830607201102754971e+02
8.085806886464843046e+02
8.360300896975760452e+02
8.057732498308216691e+02
7.680521582488293006e+02
9.064663915334126614e+02
6.989123525978645830e+02
7.879753797658097483e+02
8.232027026834039134e+02
7.538770536239883313e+02
7.591378989601023477e+02
8.196726290850750729e+02
7.783214352107236209e+02
7.809161890311316938e+02
7.587219296535485000e+02
9.364965237403459923e+02
7.356369247740389028e+02
8.429645422796529601e+02
7.974213037503521946e+02
7.848140469675126951e+02
8.124534186048549600e+02
8.198605794602461856e+02
7.817685168173528609e+02
7.266929903275889728e+02
8.304535483846361785e+02
7.653542107043836040e+02
9.250321543604270573e+02
7.759442279855695688e+02
7.588417514287616541e+02
7.457182096929273030e+02
7.845301715165388714e+02
8.489957865705579252e+02
8.241869087251803876e+02
7.900278546575434575e+02
8.168610798542235898e+02
7.336453642554454291e+02
7.345888280738270169e+02
7.725311430574904534e+02
7.952280188614894314e+02
8.004963783206513881e+02
7.174876587318473184e+02
7.998126188414075841e+02
8.246860101129618670e+02
7.581803957298001251e+02
8.027386504798350870e+02
7.631488746902523417e+02
8.687956631375408278e+02
7.365722238755015496e+02
7.931478060636716236e+02
7.191500710145032826e+02
7.922335619347322790e+02
7.534239133989043466e+02
7.115797090167999386e+02
8.302547241532630551e+02
8.394266464975095232e+02
8.390750710780953341e+02
8.849293831533403818e+02
8.374378847243110613e+02
8.381652868174304558e+02
7.286676450412179520e+02
8.359471568202170602e+02
8.076655549283940445e+02
7.285860838562774688e+02
7.678975719740858494e+02
8.461161116742221111e+02
7.716459341967151886e+02
8.161646181245308753e+02
7.914091958868250458e+02
7.946873677520597994e+02
8.517713963829746717e+02
8.914813528003421652e+02
7.765271290429658393e+02
7.865170348612322186e+02
8.975399031938559347e+02
7.645380186384782064e+02
7.879507575646060786e+02
7.693838147994589463e+02
8.183278538714795332e+02
7.391955017646324677e+02
7.227045436104301643e+02
8.424601982826208086e+02
7.520581131259629046e+02
8.807899555965208265e+02
7.465439549213519967e+02
9.110762625427901185e+02
7.933169488985561202e+02
7.774843983098251101e+02
8.324993350354531003e+02
7.173598851759079480e+02
7.934041784398434629e+02
7.830352614697071658e+02
8.950973317215884890e+02
7.366486239318630851e+02
7.693643069191813311e+02
8.743468753839745204e+02
7.591989725860115641e+02
7.498795877454498395e+02
8.513867206590201704e+02
8.189079808112140881e+02
8.441899190323206312e+02
7.939872132965007268e+02
7.822206943168833959e+02
8.192325666665478821e+02
8.423214144351677533e+02
8.574172215384999163e+02
7.653192994917516216e+02
9.687071757889948458e+02
7.957430922778260083e+02
7.786750094218779168e+02
8.233136841025661852e+02
8.257756664718350521e+02
7.479854484167544797e+02
7.793893569144769344e+02
7.395619545372264838e+02
8.204265754396205921e+02
8.511343824270638834e+02
8.182608818228981136e+02
8.804356794109240809e+02
7.769869888715215893e+02
7.540889467467633267e+02
8.037577199718934935e+02
8.199597140182315798e+02
8.431006916032430354e+02
8.481340880212893580e+02
7.647388700804524433e+02
7.323716868414594501e+02
8.127549741962848202e+02
7.861765143069835631e+02
8.135272539121708633e+02
8.893107070688670319e+02
7.749616251209845359e+02
7.028131995095989168e+02
8.602765778750023173e+02
