9.108304467129455588e+02
7.417754941044280486e+02
8.379498263120738102e+02
7.244345769447379553e+02
7.495707523108471833e+02
8.933082245247146602e+02
8.230287358169687195e+02
7.955822798470164798e+02
8.343080690837881548e+02
7.002376218414979121e+02
8.009407284536591760e+02
7.546981764866087588e+02
8.581851707536162621e+02
8.402442538760271873e+02
7.324481825667110115e+02
8.444231983900771183e+02
7.634111082061731395e+02
8.406612016481412866e+02
7.751232954497121455e+02
7.911637674016022856e+02
8.222926007935843700e+02
8.298855389529978765e+02
9.773708205696981395e+02
7.799331829577796498e+02
7.595010552165994113e+02
8.380447698589434822e+02
8.171436568479547304e+02
8.358033911325485406e+02
8.678778960052618459e+02
7.035903011519221764e+02
7.379627974865430815e+02
8.707792129427144801e+02
7.524631613390029088e+02
8.124250048583500075e+02
8.510784743202449363e+02
7.473179679242832663e+02
8.312110553457005153e+02
7.796639770307820072e+02
7.751797933786192516e+02
7.986281015564538848e+02
7.402010010494670951e+02
7.337230026378111916e+02
8.646853610018838481e+02
9.127346726436439894e+02
8.976388094093798600e+02
7.275039259891431129e+02
7.824860502304316014e+02
8.703863843509969911e+02
8.146322652124605384e+02
8.647643628745749993e+02
9.136811830849953822e+02
7.231145962860142618e+02
7.822493708838920838e+02
7.557456794468761245e+02
8.261487785351872617e+02
8.834514848885218044e+02
7.963440093516614979e+02
7.702753225971698612e+02
8.129486111928997616e+02
7.988560311809956147e+02
7.752726363394627924e+02
8.627522278379062755e+02
8.058079825589270513e+02
7.245959121570635943e+02
7.292153904302643923e+02
8.497006865097505397e+02
8.140544039121732567e+02
7.226600133053367472e+02
8.404347085162457915e+02
7.962517060691529878e+02
7.324542283885007237e+02
7.440950450114046362e+02
7.897511104215270734e+02
8.243003947187733047e+02
8.686629545534077579e+02
8.416235492484065617e+02
8.098453119382329533e+02
8.054682993148644528e+02
8.466157566589123462e+02
7.387065022701386852e+02
8.891707437435752581e+02
8.249099863453742500e+02
8.200370887513803382e+02
7.383493675764073032e+02
7.963338163850709179e+02
8.228041093539221720e+02
7.689934271109495967e+02
8.393483936604752671e+02
8.191896082456700015e+02
8.465803081159273233e+02
8.337877276434310261e+02
7.502264933162920215e+02
8.148001412095919704e+02
7.517268479060156778e+02
7.852186900766429289e+02
7.848032885369857468e+02
8.107054328057886323e+02
7.728485360562808637e+02
7.749200273359114135e+02
8.816861168064283447e+02
8.365749326162016359e+02
8.535578696424661302e+02
7.604448845313322636e+02
7.917244708358473417e+02
7.704580429239624664e+02
8.167021970576950025e+02
7.942805888508107728e+02
7.031256444344101055e+02
8.185557942702091623e+02
8.069002816119241288e+02
7.439460215844724189e+02
8.207766378939945753e+02
7.697148984728293044e+02
7.809432328044072165e+02
7.669978358234428697e+02
7.949921579784678443e+02
8.447678310466324092e+02
8.020649324018006610e+02
8.771143821850805580e+02
7.902401458843775117e+02
7.934447369784792272e+02
8.730684535281335457e+02
9.117518183268740586e+02
7.939481857320100744e+02
8.892319233964044543e+02
7.166529693827112624e+02
8.053568780833621759e+02
7.606040556685190950e+02
8.570099562326606701e+02
7.293713036015972193e+02
8.517727482097893699e+02
8.500527541938608920e+02
8.166293234518872168e+02
8.551841812306463453e+02
8.377957376321362517e+02
8.563983721489868230e+02
8.037584341200189328e+02
8.367584738905446784e+02
9.243112795231829750e+02
6.925100993142050356e+02
8.246572961808429909e+02
8.261870072648620180e+02
7.535351026861865193e+02
7.576699901725164636e+02
9.420631304922706022e+02
8.377176887990503928e+02
7.276660442008836753e+02
7.816172452891040621e+02
7.752915275032917179e+02
9.026471167605479877e+02
8.406065461177757925e+02
7.277470057794874947e+02
7.186541689663844181e+02
8.068057522040695630e+02
8.117996152332832480e+02
8.052796707368893294e+02
9.163918283526293180e+02
7.869125365698548649e+02
7.741480312143390847e+02
7.430887960072285523e+02
7.574801701733210848e+02
7.433917705684759767e+02
8.577156948731435477e+02
7.451554584000915611e+02
7.514905400059010390e+02
8.197125123194855405e+02
8.023865892894676790e+02
7.600439497980473789e+02
8.135790080838288532e+02
8.577454657386565486e+02
8.391138961013456310e+02
7.959660955736508186e+02
8.806203198308354558e+02
7.009632262120305768e+02
8.988968006597270914e+02
7.378501400433154913e+02
8.416316416976621895e+02
7.993323214361399778e+02
8.084169918544261009e+02
7.430909968835049995e+02
7.342037366618467331e+02
7.798328148047615969e+02
7.379073704173985107e+02
8.980494101557696922e+02
7.677493687306797483e+02
7.366832373840468335e+02
8.195999999602680646e+02
7.968295795932065175e+02
8.024967210826910105e+02
8.090050708879495005e+02
7.757371475993518288e+02
7.653176999790204036e+02
8.393225258760242014e+02
7.874002588791370272e+02
7.793041635419813247e+02
7.619326426962393271e+02
7.977672069451325569e+02
7.706565270950284230e+02
7.663361974108255481e+02
8.551708497094094810e+02
7.719978217656471315e+02
8.156609654072668718e+02
7.989241651733269691e+02
8.527513218310617731e+02
8.288883586196030819e+02
8.510581706950098351e+02
8.420944477230609664e+02
7.722678007147471817e+02
7.808848395981876820e+02
7.632529750849388392e+02
8.981775911229692611e+02
7.228093506118577807e+02
7.226608308877210902e+02
9.679066740148177814e+02
7.927746462267507468e+02
7.351329953834963362e+02
8.074045387576760504e+02
7.723789191755428192e+02
7.829028434654735520e+02
8.183749568949363038e+02
7.798823863330826498e+02
8.196218306595234253e+02
7.625628542352247905e+02
8.130532772261053651e+02
8.258011605199689029e+02
7.482039477426023950e+02
8.311672619379930893e+02
8.153659504779176359e+02
7.396916296863399793e+02
7.793144143276932709e+02
7.617466787835854802e+02
7.621156979272496983e+02
8.076232939430783517e+02
8.184059131738054020e+02
7.887062888371643794e+02
7.218031060220901054e+02
7.321746057451406386e+02
8.502753944846618879e+02
7.380051043889021685e+02
8.202102507548730728e+02
8.951034855974055517e+02
7.992743954826677282e+02
7.760798833851008567e+02
8.392427968320613445e+02
7.892052204038086529e+02
8.174407881120284856e+02
8.397216437311716390e+02
7.958373920358955047e+02
7.384243489991247316e+02
7.547127780082673780e+02
8.366782543861523891e+02
8.634680459436436877e+02
8.755039489609164320e+02
6.747900646376527902e+02
7.902032627647854497e+02
7.949237937758149428e+02
