8.958860732306018235e+02
7.417754941044280486e+02
8.848558623147046092e+02
7.998526792417967499e+02
6.767594876857980353e+02
8.590242715162173681e+02
8.671029689848235193e+02
7.312336359851977932e+02
7.768305392272123981e+02
7.851304395029865191e+02
8.801773326855582127e+02
7.190877115392066798e+02
8.305811830838780452e+02
7.993580468788004509e+02
7.442940174682594261e+02
7.273952414247119123e+02
8.167222345578239810e+02
8.084366284492576824e+02
8.201993072682753336e+02
7.813516155488745198e+02
7.957565986216468445e+02
8.567294819360593010e+02
8.320156064359398442e+02
7.568770989987092435e+02
8.459769206670566746e+02
8.141967301522174694e+02
7.065236536130644254e+02
8.224607662019910777e+02
8.543353391787811688e+02
7.433803404827853001e+02
7.770659700954793152e+02
8.308427004510282359e+02
8.700408280998944974e+02
7.550436532199859130e+02
8.194583995005120869e+02
8.258292364041925566e+02
8.662979770296897186e+02
7.777900786564014197e+02
7.834974254044076361e+02
7.721337006137239314e+02
8.356905810457081998e+02
7.508961824563405116e+02
7.854022099234126699e+02
8.809125716589194326e+02
8.553941007719057552e+02
8.197809149491226890e+02
7.633057854629518033e+02
8.479850747272250828e+02
7.805962139832704452e+02
8.270069508210336835e+02
8.546889147335995176e+02
7.107936517369979583e+02
7.219931743557481241e+02
9.089166797552064736e+02
8.287651135622811580e+02
8.213988866796858019e+02
7.240072434509934283e+02
7.739484288867927262e+02
8.196914339693813645e+02
8.547749039270133835e+02
7.197232854498952292e+02
8.489571351699310071e+02
8.521982761959866366e+02
7.768146430260386524e+02
7.747048007360652946e+02
8.503197174941353751e+02
7.746654902022532951e+02
7.808789975256303251e+02
7.757307582350275652e+02
8.410897993921234956e+02
7.906581503502965234e+02
7.988376148529061993e+02
7.380720194638594194e+02
8.111666239151535365e+02
8.040068502359152944e+02
7.567834698247689857e+02
7.257504770886239385e+02
9.569100493285857283e+02
8.601546657431574658e+02
7.070364845693596862e+02
7.988338375162239799e+02
7.619253872385336308e+02
9.173710222750180492e+02
8.426510621120894484e+02
8.024592642977627293e+02
8.354682084206521040e+02
7.939058373227436505e+02
7.979744304207791856e+02
8.995239132031358622e+02
7.875072313065289791e+02
7.665049120096663273e+02
7.113744367808806146e+02
7.779168555815156196e+02
8.122859600634450317e+02
8.383264774162721551e+02
7.878679638015596538e+02
8.020534716332177823e+02
7.382014474908073680e+02
8.016201138477728136e+02
9.124648914299157241e+02
8.396147385260474039e+02
8.379367349077342624e+02
7.762640797570222730e+02
8.562874300069162246e+02
8.405155152646078704e+02
8.703231648565999876e+02
8.120779235381229455e+02
7.844120693357648406e+02
8.277695509039996296e+02
8.400171742275881570e+02
7.269989891526703332e+02
8.347319622414861442e+02
8.220421959918000994e+02
7.910092388632989469e+02
7.296976568228875522e+02
7.952420532560561242e+02
7.837734481405044562e+02
8.113005329837551471e+02
8.176424044481260580e+02
7.447814900924785206e+02
7.051753233706990613e+02
8.758394954348325427e+02
9.506431089081613663e+02
7.739834345631694532e+02
7.514956428104629822e+02
7.854335588461005955e+02
8.270564915380178945e+02
7.018628651879525933e+02
9.522391055343321113e+02
6.962562801645475474e+02
7.510813991356320685e+02
8.193195107711568426e+02
7.667717497494014651e+02
7.962247741561703833e+02
8.301784951324065105e+02
9.007684723578606736e+02
7.549088722928918287e+02
7.697789840677417033e+02
8.994249116778904636e+02
7.396577830415485550e+02
8.269810591359729415e+02
7.758893517404176237e+02
7.628135941510795419e+02
7.678523300156307414e+02
8.082536181644960607e+02
8.043518339849745189e+02
7.952611436763851316e+02
8.661554881776723960e+02
7.813605420647963911e+02
8.486770914265434840e+02
8.352962256909906955e+02
7.160323804679831028e+02
6.896198168035534763e+02
8.150293112740372408e+02
9.256487979118014664e+02
7.484846585936585370e+02
8.682848516699702941e+02
8.895061526983811291e+02
7.810894733803567078e+02
6.948822580216830147e+02
7.555622968503803349e+02
7.653760424709759036e+02
7.855417249395497947e+02
6.870624930054309516e+02
8.815751596382460775e+02
9.244302031577362868e+02
7.934160719717775692e+02
8.751768401661046255e+02
8.089300161931457751e+02
8.460038298190228261e+02
8.666132337576279951e+02
8.290315250618333494e+02
7.557494061017933973e+02
8.395674383439397843e+02
8.303172005285996420e+02
7.629047092757634800e+02
8.337966589478719470e+02
8.396343481542216978e+02
7.842150632300249526e+02
6.978323355804346875e+02
8.670111152785681270e+02
7.571646118113580997e+02
7.288868772849514244e+02
8.640056450728756090e+02
8.122839992093048522e+02
7.971650922622717417e+02
8.500621838343313357e+02
8.975254685272288953e+02
7.994661213836640172e+02
9.342406731821168933e+02
7.677867674707204060e+02
8.004910741697549383e+02
7.732891024298777438e+02
8.025801399719846358e+02
7.677907879187855542e+02
7.493780993520429092e+02
8.028657905842767377e+02
8.073912796889254651e+02
7.830558553606814485e+02
8.256895484329659212e+02
8.003694560298600891e+02
7.372875562069700663e+02
7.922186996735247249e+02
8.973973653352246629e+02
7.863824693222246651e+02
7.396608452931354805e+02
8.397755889707223105e+02
7.650433555804239631e+02
7.483539332603395451e+02
7.531608790251667642e+02
8.631173524805881243e+02
6.702176070682858153e+02
7.436338614989743974e+02
8.412329099051124786e+02
8.458396576656245998e+02
7.370488450461147067e+02
8.676051161426114504e+02
8.262856801615404265e+02
7.559003690236163493e+02
7.434793859582890718e+02
7.746733003640928246e+02
8.224431841139215749e+02
8.755115878713675102e+02
7.448806809783251310e+02
7.656850262676900911e+02
7.389504023963841064e+02
9.022585120852563705e+02
7.684942684800736288e+02
7.472655734653903892e+02
9.100362217609048230e+02
8.369923818392467183e+02
8.045028068264374497e+02
7.877549156954225964e+02
9.313609112724752777e+02
8.247449398745525286e+02
8.280089474073838574e+02
8.046506221043912319e+02
7.800377201049765290e+02
7.670774234112095655e+02
7.753066528667837929e+02
9.022263075669784484e+02
8.156865255853290364e+02
7.935606943883419717e+02
8.314883028739068322e+02
7.739384467759535937e+02
8.347031192256032455e+02
7.846793102498127155e+02
7.469487568622378149e+02
7.069400251695957422e+02
8.205505966453074507e+02
8.061924069982302399e+02
8.231393347586332538e+02
8.700334783856656031e+02
7.274520875545306353e+02
7.565751962955959016e+02
8.747971683417461009e+02
