1.025078697524284735e+03
7.417754941044280486e+02
7.672405098247015758e+02
8.563676092079319915e+02
7.248234835748330624e+02
8.676797394056291068e+02
8.034797940151577222e+02
7.233894262812531224e+02
7.269349322807986482e+02
7.650058075752642708e+02
8.374090624688739126e+02
7.861992525490661592e+02
8.483932376696645861e+02
7.889322856926933127e+02
7.233040775379062097e+02
7.815611794304190880e+02
8.323125523116447084e+02
8.437384662786815852e+02
8.035534888314847421e+02
8.085736916421017213e+02
7.408347207675585651e+02
8.168147265533916652e+02
8.424593257447304495e+02
8.275919184503964061e+02
8.614315316529909978e+02
7.642653248516276108e+02
7.466626253147604757e+02
7.826018260290176158e+02
7.266627374976036435e+02
7.703424843045208945e+02
7.381047254797900905e+02
8.862015323393513881e+02
8.185460841272883954e+02
7.287187356759532122e+02
8.645824315903553270e+02
7.655171566519007911e+02
7.951406695992559435e+02
8.082934635632205982e+02
7.003843039720986781e+02
8.031557727186271904e+02
8.424763505616891734e+02
7.561445521132534395e+02
7.595983438478674543e+02
8.595072698246908658e+02
7.868131613296129672e+02
7.291418765288881332e+02
7.712752942591956753e+02
7.757782091337129486e+02
7.656403326776676295e+02
8.184519828367820082e+02
8.067434437956544571e+02
8.082343489841871360e+02
7.533734958504041970e+02
9.121392735057600021e+02
7.450382860724414513e+02
7.843865001203831753e+02
8.201239858074858375e+02
8.377787625664929010e+02
7.055437661925908515e+02
9.235526946461520765e+02
7.633816038781118323e+02
7.871573934217137776e+02
7.729821130382933916e+02
7.779392433013431400e+02
8.760287034987088646e+02
7.409311400866109807e+02
7.165406826899918542e+02
7.654870756304578663e+02
7.569095668223765188e+02
8.863682567136945636e+02
6.923190638517124853e+02
8.866370898908153322e+02
7.238841763269012972e+02
7.499520200393563982e+02
8.628761221726661006e+02
8.381765144458397572e+02
7.093412765952321024e+02
7.893967351266301193e+02
7.120137924133892966e+02
7.342224659226765198e+02
8.826534084405711837e+02
7.452629601072716241e+02
8.288548475055814606e+02
7.731903477981921924e+02
7.704007195181702627e+02
7.434726114874334826e+02
7.558786175567083774e+02
9.350350796885513773e+02
8.357769473598327750e+02
8.621283803823588414e+02
7.405564910392583897e+02
7.537327089533303024e+02
8.119546750625167988e+02
7.804716679987400312e+02
8.603471186767121708e+02
7.613173347897661642e+02
8.689744974152544046e+02
7.825897841494804652e+02
7.562675115617579422e+02
8.719465731264547230e+02
8.366985620582768206e+02
8.512454986240604740e+02
7.251769586157055301e+02
8.179968705241034286e+02
7.604827032129062445e+02
7.883563477829051180e+02
7.440232198565173576e+02
8.223501880714292156e+02
7.803197831230825159e+02
8.226483104331484810e+02
7.585733608605643212e+02
8.974973255555041760e+02
8.296900797452445886e+02
7.730984099433550227e+02
6.743864191814151354e+02
8.569106419972657704e+02
7.057650952650470799e+02
8.799289941906170043e+02
7.605906629259346801e+02
7.810983193803244831e+02
8.034428299334317671e+02
8.461992853515580464e+02
9.038982100404596167e+02
7.480460279300023103e+02
7.546441423087374005e+02
8.609362370568586584e+02
8.375626249646514907e+02
8.200827839421917815e+02
8.118434429333694879e+02
8.130520991050185557e+02
8.082990859297743782e+02
8.474537014956390522e+02
8.334476332371450553e+02
7.491835318436001216e+02
7.433815241391403106e+02
8.140222973784943861e+02
7.932629893919265669e+02
8.134873449854678711e+02
9.121792276999103706e+02
7.517430333188940494e+02
8.602511731027941551e+02
7.710051801234852746e+02
8.306311238510118073e+02
8.731091269373256409e+02
8.475269443651400252e+02
7.574375036651016444e+02
7.674373825918723924e+02
8.692281700839829455e+02
7.610902140909995524e+02
8.150678587500855201e+02
7.377271851967909697e+02
7.754708777922355694e+02
8.036318362840513601e+02
7.336622847132919105e+02
8.076274421644552604e+02
7.672811185327674366e+02
8.371320089032020633e+02
8.207431313499732823e+02
8.965348980600266486e+02
8.933847751585151400e+02
8.444374157644349452e+02
7.538094112016108284e+02
8.313765289256998585e+02
7.564486527805321430e+02
7.997616379436498164e+02
7.665617419602065183e+02
7.266062171992707590e+02
7.839740324591211902e+02
8.339396317060961792e+02
8.080673929719731632e+02
7.769101815576149193e+02
7.778186251837371401e+02
8.294402414828159635e+02
8.238162267819531053e+02
8.592192655683813882e+02
7.597468884431439164e+02
7.737527632829728645e+02
8.097368776173964307e+02
8.048924141165903166e+02
8.470154772086739285e+02
8.537983592047484080e+02
7.331211565637448757e+02
7.050064783173917249e+02
9.264376548346031086e+02
7.937634853628875362e+02
8.297962719677375389e+02
7.925656657724846355e+02
8.078721145517432660e+02
8.328736196368153060e+02
7.776012625348982965e+02
7.968047757770264070e+02
8.436764845044028789e+02
8.180282050370079787e+02
7.449891210457717534e+02
8.663575300920012978e+02
7.366302137692357519e+02
7.462261195516518910e+02
7.552815015445744393e+02
7.875190303524644833e+02
8.368498401722184781e+02
8.437494546724981319e+02
7.818950349991383746e+02
7.344727633055363185e+02
7.897362708740804464e+02
8.146192612552758874e+02
7.517701939811815919e+02
6.967466862757015633e+02
8.099434887577623385e+02
8.068767112942520043e+02
7.711043801506887121e+02
8.837554884737246539e+02
7.499892027922381885e+02
7.273562556608471823e+02
7.963532310103806822e+02
7.751610771721346964e+02
8.165634844828783798e+02
8.279786846778428071e+02
7.789771501207920892e+02
7.183076714533671066e+02
8.296846631303101276e+02
8.080315657447125659e+02
7.480166273589011325e+02
8.541633267502579656e+02
7.699740590547263537e+02
7.590286016410133243e+02
9.004385006524171331e+02
7.858202572687989687e+02
8.468264353995915599e+02
7.032512836534979215e+02
7.891667128991633717e+02
8.034152733684659324e+02
7.807793381332396621e+02
8.109823907896710580e+02
7.712908685991386619e+02
6.883119699291498819e+02
8.077382751778679904e+02
8.284430273730491763e+02
8.297387623491099475e+02
7.325552780185578285e+02
8.514523841729397873e+02
8.091184676355933334e+02
8.204113782171195908e+02
8.720550070096217041e+02
7.958557105194618089e+02
8.175867220882357742e+02
7.575700562293254734e+02
8.422351869202558419e+02
8.936098267691942283e+02
8.424604522122965591e+02
7.462547070748689748e+02
8.474126188107595681e+02
8.645215804822324799e+02
8.136935857049027163e+02
7.756939292057430748e+02
7.352420474222044504e+02
9.183868696143508714e+02
