1.088842602907754326e+03
7.417754941044280486e+02
7.377319986186882943e+02
8.127626183300735647e+02
7.789278847685486653e+02
9.075103042895168528e+02
8.915920645861378944e+02
7.640570806256488368e+02
7.463683332968229251e+02
7.842131453087538375e+02
8.647079759253572320e+02
8.558314689636054027e+02
8.562638424129979740e+02
7.078117138371892452e+02
8.112290726910821377e+02
8.832213511621200723e+02
7.884659566218974760e+02
7.647390332593986386e+02
8.211371630430070354e+02
7.049790340301665310e+02
7.471415634701216959e+02
8.467239871565694784e+02
7.561078024040280070e+02
7.407574599450142614e+02
7.627883357058522051e+02
8.200545377460533700e+02
7.798791388383328922e+02
7.982466211234635693e+02
7.420692211688316320e+02
7.267031772193673760e+02
8.424411659594577486e+02
7.448853297371599638e+02
8.287646818568036906e+02
7.676964555021979777e+02
8.057014493274598408e+02
7.216730305095331914e+02
8.332204809534869128e+02
7.850141335078695874e+02
7.760990710427416843e+02
8.045401707523151345e+02
7.768795554265316241e+02
7.509559875384784391e+02
8.614060147210427658e+02
7.822843822325630754e+02
7.486675958478303983e+02
8.491543898897327836e+02
7.729046851145245682e+02
7.587123411404649005e+02
8.534730231446019388e+02
7.767149749214589747e+02
7.484350230173658929e+02
9.471450522722486767e+02
7.897570885413916812e+02
8.321696435743386928e+02
7.960286089754808927e+02
7.206872576496159581e+02
8.397460593028589528e+02
7.909387592305841963e+02
7.906556670824726325e+02
8.299827324736202172e+02
7.965577967548255174e+02
8.324500087541882749e+02
7.998373303463507682e+02
9.499685613674203069e+02
8.864926506659573988e+02
7.803171039964402098e+02
7.449337052441835567e+02
7.922804501026486150e+02
7.327191568537715511e+02
7.247575807541338690e+02
8.045435222318964179e+02
9.665847429932498471e+02
8.098759497941731524e+02
7.116923956595189793e+02
8.175134615957864526e+02
7.729606777039205099e+02
8.326990187101702077e+02
7.883423704901078963e+02
7.445329115542817817e+02
8.219226490865030428e+02
7.336447748439405814e+02
8.963225405834575668e+02
7.678142911962941071e+02
7.495145881424291474e+02
8.701983009832135849e+02
7.702339215521462847e+02
8.321647938053303051e+02
7.336088769581912175e+02
8.484996540741034323e+02
7.510586386001959909e+02
9.596768766136365230e+02
7.787988225553281154e+02
7.916301349405770225e+02
7.533503381503676337e+02
8.734739719116228116e+02
7.952863278053791873e+02
7.623572513599841614e+02
8.137479654030527172e+02
7.546960289791425112e+02
7.904240148451531240e+02
7.389610312528465101e+02
8.456031635887507036e+02
8.196974729144283174e+02
8.589072197747943846e+02
7.444723986673569698e+02
8.401349589008716521e+02
8.091955748671757647e+02
7.951125916838172998e+02
7.843791750433955485e+02
7.960864716083985968e+02
8.205129441119148623e+02
7.437363176799906341e+02
7.989987193698227657e+02
7.151263069225874460e+02
8.298607368609805235e+02
8.396753023370862365e+02
7.824960121141596119e+02
7.844647955431007631e+02
8.161305825656662591e+02
8.235613299465863975e+02
7.314429108025130972e+02
7.876735379716186571e+02
7.151236321577086983e+02
8.445491653187591510e+02
8.254749378814481133e+02
7.746093063045358349e+02
8.772712790686873632e+02
8.762740712283537050e+02
7.918553591601853441e+02
7.215676690513414542e+02
8.255775079989102778e+02
7.886286164450337992e+02
7.446400030257492517e+02
8.202364330834708426e+02
7.696406477101809287e+02
8.150090211359745354e+02
8.162733163369634894e+02
8.261344257792887902e+02
8.235844990404141299e+02
7.192530422823680283e+02
8.639467508687623649e+02
7.565328908643804198e+02
8.842724994375362257e+02
7.200174679820404435e+02
7.578742387464694730e+02
7.612225520772785785e+02
8.472974105003522709e+02
7.593554715795567063e+02
8.289621302031789583e+02
8.174790658799740868e+02
7.145411107220181748e+02
8.515099669475658857e+02
7.924673957484230868e+02
7.784468686178961434e+02
7.631947598986199637e+02
8.256056490566247703e+02
7.688488940170369688e+02
7.407079259703086791e+02
7.265253154795052524e+02
8.239996954344715050e+02
7.930944091850635687e+02
8.480125757084042561e+02
8.215405822872087356e+02
8.037451069947828728e+02
8.549791021337247230e+02
7.843385844672366147e+02
7.581051237804313132e+02
8.099347432823492454e+02
8.842046791331713393e+02
7.510030033450244673e+02
8.337146046892119102e+02
7.905203908061020002e+02
8.333248745705137708e+02
7.905068954388887050e+02
7.467901997613017784e+02
8.157938740187290705e+02
7.167889496197376502e+02
8.096541098375259935e+02
7.428454326828269814e+02
7.845817105460350831e+02
8.207114834244050598e+02
7.496728414257690929e+02
8.297001527886878876e+02
7.966648270594168935e+02
7.588950462520418796e+02
7.579941764086033800e+02
7.725984921909939658e+02
7.543849077988198815e+02
7.350541333732900284e+02
8.105040147486153046e+02
7.732037099942804161e+02
8.073731693564614034e+02
8.515662844625325079e+02
8.151299400246946334e+02
7.756237502499268430e+02
8.267171338151938471e+02
7.361922322721620731e+02
7.452759510489327113e+02
8.136983271806979019e+02
8.350660038496935158e+02
7.520337038444873770e+02
7.358371215366789784e+02
8.295256746737138656e+02
6.989499195300307974e+02
8.028558595436838914e+02
8.098830813004456104e+02
7.152733270031203574e+02
8.283892594157722442e+02
8.197316157375676084e+02
7.810542789514128117e+02
9.032327003573165030e+02
7.572068390667254789e+02
8.738321220164191345e+02
7.264988068375238299e+02
8.848871925227886095e+02
8.501629210958448084e+02
8.629385670847534584e+02
7.296432955571615366e+02
8.354004120037473058e+02
7.900616109762397627e+02
8.267766139756604389e+02
8.216435139719797007e+02
8.494594750210158054e+02
8.603739756125924032e+02
8.557054967369958831e+02
8.032207453285427619e+02
8.665555834566923750e+02
7.750022795170959853e+02
8.959331197781926903e+02
8.235059927242635922e+02
6.992787516477679901e+02
8.805413755521733492e+02
7.616327030920190282e+02
8.045600825040486370e+02
7.170616716383068479e+02
9.569287199639127266e+02
7.985149797124342967e+02
7.751196181665724225e+02
7.915871109743036413e+02
8.700144395826616801e+02
8.233224789189920330e+02
7.062465622414475774e+02
8.921968143990826547e+02
8.234213128017470353e+02
7.141508887246113773e+02
7.849763032030592740e+02
8.042909924507226833e+02
7.954111977506302082e+02
7.615864791050546501e+02
8.311708211958468837e+02
8.780059740152137238e+02
7.292091175770270866e+02
9.140782358148732101e+02
7.865256150976272238e+02
8.210331001572145624e+02
8.352141619739811631e+02
