8.162532709947024614e+02
7.417754941044280486e+02
8.590079738607249737e+02
7.712607581277621875e+02
8.025083266673876778e+02
7.682639595192853221e+02
7.777857563648296946e+02
8.432830913699195889e+02
7.898361458832874860e+02
7.824387179910515897e+02
8.629865644294877711e+02
6.873964802161350462e+02
8.418085259385594554e+02
7.774044800893849470e+02
9.258542914933283328e+02
8.384209149077752272e+02
8.141350845275578649e+02
7.559219404082491565e+02
8.128725162625897838e+02
8.063714287445440050e+02
8.437075064091761760e+02
7.868327190814828782e+02
8.635953592816454147e+02
7.721966551524101305e+02
7.844569119528414376e+02
8.841974955493401467e+02
8.282261305930442177e+02
7.576453904396405505e+02
7.994197722976782643e+02
7.320063695952227363e+02
7.919758688542372056e+02
8.482040328995408345e+02
7.914957822282894995e+02
7.344710416519779983e+02
9.161833296732977487e+02
7.676934797388133802e+02
8.391522369822081373e+02
7.734150091179456012e+02
7.874923937339341364e+02
8.305559237250498654e+02
8.659722768239201969e+02
7.957585707433868265e+02
8.643147349866887907e+02
7.266263742259368428e+02
9.196085175957210822e+02
7.673198097077040529e+02
7.516741900764993716e+02
8.978356099573060192e+02
7.738495858829542158e+02
7.962391758787470053e+02
8.861342368678899675e+02
7.741238978509929893e+02
8.654505755120377444e+02
7.456919573512100214e+02
7.800755804046501680e+02
8.700844985988594544e+02
7.620305590553665525e+02
7.583341592131463358e+02
8.345667328192698733e+02
8.391343491219026873e+02
8.024873676366835298e+02
8.260277038351114243e+02
7.814179684608784555e+02
7.461767955343686936e+02
7.265442540811916388e+02
7.931401626724710923e+02
8.457654819817063299e+02
7.094357767519485378e+02
9.025775588623617978e+02
8.585998881953967157e+02
8.726490587170901563e+02
8.168397685665146355e+02
8.670041019936702469e+02
7.623033044072909661e+02
7.599170676384929948e+02
7.859952370380906359e+02
7.756245637414014027e+02
8.309710505255272892e+02
8.631457239922331155e+02
8.088294140703518451e+02
8.663305240932118068e+02
8.091252268694612440e+02
7.472800617978292621e+02
7.481696765889150811e+02
7.581795576058979123e+02
7.964975487022660445e+02
8.177795294128629848e+02
7.793698531900288344e+02
7.965215208631753967e+02
7.769540476666393261e+02
9.083470294430107970e+02
7.511578456877148255e+02
9.294308062009677087e+02
6.929475434161365683e+02
7.340581996900273225e+02
7.693520220389876840e+02
8.066977338736234060e+02
8.194634099195536692e+02
8.056672711179795670e+02
7.837591692979418667e+02
8.376635974110531606e+02
8.727963279766593132e+02
8.657568969308115356e+02
8.752432558136333682e+02
7.440284329166242969e+02
7.420271383389841731e+02
8.354332912171254293e+02
7.623142897458858442e+02
8.500548758566993683e+02
6.969195991507490362e+02
6.857479602182274903e+02
8.096852300879420454e+02
8.194793314596122400e+02
8.417769446236477506e+02
8.558912345449289205e+02
7.493344669446365742e+02
8.523292523742654794e+02
7.654754390575322986e+02
7.397169277607051754e+02
7.974478262679150475e+02
7.954046110571489407e+02
7.095849931816841263e+02
7.515901453861699792e+02
8.325194747255807215e+02
8.077637941554016834e+02
7.761534810917280538e+02
7.845457126512869763e+02
7.619434990481410068e+02
7.882230321053010584e+02
7.672158542996871802e+02
8.112344273207812648e+02
7.862240189484265329e+02
8.151086369798824762e+02
8.364873773718898065e+02
7.300782484657732994e+02
7.908182436898389369e+02
8.639662637871540483e+02
6.963862145477420427e+02
8.033344920882494762e+02
8.461451713982651199e+02
8.113391712957327400e+02
7.847025358497547813e+02
7.732517523464223359e+02
7.236542955105740020e+02
8.850269710179461526e+02
7.425446769556830304e+02
7.437602715834669880e+02
8.287950837154039618e+02
6.891938387158929800e+02
8.674339004544342515e+02
9.172620461385350836e+02
7.737369195953929193e+02
8.188026528662699093e+02
7.395864281352921807e+02
8.455508338746850541e+02
8.109843427676989904e+02
8.208061717808633375e+02
7.461999466834412260e+02
7.709356523304940083e+02
7.733089384949842042e+02
8.732946102357070686e+02
7.461354764307243386e+02
7.956048405647634354e+02
8.028411907517329382e+02
7.665074358934864449e+02
8.542835413886523384e+02
8.427281908951940750e+02
7.062933924091953486e+02
8.198719221990708093e+02
7.765877995491221100e+02
9.058169627818404024e+02
7.761000997030359940e+02
7.423415314982767086e+02
7.155251605073493693e+02
7.672558478207708959e+02
8.363552789577175872e+02
7.916620764392819183e+02
8.960794461303528351e+02
7.697959528336522226e+02
7.539915365819333601e+02
8.871370813458631801e+02
7.468209561602317308e+02
7.734411547856011566e+02
7.968592661115083047e+02
7.868343303301235210e+02
7.025738567057208002e+02
6.895674486052656675e+02
8.970959673268816914e+02
7.390529299970620514e+02
8.044488366369034793e+02
8.545273894690352563e+02
7.487768998168794496e+02
8.289966905727583253e+02
8.449615066597102668e+02
8.231099628997302489e+02
7.500926732018233452e+02
9.088566481263962942e+02
7.411575693834647609e+02
7.435839988187135532e+02
7.767203002454897387e+02
8.241872295027646942e+02
7.888281692702147438e+02
9.334173729710926182e+02
8.003435178758552411e+02
7.827135865492782614e+02
8.951482813541467749e+02
8.306499707631506908e+02
8.368369511670571228e+02
9.201941393587314906e+02
7.125221880673759642e+02
7.735638999493570509e+02
7.756832742643676966e+02
7.914344613666985424e+02
7.512625226674923624e+02
8.982530688096592257e+02
7.360155845036960045e+02
8.120443882787097891e+02
8.062847963555121851e+02
8.606817404907626496e+02
8.168747955647388608e+02
8.131774228432276459e+02
7.251264873493402092e+02
7.991491681370189326e+02
7.815928600880724844e+02
8.139159782744433187e+02
7.061306232760821331e+02
7.732694802332465542e+02
7.573517194502147731e+02
8.247890097011249964e+02
8.476646665606153874e+02
7.971274930518495694e+02
7.189619077649875862e+02
7.686600564190683826e+02
7.880026548455786042e+02
7.640314871736514988e+02
7.737454103815059625e+02
7.952606118078250574e+02
7.854022095618838648e+02
9.058627404156829925e+02
8.997630058287445536e+02
9.495716466849556809e+02
8.394467214447030301e+02
7.124423629508082740e+02
7.934775009936298602e+02
7.815793095659457776e+02
6.876495274024488253e+02
7.773150085749708751e+02
7.946856317970137980e+02
7.763276886319998766e+02
7.282668119380382450e+02
7.391081172776796393e+02
8.845956712236218209e+02
7.786526582366867615e+02
7.958697037301744786e+02
8.177315515591419626e+02
8.182443656678765365e+02
