9.386855587814026194e+02
7.417754941044280486e+02
7.487377246637431654e+02
7.833015651491425615e+02
7.871708321459211675e+02
7.005909104759589354e+02
8.699602448861096491e+02
8.384638672586679604e+02
8.284138334859040924e+02
7.551130968773597942e+02
8.370849000606991694e+02
6.922623091612367716e+02
7.310415022248306514e+02
8.894702104329958274e+02
7.068752795961141828e+02
7.727871810874219136e+02
7.949831945098592314e+02
9.010202116487155308e+02
7.349535053205647728e+02
8.910210685278095752e+02
7.521373372700912796e+02
7.562287978055982194e+02
8.021938950685935197e+02
8.236435254779613615e+02
7.767040813279367057e+02
7.593910125285932509e+02
8.543431174601491875e+02
8.052088086468480697e+02
8.063358856570303033e+02
7.420259581381710632e+02
7.801544842278500482e+02
8.662376050854982168e+02
7.978500799841912112e+02
7.503070553521016564e+02
8.518951936526508462e+02
8.002519944833258023e+02
7.588541883332256930e+02
7.719973647186432117e+02
7.964935513887287470e+02
8.206264481885507394e+02
8.286754391070060137e+02
7.507909740111067549e+02
7.139415986576177602e+02
8.510418005977788880e+02
8.171610316274669685e+02
7.120699956301277780e+02
8.002193795355234442e+02
7.432511224544631432e+02
8.710088167995154436e+02
7.980955754012561556e+02
8.033701653169812289e+02
7.155442132715626258e+02
7.462891515159096798e+02
7.831449180231381888e+02
8.208142076393029356e+02
8.458208691660131535e+02
7.541918371849453706e+02
8.584773981150591453e+02
7.665554155074950131e+02
8.855483495671880974e+02
7.765448826442584505e+02
8.236107586325573493e+02
8.606138974118031228e+02
8.120741115579393181e+02
7.555430531167241952e+02
8.188873546725872075e+02
8.173917643501594057e+02
7.625540833455098664e+02
7.890299291343975483e+02
8.530652240739582339e+02
7.063845408075829937e+02
7.602872289082308725e+02
7.798711633235874388e+02
8.651803231656170965e+02
7.169019860523297893e+02
8.814109405398628496e+02
7.162513738242639647e+02
7.964605767501954006e+02
9.613218276911169369e+02
7.550270181537732697e+02
8.524233025917251325e+02
7.085511506513171298e+02
8.475611758840225320e+02
7.613955327907610808e+02
7.249283652481639137e+02
8.126875027830915315e+02
7.835996046889280251e+02
8.415103721596515243e+02
8.584198410465180586e+02
8.001212746331312928e+02
7.854580857847496418e+02
7.824933800361486647e+02
8.653167667645070651e+02
7.356611294312136806e+02
7.648014994228685737e+02
7.941712188618963637e+02
8.323902553607611026e+02
8.286953715316356011e+02
7.959216435190285210e+02
8.953411931785146862e+02
8.333294326823919391e+02
7.945045505734364042e+02
8.795332961826100018e+02
8.516556744570493720e+02
8.075894892838052783e+02
7.310075669741610227e+02
8.048257506715066256e+02
7.448003997445283630e+02
7.768472295538466597e+02
8.082333382348456325e+02
7.426775156241112654e+02
8.977711385854354376e+02
8.300747483338944903e+02
7.907135394688190217e+02
7.681044259465743380e+02
8.214575291234551742e+02
8.831784546839962786e+02
7.946173535515882804e+02
7.751248238074582559e+02
8.463568521016691193e+02
8.292566524262172152e+02
8.256503081521514105e+02
8.354191096280667352e+02
7.657354090739576122e+02
8.322369345429017358e+02
7.337008928384550472e+02
8.048177921905504490e+02
7.758101898522735382e+02
7.936302391027513750e+02
7.608219789779238909e+02
7.426159387711842328e+02
8.181367069678886992e+02
8.461950001511888786e+02
7.531620490351974695e+02
7.154156815688158986e+02
8.512619971436541846e+02
8.100265930001526158e+02
7.514597424448230640e+02
8.822441424251899207e+02
7.485167688632665204e+02
8.048638943944866924e+02
7.910744443135752135e+02
7.707720116316368149e+02
9.435237159492201044e+02
7.704165218624300451e+02
7.870535952377812237e+02
7.865721321946867874e+02
8.437587996230447516e+02
7.802080161343433247e+02
7.536771340004721651e+02
8.885048719425283252e+02
7.883514772176475844e+02
8.213151970065231353e+02
8.223771264968047490e+02
7.617409443331215471e+02
7.382587469111681457e+02
8.429347039387575933e+02
7.949839959188254852e+02
7.655145443424037239e+02
8.636979667744828930e+02
8.963779140997628474e+02
8.166618159758031652e+02
8.060363729263666528e+02
7.621224715321046688e+02
7.740333784115715616e+02
8.899892055940192677e+02
7.688500696457608683e+02
8.130296041253484418e+02
7.245906915227458285e+02
7.725975852720443982e+02
7.966742346580961112e+02
7.780714858015165873e+02
8.991009376542259588e+02
7.139537636457320104e+02
8.629670521235968863e+02
7.991207731391871221e+02
8.477200034862594293e+02
8.132348337692917539e+02
7.845095846318045005e+02
8.078993934467459894e+02
7.799095538455247834e+02
7.230712131162619016e+02
6.825916644166223932e+02
9.134428958035564392e+02
8.224413095625044434e+02
8.106660147612050196e+02
7.413659911875432726e+02
8.011736262682339884e+02
7.957675652513411251e+02
7.928493087731147853e+02
7.391323195853290144e+02
8.027490525596239195e+02
9.036179796080093638e+02
7.985784964665659800e+02
7.650235072653873658e+02
7.731095943563442461e+02
9.040283760507631996e+02
8.484466843641491778e+02
7.932205437209265710e+02
9.244860789384244981e+02
7.553471503324631158e+02
7.571092411949482539e+02
7.530325999792106586e+02
8.496464319686373301e+02
8.063272566343237031e+02
7.359043179985080769e+02
7.524033310613007188e+02
8.099266399000580350e+02
9.218327022306307299e+02
7.393434309519484486e+02
8.911504655773501327e+02
7.565063625297871113e+02
7.099412064355990424e+02
7.954233783394074635e+02
7.161569034876397382e+02
8.276828754653541864e+02
7.685808048771848462e+02
8.205354688443835585e+02
7.380488528017073122e+02
8.134083687942829783e+02
8.394263080054714692e+02
7.598100440886432807e+02
7.855912021834187726e+02
8.069793543963392040e+02
7.672384866881039898e+02
7.916939239829038115e+02
7.566012290916670509e+02
8.523587585645292393e+02
7.663413542138648609e+02
7.444887313626318246e+02
8.125635338721651806e+02
8.672463185988250416e+02
7.903310581727826047e+02
7.346330473159691792e+02
7.473516025031505023e+02
7.914427174521279085e+02
7.608759567518012545e+02
9.235226009401558258e+02
8.315935401869099906e+02
8.423057303594143832e+02
9.628678656021706956e+02
8.428576346735263769e+02
7.506894011302242689e+02
8.495209320454615636e+02
8.669781276310264957e+02
7.676002214631793095e+02
7.818661490148922439e+02
7.287544568693458586e+02
8.533949214465811792e+02
7.529133914882585259e+02
8.784664617520960519e+02
7.829906990224474157e+02
8.100819729095483126e+02
7.262535876498450307e+02
8.586064558396519715e+02
9.081992291095416476e+02
