1.000677618009346588e+03
7.417754941044280486e+02
7.712809482648940502e+02
7.031102556818702851e+02
7.833309074922736954e+02
8.477529206345743660e+02
9.664277771399549692e+02
7.548253885073991114e+02
7.843623765486624961e+02
7.714943296550839023e+02
8.545450048933905691e+02
7.862995532280559701e+02
9.296124965177289141e+02
7.896266198111542280e+02
7.131000636838840592e+02
6.896351168025427114e+02
8.330232952601887746e+02
8.388770051143872024e+02
8.679583512817207520e+02
7.352742450318203282e+02
8.154196211059260122e+02
8.401644533338344445e+02
7.717120608285180197e+02
7.562442457772108355e+02
8.640825343865033119e+02
7.679085735879217509e+02
7.803543604629834363e+02
7.494305946245389123e+02
7.713613177837275998e+02
7.710726067822445202e+02
7.971329954852357105e+02
8.883278936379228981e+02
8.820245235425278452e+02
7.992920609734102300e+02
8.757700774433917559e+02
7.234931315289071563e+02
7.686380420774472668e+02
7.412835844301813495e+02
7.760379426998979397e+02
7.512921801688160031e+02
8.419729182412936552e+02
7.491252437012083192e+02
7.747074702491781864e+02
8.576375715648425739e+02
7.840470799213767350e+02
7.077868575669582469e+02
7.713607409488818121e+02
8.248614298092439867e+02
7.846136120907771101e+02
7.684614859646645755e+02
8.762091948671015871e+02
7.264623256272751632e+02
7.432604868629109660e+02
8.838254911290409837e+02
7.725055461310786313e+02
8.016166429051781961e+02
7.841175133899407683e+02
8.804154804201029947e+02
8.465174529855688661e+02
8.187997537647873969e+02
9.027429697762197520e+02
8.120610433587622765e+02
8.554674427095025067e+02
7.936625086029180238e+02
7.897551192062002201e+02
7.797423149184917293e+02
7.432293819807621276e+02
8.352806160650735592e+02
8.569888196888432503e+02
8.336231467318185651e+02
7.745536721670893030e+02
7.922385400177846577e+02
7.845184267797541224e+02
8.331795552327522500e+02
9.598691191736454584e+02
7.735804281847881612e+02
7.921126255617988363e+02
8.405976855881735901e+02
8.615040067377339028e+02
7.160724680160694788e+02
7.892148433762579316e+02
7.423905136056503125e+02
8.347287558811573263e+02
7.487718105673451419e+02
8.159408949584045558e+02
7.278546778981076386e+02
7.894645007796010532e+02
8.410171346807545660e+02
8.245165082772465439e+02
8.637295399643976452e+02
8.190600901630576800e+02
7.578075196779591352e+02
9.578219699750541167e+02
7.561144686034795086e+02
8.108822331905124656e+02
7.436307895951028968e+02
8.137129134521195510e+02
7.392370982003313884e+02
8.494944922922302339e+02
8.002967322875300624e+02
8.092689621567916447e+02
7.743213610798861737e+02
8.735145843643283570e+02
7.973728589080534448e+02
7.746649574976709118e+02
7.322500509958241537e+02
8.253877498424009218e+02
7.974798148023373869e+02
8.422748532022316112e+02
9.048217491686482390e+02
8.086035727074111037e+02
8.274115856609564617e+02
8.167743640055663263e+02
8.177191038810697137e+02
7.581787541936532762e+02
7.456085383254721819e+02
7.722972927178113878e+02
8.455636944671578021e+02
7.873921018404389542e+02
8.147313416217216400e+02
7.787425464159348394e+02
8.589218600517895084e+02
8.667426103113314184e+02
7.231711960525101404e+02
8.008722010435068341e+02
7.936042494889147747e+02
8.955739698601448708e+02
7.058278324376343562e+02
8.837363424781647154e+02
7.112198592950850298e+02
7.978471075685152982e+02
8.712654801436378875e+02
8.014046573074458593e+02
7.354758285765838082e+02
7.773358030657658446e+02
7.468500452883451999e+02
8.128163262464418040e+02
7.734231018788724441e+02
8.534829141555055685e+02
7.262100675939500434e+02
8.419912884893635692e+02
7.436971804770607832e+02
7.921973961866350464e+02
8.704377831898468685e+02
8.151521653469584408e+02
7.479789545920425553e+02
7.922801620713461261e+02
8.277437856861344017e+02
8.162163245479919169e+02
8.269128722827449565e+02
8.072934296745489746e+02
7.827564377427908084e+02
7.664414042563437306e+02
8.234297135635705445e+02
8.354729264032004039e+02
7.291960705852172850e+02
7.679088872163526958e+02
8.418364472768482756e+02
7.791895728129746885e+02
7.196833833620158885e+02
9.421722685013937735e+02
8.217623950033536175e+02
7.797616547894436962e+02
7.106224613796579206e+02
7.891869793275619713e+02
8.786798161856395382e+02
8.159376302735570334e+02
7.870926320457509746e+02
7.992508059978898700e+02
8.431151200410301954e+02
8.467582055720010885e+02
7.344962724075520555e+02
7.849585225114810783e+02
8.395319473404865676e+02
8.912040752622878017e+02
6.915872466449010290e+02
7.896514675398582312e+02
7.616531208089110123e+02
7.878071461124670805e+02
8.940403815401202792e+02
9.451720983992454421e+02
8.473792070748966125e+02
7.048441248249035880e+02
8.326783847904189315e+02
8.115401388615339329e+02
8.218505214112718704e+02
7.578945691662878517e+02
7.600617275536159241e+02
8.133056813345650653e+02
8.631928954634527145e+02
8.199709320256703222e+02
8.035884259003155421e+02
8.206657776496359702e+02
8.111416214166412146e+02
7.864475997036132640e+02
7.673119360868986405e+02
7.943818910040207584e+02
7.628841828882528944e+02
8.359452519535724377e+02
8.430361424330905038e+02
7.636498895301347147e+02
7.253909740025829933e+02
7.580676071137021381e+02
8.159290664651742873e+02
8.315967788334113493e+02
8.562783858308391700e+02
8.777178503263180573e+02
8.624880532895463148e+02
8.010648841526930255e+02
7.866133880304938657e+02
8.387374731215040811e+02
7.003358643655086553e+02
7.725033677729890087e+02
9.011344002765642927e+02
7.997540098760116507e+02
6.946591731419315465e+02
7.727282737777049988e+02
7.005503927122817913e+02
7.835109974708418576e+02
7.992326232060468101e+02
8.521289500030936779e+02
8.042849540183568706e+02
8.033595268041963209e+02
7.677535475898605455e+02
7.194341502879142354e+02
7.935327524564705755e+02
8.520472041077709946e+02
7.365803847614641882e+02
7.360576423001978128e+02
7.662788823774762932e+02
8.787835144156134675e+02
7.594743951258727748e+02
8.621368742719862439e+02
7.778483702460773657e+02
7.347116905611865150e+02
7.487296349335313153e+02
8.017601470366026888e+02
7.623367020068571946e+02
8.179972923788842536e+02
8.172821593565679450e+02
9.180137451982016046e+02
7.453567285599251591e+02
8.483867260883762356e+02
7.331887958382806119e+02
8.176731298201001437e+02
8.409353506232209838e+02
8.124987254355796722e+02
7.771339272048758176e+02
8.252619231846662160e+02
7.912784517082803859e+02
9.357065708092433169e+02
7.717448220966789449e+02
8.120175498034818702e+02
7.222543663795238444e+02
7.823551715807561777e+02
8.288136264855417039e+02
