8.983440097112522835e+02
7.417754941044280486e+02
8.044689147472009836e+02
7.248881276440242800e+02
8.762726348180145806e+02
7.605111998630403605e+02
7.932048180561994286e+02
8.143519730474832841e+02
8.378339235206316289e+02
9.147926816356131212e+02
7.512553981146002116e+02
7.837341613001108271e+02
7.416068685992642031e+02
8.924507926297853828e+02
8.189157281076317076e+02
7.615634938933186504e+02
8.653825881030500113e+02
8.795381315792683381e+02
7.801494144951933549e+02
8.734200815287938440e+02
7.997040915593719319e+02
6.942118907189337733e+02
7.561032248552284045e+02
8.064624306526126247e+02
7.308066827069276314e+02
7.513315166168436008e+02
7.944757896571860556e+02
9.522516621338735376e+02
7.717611254772331222e+02
8.237979880241448427e+02
7.770677797662187913e+02
6.993869357675351921e+02
8.529866615925293445e+02
7.582357254486790907e+02
7.448488192722362555e+02
8.703289842034965886e+02
7.821310146902499127e+02
7.664868442729157323e+02
7.935881973920020300e+02
8.475079986221508079e+02
7.332333598576831264e+02
7.913928285624908767e+02
7.504723854794906401e+02
7.914729597293619463e+02
8.444904332909924278e+02
7.889503888564230465e+02
7.819924273159895165e+02
8.366465703079966261e+02
7.583738660929079742e+02
7.543458368042142865e+02
7.738058102212411313e+02
8.963780062108704669e+02
8.136742312852301211e+02
8.743539106583041303e+02
7.872989185104174794e+02
8.405005456074486574e+02
7.668867611850459980e+02
8.438490076476808781e+02
8.452202668552562272e+02
7.293801113877223088e+02
7.770112785151211483e+02
8.216812698964514539e+02
7.709703548738790460e+02
8.090208157155884692e+02
7.582489628107825865e+02
8.400866606428681962e+02
8.054872124981384331e+02
8.520668126558417725e+02
7.854505049233298450e+02
8.159292679615309680e+02
7.835548939966531634e+02
7.270828344210252681e+02
7.967950604282707445e+02
8.405858403271458883e+02
8.060444990177963973e+02
7.995056318637667800e+02
8.426690757020021465e+02
7.956307203835459632e+02
8.079358317118835657e+02
8.392068032507612543e+02
8.293859582896598113e+02
7.701383521052615606e+02
8.202440358318320932e+02
7.711562609210612891e+02
7.788835968988896639e+02
8.735547116297757384e+02
7.773223335232166846e+02
7.239216093583081602e+02
8.237026662193446782e+02
7.610751676095513858e+02
8.648088673647097266e+02
8.050516685426348431e+02
9.796252966976895777e+02
7.674903806772933876e+02
7.501487945701750277e+02
7.676524442268702160e+02
7.679741597186232411e+02
8.382861533997424885e+02
8.723234473657595345e+02
7.622197961613867392e+02
7.730699991877999082e+02
8.897515560388383165e+02
9.206052974878122086e+02
8.117625247156762498e+02
8.472183561669411347e+02
8.258231420576245227e+02
7.340691032916575978e+02
8.116197002196603307e+02
7.538290613134215619e+02
8.468215846590949241e+02
7.282934102022267098e+02
8.600860164968314621e+02
7.014711116076406370e+02
8.615505993207964366e+02
8.065376612748549405e+02
7.922357651333804824e+02
8.395525557502987795e+02
9.073892124825617884e+02
7.645260351410369140e+02
8.044602614000555150e+02
8.356441171078796515e+02
7.279863482756632038e+02
7.682743724810245567e+02
9.156322054846775700e+02
7.701268382864003570e+02
7.568480966133066659e+02
8.232912363702128005e+02
7.984810788854382508e+02
7.686752796872905265e+02
8.004735948575512339e+02
8.203208108042381355e+02
7.283617689238570847e+02
8.016269912370621569e+02
8.101942306560767975e+02
6.986063669721502265e+02
8.518731986899541653e+02
8.926771193034069256e+02
7.265333035504818326e+02
8.197312331549167084e+02
8.062061396203835102e+02
8.503416198132073305e+02
7.407785993865256842e+02
8.212857248387350637e+02
8.465191505408160992e+02
7.866502557899189014e+02
8.219222972850808446e+02
7.281781159192322548e+02
7.442660397415972966e+02
7.441381489928178325e+02
8.488513200884457319e+02
8.659661903616222389e+02
7.006186921070428753e+02
8.012685516784920310e+02
8.030104866349080339e+02
7.259023528945107273e+02
7.458715520786111028e+02
7.735525698506829713e+02
7.800543586327100911e+02
8.902237934867355307e+02
8.387273704810104391e+02
8.516380807679067857e+02
7.880829475853296344e+02
8.444115714533950268e+02
7.299983247058988809e+02
6.879658662377333940e+02
8.448536485297281615e+02
7.871650057883243790e+02
7.024767413377539924e+02
7.712307950480221734e+02
8.580172472901110723e+02
8.382170096583080294e+02
8.459239547697387707e+02
8.484948342814021771e+02
7.251600063511175449e+02
7.658271590488865286e+02
7.863990669717512674e+02
8.277409102557035112e+02
8.579714064317965949e+02
8.167763322535113275e+02
8.365646104108542431e+02
8.343349116132653762e+02
7.656712043044348093e+02
7.664302992878648411e+02
8.218937923156624947e+02
9.101834611394763215e+02
8.852229890475080083e+02
7.943338455419299180e+02
8.377915890220485835e+02
7.304314242192951951e+02
7.431864519042899246e+02
7.543331055571370598e+02
8.380415883716335657e+02
8.425088462464498207e+02
7.421534204033835067e+02
7.494391930271451656e+02
8.717854175075199237e+02
8.705379529175497737e+02
7.480778079353844987e+02
6.963166489192956305e+02
7.498308666610125783e+02
7.892192760228435873e+02
8.307261082937461651e+02
7.855357430169367490e+02
8.109025454622269535e+02
8.182384012668819651e+02
7.972420296938888669e+02
8.272084771024703969e+02
7.544463630390525850e+02
8.947624155802375299e+02
7.398153639042348004e+02
7.888354855003784678e+02
7.255652394142965704e+02
7.196140745009289503e+02
7.704241702296307039e+02
7.401055684816146822e+02
7.659986599264765346e+02
7.183866845365980680e+02
8.382124859132667325e+02
8.392745466384437805e+02
7.996802847104268039e+02
7.947170941544824245e+02
7.870520257178876591e+02
8.386682735975290370e+02
7.727110782057498000e+02
7.788258184367891772e+02
7.720455290671452531e+02
7.361052071443059504e+02
7.964944441606235159e+02
8.072230290565230462e+02
8.174555397406642214e+02
7.305180082310025682e+02
9.467858054172254469e+02
7.702358810682491139e+02
8.195609807701787304e+02
8.616868548126610676e+02
7.922455335181322198e+02
7.403215399481641725e+02
8.670127108057492933e+02
7.874623805222745432e+02
7.548985508442293622e+02
8.497080709582545524e+02
7.336071908733451892e+02
7.729120024222177108e+02
7.610220119139703456e+02
9.310259442368751479e+02
7.613613266603963439e+02
7.696685524545878252e+02
8.444049917155645062e+02
7.992701479266596607e+02
8.464902859007451070e+02
7.958680918841301946e+02
7.399062267624041169e+02
7.611036488927426262e+02
8.917834401125303430e+02
7.882237448186465372e+02
7.798985915759230920e+02
