8.773232101080425309e+02
7.417754941044280486e+02
7.983267478534440897e+02
6.998711627227244207e+02
7.485856262557754235e+02
7.785145457770109942e+02
8.863994679062896012e+02
8.626278897670349579e+02
7.984793627616458025e+02
7.538163570177308657e+02
8.061828843478105000e+02
7.401811997554560776e+02
8.005114047623885654e+02
7.694762082215133887e+02
7.571495601049535935e+02
7.616864985728960846e+02
7.780990379712778804e+02
8.095378833966288994e+02
7.269022970509375909e+02
7.186311862747278383e+02
7.996214231902544043e+02
7.746909449607705938e+02
7.969630695023373619e+02
8.420411769989175355e+02
7.632337621371295882e+02
7.946799416886555036e+02
7.862097476586370703e+02
8.689872671484720286e+02
7.898817401190669898e+02
8.024236459762884124e+02
7.587176002908079226e+02
7.948329031692190938e+02
8.286117264460885963e+02
7.647944785552853091e+02
7.384714057394107840e+02
8.341069732429008354e+02
7.649740647453546671e+02
7.955304065397374416e+02
7.853347396596952876e+02
8.307023324618123752e+02
8.426834498317497264e+02
7.720335365309522331e+02
8.073476389914667379e+02
7.898959988148681077e+02
7.746394655537902736e+02
7.864970040660562063e+02
7.196333200445307057e+02
7.732759294066693201e+02
7.801751657219302842e+02
8.073719565401779619e+02
9.103154447199070773e+02
8.018261453711093054e+02
7.785216481406157527e+02
8.361605449737387517e+02
7.697591706658860176e+02
7.951773837765290409e+02
7.996748481214502817e+02
8.667308425441037798e+02
8.506693357268417230e+02
7.086505923368325739e+02
7.673118256788376357e+02
8.666450572459493742e+02
8.541394772031449065e+02
8.564602396573684473e+02
7.407971525075877253e+02
8.398602617760712974e+02
8.135399650326564824e+02
8.263457542549325581e+02
7.279432778930372478e+02
8.130316759791103323e+02
7.973466061831694560e+02
7.773943667452321051e+02
7.747043081633885322e+02
7.758421120291017132e+02
7.762534399507036369e+02
8.610623855869671388e+02
7.824359384922223626e+02
8.442165587234630948e+02
7.258806562480017419e+02
8.429592241557287480e+02
8.390215773325495547e+02
7.445601350557499245e+02
8.663540464661537044e+02
8.105476568008613185e+02
8.106734015817521595e+02
8.793390496642125527e+02
8.338425187769531703e+02
8.439733795375302634e+02
8.165083006806532921e+02
7.394217717635610825e+02
9.207612397788977887e+02
7.569222208134368657e+02
8.167052548136198311e+02
7.558367471801935835e+02
8.455069390924066965e+02
7.832647172576466801e+02
8.333727749514486050e+02
7.934997424972308409e+02
9.024407677820940989e+02
8.082102375888784991e+02
7.775600119116130600e+02
7.973390582693153874e+02
8.255646537301296348e+02
9.040111006196100334e+02
8.267078183114092553e+02
7.985862291703842857e+02
7.678560032973945226e+02
7.562466171051559058e+02
7.907509697972155891e+02
7.353952230209135905e+02
7.301883229240677338e+02
7.885388751493584323e+02
7.482184834781339760e+02
8.547939666321827872e+02
9.092074358953025239e+02
7.793341343998743014e+02
7.640407860243668665e+02
8.845463149201516444e+02
7.812328040482698270e+02
7.989356195238933651e+02
7.013981508636833269e+02
8.346040314838813856e+02
7.734815700433296115e+02
8.741088894214676657e+02
7.711546880218721753e+02
7.444689171089646607e+02
8.645653037268123171e+02
8.702803137600440095e+02
7.990087287838230168e+02
7.215766751084314592e+02
8.263260154002329045e+02
8.541351751453619272e+02
7.693559352176614539e+02
7.939682124856902874e+02
7.860028701158379363e+02
8.946224144971440637e+02
7.955191698073772386e+02
8.476896347598609509e+02
7.892795810623146053e+02
7.743206385265939389e+02
7.887528667034767977e+02
8.081802977564274215e+02
7.502655462289740171e+02
8.180527126782793630e+02
8.158020052935554531e+02
8.540341517250162724e+02
7.854905550280334410e+02
7.171928070984484975e+02
7.305877532027304824e+02
8.776964439605808366e+02
8.305456035152427603e+02
7.445673953995036527e+02
8.250332284080078580e+02
8.078308271662858715e+02
7.646051366537456033e+02
8.515838981837534902e+02
8.189388456222983450e+02
7.438787987689341890e+02
7.882390401158987743e+02
7.523055797704128054e+02
7.757289514872049949e+02
7.422303378234590809e+02
8.476762597181464116e+02
7.654035570881427475e+02
7.471082818904397982e+02
8.543095308331922979e+02
8.605352034647207802e+02
7.424468316147184623e+02
8.388023216734579819e+02
7.541236490608225722e+02
9.582069434690768048e+02
7.784212151551034822e+02
8.281488057823554527e+02
7.538370505314915135e+02
7.598863458686583954e+02
7.686836308438879541e+02
8.394414760909203324e+02
9.170952953714847808e+02
7.122869745281554970e+02
8.527702959241004237e+02
8.019903335728487264e+02
8.005069073897517455e+02
7.677132548663686293e+02
8.191760823983640876e+02
7.860037148178585085e+02
7.430951997475203825e+02
7.556602226434054046e+02
8.065707699365807457e+02
7.664765796138379983e+02
8.797379152583937412e+02
6.806264819589673607e+02
8.756646500828207991e+02
7.613358078379881135e+02
7.046646056066672372e+02
7.634086838225854308e+02
8.821146392027615093e+02
9.101515761368784752e+02
7.955150652993579570e+02
7.299921939420411263e+02
7.743128752781411777e+02
8.111876201805357596e+02
7.929821831849957334e+02
8.668754714197364137e+02
7.576718958623919207e+02
7.765870541730693049e+02
8.368761406409549863e+02
9.307552310051155473e+02
8.412830829287883034e+02
8.157519371902798184e+02
7.680709057338409593e+02
7.872873912665701255e+02
7.406076198084018642e+02
7.254132121748422151e+02
8.683099524864296654e+02
8.098269035381105141e+02
7.507337543337877150e+02
8.178027021396212604e+02
8.937925663118307966e+02
7.628634285051356301e+02
7.402926495479340474e+02
7.568128939409482427e+02
8.870559707179627367e+02
7.790053824968887284e+02
8.087282821239660962e+02
7.752083742055980338e+02
8.339440298903438133e+02
7.219563304814604408e+02
7.682792706077930234e+02
7.842006038639447070e+02
9.376958680152592933e+02
7.107391624149839799e+02
8.814920460151888619e+02
7.372157397439773376e+02
8.854022458320514488e+02
7.404854431259618650e+02
8.871493936966278397e+02
7.642494329770955801e+02
8.777359181932640695e+02
7.758703786784913063e+02
8.000745056973759120e+02
8.303906144402969858e+02
7.220847648977536437e+02
7.675137466687790493e+02
8.113697505811486508e+02
8.774958938011645841e+02
8.163550141960247402e+02
7.916963967246565517e+02
8.339584260789475820e+02
8.186656865627924162e+02
8.710108711108860007e+02
8.310919152223158335e+02
8.237004990634086425e+02
8.413562353855047604e+02
7.369044370805260087e+02
8.301377902974739982e+02
7.915164274774283513e+02
