8.689826269435808399e+02
7.417754941044280486e+02
8.791737263832076223e+02
7.387957017088625662e+02
6.918349241467811908e+02
7.554941013780284038e+02
8.556050086465940012e+02
7.311988963099037164e+02
7.284955531844215102e+02
9.061333263035762684e+02
7.915314924908410603e+02
7.278152461141148706e+02
8.833487782539837099e+02
8.278464247651218102e+02
7.890188379952618334e+02
7.957336450093539497e+02
8.468338195383951188e+02
8.006621085988045934e+02
8.246390321076364671e+02
8.447343180253093351e+02
8.107122687899915263e+02
7.859287889501596283e+02
8.058573725425799239e+02
8.213454898922389020e+02
7.354175349652348359e+02
7.890615605824824570e+02
8.002943232888871989e+02
7.769990753968186254e+02
8.129959573161772823e+02
7.574403305363866821e+02
8.976325259903208007e+02
8.399777820557355881e+02
7.842434358547443480e+02
8.087588621757265628e+02
8.000338247127542672e+02
7.961481542078338407e+02
8.468428230214555015e+02
8.667490464864832802e+02
7.750870897842278282e+02
8.236466431742503573e+02
8.803420757864340658e+02
7.997591858683498458e+02
8.176537731817910526e+02
8.983736881781834427e+02
7.656860401324789791e+02
7.829123377469334173e+02
7.622389169238857676e+02
9.026571637438530615e+02
7.243475835326942160e+02
8.207185437442734610e+02
9.014317808423975293e+02
8.285891957684759745e+02
7.482291968854442530e+02
8.125889570570196838e+02
8.417242571399597182e+02
7.518250518152955237e+02
8.011025297800121052e+02
8.309343747004118086e+02
7.301410484986978418e+02
7.319052299867252032e+02
7.656503788592657429e+02
9.140301406941125606e+02
8.266770237545675855e+02
7.557479423558465896e+02
7.956283068281748001e+02
8.805485643764452561e+02
8.114152965133653197e+02
7.438025126435853736e+02
8.243334050682900624e+02
8.162950213053251218e+02
8.421824409065725376e+02
8.158509884843502959e+02
7.261619240584302588e+02
7.508732576480127818e+02
8.112863637559594281e+02
8.431770664745779413e+02
7.693791764265155280e+02
8.790016239665885678e+02
7.777831828924408910e+02
7.513241617018088618e+02
7.975638025396134481e+02
7.739803925792057271e+02
8.177429783841207609e+02
7.655751009520097341e+02
8.782256055576117433e+02
8.102838880360457097e+02
9.175160165195408126e+02
7.909736452035118646e+02
8.241779751651098422e+02
7.020229274550389391e+02
7.818015771900614936e+02
8.088160902391662148e+02
9.198197593264374063e+02
7.364200978339215453e+02
7.687140810805508409e+02
8.658272994681369710e+02
7.776580913292448258e+02
7.867524756203641800e+02
7.792292780393345311e+02
8.319574272789200222e+02
7.667804480648886738e+02
7.821662467872322395e+02
8.001473834674412728e+02
8.350540601714168361e+02
8.794743718239593591e+02
7.875257518351892259e+02
7.003862213024365246e+02
7.671117480886948670e+02
9.190535037259189721e+02
7.633473784819169623e+02
7.470251403953158160e+02
8.014391692635325626e+02
7.402950387459275134e+02
7.678767086479824684e+02
7.669233118616641605e+02
7.123845246135227853e+02
7.140003651918848391e+02
8.425517613962440464e+02
7.545929931713502583e+02
7.718540137200160416e+02
7.004924786196761488e+02
8.754771005786290061e+02
8.338256385209425616e+02
7.899425054079707706e+02
8.262204800409953123e+02
7.158243937628457161e+02
8.939221168942225404e+02
7.575615869003097487e+02
8.179097369601161063e+02
7.344710592126797337e+02
7.944893253730449487e+02
9.270620471748206910e+02
8.183442942249081398e+02
8.256536860167980194e+02
7.411993532063277144e+02
8.266402247507155607e+02
8.798749600481073685e+02
8.494943822206545292e+02
8.134249618121085632e+02
7.533342520867090570e+02
9.474332853005873858e+02
7.448352036847127238e+02
7.782212589970069985e+02
8.137493238684789958e+02
8.014807770472394850e+02
7.275591006586357707e+02
8.154063117322787093e+02
7.443152104235746265e+02
7.785341769618534045e+02
9.797176676772585324e+02
7.794133357077798792e+02
6.880680830154316254e+02
8.000390477207179174e+02
7.763553134564701850e+02
7.487410478859090972e+02
7.458626843186849555e+02
8.235303232919188758e+02
7.814158804595342644e+02
8.836161130648690687e+02
7.832228753479085981e+02
8.085870445744303652e+02
8.345420288795703527e+02
8.385427997729441358e+02
6.845678582615744290e+02
7.877212388014660291e+02
8.227407897985372074e+02
7.584466362232589063e+02
7.577245135916484742e+02
7.928287964361700233e+02
7.510089878544886233e+02
8.955392568287043105e+02
7.877183159269693533e+02
7.560540192971017177e+02
8.369136117022694634e+02
9.036270214346003513e+02
7.215262786054106527e+02
7.465435241389689054e+02
8.746230574731757770e+02
7.096964813937704548e+02
8.137064868371259081e+02
7.787093444297648830e+02
7.532216984367429404e+02
7.410046391149687679e+02
8.595207106010288953e+02
7.699233311594488214e+02
7.397960089683452907e+02
8.091372296441234084e+02
8.222243203833106691e+02
8.370710804125615141e+02
8.845162591743369376e+02
7.246231768347676052e+02
8.271361058442164449e+02
8.857245084339648429e+02
7.592051010814773235e+02
7.602984471311107200e+02
7.727819121018358146e+02
8.887347177456724694e+02
7.477663080682776808e+02
8.209903765320719913e+02
7.994878827257959983e+02
7.806920227708400262e+02
7.504046263072972351e+02
8.909287328098713488e+02
7.929384047404432749e+02
7.831342499938550645e+02
7.738556185349298175e+02
7.765037301987997580e+02
8.100617856957039749e+02
7.596708811041370382e+02
8.022951377918907383e+02
8.492194921979013316e+02
7.715710318544520305e+02
7.829469078827678459e+02
8.623539557759966101e+02
8.765143987708104305e+02
7.509172335646325109e+02
8.989147296591434042e+02
8.169504438680716021e+02
7.532701874619943965e+02
8.119350614265492823e+02
7.459744662113403137e+02
9.172169800232948091e+02
8.716363663368624657e+02
6.992100321386736823e+02
7.198353801925602511e+02
8.087299744582650192e+02
7.419975056146262204e+02
8.391670317492845470e+02
8.686129015292920030e+02
8.183648874939602820e+02
7.710336393175672356e+02
7.484945001771396846e+02
8.524625223630050641e+02
7.812619600261959931e+02
7.420179056204652852e+02
7.986986295125158222e+02
7.733545236076654419e+02
8.212752125501016280e+02
8.950891675715558904e+02
8.137288104798049062e+02
9.518725854365736723e+02
6.983045009806141934e+02
7.818611659047471676e+02
8.295166474884943000e+02
8.133510179225978618e+02
8.083601101507315434e+02
7.894309744304638343e+02
7.759202032380418359e+02
7.651748560253711275e+02
7.842583538930764462e+02
9.069824147675452650e+02
8.259970519105714857e+02
8.042935067498542594e+02
7.159756663738969564e+02
7.889235116182690035e+02
8.186580695022328200e+02
