1.176237491825427696e+03
9.119234884074398906e+02
9.790586744233687568e+02
9.823510966243106850e+02
9.425004033500338210e+02
1.121325670060769426e+03
1.091202269743140050e+03
9.567420242235051546e+02
9.938019413985986148e+02
1.045218804038048802e+03
1.027054799399652211e+03
9.917401465265913885e+02
1.062918912466521761e+03
1.041100669373668325e+03
9.259960915766872631e+02
1.040934899825584807e+03
9.869246478443890283e+02
1.028356120731578585e+03
1.001654341804140017e+03
1.023513574304721487e+03
1.034400428859500835e+03
1.006726651694471457e+03
1.034834864223209479e+03
9.551296048451699789e+02
1.054929996160451083e+03
1.014585576455158275e+03
1.014012482825992265e+03
1.056887977108489849e+03
9.961462306422840811e+02
1.022402526562528010e+03
1.029395452663556171e+03
1.065105285140898559e+03
1.018881436533580541e+03
9.905743899007840128e+02
1.074239044738574648e+03
9.202878400989236525e+02
1.002626868583145665e+03
9.917340500024729408e+02
1.037067194967264186e+03
1.042195789129377317e+03
1.019979923626091818e+03
9.300178621839270363e+02
9.905440526940360542e+02
1.136051110717282882e+03
9.971455521648177864e+02
9.883964865661764634e+02
1.017960928772780335e+03
9.457966078967108388e+02
1.022790213413977654e+03
1.062945376746088414e+03
9.613777965277614612e+02
1.038249327453212118e+03
9.325652953425138776e+02
1.128249626501606826e+03
1.059517677031155017e+03
1.016514392564578429e+03
1.009780616556459790e+03
1.060873427888734113e+03
1.028129508264197739e+03
1.043652818286997899e+03
8.880123818977754127e+02
1.029411944779834357e+03
9.967454248124477090e+02
1.024356763576535741e+03
1.043316374693953094e+03
1.004314523641485835e+03
9.565410186426811379e+02
1.065382211848028192e+03
1.021091997367889689e+03
1.018045882708584259e+03
9.539916608944990912e+02
1.038808251273505448e+03
9.763468105090631752e+02
1.027034141221925893e+03
1.086823852873399119e+03
1.063063087240970617e+03
1.015330248485670609e+03
9.994229931430825218e+02
1.079153485099096088e+03
9.435351218357923244e+02
1.006467683522451807e+03
9.655149998121703447e+02
1.054639047330782887e+03
1.006522432106914493e+03
1.056539684211431450e+03
1.045940669980155690e+03
9.434771554731285050e+02
1.005902028598269339e+03
1.024958571114835195e+03
1.071304678027966020e+03
1.011590089501842954e+03
9.601479595792839064e+02
9.684578529827030025e+02
9.974093678781592871e+02
1.083557362426688087e+03
1.004395763550012475e+03
1.007167023347887493e+03
1.069899035827699436e+03
9.669535915487340390e+02
1.046266449840648420e+03
9.755289136622553769e+02
9.862200298414140889e+02
9.960410442923055143e+02
1.059658189637950045e+03
9.885193971915442717e+02
9.716590281900781747e+02
1.022236840927791263e+03
1.072099121421860673e+03
9.713504503665852781e+02
1.091146829178366261e+03
9.780059976415896017e+02
1.060814854829962542e+03
1.068707731234439052e+03
9.785751359795010558e+02
9.731128146101619905e+02
1.047903152491327091e+03
9.734609837679536213e+02
1.106348162034830239e+03
1.081444434194449741e+03
9.943422079488833560e+02
9.795627011121778196e+02
1.074366533143725974e+03
1.060833304606197999e+03
9.733560906303198408e+02
1.010033333731409584e+03
1.018338974260511236e+03
1.096252003652361509e+03
1.007343129384625172e+03
1.070107768833080627e+03
9.580360849021021750e+02
9.922275984418278085e+02
1.003951109984397362e+03
9.502734168543040596e+02
1.021245450964446945e+03
1.110227761636815330e+03
1.029714974263503791e+03
1.009684759365037053e+03
1.038155278274801503e+03
1.187657805036865739e+03
9.215307391063291789e+02
1.095174580650455255e+03
1.024553844230470304e+03
9.578169270942929643e+02
9.847258745906096919e+02
9.594198283408886709e+02
1.012025379597072742e+03
1.052122460394707105e+03
1.040543343694582973e+03
1.009956608026828007e+03
1.120249016091063140e+03
1.025051821711507046e+03
1.001156350848561942e+03
9.695804045406406431e+02
1.044975460293782817e+03
9.856125119832947803e+02
1.019050356920846752e+03
1.025658875144978765e+03
9.923500076740249369e+02
9.502616269419909258e+02
1.025182188812299955e+03
1.024291878685137362e+03
1.039788864467499934e+03
1.029491573970836271e+03
9.514012771943042708e+02
1.004858447745939316e+03
1.061340155231207063e+03
9.680266809289438470e+02
1.069402706016462616e+03
1.019055621381577907e+03
1.019378360732905094e+03
1.014899926401625976e+03
1.006691374369362620e+03
9.935397404823158922e+02
1.027646652526267644e+03
1.086143801760001224e+03
9.697615155293293583e+02
9.919136385441732955e+02
9.794452871364990187e+02
1.024209896611079103e+03
1.056719838884876708e+03
1.035309720312433456e+03
9.979914880815921379e+02
9.472676413463583458e+02
1.055317091901962613e+03
9.539375045636131745e+02
1.045634144995067345e+03
1.040801699145716839e+03
9.728447404247333452e+02
1.004637529407969964e+03
1.089312575319985854e+03
9.867695901310003137e+02
9.997222086481824590e+02
1.019197994459798565e+03
1.057534806889329275e+03
1.011102829658262635e+03
1.043012886886804608e+03
1.043745821276651213e+03
9.518512617268639815e+02
1.016681373178295075e+03
1.038710271809183951e+03
9.365970767818073455e+02
1.043263027988553404e+03
9.857181880073212596e+02
9.920054415248804389e+02
1.070058114785829730e+03
9.751154376065766201e+02
9.645965302407770423e+02
1.003709812951059916e+03
1.020973129130606139e+03
9.607330556169197280e+02
1.183891545122542539e+03
8.805737740253208585e+02
9.728521803632121419e+02
1.036183175882017395e+03
9.672960884559520309e+02
1.008696249026084161e+03
1.018738681436517368e+03
9.574876176666135734e+02
9.516283285328773900e+02
9.635264234576799254e+02
1.029685488519972068e+03
1.022384229795560600e+03
1.041605185771282095e+03
9.991022402894826655e+02
9.415425724568151509e+02
1.058385447772900307e+03
1.104037630016738376e+03
1.014472234175058247e+03
1.017368841280772131e+03
9.985007067565035186e+02
9.832055911761822244e+02
1.047880400594752246e+03
1.032034617837965698e+03
9.831043759774975115e+02
9.998631709963823369e+02
1.044575976378567248e+03
1.005263557568004444e+03
1.068442129843072962e+03
9.694237680790405420e+02
1.031960032832977276e+03
9.761585703171995192e+02
1.001488152444742127e+03
1.001922185038489829e+03
1.075356553433070985e+03
9.840157261783858758e+02
1.088229453573482033e+03
1.016120092801675810e+03
9.650694653907430620e+02
9.869779012215076364e+02
1.063486566780176190e+03
1.063501943340446815e+03
9.759680991943935169e+02
1.075260095731072397e+03
9.323269780716289006e+02
9.138808436655370997e+02
1.110922137346530235e+03
