1.170207078859328021e+03
9.119234884074398906e+02
9.935858978808096253e+02
9.746978061133856954e+02
9.595421640732862443e+02
1.064787620572783226e+03
1.029433430268916482e+03
9.400576169473578148e+02
9.736114565143077471e+02
1.025253237643195462e+03
1.039376475821777376e+03
1.022994570566898460e+03
1.053871595024364524e+03
1.010868755421035985e+03
9.671803974040684579e+02
1.013928852987781397e+03
1.006749760252651299e+03
1.104052367130973835e+03
1.059059151499189738e+03
9.632035268547482474e+02
9.987321542164401080e+02
1.000493982136177692e+03
1.017149853958676204e+03
1.023044086838664498e+03
1.059969334288202390e+03
1.039608236745625845e+03
9.969057600177518452e+02
1.054920926220156844e+03
9.908777935847185745e+02
1.053993411706924007e+03
1.039444395004814396e+03
1.082514328768897713e+03
1.050995624145007696e+03
9.868738820918403007e+02
1.046752532503570592e+03
9.620116400311193274e+02
9.871955006046464405e+02
1.034883706333150030e+03
9.973121301212619301e+02
1.011099641636534102e+03
1.041597942318155901e+03
9.660662931412143735e+02
1.018311853113914594e+03
1.129533832271577467e+03
1.015078529559979529e+03
1.010120494596169806e+03
9.360789387043030274e+02
1.052786625664223266e+03
9.736446202059069037e+02
1.057676746184883996e+03
9.791169204281285374e+02
1.008533257318400501e+03
9.372659528386241163e+02
1.085532249263503672e+03
9.908795420040801218e+02
9.498818360473425173e+02
9.850645290183003908e+02
1.096696283027057916e+03
9.875176498295080592e+02
1.004797953164682554e+03
9.648525815513080488e+02
1.013756358432521324e+03
1.020971969956877956e+03
1.046801430361503662e+03
1.029162575294057433e+03
9.838682995934996143e+02
9.710621539025571565e+02
1.069379927411311883e+03
9.809037870582167216e+02
1.026614506893729413e+03
9.865089380182627110e+02
9.978446479765850654e+02
9.350047869062932477e+02
1.034582879041108527e+03
1.152019276025489489e+03
1.025004560417262155e+03
9.757465458863068761e+02
1.066633687403067597e+03
1.021510243413294234e+03
9.631019627867674444e+02
1.014172937503499838e+03
9.988948987255513430e+02
1.028353647542722683e+03
1.003012884007274465e+03
9.909445150412194607e+02
1.072296838159919162e+03
9.696229418308671484e+02
9.806321408396819379e+02
9.902090962234522067e+02
1.050529550899924743e+03
1.113713772754319507e+03
9.569404170760230954e+02
1.021292000736399473e+03
9.733943080434319199e+02
1.028552587332776511e+03
1.003174792277707297e+03
9.556963706106835161e+02
1.020413512320117320e+03
1.010342089188758564e+03
1.019632070795201230e+03
9.866787987280131347e+02
9.746536282079669036e+02
9.923405577516218727e+02
1.073513419574924228e+03
9.229244733276193529e+02
1.008454299849572294e+03
9.832180486243485120e+02
1.096704340973401258e+03
1.027902270841622794e+03
1.093429342527862445e+03
9.946192920936118753e+02
1.009363797768323820e+03
1.025149117560854393e+03
9.851612073636227933e+02
1.022525984214609480e+03
9.977449479296280970e+02
9.860565683311618841e+02
1.058209429279858796e+03
1.015353344586017556e+03
1.047889824018548552e+03
9.517106657939353909e+02
1.055429113912093499e+03
1.014802588808972587e+03
9.644700738716712749e+02
9.156629574019655138e+02
1.048209514822973233e+03
1.107770834355323359e+03
9.531173504943753869e+02
1.026391820164017190e+03
9.652252985723813481e+02
1.037117112538118135e+03
1.017152340543128503e+03
9.979067122457182677e+02
9.757892960153347985e+02
1.025879585932960708e+03
1.059116681432818950e+03
9.892147067972393870e+02
1.056836488400348344e+03
1.106068935967951347e+03
9.676873811449648883e+02
1.016282121289875704e+03
1.014557283323997581e+03
1.098987552264145506e+03
9.606753863505743993e+02
9.567545402208007772e+02
1.057400888234298918e+03
1.062846593340958407e+03
1.026408677820628554e+03
1.036031582720941287e+03
1.105702386362127072e+03
9.631388369714611599e+02
1.040067383891498139e+03
1.015413369500118506e+03
1.019410394405156580e+03
1.018623341059943641e+03
1.027382603753575268e+03
9.683104149271077858e+02
1.059418107893874549e+03
1.070841660138242560e+03
9.600482899247092519e+02
1.048281695532667527e+03
9.859941749590236668e+02
9.934198757629447982e+02
9.758482381823923788e+02
9.833819164807504194e+02
1.051420479606790650e+03
9.836833423010931483e+02
1.017374311441086775e+03
9.673313610172970129e+02
1.018444677889394484e+03
1.091716072459944826e+03
1.007026320365679226e+03
1.014788080014096863e+03
1.062935228961815028e+03
1.084853856869303627e+03
1.000657214286081967e+03
1.010844704822088033e+03
1.006219075792304238e+03
9.918105058573453334e+02
1.051074458830132471e+03
1.048281386207440391e+03
1.040421001236536313e+03
9.699230681106173506e+02
1.035353475959836032e+03
9.850847373270528351e+02
1.042793343298052378e+03
1.068465418303328306e+03
1.031512558053973180e+03
9.668442839643635125e+02
1.089905872304151217e+03
9.800569148205913734e+02
1.005476840368522403e+03
1.041465679994902302e+03
9.781661674421304724e+02
9.975638216289081583e+02
9.653800641416917188e+02
1.032629321181525029e+03
1.056156204930596914e+03
1.037632118681467091e+03
9.812675526626320561e+02
9.614130298259906340e+02
1.096443918352084893e+03
1.026603013551934055e+03
9.551638287555387024e+02
1.043762371315322980e+03
9.723962497041450206e+02
9.552592902955633463e+02
1.078620769644927577e+03
9.917457961786044507e+02
1.005711444699464323e+03
1.091148941111466684e+03
9.384244462125791415e+02
9.675179048736644063e+02
1.107129086118906116e+03
1.050955318152425662e+03
9.701127711542010275e+02
1.000267519886774039e+03
9.890942382625019036e+02
9.894814609734353326e+02
1.051355227008205475e+03
1.079684361040251588e+03
1.052135113620708580e+03
1.008934321136851395e+03
1.019236623730842325e+03
9.205837932884310248e+02
1.153484380342302302e+03
1.045389002922733198e+03
9.600319385370992222e+02
9.694365347706742568e+02
1.004310913489313862e+03
9.951061738861749291e+02
1.012070368695825323e+03
1.085107376505766297e+03
9.924396423380906072e+02
9.465978355221434413e+02
1.103722593900449738e+03
9.692871057471389804e+02
1.099839292978812182e+03
9.879015712897997901e+02
1.017542013523501510e+03
9.538269627804024822e+02
1.011678181861860025e+03
1.056758919205801703e+03
1.013678866631834808e+03
9.765189558638573999e+02
1.076699468845378760e+03
9.996145893767884445e+02
9.700188692771373553e+02
1.023698524615276369e+03
1.051661033118861724e+03
1.070481424500732373e+03
1.048765121861043099e+03
1.080012067391558958e+03
9.686033331622468268e+02
1.023298752795943301e+03
1.039267896515013035e+03
