1.220032285213326304e+03
9.119234884074398906e+02
1.026014726609485706e+03
9.828966754460986976e+02
9.816067445215107909e+02
1.041549089243093476e+03
9.884893858542975522e+02
1.010914927780025664e+03
1.014891626522108368e+03
1.028410639944277818e+03
9.740924989381887826e+02
1.033161057610393527e+03
1.044353578272394998e+03
9.981625381465345299e+02
1.010466588362194898e+03
1.020068292084632503e+03
1.090781595705929703e+03
1.003365280639433649e+03
1.003575624599699950e+03
1.015505188168449422e+03
9.590307533000831199e+02
1.034147296588010249e+03
9.903777377645276374e+02
1.051848846350807889e+03
9.361283471024082701e+02
1.043924507501074004e+03
9.993626383060781109e+02
1.053900948720189717e+03
1.005545997855498285e+03
1.039578272976354810e+03
9.608349567185139222e+02
1.054922826140422330e+03
1.025305623886637477e+03
1.038854584032397270e+03
9.690892801228077360e+02
1.011792864707530498e+03
1.032401661027639875e+03
1.031228749558560139e+03
9.267472858510560627e+02
1.050062349155788525e+03
9.938352421948325173e+02
9.874222741863727606e+02
9.827981304257574493e+02
1.099840557377640835e+03
9.945363631330380940e+02
1.019789326282994807e+03
9.358329713817144011e+02
1.112416229713302073e+03
9.684230650028812306e+02
1.020703937411516108e+03
9.823738779661998706e+02
1.042629663891943892e+03
9.896768232186387877e+02
1.024392215737992046e+03
9.587087525781170143e+02
9.965454431761374963e+02
1.017214088704215442e+03
1.042887496178565016e+03
9.441045984377153673e+02
1.028019260117338717e+03
9.782327109329894483e+02
1.114236447252402286e+03
1.037441788424501283e+03
1.007709849077795866e+03
9.701531289413597960e+02
1.074178057196873397e+03
9.969930270750519412e+02
1.047644602553319146e+03
9.667579595192835313e+02
1.014354430459368359e+03
9.891854485641670180e+02
1.069841097717042658e+03
1.012530524196474516e+03
9.875880697331838292e+02
1.013354494685816803e+03
1.106252631292757769e+03
9.883487907862879638e+02
1.088212460745178305e+03
1.046170746739962624e+03
1.006615433321504725e+03
9.928227043278186557e+02
1.046961058152144460e+03
9.848011465337190202e+02
1.052454728941365602e+03
9.936018801449206421e+02
1.050633910321523899e+03
1.008120127184169064e+03
1.012332764057572717e+03
1.003735890027038863e+03
9.806914771299420863e+02
1.060384894406589865e+03
9.708621487141800799e+02
1.081057060375683250e+03
9.762336047354515358e+02
9.780695894987719612e+02
1.055351058136950542e+03
1.008996515721533910e+03
9.707262639447574202e+02
1.010505495831790881e+03
1.059376354522077008e+03
1.002136354565303350e+03
1.033651286902817446e+03
9.821933647058302768e+02
1.062740890923213556e+03
1.060513523763780995e+03
1.051167850931293515e+03
9.679155281377791198e+02
1.024198938953021070e+03
1.036800776387624865e+03
9.880367298615888103e+02
9.632687245541237644e+02
1.090099133459065797e+03
1.041958067593548321e+03
9.911951551234990347e+02
9.890655745365334042e+02
1.003417351827045309e+03
9.679844076400200947e+02
1.059903550423251318e+03
9.785650182513878690e+02
1.097975433580491881e+03
9.312642367467867643e+02
1.060180961092573170e+03
9.846581384818381366e+02
1.042099187764636781e+03
9.818958196587470866e+02
1.002535683700161599e+03
1.070013969353489983e+03
9.901543355664307455e+02
1.045316202073411432e+03
9.706017914756264418e+02
1.072594882019164970e+03
1.026136880213104860e+03
9.914403313985608293e+02
1.025693998314474811e+03
9.833660547381416563e+02
1.084301709190534893e+03
9.947106232823825849e+02
1.003222714056079667e+03
1.000525767155686708e+03
9.390347260390971087e+02
1.095820398509639745e+03
1.020757514632756056e+03
9.918666922908566903e+02
1.057066313964120127e+03
1.025031703616010873e+03
9.496002591051541231e+02
9.960325273490127529e+02
1.036058932695908197e+03
9.762713200511728928e+02
1.117593898024903410e+03
9.965195898693156096e+02
9.834215730251268042e+02
1.011160248906991910e+03
1.006904110551755480e+03
1.001074068948575473e+03
9.960630005238675722e+02
1.050798956072046622e+03
9.595555717581488580e+02
1.028465439864728978e+03
1.078992363619318212e+03
1.026054773070189412e+03
9.740605531199983034e+02
1.088648076284499439e+03
1.012240265179767903e+03
9.537969884931951583e+02
1.086135205390484771e+03
1.003433927609122634e+03
1.007247513296682655e+03
1.064666154160154747e+03
1.050762222615705923e+03
1.005439011327250455e+03
9.921449218552766069e+02
9.896159121296093417e+02
9.578130888264147416e+02
1.032349402809499679e+03
1.016966061570386842e+03
9.946128579691858249e+02
1.137335522555711123e+03
9.875217601089493655e+02
1.085257922478376940e+03
1.039531714791500690e+03
9.633345918141565107e+02
9.302317802081687432e+02
1.136406156163330706e+03
9.939758152714272228e+02
9.918160563909716529e+02
9.244776406774875568e+02
1.041803852588557447e+03
9.934668474854876195e+02
1.086545129505045225e+03
9.266833927649221323e+02
1.080201181013172572e+03
1.043065340121474264e+03
1.048293901860624146e+03
1.009062563160183913e+03
1.069706676190264716e+03
1.074693791258548117e+03
9.781280271321338660e+02
9.091672806350981091e+02
1.037376411705737610e+03
1.039179170891289459e+03
1.028419253632122718e+03
1.027028786157178729e+03
1.005101665453944975e+03
9.379695808568316124e+02
9.843960582965269168e+02
9.576451053699869362e+02
1.051786274707037819e+03
1.007862028919735508e+03
9.704613484372714538e+02
1.011193761740957143e+03
1.038565972346632861e+03
1.004756989720163688e+03
1.004990289158148016e+03
1.073555657720407908e+03
1.067988400350598795e+03
1.015596383168695752e+03
1.029722153440591683e+03
9.907179523659884808e+02
1.042996768701300880e+03
9.631822934218375849e+02
1.015441456107026056e+03
9.641517070915538170e+02
1.024578027448965031e+03
9.954184005654219618e+02
1.035447141441884469e+03
9.738992326084901379e+02
1.070144702889642986e+03
9.495857304731082422e+02
1.050702240296787522e+03
9.798258123036775942e+02
1.074064443466063949e+03
8.864589688954357598e+02
1.028779709589573486e+03
9.677828283554142672e+02
1.082091506116951905e+03
1.018763946053530844e+03
1.010585644332729998e+03
9.612079199800132301e+02
1.072211342973263982e+03
1.061480717579389193e+03
9.454592207601182281e+02
1.028089654862760426e+03
9.927674926722767168e+02
1.032736106852365992e+03
1.056438869281835878e+03
9.573114772579212968e+02
1.088631349361375442e+03
1.002286545508007066e+03
1.050528753247523355e+03
9.838351997429022049e+02
1.017337539941274485e+03
1.108002390649770859e+03
9.915696136758554076e+02
1.012734402695255653e+03
1.047899344904217742e+03
