1.146088317092272746e+03
9.119234884074398906e+02
1.030227719493050017e+03
9.717726903854536431e+02
9.628722055301791443e+02
1.039552636555848721e+03
1.031356050347134214e+03
1.018997685273744082e+03
9.890542194292512477e+02
1.051533132004578420e+03
9.577956522176233420e+02
9.973497411876212482e+02
1.021399621243902061e+03
1.019379750335693302e+03
1.046368518461519898e+03
1.007159456855849726e+03
1.055258804617940996e+03
9.884325282933912149e+02
1.018523757046119840e+03
1.015899361165000869e+03
1.064307677716417402e+03
9.907979378169245592e+02
1.041650727235576824e+03
1.006762088201307051e+03
1.001606288238587013e+03
9.970616660203216952e+02
9.759394232734073285e+02
9.969136853059131909e+02
1.059838907000720837e+03
9.250858827290675208e+02
9.870121817683675545e+02
1.089253516901539797e+03
1.090324052451049738e+03
9.791115705767635973e+02
9.509895531919355562e+02
9.906001237984430645e+02
1.083855894555938221e+03
9.319436386108898205e+02
1.013466407349427072e+03
1.051916549520837179e+03
1.072190534340373688e+03
9.643356645433797212e+02
1.030934117107263774e+03
1.051382309673922236e+03
1.089870275940496185e+03
9.469645492688654258e+02
9.691261723380405328e+02
1.085807604556737488e+03
1.009090293798619655e+03
1.082702456517316477e+03
9.992289353335906981e+02
1.034327274142455735e+03
9.352658950280771251e+02
9.784817328378377397e+02
1.021750802958657118e+03
1.084116415506446174e+03
9.817215825007798458e+02
1.013054727128675040e+03
9.666064332343435126e+02
1.034367343488047482e+03
9.621864081322498805e+02
1.081821760388898610e+03
9.581035788505365645e+02
9.929961300606113355e+02
1.005070309270058260e+03
1.039185807660476257e+03
1.039067975746104366e+03
1.016300185103475883e+03
1.007481423719981194e+03
9.896409418497969455e+02
9.807161394212834011e+02
1.021947634487540199e+03
1.019915397042260224e+03
9.866126670130266803e+02
1.039673641409747461e+03
1.002098891093976249e+03
9.747410344925638128e+02
1.029985971030572045e+03
1.088900025911792454e+03
1.004695370062174902e+03
1.026296979975517843e+03
9.892556753108400471e+02
1.002690534369124180e+03
1.035888170851143741e+03
1.006921731358669149e+03
1.034686771577869422e+03
9.609721047741406892e+02
1.007323514380510005e+03
1.034769289415052071e+03
9.789134619439565768e+02
1.030007515037774738e+03
9.382892935037473308e+02
1.092605417484891404e+03
9.309719637556260068e+02
9.820892468907550210e+02
1.115318388866278610e+03
1.004989240220891361e+03
9.866195057323051287e+02
9.874245680008071986e+02
1.109395642486014822e+03
9.910250569484472862e+02
1.017661899102927009e+03
9.831328133196884664e+02
1.079023763943822814e+03
1.021209259388350574e+03
1.058367072071891698e+03
9.586340672443735684e+02
1.029342563075572571e+03
1.016462148300581475e+03
1.017451906731564577e+03
9.187181089829796292e+02
1.106107763813500242e+03
1.051847987817208832e+03
9.827324850447037079e+02
1.023097614619349997e+03
9.694648518371047885e+02
9.598337285943438246e+02
1.017136040650059613e+03
1.003644265049148544e+03
1.036811558495953022e+03
1.004131419627444757e+03
1.020001675683848362e+03
1.031188086605602621e+03
1.010846043413281791e+03
1.041650413419062716e+03
9.821724968923272172e+02
1.076702555585978644e+03
9.593035589166036061e+02
1.069295259818593877e+03
9.697391571335149365e+02
1.108025936752159168e+03
1.045185532593947528e+03
1.019565654391671274e+03
9.995825976544655305e+02
1.006181772849382469e+03
1.045417753022043598e+03
1.075629887719412409e+03
9.742446420338072812e+02
1.050962706169907733e+03
1.000772642232151497e+03
1.114475865123620224e+03
9.532974942278733579e+02
1.034252719187135654e+03
9.798417347321643547e+02
9.892063738220480218e+02
1.021469642186710530e+03
9.455074436162810798e+02
1.041329929963664426e+03
9.664454879649720169e+02
1.106775187112364165e+03
1.081701919742122300e+03
9.960204307208066439e+02
9.720422065157929410e+02
1.033896807974598460e+03
9.943531789432893220e+02
1.017529175704774389e+03
9.977450500487714180e+02
9.816196794460514639e+02
1.011857067881476269e+03
1.057712701094577596e+03
1.011943632252066436e+03
9.644401757410485061e+02
9.974802284929767211e+02
9.806800751280229633e+02
9.885070986174887366e+02
1.131733400233760676e+03
1.026126893969462117e+03
9.764223682446857993e+02
1.019147862233212209e+03
1.027534001836471589e+03
1.016287818966228542e+03
9.981946229366269563e+02
9.915785101746434975e+02
1.009122729372722915e+03
1.043019605769726923e+03
9.926549680199027534e+02
1.042078481653099061e+03
1.030325887688009971e+03
9.817883874989487367e+02
1.029609216126641513e+03
1.099225194405848470e+03
9.659018711904452630e+02
9.489667930571839634e+02
1.104564748488501664e+03
1.129323563302834145e+03
9.660037558602833769e+02
9.880714593113945057e+02
1.042624626178713697e+03
1.019448757038896815e+03
1.069700999930109674e+03
9.368552411839302749e+02
1.057710444389537770e+03
1.029644268906642537e+03
1.036781910386799609e+03
9.585646454637713987e+02
1.059147640500312718e+03
1.131385914648768903e+03
9.930275369039586622e+02
9.476730007669870020e+02
1.095467045955196227e+03
1.045075943804935150e+03
9.723455307396495755e+02
9.990850071446494667e+02
1.033398542400637325e+03
1.002930126433118176e+03
1.029442165573985221e+03
9.972711198670760950e+02
1.079057441683219849e+03
1.047419696476797071e+03
9.615919047008198959e+02
1.120893687815244448e+03
9.291673782139771447e+02
9.450042847521085605e+02
1.010882335555025861e+03
1.091197035777986912e+03
9.391297088765950321e+02
1.012408632909583957e+03
1.021737373664475626e+03
1.050742826937808559e+03
9.801352003251286078e+02
1.022574009308116729e+03
9.992962968719259607e+02
1.031796519942384748e+03
9.676431340878821175e+02
1.042928554985894380e+03
1.007466968290824525e+03
1.068765613787999655e+03
1.053669467009606478e+03
1.009508945156491677e+03
1.056675967251453812e+03
1.015933028538359622e+03
1.016889677204593454e+03
9.882006382010710013e+02
1.044992848428422121e+03
9.640927042151348587e+02
9.828540225128563179e+02
9.613417017715880775e+02
9.939581531657555615e+02
1.024713597809446128e+03
1.066657433618174537e+03
1.072356725853067246e+03
9.056326638230871140e+02
9.980822094792121106e+02
1.017294041736871122e+03
1.031592462349401558e+03
1.002038125293530356e+03
9.579726726842366133e+02
1.124720581694528164e+03
9.873264801558066210e+02
1.007507729289990721e+03
1.009210335519529508e+03
1.068394163254604337e+03
1.034673099634373557e+03
9.597535867594506271e+02
9.839373033425215453e+02
1.101590976882761197e+03
