1.077604703836756926e+03
9.119234884074398906e+02
1.030622221020793631e+03
9.696915346120896402e+02
9.948134395944616699e+02
9.967003121820816887e+02
1.029341710148640004e+03
9.684124500898496990e+02
1.047540532693872137e+03
1.083509545299773890e+03
9.656212305341164210e+02
1.029144592889990236e+03
9.923030906980926602e+02
9.973343207479384773e+02
1.039216170775592445e+03
9.458379463575342925e+02
1.074289232267643683e+03
1.004385450896077032e+03
1.015829093761667536e+03
1.009922797287655044e+03
1.050133322255136363e+03
1.055259764685511982e+03
9.942717217869717388e+02
1.053731601753886935e+03
1.020613633753939098e+03
9.463326948871772402e+02
9.969150271016814031e+02
1.009994233820540330e+03
9.776953256549772959e+02
1.034595403800154145e+03
1.016582433838618044e+03
1.002123786864519388e+03
1.139183285164159997e+03
9.256484294842171039e+02
9.818490148498258350e+02
1.011926082298300344e+03
1.016344629024289134e+03
1.031809533647257695e+03
9.592976343763469913e+02
1.037010707001319133e+03
1.050050530826691102e+03
1.020161187027569440e+03
1.087836037900857264e+03
1.002531450275172801e+03
1.004586890301667609e+03
9.655984841927495381e+02
9.938806927677605927e+02
1.087942439451920336e+03
9.700712003966914381e+02
9.758766606836567234e+02
1.001900064739414802e+03
1.059785639818675918e+03
9.489665926427712748e+02
1.071889209086996061e+03
1.008466962940336998e+03
9.298403561449914605e+02
9.720051374899410348e+02
1.049331209087851676e+03
9.969124050255990142e+02
1.025865749549045404e+03
9.205599027866761617e+02
1.055300628546636290e+03
1.063876311602425858e+03
9.947404718478661607e+02
9.995087225012756562e+02
1.020516050366098398e+03
1.060036897712385553e+03
9.633490803425020204e+02
9.487026243182370990e+02
1.066092430518428955e+03
1.019352051731509277e+03
1.031975154274717625e+03
1.051334355681217176e+03
9.753513628275861720e+02
9.933430303906995960e+02
9.968495852016767458e+02
9.630737688443326761e+02
1.018846505059150559e+03
1.023534920163507536e+03
1.010139370084463053e+03
1.074215034380334600e+03
1.007966773615725970e+03
9.561546468531965957e+02
1.015624102660797348e+03
9.526387833944396561e+02
1.039368739433281917e+03
1.047722048660883047e+03
9.749975856717444458e+02
9.372601901125506174e+02
1.022747817349493744e+03
1.066619974284983073e+03
9.748025896507604102e+02
1.107006942239980617e+03
9.360644820599253535e+02
9.743563841581901670e+02
1.012781035104600505e+03
1.007935448816766325e+03
1.067881943465260520e+03
9.824576389404123802e+02
1.014978851249250852e+03
1.022935270219388485e+03
9.951463732733020606e+02
1.054466941571472489e+03
1.071259906466134453e+03
1.051100786760913479e+03
1.001942737842044608e+03
9.582322899559937923e+02
1.082897486460267146e+03
1.017221110687348073e+03
1.013214184638702022e+03
9.480293893031484913e+02
1.002954809519334276e+03
1.016473216273020853e+03
1.032425772709119428e+03
1.074292607095412905e+03
9.417226286966538282e+02
9.354047327679757018e+02
1.016059870068159626e+03
9.560226453867365990e+02
1.013733850287844120e+03
1.012589446412536290e+03
9.553070473104646680e+02
1.065854614396061152e+03
1.065637924356283975e+03
9.879636115760171151e+02
1.084329053414970531e+03
1.056235859686799358e+03
9.427319331367594941e+02
9.758194234771282254e+02
9.858096993017828709e+02
1.108829538255656189e+03
1.017224444394934380e+03
1.075249874891587979e+03
1.001006140103680309e+03
9.764653282077754284e+02
1.050126100986690744e+03
1.087024104099983788e+03
1.005661986044212767e+03
1.003000582471923281e+03
1.000906992739071029e+03
1.091552127643616814e+03
9.160749838854555946e+02
1.046429071131768978e+03
9.754454291687754903e+02
1.026196184553666626e+03
1.043243677107658414e+03
1.008495939743102326e+03
9.568993556002413925e+02
9.514479614965483734e+02
1.096553682210799025e+03
1.051819991738316048e+03
1.005282581700198762e+03
1.011427745095011687e+03
9.790501600213459596e+02
1.032567744951149280e+03
1.063657310918865051e+03
1.005255066286814326e+03
1.049670494446621433e+03
9.825354529141858393e+02
1.031689666131004287e+03
1.021572567438823739e+03
9.591491009737278546e+02
1.063853995029119687e+03
9.863108348791288336e+02
9.128438029032088252e+02
1.139402163025662048e+03
9.641508067488775851e+02
9.227703406049931800e+02
9.708564730225853054e+02
1.030787631435202002e+03
1.055234107263420356e+03
9.723666404671881764e+02
1.068592611544590227e+03
1.013250498957610034e+03
9.911245133517130625e+02
1.097489347058844942e+03
1.011486997849957106e+03
1.018346885158896157e+03
9.801092769217509613e+02
1.057850706752561109e+03
1.073176284950414811e+03
1.031258707758226365e+03
9.977320925710051824e+02
1.057980171325602669e+03
1.048459760715066523e+03
1.022626413903363300e+03
9.530435026474532378e+02
1.043278566461190849e+03
1.013773067804520565e+03
9.677355876594447182e+02
9.194619163506927180e+02
1.006632944317258421e+03
1.058886562220204269e+03
9.461733150699275257e+02
1.020736812190176579e+03
1.044865345731265052e+03
1.080907052265436050e+03
9.825095157770040259e+02
9.351585112217690039e+02
1.026780403206297251e+03
9.995336718471098720e+02
1.048297444408636011e+03
1.071907787770265031e+03
9.720403220175202250e+02
1.042700875894353430e+03
1.028815982739993842e+03
9.509868813578005984e+02
1.063813744042137387e+03
1.044848715563725364e+03
9.782710281092262221e+02
1.027329646847699678e+03
9.797079979769007423e+02
9.330690064352203308e+02
9.831810811419670699e+02
1.185177213572403161e+03
9.657079106611926136e+02
9.687473095322618519e+02
1.055704263473885476e+03
1.046609628207789456e+03
1.020518434228283581e+03
1.064493540769069568e+03
1.033303185880282172e+03
9.903847963291761971e+02
9.277028841510102666e+02
9.386651190765447836e+02
1.053194090364826707e+03
1.046773470586939311e+03
9.873144901755745195e+02
1.079332891620103965e+03
9.461823520705232795e+02
1.016982523166232681e+03
1.048073909142224466e+03
1.015089919719771956e+03
9.915972644899429724e+02
1.016327528098662242e+03
1.059329652894146875e+03
9.827393408783384530e+02
1.028944018808458168e+03
1.039001657272973262e+03
9.870966083151404291e+02
1.069020428926192835e+03
9.762716870568739296e+02
1.030000007630424307e+03
9.385608818492576120e+02
1.054729802461642748e+03
9.642917344147143694e+02
9.621805359605125432e+02
1.097952522893198648e+03
1.044803149338963067e+03
9.809111709011124276e+02
1.059038013508448103e+03
9.821637842082960788e+02
1.002897791786205744e+03
1.008590543421116536e+03
1.034325507770094418e+03
1.068107027234295174e+03
