1.157790596508548333e+03
9.119234884074398906e+02
9.214110813554278820e+02
1.061565618589253972e+03
9.701500748099233533e+02
1.018895012668157051e+03
1.085063879584730330e+03
9.595521288581976478e+02
1.068759487726860243e+03
1.028915956300400921e+03
1.044084140883757755e+03
9.989617045480461002e+02
9.949115088482088822e+02
9.960433711338721423e+02
9.773060945066264367e+02
9.919347680017931452e+02
1.068045393511364409e+03
9.785750276611773870e+02
9.854440954990568571e+02
9.935915886629867373e+02
1.024330628303128378e+03
1.052726031686253918e+03
1.077686710036541626e+03
9.252611424680397931e+02
1.052267356210099479e+03
1.005347535409520901e+03
1.058790463762199352e+03
9.899029347880737078e+02
9.700380137321792517e+02
9.746450212874647150e+02
1.021204937049772752e+03
1.045870901473017966e+03
1.130469137549298466e+03
9.381661009110729310e+02
1.040949154580022650e+03
9.464547445643469246e+02
9.724112773154938623e+02
9.864152989137907070e+02
1.005728158200319172e+03
1.024826711936482070e+03
1.060064176753948686e+03
9.676313528611132142e+02
9.830833582906739139e+02
1.016976990683900453e+03
1.009894989422324215e+03
1.019879338191748275e+03
9.779662688666065833e+02
1.030192546154508818e+03
1.065318645324604176e+03
1.035494465671292573e+03
1.025668675258335270e+03
9.734696194483281033e+02
1.002640372985791601e+03
1.063865753268517665e+03
9.770994701233721571e+02
1.048157404401698841e+03
9.199714185923045306e+02
1.035898348410721610e+03
9.474149685188260719e+02
1.084977567136762673e+03
9.824573410834466358e+02
1.063572248340485203e+03
1.064661887498667966e+03
9.707066791884390113e+02
1.011395636488621221e+03
1.026024232055478024e+03
1.005989999109433256e+03
9.714604236604957350e+02
9.774308666553322382e+02
1.031085879315292459e+03
9.889196175271881657e+02
1.073596378935588291e+03
1.027137570870526815e+03
9.488607733916886673e+02
1.019604077806134342e+03
1.043052020830519723e+03
9.560386603543229285e+02
1.012562757410096197e+03
1.082583030935137231e+03
9.831015860678995750e+02
1.050943675373718634e+03
1.013335108188281538e+03
1.049967687563090976e+03
9.807713871232617748e+02
9.631856133991552724e+02
1.008823704911415689e+03
1.032180686405824872e+03
9.769530727552885310e+02
9.681398157689417303e+02
1.018587799634842213e+03
9.910696628438428206e+02
1.005061045283403132e+03
1.135439293484876998e+03
9.565178326784147202e+02
1.027973117636461893e+03
9.861623879186088288e+02
1.031953485364419976e+03
1.026086402198897531e+03
9.475970187751047433e+02
1.096830532308468264e+03
9.835584199546754007e+02
1.028309736327172914e+03
1.062416306709425726e+03
9.945878158184774520e+02
9.809456181383652620e+02
9.233847121959267952e+02
1.003634228165717332e+03
1.013010978059865010e+03
9.901359930161985403e+02
1.028680043257924126e+03
9.543846054584720378e+02
1.069842079398481246e+03
1.077247234746934055e+03
9.658515168001397342e+02
1.011659774453819182e+03
9.690031689506114390e+02
9.678417764600692408e+02
1.005353237225718658e+03
1.044645949986438154e+03
1.059532057106848924e+03
1.035047206632684038e+03
1.016750685413979340e+03
1.088560328762586551e+03
1.045781165380648190e+03
1.001175674985581395e+03
1.051913598682614065e+03
1.060469814486168161e+03
9.874203230663910063e+02
1.055142656906648199e+03
9.891311149363536970e+02
1.095258306191320116e+03
1.035960879540441510e+03
1.039481097465009725e+03
9.997704866810541944e+02
9.628167095815404082e+02
1.040613273759139474e+03
1.076797287739898820e+03
1.012271613755764520e+03
1.107421558389228267e+03
9.101072379837289645e+02
1.068003885333993594e+03
9.417517660906714809e+02
9.936478183015071863e+02
1.021238059413595579e+03
1.006538772701078528e+03
1.000016903803451669e+03
9.850500883962943135e+02
1.046465892583519690e+03
9.512951689128211683e+02
1.075977101424375860e+03
1.061129076023633388e+03
9.801273883716557975e+02
9.941961503513921343e+02
9.790179939681347605e+02
1.062319700388776027e+03
9.273777632213111701e+02
1.083793963982115656e+03
1.007728742062068250e+03
9.433766930421602410e+02
1.048632501345297669e+03
1.048374020509349521e+03
9.656296311359959645e+02
1.106885266113723901e+03
9.385651294302549559e+02
9.166223754347913655e+02
1.144975896022255711e+03
9.397359380039413281e+02
1.002655921902240266e+03
1.024208850206250645e+03
1.021732835331094748e+03
1.055787140805938407e+03
9.987577600399795301e+02
1.009699511532311135e+03
9.516675806373294790e+02
1.060022817202876695e+03
1.017477605459180722e+03
9.755388758983972366e+02
1.014388966259034987e+03
1.046580554104203202e+03
9.924058738070000345e+02
1.060762150424674701e+03
9.744278325125768561e+02
9.588320406622042356e+02
1.103027620246991546e+03
1.066674695564189960e+03
1.019146652936604028e+03
9.857127809741396050e+02
1.050677895845035891e+03
1.070907589219237252e+03
1.060566589667439075e+03
1.005597464027101978e+03
9.834973001669288806e+02
1.025962809012385605e+03
9.935363933941025607e+02
1.099357370839170926e+03
9.578595003852173022e+02
1.036750441183043222e+03
9.524910922546124539e+02
9.660461468008434167e+02
1.119727093124636212e+03
9.960406625549646833e+02
1.061785044712345552e+03
9.588223723886433163e+02
1.038583606655981157e+03
1.021821861980948597e+03
1.038332639987545917e+03
9.714442104866855061e+02
1.014325592526364517e+03
1.110179973418021518e+03
9.835007232630894123e+02
1.083985922182509512e+03
9.193104719793794857e+02
9.819129065174256539e+02
9.912470869100408208e+02
1.061127046667696504e+03
9.940541049562650642e+02
9.948620632286921364e+02
1.066234234958409616e+03
1.037545780909341374e+03
9.867634762110668589e+02
1.094809436603499080e+03
9.694385076758503601e+02
1.051980834191622080e+03
9.979302316512578273e+02
9.671166172732337145e+02
1.027061844958002666e+03
1.080005941827588003e+03
1.066065509547061993e+03
9.921370855715085781e+02
9.676825828411884913e+02
1.013660907665591822e+03
9.711722558679753092e+02
1.014011540751165512e+03
9.905373100523345329e+02
9.791306369845926838e+02
9.270883850929816390e+02
9.912737089440770433e+02
1.011285253480833717e+03
9.523313642133703070e+02
1.042842964554126183e+03
1.025256376694555911e+03
1.020765554961874386e+03
9.886196566495509614e+02
9.711659351775348341e+02
1.030297474384289671e+03
1.010373329768194253e+03
1.015113195139200116e+03
1.048836228043023993e+03
9.526732235971069258e+02
9.850079898450517248e+02
1.114420225398915136e+03
9.779266692681567292e+02
1.029915210662825757e+03
9.781257341606656155e+02
9.494302420068518131e+02
1.074410446209615657e+03
