1.130069529015485841e+03
9.119234884074398906e+02
9.847317581950078420e+02
9.818610859173440986e+02
1.071635049056355911e+03
9.824211584274861480e+02
9.565517465989349830e+02
1.048274089015174695e+03
1.038530699955562568e+03
1.066998929278314563e+03
9.965833170272485404e+02
1.033150770795940844e+03
9.746817899006086918e+02
9.842534710039765287e+02
1.009623906585653344e+03
9.919707413189801173e+02
9.682504821121231089e+02
1.020151065724834780e+03
1.054065812983993055e+03
9.082145669461690431e+02
1.007725659702957046e+03
1.090190272250152248e+03
1.037183781718055116e+03
9.829402223349424048e+02
9.953914534609525617e+02
1.004990709803858294e+03
1.029892306139569882e+03
1.005050517010749900e+03
9.787832164692792958e+02
1.088014481253747135e+03
1.052670261193223723e+03
9.601989968952373147e+02
1.118583723837112984e+03
9.477654602245190745e+02
1.042500675575787227e+03
9.861671814825954243e+02
9.628179195387573372e+02
1.051169870653831140e+03
1.050991624930675243e+03
1.049404575888014051e+03
9.989185031145618723e+02
9.997931965969601151e+02
1.100479297058094517e+03
9.470475843027531937e+02
1.068845589763347789e+03
1.006974315657645434e+03
1.031539690089053238e+03
9.841286604842073302e+02
1.002832775302069535e+03
1.006363704996804017e+03
9.733118692009240931e+02
1.047975283250397069e+03
1.019475765269407134e+03
1.073263273098425998e+03
9.273930463741957055e+02
9.801830655580409939e+02
9.651170216560710742e+02
1.072206939799093561e+03
9.897173347035729876e+02
1.080783487787547529e+03
9.606812615108322007e+02
1.050686869126171814e+03
9.722225915280027948e+02
1.019919100805517701e+03
1.093761948883984815e+03
9.738058312249427217e+02
1.075772387744224488e+03
1.044858915891808465e+03
9.810799531793197730e+02
1.061740321106897454e+03
9.893016441717297766e+02
9.980799871488843564e+02
1.061133006022061181e+03
9.509137774069024545e+02
1.038135385826927404e+03
1.019491945130382987e+03
1.022920518533719473e+03
9.522131717744832713e+02
1.088557077250894736e+03
1.033490724471224212e+03
1.013983209279352991e+03
1.035072667338779183e+03
1.014888263159523831e+03
9.953748822693460170e+02
9.122214069185533845e+02
1.123415857009109004e+03
1.003470462975290729e+03
9.137623140973157660e+02
9.425498183407210036e+02
1.033204634106491085e+03
1.063724647512358388e+03
9.832369572690114410e+02
1.106051693144574983e+03
9.675485544911989564e+02
1.024894492981272606e+03
1.057476863359386925e+03
1.001929673192846508e+03
1.129205948840663950e+03
1.008869142215027296e+03
1.011679406916196854e+03
9.401101365572698114e+02
1.028193802566381237e+03
1.025819838965574718e+03
9.956934994204550549e+02
9.769933246593302556e+02
9.871895116810273976e+02
1.025144289226378078e+03
1.070664836862750917e+03
9.845671643961104564e+02
1.094275078580566515e+03
9.864516942025140906e+02
1.034234199939450264e+03
1.031707636452445513e+03
9.772323495744432194e+02
1.043061178140347238e+03
9.926418875926547116e+02
1.023552395472239141e+03
9.632834255885892389e+02
1.000155495813730113e+03
1.015911089962984875e+03
1.065414429470292816e+03
9.340110246335276543e+02
1.020803989310861766e+03
1.048778378686629139e+03
9.936276514351677633e+02
1.040258864786437243e+03
1.090659740568278721e+03
9.641927447274624683e+02
9.530538342889115029e+02
1.007873481323727901e+03
1.130117274179309788e+03
9.283712237470500668e+02
1.044919459452126375e+03
1.055462396509268956e+03
9.927898491809503412e+02
1.060828504914108635e+03
1.023153044197303529e+03
9.522512476903120842e+02
1.058060400102568110e+03
9.846850380045564179e+02
1.032579373023960670e+03
9.736987026460674315e+02
1.081057032925024259e+03
9.529796461797075153e+02
9.837865120916039814e+02
1.016351273002011339e+03
9.705785989387852624e+02
9.970875106741431182e+02
9.330684341298853042e+02
1.058719460833251560e+03
9.866578780652276919e+02
1.046677713599633080e+03
1.030531165243387477e+03
9.913661643797790930e+02
9.984818885950874119e+02
1.002045253128583454e+03
1.017909211558980815e+03
1.030800219537980865e+03
9.643109103157091795e+02
1.024979916439502404e+03
1.076196852685090789e+03
9.924658965061878462e+02
1.087428249663953466e+03
1.046129962224479641e+03
9.500030351026041444e+02
1.108301940460100695e+03
9.860531739706841563e+02
9.877573421967465492e+02
9.777288961079821092e+02
1.004713952412318122e+03
1.050212220844137619e+03
9.747827322645634922e+02
1.087409605468803420e+03
9.766222523430968749e+02
9.545278800658759337e+02
1.040426414989072100e+03
9.430386931052439650e+02
1.091068918941098673e+03
1.008276595582388495e+03
1.002754699830454001e+03
1.071000190024075209e+03
1.082515378164698177e+03
9.922564403589539097e+02
1.040150874818382817e+03
1.025250135074075843e+03
1.056199635929911437e+03
1.016485043138412493e+03
1.001307189245958966e+03
9.832356365981045201e+02
1.016869072770042976e+03
1.039411323034604266e+03
1.001635405931578930e+03
1.035320639198039771e+03
1.020919307673445928e+03
1.033063319039678618e+03
1.077520178482243864e+03
9.926519910178603823e+02
1.024408640478167399e+03
9.683415384256513789e+02
9.962118217494685268e+02
9.510508488815227111e+02
1.089166377522175935e+03
1.089984427648836117e+03
9.476471858509582944e+02
9.920814553558334410e+02
1.058288804243362847e+03
9.767260412711771096e+02
1.077366984058984599e+03
1.119222259668559218e+03
9.605094812277069423e+02
9.956612660067667093e+02
9.524155864449371620e+02
1.004341647656493819e+03
1.001571483144998979e+03
1.079562466165637943e+03
9.561268413146813145e+02
9.578694971445735291e+02
9.854719272754197164e+02
1.052301396250787320e+03
1.026779197810757751e+03
1.078840117959843610e+03
9.593785313830928771e+02
1.015475031578831931e+03
9.971978409429808607e+02
9.858984895035921454e+02
1.024280945674706345e+03
1.039804754342439082e+03
1.005413901346877424e+03
1.100928889172988647e+03
1.004326215375795186e+03
9.973326318992815231e+02
1.085390385167707564e+03
1.005439087019209637e+03
9.797075365508028426e+02
9.873290593192243705e+02
1.068855060111140574e+03
1.010215158200820269e+03
1.017361899080882608e+03
1.037863534716390177e+03
1.036766663568459535e+03
1.016199624085909363e+03
1.055500090067145493e+03
1.105480010856518447e+03
1.012955382347724935e+03
9.944379758225805972e+02
1.013905229958998575e+03
1.003275751390439609e+03
1.078736301591687379e+03
1.006905547952859024e+03
1.056809992613692430e+03
1.036596446188274058e+03
9.793559987112198542e+02
9.553380321386079004e+02
1.092021372229065037e+03
1.056812466092956356e+03
1.026810355304331097e+03
