1.150062893331227087e+03
9.119234884074398906e+02
1.001213379309378979e+03
1.022665367508982172e+03
1.020173743525338864e+03
1.036871328317064581e+03
9.574206569199488968e+02
1.005542762482725948e+03
1.076969733539660865e+03
1.017339840153032924e+03
9.466427648688347745e+02
1.051949576213010005e+03
1.011575167625505401e+03
9.827449435822676378e+02
1.061377375492025976e+03
9.839845715937833575e+02
1.069185439248190278e+03
1.115714130131091451e+03
9.968005675125848484e+02
9.494983262376015318e+02
1.001025571220774737e+03
9.903130994427463065e+02
1.014670719109546326e+03
1.023445424556757985e+03
1.018320945222685168e+03
9.907861733298325362e+02
9.708868441190909380e+02
1.112786449918747394e+03
1.000611513789662013e+03
1.061951743833470346e+03
1.038851269910314159e+03
1.033553550423644538e+03
1.124832967954271226e+03
9.751766944844923728e+02
9.433774778157780929e+02
1.032433657676450366e+03
9.587489479416346967e+02
1.018619695660655111e+03
1.003293955755698107e+03
1.011067185557855964e+03
1.022355698439593652e+03
9.886783295597974757e+02
1.012082556977654463e+03
1.003462571207139604e+03
1.034240522850845764e+03
1.010289691452908073e+03
9.374976090388752255e+02
1.104700017958553872e+03
1.021213908340113790e+03
9.331622147414207120e+02
9.756041458850762638e+02
1.060512436559537036e+03
9.536572358247915417e+02
1.108087137787988922e+03
1.003176003372292143e+03
9.786815741393253347e+02
1.003979111930410681e+03
1.094340766242846485e+03
9.242829386668436200e+02
1.044343683631219392e+03
9.506785461886263420e+02
1.005565542128111815e+03
9.903839583865812983e+02
1.114817502624698591e+03
1.061019631402395135e+03
9.863296148927597642e+02
9.848755463782921424e+02
1.076757720040251570e+03
9.771091345183117483e+02
9.737415297028733221e+02
9.671279339145672793e+02
1.044509441748499512e+03
1.039405338267438538e+03
9.885166963739652601e+02
1.019986501120046000e+03
1.016026977618347246e+03
1.020365064157173947e+03
1.031860676308124084e+03
1.010786556610240041e+03
1.039707063091603686e+03
1.067251857315585767e+03
9.586652579523241684e+02
9.176224534840876004e+02
9.949305563213001733e+02
9.562271524754333996e+02
1.096117580518071009e+03
1.066995306541367427e+03
9.833715509675937483e+02
1.016488906383708581e+03
1.022709601300227746e+03
1.085367082228883646e+03
9.916926324191556432e+02
1.093404935928779878e+03
9.729297401687953197e+02
9.884770203405280427e+02
1.113008772639178460e+03
1.024142981472407200e+03
1.056708984546876991e+03
9.562038544282008843e+02
9.911777109391996419e+02
9.749987256675965455e+02
1.020510952953997389e+03
9.448129479488247853e+02
1.081177517998304893e+03
1.034804648846561122e+03
9.859695289721465770e+02
9.675394034456060126e+02
1.064512896329462819e+03
9.388359669410822335e+02
1.055489123521222837e+03
9.876161460806274590e+02
1.003808627115145100e+03
9.813182515335730614e+02
9.881807698498073478e+02
1.066635142107956199e+03
1.000372560833464490e+03
1.002133000144068319e+03
1.013279654951957127e+03
9.334454716534780800e+02
1.053834068563143774e+03
1.021485929360891646e+03
9.640217550585730351e+02
9.835477113227881318e+02
1.049734702030893231e+03
9.941579564510730052e+02
1.033613104512101245e+03
1.101854721203469353e+03
9.767465537719017448e+02
1.008397534230678048e+03
9.995345567558298399e+02
1.069234994205561179e+03
1.005426231396981279e+03
1.016888006983587275e+03
9.800004396612646360e+02
9.746987235304569595e+02
1.049898523357526756e+03
1.056929847917033840e+03
1.029838055786269024e+03
1.023602172727993548e+03
9.715754185290226133e+02
9.827600139778674020e+02
9.790279995681447645e+02
1.033015124158812569e+03
9.952903775856423181e+02
9.810794026546453779e+02
1.028954133984698274e+03
9.723496421895148387e+02
1.035246952530032559e+03
9.681538387311026099e+02
9.771681815287195150e+02
9.642535575895290094e+02
1.057841049345554438e+03
1.048824324615235810e+03
1.008023758154201573e+03
9.569284958419131044e+02
1.007236648940569239e+03
1.068636842791859408e+03
1.000892655267683494e+03
9.994214247364889161e+02
1.058493597529788758e+03
1.120926736117875862e+03
9.305310219583626576e+02
1.017782428675910751e+03
1.041077672604967347e+03
9.364977022417799617e+02
1.105762848488699092e+03
1.007910835586795088e+03
9.589995794033072798e+02
9.864409404622872444e+02
1.036246219407466924e+03
9.994552512732761897e+02
1.020042558865532556e+03
1.065317794839981161e+03
9.647014000381931282e+02
9.455497042007918935e+02
1.031583734467722252e+03
9.675510204119897253e+02
9.987316868349264496e+02
9.912639381745575520e+02
1.005154761193180548e+03
1.032094566927154119e+03
1.041447047882523066e+03
1.004232167241950719e+03
1.055838398482362209e+03
1.008744229730707730e+03
1.068726523739525874e+03
1.003780372922765650e+03
1.071065759078263227e+03
9.967302962914109230e+02
1.003803517588000545e+03
9.728014196692670339e+02
1.072995431654364438e+03
1.049604554246640419e+03
1.009867226702554944e+03
9.804518805693278409e+02
1.052996353616045326e+03
1.054747751064373006e+03
9.605991993453458235e+02
9.603550010483669439e+02
9.921653230696509809e+02
1.016565524695088698e+03
1.103690002441704792e+03
1.044758686167359429e+03
9.521878809280423184e+02
9.743472624289015585e+02
9.760358314605822443e+02
9.406728881077476672e+02
1.109303247257964586e+03
1.098237986796410269e+03
9.757254252787395217e+02
1.041179989890720663e+03
9.767276208446880901e+02
9.948287813633902488e+02
9.934150021379692816e+02
1.090977999631216107e+03
1.001612243781915822e+03
9.948367233371023985e+02
1.037714211963138268e+03
1.019797423856888827e+03
9.808414125424150143e+02
1.029324993134285705e+03
9.794742939882081600e+02
9.084216311845403879e+02
1.025884232604386398e+03
1.004014760784277428e+03
1.102106469781068881e+03
1.058454649832775203e+03
1.000005519620039195e+03
9.969003258977112409e+02
9.796841839523310682e+02
9.440732880935760249e+02
1.141014302388070064e+03
1.015929085252391246e+03
9.733461494158491405e+02
9.641876254481769593e+02
1.117734941144257391e+03
9.625187286053269418e+02
1.055913758215011057e+03
9.831857970847128172e+02
1.009555534163950938e+03
9.706493890226820440e+02
9.985308819098495405e+02
1.127874065048314151e+03
1.029274438146909006e+03
1.038314689669798781e+03
9.869769972128401605e+02
9.289422745092908826e+02
1.064533597020861635e+03
1.019836221365651113e+03
1.036469174708672881e+03
9.789647440938372256e+02
9.978940505290108831e+02
1.004940887832150111e+03
1.006844372903668045e+03
1.083933180178273687e+03
1.117029569844682783e+03
