1.183646852789426021e+03
9.119234884074398906e+02
9.392208386952456749e+02
1.055739028959796087e+03
1.003299234301845331e+03
1.032637961880180228e+03
1.058417590306902639e+03
9.435440405324561652e+02
1.027468297187564986e+03
9.904683953460332759e+02
9.734736722051643483e+02
1.068262654974739462e+03
1.039932606473948226e+03
9.998602853897343721e+02
9.937032981102339591e+02
1.035618749650037898e+03
1.011382119654136659e+03
1.050564681178943374e+03
1.041228917514403975e+03
9.279220889043870102e+02
1.006068236789823231e+03
1.014410627435266633e+03
9.767516105037771013e+02
9.873356375266362193e+02
1.068488452005717591e+03
9.356368884359243339e+02
9.431806866884094234e+02
1.006255588970850340e+03
9.201126898114687265e+02
1.050130230767513012e+03
1.059176093767835027e+03
1.086306064432892072e+03
1.021647956719314493e+03
1.011065951642244841e+03
1.038442932569658524e+03
9.647063996825977483e+02
9.832100692848615608e+02
1.069938940558995682e+03
9.683467909989916507e+02
1.031027810211676524e+03
1.067959913795930788e+03
9.489662250699689139e+02
9.821636058991309710e+02
1.086847605908286823e+03
9.807428492308210934e+02
9.981819736992520120e+02
1.017616578420739415e+03
1.007573011531537304e+03
9.981905659300927027e+02
1.026626702686663066e+03
9.816371163569301643e+02
1.054772248075167681e+03
9.874328164583623675e+02
1.101654393164842531e+03
9.650269908765544642e+02
9.748152772114955269e+02
9.941098423064426015e+02
1.098725580360029653e+03
9.778542686745827268e+02
1.040251073092902971e+03
9.548672922980616704e+02
9.724220200826250675e+02
1.020856698369700780e+03
1.030278128566852502e+03
1.073466860815344489e+03
9.606090149696283333e+02
9.560326924337189212e+02
1.040451200244178153e+03
9.730981714582999302e+02
1.041693360613545110e+03
9.819542727828138595e+02
1.028786186891931266e+03
9.906592347838918613e+02
1.009904375982455349e+03
1.112324001461558964e+03
1.079396178089454224e+03
9.485307293587192135e+02
1.035920221753623991e+03
1.027894596416924287e+03
9.778571447979422828e+02
1.045490830109587250e+03
1.030973511437412753e+03
9.845152257659791530e+02
1.003084550524436054e+03
1.008213407236207900e+03
1.044208117876672304e+03
1.024017311455420895e+03
1.032149160646266182e+03
9.727996045781399062e+02
1.013242952858818512e+03
1.015392889626305987e+03
1.006901301466395239e+03
1.005411355383320483e+03
9.919568793656783328e+02
1.055752047245182212e+03
9.747382360744403513e+02
9.896570393678099435e+02
1.061089751688584329e+03
9.685998809701122809e+02
1.034307128561930313e+03
9.983977550975616850e+02
1.019647458153264552e+03
9.444737946292757442e+02
1.065994412562708703e+03
1.021158202021410830e+03
1.019658230221647273e+03
1.012328204774888263e+03
1.070965948609660018e+03
9.648175803608428396e+02
1.099964600051671368e+03
1.014706998631133615e+03
1.012745433540523095e+03
1.117651680752136372e+03
9.745284644397718239e+02
9.598769206582608149e+02
1.029937949998488193e+03
9.792069141668255270e+02
1.020426659823023897e+03
1.035586156826911747e+03
1.065171166935286692e+03
9.920356328415556391e+02
9.527040307352556283e+02
9.871632786510094775e+02
9.860287234622860524e+02
9.734563414941106885e+02
1.050061504204105177e+03
1.023099301321132089e+03
1.000115658927030836e+03
1.031715024617160680e+03
9.866615929410525041e+02
1.005795613150591862e+03
1.021996338278419671e+03
1.005836976441159095e+03
9.275063130106590279e+02
9.537321113155174999e+02
1.048301745696259786e+03
1.001655990139686651e+03
1.063309024504679201e+03
1.098724918437961605e+03
9.287590184768963582e+02
1.087256814907481612e+03
9.712622801053053081e+02
1.011130723088884793e+03
9.881184360405034113e+02
9.274262167873670251e+02
9.910470694494847521e+02
1.034711820300201452e+03
1.042039271208963555e+03
1.053183375094527719e+03
1.043963473921812692e+03
9.170060361209124267e+02
1.065345080215197868e+03
1.038803196416194169e+03
1.059651889203985775e+03
1.009699803587657129e+03
9.998381932134948329e+02
9.906351154303783915e+02
1.044617848911799229e+03
9.748884581784283228e+02
1.011351215649884807e+03
1.065056952670349801e+03
9.694598710909816646e+02
1.025574017232404003e+03
9.808647942769730435e+02
1.003152037777902706e+03
1.049837970433559576e+03
9.752945001307939492e+02
1.044482831882012078e+03
9.850696763776491025e+02
1.026809503141656933e+03
1.028732854267557059e+03
1.001759388311265866e+03
9.920099703629662145e+02
9.909007141673955630e+02
1.048798483316887996e+03
1.013427861677810142e+03
9.680370585370397976e+02
9.874356533534509026e+02
9.421020568201802234e+02
1.096733504056436459e+03
9.824843766036981378e+02
9.938529439056643469e+02
9.613858592519084141e+02
1.007442968598978609e+03
9.379367193488811836e+02
1.086532855741746516e+03
1.004264808366619604e+03
9.974619498363477987e+02
1.042023779997365637e+03
1.030053253997773254e+03
1.026519661119619059e+03
1.052467161628680287e+03
1.047071950441681338e+03
1.000980067291546447e+03
1.041823324400083038e+03
1.026664401422369792e+03
9.509248689551834559e+02
9.691921641196159953e+02
9.985777234556248914e+02
1.067904201048966797e+03
9.791345949625065259e+02
1.037952569012101549e+03
1.009152666468918369e+03
9.591813826242553205e+02
1.024510503924655040e+03
1.007805438883710622e+03
9.648341351386759470e+02
1.059197141819448461e+03
1.030237279185050966e+03
9.968607023458591812e+02
1.084031560683285079e+03
9.092360773064033310e+02
1.047768810185845950e+03
9.819688978172060843e+02
1.063197377302208906e+03
9.847528671297254732e+02
1.006952020112540481e+03
1.052582665582942127e+03
9.842704571388479735e+02
1.000427256866155858e+03
1.106639269851197696e+03
1.012079775738173453e+03
1.031368932465929220e+03
9.982634009863394340e+02
9.916651139059971456e+02
1.113919205545228351e+03
1.057465214404642666e+03
1.008806234719759573e+03
9.923581076829043468e+02
9.686845672667834606e+02
1.006088453187633831e+03
1.079645772443340775e+03
1.013944168681158999e+03
1.028402052540725890e+03
9.321193482232889664e+02
1.113242228881162646e+03
9.803286866939469064e+02
1.038038771625101390e+03
9.729931457082618635e+02
1.038712574721424971e+03
9.787293900023702236e+02
9.547408907809840457e+02
1.087129140505752730e+03
1.008373094045834705e+03
9.954673213715493603e+02
1.064735194408737016e+03
9.822385592832092698e+02
1.025143554317813141e+03
9.894098255230201175e+02
1.046298041494869949e+03
1.067323075544853737e+03
1.005742363519027776e+03
1.040615979137204704e+03
9.678944671846178380e+02
9.385985431638700902e+02
1.079592792596906065e+03
