1.157018043345014121e+03
9.119234884074398906e+02
1.023556710836515208e+03
9.779803838064564161e+02
1.040487067063172844e+03
9.875094867345783314e+02
1.087251890917258606e+03
9.432376586571896269e+02
1.066490954317510386e+03
9.593168057079263917e+02
1.023518695950491974e+03
9.604966160968319855e+02
1.080218312010475074e+03
9.690475314721242057e+02
1.034253667294698516e+03
1.000430908804390015e+03
9.896247844120022137e+02
1.097374452343891335e+03
9.634159787396338288e+02
1.015794037489927177e+03
9.804377844496075340e+02
9.746152328641876466e+02
9.540549511702806740e+02
1.000782846005156557e+03
9.996471025601707652e+02
1.044252013838749917e+03
9.677745047606174467e+02
1.023356300327180406e+03
9.856919933190135907e+02
1.038566007919353297e+03
9.955473579222486933e+02
1.086048766830166187e+03
9.929603112809973027e+02
9.712816919388712904e+02
1.040859157684889851e+03
1.038085067340620753e+03
9.849779201931785337e+02
1.090756674394050606e+03
1.003478163163649469e+03
1.057076497304032500e+03
1.038305985514059103e+03
1.065850051072286533e+03
9.861858379425476642e+02
9.876259214463934768e+02
1.050050971138762179e+03
1.019364970578757038e+03
9.663409279897407487e+02
1.066421469710591964e+03
1.070169147625490496e+03
1.025854985384097290e+03
1.081609161274571079e+03
1.008996861534811046e+03
1.007507484116715204e+03
1.011996142623032824e+03
9.525172666414969171e+02
9.610947301545693335e+02
1.015866561153902239e+03
1.058331623107861105e+03
9.561909481074874293e+02
1.005056392881824195e+03
1.035729521324138204e+03
1.027498189986693205e+03
1.063190104683979825e+03
1.027052485652882979e+03
9.974411748260484956e+02
9.907471372968178684e+02
9.791755659946519472e+02
9.869780873616654162e+02
9.677279112800597431e+02
1.023381660622821528e+03
9.603028271395926367e+02
1.124041610286568357e+03
1.011973521064251372e+03
1.007813888412794768e+03
1.040196162787276990e+03
1.073985112811797308e+03
1.004655153971879145e+03
1.050137409373865921e+03
9.558779838953985291e+02
9.948065189513580435e+02
1.132179106974952674e+03
9.610651507531715652e+02
1.059186738959020659e+03
9.443956866935658354e+02
9.673751459364955281e+02
1.013807938028941408e+03
1.061812000036687778e+03
1.029531282454280017e+03
9.568563741778676786e+02
1.042353623544741140e+03
1.023672863482436469e+03
9.768630340096722193e+02
1.121496700659165299e+03
9.133790439582890031e+02
1.048542721473364054e+03
9.930005660631176170e+02
9.862732915800085038e+02
1.028611797929523618e+03
1.018842386454333109e+03
1.019239816467021342e+03
1.049521153665515158e+03
1.018542609706843450e+03
1.056665666346388434e+03
9.745878607545356545e+02
9.641913403739733894e+02
1.008161046466135758e+03
1.035913836930512616e+03
9.823529314420430865e+02
9.857289804175049994e+02
9.943615444959845036e+02
1.039611167979875745e+03
1.052943490968679043e+03
9.889372072266958185e+02
1.001768349310233134e+03
1.036904752923630895e+03
1.021549366984244102e+03
9.708093305485296014e+02
1.039490161840313249e+03
9.833480350648733292e+02
1.061676055228696441e+03
9.925535649177159030e+02
1.007365592051355179e+03
9.761586044133669020e+02
1.008828366858011236e+03
9.774671908046093449e+02
1.062160096691421586e+03
1.015742377528389966e+03
1.062980720154856499e+03
1.011358356137869009e+03
1.027983352200729541e+03
1.021995862991923332e+03
1.101703908359195339e+03
1.046731394894797177e+03
1.023471290207337347e+03
9.764763907568728882e+02
1.012206712492793486e+03
9.981625734345309411e+02
9.963656695769107046e+02
1.022685559702761680e+03
9.458256693788082430e+02
1.003795184107943214e+03
1.015187120712377009e+03
1.047283964337397492e+03
1.037251373454134864e+03
1.067721898256271515e+03
9.380659944149281273e+02
1.001576804312564946e+03
1.074537965849665397e+03
9.837047743271286890e+02
1.051596006186950262e+03
1.042517207765372859e+03
9.660866338116110228e+02
1.088796419460057677e+03
9.919081596991653669e+02
1.027007096618295691e+03
9.969502418866884454e+02
1.076203718853898408e+03
9.809543543090701405e+02
1.035748888843675559e+03
1.032825255146580730e+03
1.116675067675419996e+03
9.109062394454111882e+02
1.055189367787084848e+03
9.733048283301959600e+02
9.222259939798670985e+02
1.085532971489136571e+03
9.658630989318724005e+02
9.736561118940865072e+02
1.033578711194788866e+03
9.828638161626176952e+02
1.079706288910114154e+03
9.921458691900638769e+02
1.037628190564259057e+03
9.767370032274133109e+02
1.075502607423047266e+03
1.008451524471978473e+03
9.871670541509531631e+02
1.059194713902815693e+03
9.798074530591774192e+02
1.000972562868292925e+03
1.004031675638315619e+03
9.909934259631613713e+02
9.237386519253568622e+02
1.071566792172890246e+03
9.422750143415139519e+02
1.032078250425719034e+03
9.510977628950876124e+02
1.069818113758704158e+03
9.913125506089756982e+02
1.113932879879308985e+03
1.020527651810830662e+03
1.017447332675291932e+03
1.059397896187824244e+03
9.798973047618445662e+02
1.037101908555066075e+03
9.996191570596517977e+02
1.022087898814353593e+03
1.054754164944162994e+03
9.915678026163332106e+02
9.915603520982490409e+02
1.069003485221894152e+03
1.054607536822212296e+03
1.026265588727475915e+03
9.612726054348845537e+02
1.002706398369668591e+03
9.841548730431945842e+02
1.049283305080635273e+03
1.014734595016375351e+03
1.070048300378176464e+03
9.751557246684335496e+02
9.860071333799148761e+02
9.936955513654256720e+02
9.738839733163861183e+02
1.073383936022903981e+03
1.049463692531820016e+03
9.525505757807291047e+02
9.739158369838095268e+02
1.083161975056259053e+03
9.454012672583887706e+02
1.067258463679704391e+03
1.017049834704437899e+03
9.979588986534205333e+02
9.870531248227099468e+02
1.038637875826504796e+03
9.892445825942962756e+02
1.071424046006800609e+03
9.284928277288468053e+02
1.021161688368763635e+03
9.596464013072904891e+02
1.016761121054967248e+03
1.000229800875913043e+03
1.025843301607648527e+03
9.954587722401383871e+02
1.004877411663809653e+03
9.701884386035115995e+02
1.105754157558103543e+03
1.008712900579753750e+03
1.049584306203588994e+03
1.009824619958949143e+03
1.075337064694304672e+03
1.049629086412731795e+03
1.027560756044193113e+03
1.050833634813557865e+03
9.612492810412650215e+02
1.045964199502380097e+03
1.014276351313594887e+03
1.055832938882605049e+03
9.880744466369533257e+02
1.019492473237902232e+03
9.484551011357183370e+02
1.103134414066531008e+03
9.959897473243809145e+02
1.038694454254634365e+03
9.696822439570769347e+02
9.775749079090498981e+02
9.915266848604337611e+02
