1.085662739683605878e+03
9.119234884074398906e+02
9.550366736909945757e+02
9.792994108156245829e+02
9.459767424645210667e+02
1.089078583619414985e+03
9.995048920308254310e+02
9.636598676366718337e+02
9.859111093693907151e+02
1.052240256753652147e+03
1.003309406312585679e+03
9.944553306978692717e+02
1.057390810510278015e+03
9.992594033784847625e+02
9.526515055331813073e+02
1.041612036150064341e+03
9.670432588600834833e+02
1.056188223011454056e+03
1.106486741922066130e+03
9.339896754984795280e+02
1.056617499464415687e+03
1.014760295138010633e+03
1.031775784301172962e+03
9.695359799150700155e+02
1.086630118636526959e+03
1.033936162148309904e+03
9.969806305950856995e+02
9.619951818604615710e+02
9.757286216508300640e+02
1.044218473246738540e+03
1.049845031458170524e+03
1.025066192552803386e+03
1.024700960845778809e+03
1.005344300964918375e+03
1.096685731841671441e+03
8.793720118566075143e+02
1.029621831439219704e+03
9.937409545086532034e+02
9.970600392438681183e+02
1.050394117406216083e+03
1.011757803331964055e+03
9.996646006538717302e+02
1.045953511129915796e+03
1.050351816593003150e+03
1.062062537428058931e+03
1.037845522358706603e+03
9.739999527659210798e+02
9.637709453320051125e+02
1.005677962026322234e+03
1.026547794956123198e+03
1.024692113025613935e+03
1.040657126264265571e+03
9.074681411412017269e+02
1.127268695882969951e+03
9.950359816595532720e+02
1.041390833432501040e+03
9.459787327197772129e+02
1.077851167508405752e+03
9.877994739784337526e+02
1.076310488122368042e+03
9.877720366140956685e+02
9.827581893942432316e+02
9.824436683009405442e+02
1.043845826760662703e+03
1.058669187927134772e+03
9.845726603084455064e+02
9.705839681773317125e+02
1.026932103204941996e+03
1.028378919166691503e+03
1.033451796895773668e+03
1.006458955198635067e+03
1.017746421476468299e+03
9.760720600458171248e+02
1.019335334950706851e+03
1.117432596546938385e+03
1.017118434389708341e+03
1.047072050224331178e+03
1.003944077599800380e+03
1.062942218773299828e+03
9.607396132145879619e+02
9.622041863941251449e+02
1.008028032179593311e+03
1.050347826917256043e+03
9.963231541899838248e+02
1.022087704833450971e+03
1.077418900403387852e+03
9.720138426071232516e+02
1.030765927835347611e+03
9.947726521926308578e+02
1.097445707985267518e+03
1.037620996890926335e+03
9.512571005672332376e+02
1.022016783402896181e+03
9.410671402833067987e+02
1.052484286094966365e+03
1.077783930161657509e+03
9.231469376698591986e+02
1.103024037340842597e+03
9.820769007982588619e+02
9.926433421849420711e+02
9.141097822376457316e+02
9.816345573639024451e+02
9.301836564090629054e+02
1.061961007638509273e+03
9.519065297102669092e+02
1.003450871410977925e+03
1.046774806171756836e+03
1.049045056315580041e+03
9.863946089467923457e+02
1.129504826190349377e+03
9.509125986960711998e+02
1.031706759623245262e+03
1.014159866794907316e+03
9.628863342967633798e+02
1.040396462675440944e+03
1.039511128155418646e+03
1.000949192519212602e+03
9.864242343023566946e+02
9.957032382331562985e+02
1.040870156104845591e+03
1.010895007498663972e+03
1.031626138192151757e+03
1.072471546452051598e+03
9.389870971815519169e+02
1.041752926738301085e+03
9.895217406176684563e+02
1.073212324065701523e+03
9.657225833564086770e+02
1.066563514469624351e+03
9.455339410134246236e+02
1.023537212964192577e+03
9.496212439387982158e+02
1.014118352355310549e+03
9.922666753569296816e+02
1.040259144030817652e+03
9.860693485588996055e+02
1.046818005141958338e+03
9.835074236054957737e+02
1.156971073110569705e+03
9.540787865478032472e+02
1.031403122381035246e+03
1.014267293417613587e+03
1.028561277304680516e+03
9.504627670915376711e+02
9.462764224048019059e+02
1.073728957137581119e+03
1.000936691762348119e+03
1.050401870949925069e+03
1.004883808997996880e+03
1.096701729390658556e+03
1.010059062671695301e+03
1.072808494112499602e+03
1.005920287130897123e+03
9.918375042083762310e+02
1.009520334217752747e+03
1.063822439394306230e+03
9.803918925839783469e+02
1.050213271344616032e+03
9.860427964710379456e+02
1.011440441117528621e+03
1.046719672316511605e+03
9.701807457180839265e+02
1.033419726652120289e+03
1.014460479110435131e+03
9.302351831900914476e+02
1.121557313230729960e+03
9.703055074480967050e+02
1.009000740395714843e+03
9.280948817048173396e+02
1.056240240214729511e+03
9.868056282232851117e+02
1.064652021699360830e+03
9.812039963018454500e+02
1.056108372388700218e+03
1.062687510887013104e+03
9.560933170942611241e+02
1.035723040727817988e+03
9.913570647809181082e+02
9.778965433950630768e+02
1.060957423932713709e+03
1.036151494178426901e+03
1.056833470167526684e+03
1.003090616148435856e+03
1.019840011634574580e+03
1.015477965404605470e+03
9.964869429951304483e+02
1.036930677437646409e+03
1.003574484972226060e+03
9.649544475247006403e+02
1.054603169592896620e+03
1.029825595319260628e+03
1.004470881951638603e+03
1.073201559648406828e+03
9.943888817638218143e+02
9.796388893400218194e+02
1.038048931765445559e+03
9.417445037064285316e+02
1.062647557203321867e+03
1.015483209076441426e+03
1.021415631157479766e+03
9.685468930121210178e+02
1.054142925830450622e+03
9.978650013522442350e+02
1.024813990598541068e+03
1.019305671402273902e+03
1.006788364268505802e+03
9.634070695606847039e+02
1.061322791296561263e+03
1.096382034205525315e+03
9.646646977770888043e+02
1.129202787464159883e+03
9.230901466884441788e+02
9.917770695472543139e+02
1.048771351198826324e+03
1.083923645914826466e+03
9.848873027597725240e+02
9.870345462137777304e+02
9.519895494400118423e+02
1.022179595939957380e+03
1.034855005312100729e+03
1.064101332728180978e+03
1.007905961819077788e+03
1.062464813542064348e+03
9.639029678951459346e+02
1.012898464280151188e+03
1.023190654583698006e+03
1.073889784808395916e+03
9.746317347342028370e+02
1.030830140024676894e+03
1.038283685003331584e+03
1.004157022084064238e+03
1.057447352321660901e+03
1.098072619269240022e+03
9.546285414390167716e+02
9.647665212872864231e+02
1.045119733819637986e+03
1.010819844418519438e+03
1.053212897550941761e+03
1.063563029758922767e+03
1.019928768776748143e+03
1.018170010558036665e+03
9.839545313041021473e+02
1.015725814233620781e+03
1.031376863708321480e+03
9.306073070220281807e+02
1.091901011511411298e+03
9.899264729326233692e+02
9.844268814180275058e+02
9.886577469384968708e+02
1.056231309376422814e+03
1.047760476735492603e+03
1.014339294953126341e+03
9.789387307334659454e+02
9.749044043497045777e+02
9.258745779523602550e+02
1.107469092126503483e+03
