1.178856921881136714e+03
9.119234884074398906e+02
9.685850624605548091e+02
9.542027572854649407e+02
9.349773781974188296e+02
1.034305659881489191e+03
1.034575419842035899e+03
9.764679764735785739e+02
1.024868135349583554e+03
1.015692132616093545e+03
9.885534630144983339e+02
1.027322372588490452e+03
1.065698975436971978e+03
9.903422033227757311e+02
1.035736823702344736e+03
1.048765228480250698e+03
9.826561166642758280e+02
1.114314167169928169e+03
9.739968565206004314e+02
9.998642927639527898e+02
1.041048087273987221e+03
1.007343790247430206e+03
1.018800684932878539e+03
1.004695744049093491e+03
1.057218400820117495e+03
9.277276648049630694e+02
8.964677554215193140e+02
1.094136900423202860e+03
9.787123302969807810e+02
1.044499333377346829e+03
1.015810502077928959e+03
1.042127625592317372e+03
1.078535499704749782e+03
1.000762605409442472e+03
9.962339082370336882e+02
1.013509013386142669e+03
9.462309622321314464e+02
1.021155444224879830e+03
1.014607514090324912e+03
1.023957658937564474e+03
9.809561644950720165e+02
9.276489127336797083e+02
9.713884469394748749e+02
1.074007531780029240e+03
1.024747320361909942e+03
9.814022350838143893e+02
9.393160163694332141e+02
1.074112608524435245e+03
1.066085988362342960e+03
9.937776559790409010e+02
9.659992608482243668e+02
1.026453846429345731e+03
9.118014482168994164e+02
1.124813779118976299e+03
1.012476194199799238e+03
9.993143133694600238e+02
1.017599713644073404e+03
1.014139199581651155e+03
9.852422094162861868e+02
1.037812327262499366e+03
9.844781811122837780e+02
1.015517813158697663e+03
1.016962041168590986e+03
1.084263170144814467e+03
1.039979481953114146e+03
1.007982915677406822e+03
9.725834547208337426e+02
1.135112452754930700e+03
9.687642494665502682e+02
1.045424660575422422e+03
9.623192887904849613e+02
1.038157634416128985e+03
1.000314735982041498e+03
1.025055629745539136e+03
1.029880793623013005e+03
1.058891482083870414e+03
1.025219331344838338e+03
1.007697868182254524e+03
1.096266785859615993e+03
1.023313120976047458e+03
1.044165351788496082e+03
9.853574395024172645e+02
1.004546796915921050e+03
9.960514905616519172e+02
9.764321929878250330e+02
1.091027871249326836e+03
1.009729017810467894e+03
1.049157187702442570e+03
1.047728053543474289e+03
1.022747574369861468e+03
1.045626337643066336e+03
9.818029849218953586e+02
1.086685632775749355e+03
9.026671209512400083e+02
1.021128815806379521e+03
1.045654151371614944e+03
1.011009385785599420e+03
1.054569425742265594e+03
9.525044884554591818e+02
1.020588649846197768e+03
1.019857946400658193e+03
9.675468997804871378e+02
9.397721906548972584e+02
1.104642675547481304e+03
1.064133269079731690e+03
9.561990933841060496e+02
1.024032276977370202e+03
1.035683324978432665e+03
9.619509290656631038e+02
1.129724247274760273e+03
9.940164344832090819e+02
1.042028877703366788e+03
1.092842823053192660e+03
9.439847120289846316e+02
9.911372546275550803e+02
1.015059852594872268e+03
1.028017687087804916e+03
1.043188763744528387e+03
9.751277727786432479e+02
1.048956836723466267e+03
9.805532189683426623e+02
1.031022058639346142e+03
9.724142748240236642e+02
1.011117595389480243e+03
9.964983575967975185e+02
1.007118914204174303e+03
1.080370583718092121e+03
1.004891605438291663e+03
1.066661231807150671e+03
9.817564652735177333e+02
9.852991963196463985e+02
9.801453618583486787e+02
1.016163938068249763e+03
9.885929974057560230e+02
9.965536308164274715e+02
1.099717557866645620e+03
1.026465887833236366e+03
1.003281023895323528e+03
1.057491836693640607e+03
9.660604969118173813e+02
1.005920700956789574e+03
9.990772978878185313e+02
1.029159365141447324e+03
1.010323155053122036e+03
1.001589094949840046e+03
1.040205925943343573e+03
9.918351641052065588e+02
1.021275192111307547e+03
1.017924951414388261e+03
9.856651526854733447e+02
9.782176307661629835e+02
1.061643706962678834e+03
1.003389258250597436e+03
1.024201368777915832e+03
9.594681900692438603e+02
1.057613366208779553e+03
1.035840824505778301e+03
1.032450574853982516e+03
1.015752742889497540e+03
9.980140531202466718e+02
1.085713767617414305e+03
1.010570285508081383e+03
9.651010314892974975e+02
9.657684964391844460e+02
9.730663782009492024e+02
1.053637140411077780e+03
9.754977649059663918e+02
1.103740800035951452e+03
9.737884124629110829e+02
1.057959536496650799e+03
1.007763244865084744e+03
9.970168507426342330e+02
1.093163140494553318e+03
9.673485549578294922e+02
1.035507431574867724e+03
9.979418874043018377e+02
1.023733930034281116e+03
9.571552869358561111e+02
9.664734668996518394e+02
1.052489432387745637e+03
1.028703093546994296e+03
1.032097688928585512e+03
9.480339179580228119e+02
1.083872353815173028e+03
9.763876116695864766e+02
1.067282363772149438e+03
9.945417067282679682e+02
9.411143977277408794e+02
1.029308384804799516e+03
1.085344561145968100e+03
1.009515206519322419e+03
1.078628877133942069e+03
1.020642384576822110e+03
1.042441689859355392e+03
9.611582308690160517e+02
1.065454681510189630e+03
1.061953516654210262e+03
9.771834850436922579e+02
1.028699202117388495e+03
1.024425331873628238e+03
1.006165626239002222e+03
1.090178909586520604e+03
9.841503395033354309e+02
9.245806321493602127e+02
1.030295725987519518e+03
9.258039775335270178e+02
9.372381577831080222e+02
1.064515514793564307e+03
1.078540650655931131e+03
9.376816140699686457e+02
1.082189034875437756e+03
9.408825107089544417e+02
1.032135275013756427e+03
1.046295565839775918e+03
9.997664787623011762e+02
1.020683615231866497e+03
1.008736174558823677e+03
1.032713963140238093e+03
1.004808095983422049e+03
1.010629053685520148e+03
1.059680952925446491e+03
9.622382824444614471e+02
1.003818440263940261e+03
1.036177362058642984e+03
9.853877886084401325e+02
1.068617649103226768e+03
1.084815745709769089e+03
9.978673182034974616e+02
1.003275349636357078e+03
9.767033673254306905e+02
9.925334606736269052e+02
1.098010332711471165e+03
1.103006890853029290e+03
9.944630376728489409e+02
9.321359461928459496e+02
1.075064547148821021e+03
9.405800408429656727e+02
1.058903824191697367e+03
9.761656091897700662e+02
1.075535975381474373e+03
9.970287374815983412e+02
1.005370808067294092e+03
1.060761229867613110e+03
1.044692059708111856e+03
1.041453078239220758e+03
9.980704546914646471e+02
9.718304257899462755e+02
1.010744205023790983e+03
1.034209006602824957e+03
1.051735107442726530e+03
1.036839396383740677e+03
1.018694224190828777e+03
1.086279739393819682e+03
9.341572855762898371e+02
9.694582517817619873e+02
1.109225674983224962e+03
