1.201842933798846616e+03
9.119234884074398906e+02
9.941177462387364585e+02
1.001112386100277718e+03
1.029980430175696711e+03
1.004644771055086039e+03
9.789591243039030815e+02
1.046772249591836953e+03
1.031906420010899865e+03
1.077048606286546601e+03
1.026794093225791130e+03
1.067179951805730525e+03
9.513536758294368383e+02
9.991634692742891275e+02
1.075440081420412753e+03
1.021110067135325949e+03
1.051109653393992176e+03
9.680508692896634102e+02
9.916775846931293472e+02
1.024455463661788826e+03
9.824380859111724931e+02
1.026433858653982043e+03
1.019401865773111240e+03
9.630194837808834336e+02
1.016506518866084889e+03
9.715960198072317553e+02
1.022862709204231805e+03
1.010636158763231265e+03
9.339230974232332301e+02
1.033568539942981261e+03
1.008937942876360125e+03
1.005331389011856572e+03
1.156167071338566757e+03
9.443203050205196405e+02
1.024224097943567131e+03
1.015425229020391384e+03
9.878133266171050764e+02
1.030782211186806308e+03
1.023774185537316043e+03
1.022854795752462792e+03
1.064535854356791333e+03
9.619122305131741086e+02
1.030845877439348897e+03
9.865016541510426578e+02
9.673878661907269816e+02
9.754925166722504173e+02
1.015766438212208527e+03
1.043602425142189077e+03
9.915321182174031946e+02
1.020552468364086280e+03
1.005568731064418557e+03
1.058016230626245488e+03
1.031165896555328573e+03
1.058814243213611462e+03
9.925043591134481176e+02
1.023633992238026167e+03
9.821261280759904366e+02
1.014671541443154069e+03
9.473905280126821253e+02
1.052148835925850562e+03
9.306826284193600713e+02
1.084728403407927317e+03
1.062730250477531627e+03
9.705889185004252795e+02
1.040549627500721272e+03
1.034990305215354965e+03
1.005548761509120027e+03
9.916468333957038794e+02
9.803131716192534668e+02
1.028799239119470712e+03
1.040823317602740872e+03
1.058134824608200688e+03
1.109059344604797843e+03
8.953563315275017658e+02
1.029633610059957846e+03
1.031837732565712031e+03
9.725780413728418807e+02
1.045146549645502091e+03
1.029992785591068241e+03
1.016442564428546234e+03
1.092604020350873270e+03
1.010478097297841941e+03
9.830830417195013524e+02
1.008537046019776994e+03
1.045218224719317732e+03
1.080414931437543828e+03
1.084999427498274827e+03
9.279296841234407793e+02
9.834921004747217239e+02
9.726275373255152772e+02
1.031680412967444227e+03
1.010940814444017406e+03
1.158488234103544983e+03
9.762193620705279500e+02
1.043284180914071612e+03
1.053308062751479838e+03
1.020287960527442010e+03
1.068090729531560100e+03
9.479141560081741318e+02
1.036138006998596666e+03
9.803509424352909036e+02
1.048263715422654968e+03
1.102921868145277813e+03
9.724226096454867729e+02
1.000615817018153393e+03
1.099529982842958816e+03
9.605356975692466222e+02
1.042865260957222517e+03
1.027665290062004942e+03
9.653607746287987084e+02
9.715628213574702841e+02
1.094337691143743086e+03
1.049073603421955568e+03
9.663221916520308241e+02
1.039067692652304913e+03
9.440960432090024597e+02
9.516699288663569405e+02
1.058898222640893891e+03
1.000727971879334746e+03
1.030549257202585522e+03
1.017425243672912984e+03
9.596860995593258394e+02
1.023505677106749317e+03
1.094825878474978026e+03
1.017252339446028486e+03
1.030043390089364038e+03
1.066871982594465408e+03
9.864217431611670008e+02
1.002169617205131772e+03
9.933126772080404407e+02
1.144212000201215005e+03
1.008075683660113441e+03
1.047090451935831425e+03
9.946249108490146682e+02
9.902614834616053940e+02
9.886838764803209187e+02
1.040097229929431933e+03
1.075361090733169931e+03
9.716107839898785414e+02
9.831111167997237317e+02
1.083847766490471486e+03
9.619729634849812783e+02
1.017582958381683966e+03
1.025695682775907017e+03
9.883275326115699499e+02
1.047831600475464256e+03
9.781549346013387094e+02
9.754204933717406902e+02
9.342305083725348140e+02
1.088741209075854158e+03
1.071073630248722111e+03
1.032318326069307659e+03
1.007576270182957842e+03
9.783903731630571201e+02
9.860763109969877860e+02
9.878409975769458242e+02
1.054972307183556268e+03
9.718329530597485473e+02
9.448222451938453332e+02
1.129378330095101092e+03
1.012048715068396973e+03
9.561710091975007799e+02
1.120656684540429524e+03
1.005448123340423194e+03
9.466016751429954184e+02
1.152188994596460589e+03
1.024582095591130155e+03
9.826829366917539801e+02
1.059113608283100803e+03
1.053228681037471461e+03
1.073428498936317965e+03
9.408699764817681626e+02
1.006731004574850090e+03
9.376617441760563452e+02
9.878887893289551130e+02
1.030514427601196985e+03
9.420595947354847794e+02
1.037191301211916652e+03
1.036093783399395079e+03
9.982516003146363346e+02
1.058949627218717524e+03
9.746731619414226770e+02
9.765644428120721159e+02
1.078566289531834855e+03
1.050980283622269098e+03
1.022100918330200670e+03
9.616149141760813563e+02
1.059147062958155175e+03
1.026278090186526697e+03
1.020614787020991116e+03
9.508772956061011428e+02
1.015748394510505022e+03
1.045774948029356892e+03
1.018997221526137082e+03
1.027371307653745134e+03
1.000916563100247004e+03
1.045589579436701570e+03
9.864391408308479186e+02
9.409379926262739673e+02
1.122959995778085840e+03
1.009301852623774380e+03
1.052371139181777835e+03
1.012238369531714852e+03
1.024462728740844796e+03
9.966606346755828554e+02
1.078349378356906527e+03
9.489464533042028052e+02
1.021777524711287128e+03
1.074514846895413712e+03
9.333092358304033951e+02
1.059485846096854175e+03
1.005883707752667647e+03
9.930794670434891032e+02
9.735136452129005420e+02
1.137802323488811453e+03
1.077154719031055492e+03
9.525152027968974835e+02
1.011876884434599788e+03
1.031834748009380291e+03
9.942522359300398875e+02
1.074900541969858295e+03
1.017632923339495164e+03
9.993661981785216994e+02
9.853684024110852988e+02
1.011008681474383366e+03
9.719289816472189614e+02
1.035947000426453315e+03
1.029398001377835044e+03
1.060012060566877835e+03
9.745895995001876599e+02
9.283970270602559367e+02
1.039089041456448058e+03
1.003192652508799142e+03
1.076125937367129154e+03
9.711209023384950569e+02
1.035573163818098010e+03
1.012882637088247748e+03
1.020807033056138835e+03
9.880137233481896146e+02
1.043885807603061494e+03
1.093895310927871833e+03
9.938582956627770955e+02
1.017618562124966047e+03
9.916134604714306988e+02
1.054911353783711093e+03
9.909599907647287864e+02
9.894628307003310965e+02
1.119514296461319191e+03
9.599419033719234449e+02
1.015264708608037154e+03
1.078083259788571013e+03
9.801695442763270876e+02
1.040476013158979868e+03
1.044189384980195427e+03
9.858985765573057733e+02
1.056136867202338181e+03
