2.790902171393705430e+04
3.843938280086799750e+03
6.151556070619580169e+03
1.161677983506538476e+04
2.473222261347730091e+04
2.351667694810660032e+04
1.310069259186379713e+04
1.562449238096169393e+04
1.622312885827236096e+04
2.530833389412249016e+04
5.787039150360842541e+03
1.474063813348907388e+04
1.656914042639205582e+04
1.691211923460114849e+04
1.743166553392628339e+04
7.779961219073757093e+03
1.035826879263231240e+04
2.172149741351891134e+04
3.530150926536396582e+04
9.014416000261469890e+03
1.799070281597376379e+04
9.292869522351986234e+03
1.901386041207426388e+04
1.203478445532110891e+04
1.870813913252558268e+04
1.254853346505866102e+04
1.957738126658627880e+04
8.788425088321622752e+03
9.708005119445437231e+03
1.693093072174632107e+04
2.320425215189110895e+04
1.336053365946034319e+04
1.870621791843106985e+04
9.467658817292682215e+03
2.744404210955347298e+04
1.434964011846710127e+04
7.459133968593453574e+03
1.687301208242396751e+04
2.188183944736936246e+04
1.488884448601424447e+04
1.252530070864236768e+04
1.568633330042897796e+04
2.026386281446213252e+04
1.900567304559399781e+04
2.127125554540394296e+04
8.998687283355924592e+03
8.219771004124802857e+03
1.282930878295421462e+04
1.041816435895480208e+04
2.053919028491060453e+04
6.358619840340678820e+03
3.180653955057032726e+04
9.142033351518746713e+03
1.799325173672890742e+04
8.894444276612561225e+03
1.254887770751035714e+04
1.094238168268554728e+04
2.215164809864298513e+04
2.085845871808381344e+04
1.502869421090109608e+04
1.350656442334556232e+04
1.624489305304069603e+04
1.595274625130883214e+04
1.098684247660656547e+04
1.725507523639375722e+04
1.838654309376576566e+04
1.674504511279939470e+04
2.224280496575764482e+04
1.092856760256805319e+04
1.577196255746878342e+04
2.118059132990812577e+04
2.645481473314391405e+04
1.639474304644587392e+04
1.474240608970122412e+04
1.646269685970445425e+04
9.645194482068707657e+03
1.904049825857625547e+04
8.197277695870456228e+03
1.415029478547304097e+04
1.686239306870738437e+04
1.744176106240298759e+04
1.816248925294313085e+04
9.265855562787033705e+03
7.550790926347499408e+03
7.663274237638887826e+03
2.513505822308177812e+04
2.655007651046206956e+04
1.132326441225126655e+04
4.549273287185142181e+03
2.752127659292990211e+04
3.651519751622904005e+04
1.205851438063007117e+04
2.555499033649307603e+04
3.564490411378940280e+03
1.379596986461088272e+04
1.350660593839646208e+04
3.995730181790216193e+03
2.308213971018511802e+04
9.258485631821144125e+03
1.150294276714801163e+04
1.043455041864608575e+04
1.159747531297700516e+04
2.443536029351962861e+04
2.461281496801657704e+04
1.395796752215999368e+04
1.446140127937764737e+04
7.895172057089661394e+03
1.298854755571952046e+04
1.024841854942557075e+04
1.972080618746246910e+04
7.961722311257110050e+03
1.388813302229243345e+04
1.641587433206137212e+04
1.088347421703353939e+04
3.189679018835307579e+04
1.151762474176350588e+04
2.242981758077310587e+04
1.125178214865046721e+04
6.037234784275509810e+03
2.873315275525618199e+04
1.124155618291927931e+04
1.322842860469922744e+04
1.054204430506577773e+04
1.839741923448462694e+04
9.140200111963107702e+03
2.573532446821242047e+04
1.568193014543254685e+04
7.982640622237613570e+03
1.177935579641867844e+04
9.795692265572342876e+03
1.949982873522986847e+04
1.156791493934996834e+04
1.225349277679346415e+04
2.059691340924697943e+04
6.584608940469481240e+03
8.702294224579178263e+03
1.061423820667520704e+04
1.346956063012139384e+04
1.832061913766067300e+04
1.066877281500038953e+04
1.496412973413948384e+04
7.881569254399763850e+03
2.769824259239728781e+04
4.390053616812603650e+03
1.644373081486392402e+04
1.637607749050869461e+04
1.279554689439577669e+04
1.035833199278607754e+04
1.096725362670149661e+04
1.863235893788493922e+04
7.181334038415573559e+03
8.673171111579484204e+03
1.059249280393264598e+04
7.368723221657506656e+03
1.249755814442900555e+04
1.699025968154190195e+04
1.110328068216174324e+04
2.099134583031121656e+04
2.258638853718377140e+04
1.576363183560366633e+04
1.708837898074950135e+04
4.423522968059801315e+03
1.250759671351847464e+04
2.062860537614753412e+04
2.976066626660726342e+03
3.074901236923027318e+04
2.168766689854906144e+04
1.513374897437138679e+04
7.686303723728039586e+03
2.550210047319747173e+04
2.355461583503362635e+04
6.700801440283496959e+03
3.050682682555154315e+04
1.587938521631188814e+04
1.734484630182652836e+04
2.213283310643595178e+04
6.985389165445883918e+03
1.816433660571892688e+04
6.451766790372278592e+03
1.958596767997133065e+04
1.816710373803862240e+04
1.894755336197853831e+04
1.423597769659995902e+04
1.570212626845780505e+04
1.056873143731647178e+04
2.418948664246858971e+04
1.270347919200821343e+04
1.390798039657780100e+04
1.172805354849571813e+04
2.278070157492962971e+04
2.057362769406065127e+04
8.311723409116671974e+03
2.074940075336217342e+04
1.044198963004249708e+04
1.426603140287337010e+04
2.021375770882757570e+04
1.101692871074174764e+04
1.231582414427422555e+04
2.244711602378733733e+04
1.599580351250180865e+04
1.187621673536382150e+04
2.338261769101221216e+04
3.727265976875610068e+04
5.549681063937061481e+03
6.883788475950098473e+03
2.539980820119140481e+04
9.276257668751106394e+03
2.152264903603168932e+04
3.039165808874893992e+04
9.261338706874526906e+03
1.761712998402987796e+04
9.169719938061662106e+03
1.158201067941234214e+04
2.456963324393741277e+04
2.278509528095724090e+04
1.434969103946042742e+04
1.174855664037025963e+04
2.148432408435976322e+04
1.304857912151035089e+04
1.867655834661286644e+04
1.718972094072791879e+04
1.685935332616852975e+04
1.090161957062270085e+04
1.411227514646345844e+04
9.149654785403214191e+03
2.360852136878538658e+04
2.015440318264044981e+04
1.285851400186617320e+04
1.441682018400852394e+04
2.266542340339755174e+04
1.335102755224971770e+04
1.325080593052027689e+04
5.499380303483722855e+03
9.082634391714143931e+03
1.407027068470294034e+04
2.728782995700622632e+04
1.019619298584426724e+04
1.365446179573344671e+04
1.433474665981232647e+04
1.822070333347595079e+04
1.890078152047174444e+04
1.728184721744671697e+04
2.910838709957535320e+04
4.436605693006791626e+03
1.428070778673197856e+04
7.681678358371917966e+03
1.584950024553505864e+04
1.005471705844680946e+04
7.048640969574392329e+03
2.041419824284042625e+04
1.915974734606408310e+04
1.163405451790548250e+04
1.022327630268478788e+04
2.108983416120826223e+04
1.962144977415381436e+04
2.187459577411427017e+04
