3.597322499635432177e+04
3.843938280086799750e+03
4.551355387501589576e+03
2.085078769150519292e+04
1.736864847135005766e+04
1.483160535439451633e+04
1.490280882250490322e+04
9.622406632750031349e+03
2.469880450480365107e+04
2.189343277034155108e+04
8.841741145176076316e+03
6.468322917282762319e+03
8.308002175942790927e+03
1.230530758892846097e+04
1.940978059445520921e+04
1.082273201636375416e+04
1.951901679840100041e+04
1.535924078856155938e+04
2.175075696673722268e+04
1.454312368423442967e+04
1.180648546700996849e+04
2.769397169329867756e+04
2.571211760977590529e+04
1.413936151811068885e+04
1.306322280717398462e+04
1.379500674421968506e+04
2.239785451104097956e+04
1.592832225179683701e+04
3.563183820188684876e+03
3.325088372707386588e+04
2.235843846827055313e+04
1.521607659071196213e+04
2.427782462419520743e+04
8.889811753848625813e+03
2.757366724726376196e+04
1.075940878486190195e+04
6.663189040064048640e+03
1.953449444944270363e+04
1.989886739376183687e+04
1.350935920501169130e+04
9.278813195331460520e+03
1.048634991107162568e+04
1.195839092786554284e+04
1.712118849317066997e+04
2.451423902076808736e+04
2.101887118747938439e+04
1.609402944393872167e+04
1.532922127968005771e+04
9.631491703968313232e+03
9.382412686075444071e+03
1.101313340107908152e+04
2.068027950729405347e+04
1.693025487163180878e+04
2.957127573917658447e+04
1.030283165622120941e+04
1.716602952424152318e+04
5.797983037366090684e+03
1.938287567363129347e+04
6.944897566263612134e+03
1.968294519604741072e+04
9.581496060288936860e+03
1.404013446823861159e+04
3.076776971565148051e+04
1.442732381227830774e+04
1.686113390384050581e+04
6.450806184852518527e+03
1.053633954787913535e+04
1.940981354751825347e+04
9.214196596825178858e+03
2.138665538973226649e+04
8.314818713420372660e+03
2.107977136273697761e+04
2.148044648717656310e+04
1.378137545146920456e+04
1.983728339802048504e+04
3.903481084217395983e+04
1.463943200208829876e+04
2.279951865406959041e+04
2.404793482326444064e+04
1.079956688235733600e+04
1.341406601358137414e+04
1.450359168285871783e+04
2.459807601526931830e+04
9.264142513510079880e+03
8.199351262252304878e+03
1.827605374379230852e+04
1.568562275708113339e+04
5.654236862984519576e+03
7.454899806915733279e+03
2.709112807433867420e+04
9.463983176542085857e+03
1.446944650091339827e+04
2.074688318838738633e+04
1.428453053129781256e+04
2.226853334964598616e+04
5.084019459982095213e+03
6.943554056399012552e+03
2.202701140800005305e+04
7.829332235635469260e+03
8.926894859454139805e+03
1.673481544517748262e+04
2.483427830147182613e+04
1.507701926175004519e+04
8.537592510223004865e+03
1.172497440262023156e+04
1.274219594909841908e+04
1.179118509521575652e+04
2.053374249045287070e+04
5.470688208907599801e+03
2.728642477863657768e+04
1.546633407658153737e+04
2.012444975259671628e+04
2.356763057408430905e+04
1.031046425489015201e+04
1.512149215184019340e+04
2.155446839233103310e+04
8.068567415668625472e+03
1.836906501835743256e+04
2.608890078340932450e+04
3.083835353317762565e+04
1.783373731089943249e+04
1.104929121858639519e+04
2.204873641650257559e+04
1.283954120009536746e+04
2.139500698585394639e+04
2.527723007007210981e+04
1.787319092752751021e+04
8.541206116022034621e+03
8.870551368046646530e+03
1.719935203955070756e+04
2.072309691142993688e+04
1.673828882614160830e+04
1.696193595938269209e+04
1.713041740432423103e+04
1.225142123919431651e+04
1.634308873889942515e+04
1.490643196297409304e+04
2.236130011705133074e+04
3.353392717527567584e+04
8.990354699061615975e+03
1.659453441067621316e+04
1.223840429913697881e+04
2.230737663970838184e+04
1.571363560340818367e+04
1.147695754434656556e+04
1.822394738876544579e+04
8.565911282943077822e+03
2.297496818166388402e+04
8.437219340803399973e+03
1.515173802975438412e+04
8.049115220843373208e+03
1.953184185565074949e+04
1.181270379012253943e+04
1.703759413594152284e+04
1.297173496546448769e+04
9.182111971158239612e+03
1.806525067169191243e+04
1.959664100787202915e+04
8.440861381642404012e+03
2.150194921255760346e+04
1.998525902091681928e+04
7.120163784618241152e+03
3.504133588701603730e+04
1.897130032362818747e+04
4.970866823153010046e+03
3.666852455863006617e+04
7.080561132003105740e+03
1.891940150151929265e+04
5.430233817144742716e+03
1.694221398803683041e+04
1.096503965767522823e+04
1.467713898278592205e+04
2.184204052182404848e+04
9.127701201065907298e+03
1.396470753089308528e+04
1.025838102469949263e+04
3.673824043474060090e+03
2.014986558574405353e+04
1.591493940741452934e+04
1.510210166442260561e+04
1.188620698911881664e+04
1.764591550493712566e+04
7.832731221760986045e+03
2.454142079299659235e+04
1.162857049782214744e+04
1.296434916274347415e+04
1.072805446090015903e+04
8.335023730905115372e+03
9.416059296969837305e+03
3.823697591548204218e+04
1.907435798548477032e+04
1.216130177381898284e+04
1.736661169038503067e+04
9.849858721919441450e+03
2.210249954227401759e+04
1.875510799928187771e+04
9.083970821937553410e+03
7.368385090424032569e+03
5.147848127238556117e+03
2.100804795457082946e+04
1.890256078663309381e+04
2.376804519275512575e+04
1.390493851601015012e+04
7.846903975547098526e+03
1.178661759402323696e+04
2.690781369561931569e+04
3.123649359404169900e+03
2.056068107374206011e+04
3.490900718380438775e+04
8.898833626453553734e+03
2.739814637229769505e+04
6.748163958245098001e+03
1.383177909083749182e+04
1.954745201700583129e+04
9.759037208650006505e+03
2.426641445755180757e+04
7.974404007313101829e+03
8.115179186511630178e+03
1.746120128200106774e+04
1.310057239212100103e+04
1.641358923618857079e+04
9.073113079067950821e+03
1.810925056848737222e+04
2.002912955413428062e+04
6.565188390389142114e+03
2.358120178602013402e+04
2.668377591496700188e+04
1.555519355602881296e+04
7.690060408512841605e+03
5.944953349904294555e+03
1.135628327436235122e+04
2.141954174421980861e+04
1.463821533929479301e+04
2.010452653842350264e+04
1.464554745391312281e+04
3.430667428663292958e+04
2.129699267001145199e+04
2.036253696738588769e+04
1.085415374656962558e+04
3.038067725672687084e+04
1.291575980890265055e+04
1.390397826511580388e+04
2.404351291535468408e+04
1.312072899796843376e+04
2.679941384665414444e+04
2.104761618231593457e+04
1.904244687366104336e+04
1.631154883938566854e+04
6.283396107318426402e+03
1.435511172765829360e+04
1.599850338374395506e+04
6.429962606363787927e+03
1.028087288878916115e+04
2.184075941268048336e+04
1.054348787475897007e+04
1.439377520759368963e+04
