5.617416886675689602e+04
3.843938280086799750e+03
1.115380482544943334e+04
1.344312152332052938e+04
1.188260002280130539e+04
9.121020653846462665e+03
1.768822584751056638e+04
1.047352661108432221e+04
1.152923640365458778e+04
2.158591162607606384e+04
1.723540206667899474e+04
6.204290795550509756e+03
4.200178052699484397e+04
7.303549300459633741e+03
5.352334642711791275e+03
1.020226365026228996e+04
8.704769404643135204e+03
2.147944677439293082e+04
2.631001835479141300e+04
8.744498211317655660e+03
9.589445684353357137e+03
8.015719666567336390e+03
2.032218516362778246e+04
1.158817043945062869e+04
2.618122717125540657e+04
3.237370110898725034e+04
9.792723081877933510e+03
1.376740147204113964e+04
2.298615390842841953e+04
7.470623310287494860e+03
1.242202038795830777e+04
2.071526089778225651e+04
1.281905904844372526e+04
1.706219985720406839e+04
1.402285819952505881e+04
8.012862824770795669e+03
2.467654187380372969e+04
8.999545002015605860e+03
9.452081000810030673e+03
3.253954790570301702e+04
2.091490852081763296e+04
1.099204773772926637e+04
1.516070108074717245e+04
1.702505002328038245e+04
2.654779668187681091e+04
9.311702520095523141e+03
1.535399356417936360e+04
2.626926122559431678e+04
1.650914973371106316e+04
6.269614704215732672e+03
1.028687869210170902e+04
1.243882920073546666e+04
1.293727155313379080e+04
1.232877843730864515e+04
9.721483727428056227e+03
1.931777110343766253e+04
8.948700076519999129e+03
3.104975692588671882e+04
2.471933158383624686e+04
7.277215070940374062e+03
1.900631584786676103e+04
1.603185148409188696e+04
8.506641612404055195e+03
1.967440567819005446e+04
1.187148932635547862e+04
7.568020802655471925e+03
1.476281422758077133e+04
1.033552759229404910e+04
2.978743157048380090e+04
9.725336859771772652e+03
1.844467616613799692e+04
1.862355612077791739e+04
2.316884135759868150e+04
1.691881882237570244e+04
9.209172997559790019e+03
1.126095313976947364e+04
2.036797070569459174e+04
7.145364407724097873e+03
1.064697532692235654e+04
1.646803885367140538e+04
2.629960330071798671e+04
1.402016699918314225e+04
2.504890839070910806e+04
4.568942010410720286e+03
1.215747728367698073e+04
1.509186828605358278e+04
1.351800054833669856e+04
1.927116192674943159e+04
1.900010697712937326e+04
1.962160576289940218e+04
2.897135983238659173e+04
5.567897190675967067e+03
2.162421972201950848e+04
1.663957853202186016e+03
1.522533473307416716e+04
2.185809357737640312e+04
7.646740287437119150e+03
1.067257310114591746e+04
7.838327399336535564e+03
7.244744314062634658e+03
1.737577919281053983e+04
3.609569041147693042e+03
1.731628538362094332e+04
3.100923180489829247e+04
7.358546295133706735e+03
1.178744429073326501e+04
2.225814294130436247e+04
8.226091533540700766e+03
2.492042649496077502e+04
2.433436190141495899e+04
4.429318013889082067e+03
1.239544465245718311e+04
1.453143188599562382e+04
6.963767853669765827e+03
1.373053664429494165e+04
2.807825174349348890e+04
1.075456541242488311e+04
1.530960884940140932e+04
1.230189247420858919e+04
1.443605781569667852e+04
1.400601085492262064e+04
2.427586855564890720e+04
2.000761240728220582e+04
1.250531499521778278e+04
1.940080991859174537e+04
7.883825565840448689e+03
1.696249064829698182e+04
1.978053186025919058e+04
1.953006427438898754e+04
6.351399489099960192e+03
9.397698600284053100e+03
5.331389542102467203e+03
1.007632201178108517e+04
1.773777955509887397e+04
1.030616577059302654e+04
1.135956650825377801e+04
2.648335141940812173e+04
1.428719766539609009e+04
2.894108687939396259e+04
1.166222120807792453e+04
1.666863347713650001e+04
1.359476804216717028e+04
2.598110580320597001e+04
1.427779741036999258e+04
2.659550511641183766e+04
1.564478556179562111e+04
1.564602072321825290e+04
1.179736445598527280e+04
9.015297806275822950e+03
2.931328396501944007e+04
2.467749756220319250e+04
6.518070015083098951e+03
1.976487721019707897e+04
7.824352626075913577e+03
1.621494164649333834e+04
1.181461871834526573e+04
8.714461753579391370e+03
1.057492078278483859e+04
2.846335871920580757e+04
1.621618090158549057e+04
3.688659020781771687e+04
1.171457707119173210e+04
1.024462855027618207e+04
1.353175312740059780e+04
9.660576194672234124e+03
1.681893457993107222e+04
1.925017720261178329e+04
1.306892546982330532e+04
2.636427618882602837e+04
6.568298208286461886e+03
2.576402153906474268e+04
2.114714696004096186e+04
1.659941942423412911e+04
2.089389868197761098e+04
1.982379043659149465e+04
9.579148717502966974e+03
1.059601334333128216e+04
9.186158189779431268e+03
9.530994874138756131e+03
1.552785208544653688e+04
1.575921757460258050e+04
1.748703926613494696e+04
5.773205320358752942e+03
7.606621921033829494e+03
2.190771895146759198e+04
1.524799271002051864e+04
5.111678773950898176e+03
1.837389653319549325e+04
9.138131984940413531e+03
1.435226291053262321e+04
2.452049447643901658e+04
2.009173768121939065e+04
2.980847848613953101e+04
1.040612477008385213e+04
1.040052488651927160e+04
1.351386675434097560e+04
1.462867288603979068e+04
1.054121757086449907e+04
1.920706968573597987e+04
1.021208107759482482e+04
1.248425576169651686e+04
1.632465009986508630e+04
1.502167060031582696e+04
9.233828971592840389e+03
1.963756331152224811e+04
1.893462900540412375e+04
1.132899559857646636e+04
1.816869531337757871e+04
3.670436830906687101e+04
5.716996549533532743e+03
2.034186437713349005e+04
1.246240008188628235e+04
9.543207555701419551e+03
2.157059215688946279e+04
1.666473786078472767e+04
1.170074513271250726e+04
3.853122453636384307e+04
1.088611476196422518e+04
1.140047817964564456e+04
2.684791978378549175e+04
1.115167923773772418e+04
9.677452893264518934e+03
3.712501183339279669e+04
1.927071086432179436e+04
2.236639192239900513e+04
6.670209181314794478e+03
1.156540309636503844e+04
1.184624899876143354e+04
1.869452434990345864e+04
1.402631832052554273e+04
9.834864938904351220e+03
1.422091752414036091e+04
2.778143907764938922e+04
5.281597580326668322e+03
7.309883028695760004e+03
1.501528638633657829e+04
6.809239022440874578e+03
2.250710254064637775e+04
2.360392804319989591e+04
5.818523085908443136e+03
2.933047561701596351e+04
8.610870537236878590e+03
9.361176938263142802e+03
1.714105464408937405e+04
8.876254769547251271e+03
1.540485142204911972e+04
1.958887886645629624e+04
7.165329756215827729e+03
1.126512223299669131e+04
1.152289626779294849e+04
1.532195696027644044e+04
1.808222941696543421e+04
8.898964394178425209e+03
5.356965000633814270e+03
1.680158484485052031e+04
2.075725731996626564e+04
