4.518895050417363382e+04
3.843938280086799750e+03
1.599080220210837797e+04
2.368821847874091327e+04
8.408149262808110507e+03
2.390989974708156660e+04
7.947061548793675684e+03
1.136803876964901247e+04
2.187606919924037720e+04
1.180542516811121277e+04
1.400746445206681346e+04
2.886227837348797038e+04
1.582892082160740756e+04
1.422161344517519319e+04
1.329596733087236862e+04
1.574294597386957867e+04
1.532139322252998136e+04
6.075864720774195121e+03
2.021808415048755342e+04
1.633431644221658644e+04
1.202479757334591159e+04
9.158264170455942804e+03
1.880927125760018316e+04
1.219949415551706443e+04
7.999049353555868038e+03
9.934310085473018262e+03
1.790021565123129767e+04
2.381670415205875906e+04
1.161711574834329804e+04
2.032937678436760325e+04
1.429054747002231852e+04
1.287394861439099623e+04
1.847901039161805966e+04
1.736704214793727442e+04
9.244334622598533315e+03
2.109158901512180455e+04
1.147166538881146880e+04
1.455888860764373749e+04
2.436631131991666189e+04
1.234272203726245061e+04
1.019842600807469535e+04
5.698482243551718966e+03
3.017544380825593908e+04
8.402383815048036922e+03
1.080920938423629195e+04
1.728060351299430477e+04
9.558357100428827835e+03
2.181275664713143124e+04
1.539325344912369837e+04
9.207143382243484666e+03
1.002765273248470658e+04
9.859458359343008851e+03
9.936462759127160098e+03
3.448738734443046269e+04
1.436556741381777465e+04
1.291817995416371195e+04
5.513515690656678998e+03
1.300151383491522756e+04
1.117733382791818804e+04
3.140142568702882272e+04
2.828644436086497080e+03
5.063507014306546625e+04
2.036650601812586683e+04
1.001502740227644244e+04
1.266490351927454321e+04
2.622239476181686405e+04
1.723684801420428994e+04
2.196691056477266829e+04
1.595679137069673743e+04
1.483033611660809402e+04
1.196086188413251512e+04
1.589620176647294284e+04
1.679712847641309054e+04
5.428913741102860513e+03
7.235873206111597938e+03
2.264405172690046311e+04
5.704057316475727021e+03
2.751574840153273544e+04
1.482851225907777007e+04
2.044129084036324639e+04
2.015378489542164243e+04
1.813611077969225153e+04
1.291015722571218612e+04
2.021987272142554502e+04
1.766036893258967393e+04
2.525551656048883160e+04
8.091107590592252564e+03
6.923991001095605498e+03
1.195580542668059388e+04
1.266938716123941776e+04
2.981463436547978927e+04
1.218338820165798279e+04
2.670576930574560174e+04
4.455434229320186205e+03
2.457901978366916592e+04
2.252979621970548396e+04
1.767716746414187219e+04
3.074083201438273682e+04
1.119029453152066162e+04
8.760031798756150238e+03
7.500361144467385202e+03
2.600799945436794951e+04
5.953336440397745719e+03
8.365186114422755054e+03
9.553234817458245743e+03
2.136556152939407184e+04
7.182948098400156596e+03
2.656389090509166635e+04
7.495040055280099295e+03
1.911977741412935939e+04
6.915773971050164619e+03
1.275963871923821534e+04
2.551363527850845276e+04
6.776443874011155458e+03
2.482140965638680427e+04
1.026817126311925131e+04
1.194303174273550212e+04
1.831774022203315326e+04
1.165324095642290013e+04
1.777268449843327835e+04
1.124749978099826876e+04
1.260247630535951976e+04
8.254655860787555866e+03
3.729500077932412387e+04
1.665498818904206564e+04
1.981172344705662545e+04
2.961262295287051529e+04
5.946878468219436400e+03
1.224686353921763475e+04
1.359262419847955971e+04
3.305248426939950150e+04
8.454244766349591373e+03
7.676154252573817757e+03
8.307707491559445771e+03
1.011210865468258453e+04
2.712433462464866534e+04
1.462398977306622510e+04
1.172182539370052655e+04
2.995704310686650933e+04
8.285578641206589964e+03
2.633664784557608073e+04
1.084174834670881501e+04
1.025339521504022014e+04
1.367379687928760904e+04
1.526786578003317481e+04
9.949250424238834967e+03
1.446651251569105261e+04
1.066942001480623730e+04
8.121098179338206137e+03
2.389185237250130012e+04
8.052748711363598886e+03
2.779945165823280331e+04
5.971780893112128979e+03
2.756199941869308168e+04
1.065473647705708936e+04
1.970926363050685904e+04
8.630493417533090906e+03
1.492323271494971232e+04
1.607105375370428555e+04
2.247093825483506953e+04
1.138647915281089263e+04
1.238174005748529453e+04
1.791516975830405499e+04
1.482268448971800535e+04
7.125548743690791525e+03
3.083828557596628161e+04
1.790591868281896313e+04
1.239010424742999021e+04
9.992101211308197890e+03
1.322640589594416997e+04
1.589808016399491498e+04
8.138152230817429881e+03
2.422670401083747856e+04
1.427866259024114697e+04
9.640406650489854655e+03
1.820608448451088043e+04
1.189809084097148116e+04
2.153177262168199013e+04
1.703715354476155335e+04
1.379931650128391266e+04
1.947052149670858125e+04
1.279225750769431397e+04
1.044093863802104352e+04
1.761186809240509319e+04
2.096866045230001328e+04
1.136904820147483406e+04
2.746833592753253106e+04
2.550800601851547981e+04
1.161413943160774943e+04
2.559694055702096011e+04
6.699218812032612732e+03
2.858681977137022477e+04
1.051317377963941726e+04
2.070759832599004949e+04
1.839793499921495822e+04
2.450180026111035477e+04
3.466473908488278539e+04
1.012437186258988186e+04
7.343677131794162960e+03
1.459656447133830079e+04
1.546489143079917631e+04
2.149851696302384516e+04
1.554745273609943433e+04
3.926922607676560801e+03
1.054081110210186489e+04
2.331807610415580712e+04
6.533030762470209083e+03
1.150359486673631363e+04
1.642627725048081629e+04
8.484347439027083965e+03
1.602199668662168006e+04
1.077581457883164694e+04
1.370337331021214595e+04
1.037460658703805348e+04
9.315099459459612262e+03
2.551347983491177001e+04
9.471873245101340217e+03
1.749241040575272564e+04
2.563758631314667582e+04
1.302294537552861584e+04
1.122341875704370068e+04
1.409041376959295849e+04
1.236698637867339858e+04
1.606286576734865412e+04
1.734850148800114766e+04
2.528832268411621772e+04
2.203552256743520411e+04
2.261544571541927144e+04
2.324245155516676095e+04
1.493340494669310283e+04
2.061027764568698785e+03
1.205818238892288173e+04
9.938757417087048452e+03
1.629840067629514851e+04
1.547326046184141705e+04
3.657165796510146902e+04
1.305240027093939352e+04
1.145617644716497671e+04
1.413748542186395571e+04
2.151433126406235897e+04
1.030882396111898197e+04
1.156543604623584542e+04
3.037686796121332736e+04
1.770790822141662284e+04
1.180945635741768092e+04
1.188100699923336106e+04
7.360000848461788337e+03
2.154576869037995857e+04
6.775901176386086263e+03
2.008158540283487673e+04
1.018646671637321379e+04
8.951566901048596264e+03
1.420595928647185610e+04
1.611657764349382160e+04
1.420081357741042120e+04
1.988368072813480103e+04
