1.448649709635110594e+04
3.843938280086799750e+03
1.460784115835054581e+04
1.664596256535057182e+04
1.291455249937320878e+04
2.717484756018596454e+04
1.180111007673291351e+04
9.005949348778678541e+03
1.677084656813311449e+04
6.377652504009552104e+03
1.068526128493994293e+04
2.025183228882376352e+04
2.137397673846264297e+04
1.420876785975175153e+04
8.407813000927515532e+03
6.076724965269138920e+03
2.441564607326515033e+04
2.391129601725051543e+04
1.599951846057279909e+04
9.393011538345805093e+03
9.169527315616744090e+03
1.781594524892194750e+04
1.780983940655098195e+04
1.753819421822894947e+04
2.271747297028637695e+04
9.432941323654080406e+03
1.178167151595077121e+04
1.663052432210811094e+04
1.091904373455783571e+04
1.597508357964347124e+04
1.097195215034423018e+04
3.795306548520629440e+04
2.554554592829587273e+04
1.146852264132139135e+04
1.980647623267295421e+04
1.594032902535926951e+04
1.070347518737603605e+04
2.796743851352058846e+04
9.690015935488998366e+03
7.007781775981789906e+03
2.147464452735475425e+04
8.827708776837149344e+03
1.559509770460218169e+04
3.146028482546323721e+04
1.704849539543888022e+04
1.420676902528007486e+04
5.833442706135143453e+03
2.097642395251593916e+04
9.794479798323500290e+03
2.571792122163378735e+04
1.529275789326616177e+04
2.230183303151347718e+04
6.153225717252989853e+03
1.656377458958619900e+04
1.034692948793811956e+04
1.297578313963147048e+04
1.404911604879334300e+04
9.706526999438068742e+03
3.899828406627706499e+03
3.424402254340243235e+04
7.089228596169984485e+03
1.656934745721676154e+04
1.127596860142604601e+04
9.658422700270686619e+03
1.933326090143519104e+04
1.136396102608979891e+04
1.512920469785383648e+04
2.084094831982195319e+04
1.032186465899032009e+04
2.376784201040406697e+04
5.176182441624833700e+03
3.952521056608373328e+04
1.768035184280847898e+04
8.921035747628457102e+03
2.544494280324846477e+04
1.976607284902372703e+04
7.852576619954851594e+03
1.729766390580849475e+04
1.138502852520685519e+04
7.389809417931242933e+03
2.371658819704199050e+04
1.850478312415558321e+04
1.779761540356567639e+04
1.750690475817861807e+04
1.043198852820635511e+04
1.458006260163662773e+04
1.033061601808108026e+04
1.787155170861618535e+04
1.172793878836566546e+04
1.664204487218776558e+04
1.387923342539492842e+04
1.476027519778669921e+04
1.347697286223566152e+04
8.771555780845794288e+03
1.381686275528320584e+04
1.158049454294483076e+04
1.021405612135730371e+04
1.030982438944075147e+04
8.059708893848888692e+03
1.895478049563246532e+04
1.797574855688800380e+04
1.073990463445035493e+04
1.482862732043116739e+04
1.265498518451132259e+04
1.093839637629727622e+04
2.083933309929285679e+04
1.670188297207901633e+04
1.699716525839574024e+04
7.892168330872548722e+03
1.389512818779817462e+04
1.137007678146347098e+04
1.046337980594755390e+04
2.404574416467481569e+04
1.183386324465314829e+04
7.819597127929347153e+03
9.285057254876381194e+03
6.793175887646077172e+03
9.395720017425943297e+03
1.371559598570944945e+04
3.452038826083512686e+04
1.414059405890432754e+04
2.407225139418459003e+04
1.645646752716916308e+04
7.223983879002023968e+03
1.321402691970603701e+04
1.602987819899394344e+04
2.350374760743053048e+04
9.982659427034457622e+03
1.865568323952550418e+04
1.416748896575513390e+04
1.412828877081305291e+04
1.709748477426967293e+04
1.988814381954851342e+04
7.379428849410747716e+03
8.019894648559359666e+03
1.926540807048791976e+04
2.007944884412418833e+04
1.583222954316191317e+04
7.864497601790943008e+03
7.636799502016752740e+03
2.271178330524745616e+04
9.364672756571100763e+03
1.924317561384147848e+04
1.322757344142132206e+04
1.261329987755557886e+04
1.329792622481609760e+04
1.717557846219598287e+04
1.261910860665538166e+04
8.121006894575983097e+03
3.002107349234688809e+04
1.001423874341697410e+04
1.407249259482594425e+04
1.782763216545554315e+04
2.185944949646875830e+04
1.634471068685878708e+04
1.569386858128301719e+04
1.116056405400438962e+04
2.031202747562658988e+04
1.366517614983055682e+04
2.392494503769250150e+04
2.586164230154475808e+04
7.214024890212682294e+03
9.375449992635449235e+03
2.215005015475402979e+04
1.187949927946459320e+04
2.483785250740479387e+04
1.142812555099383826e+04
7.244645521494245259e+03
1.735263689692162734e+04
1.773998912488359201e+04
1.359128668308021406e+04
6.542408568594855751e+03
1.188522121993362998e+04
2.141905162567060324e+04
2.503232123251607482e+04
2.668703039511996758e+04
1.143493794298364264e+04
8.999860777272777341e+03
8.317384483002710112e+03
3.374893073037831346e+04
2.201800635998414509e+04
1.435109166118520989e+04
7.359675075509971975e+03
3.024803054268718552e+04
1.632666652709353002e+04
1.912884382766415001e+04
9.592160364259449125e+03
1.807337863835760800e+04
1.441010283753049225e+04
2.181334615466020477e+04
1.517175676537771869e+04
1.642661225233705045e+04
2.394530201371010844e+04
1.970534030556292055e+04
1.710687580884745694e+04
1.186387875647242981e+04
2.398456896939827493e+04
1.660246497173798707e+04
8.181965401522120374e+03
2.371319903997322035e+04
2.228997141591925174e+04
1.557568444284391808e+04
1.377584333471655737e+04
1.246206076103615851e+04
6.997834352784089788e+03
9.562409353386898147e+03
1.464933263764620824e+04
4.112145709859902126e+04
1.000604189367874460e+04
9.904988695521562477e+03
1.911930527751432965e+04
8.015659632919921023e+03
1.206463961297876267e+04
2.408855064184629737e+04
2.760227062240958912e+04
1.620670568530714263e+04
1.395001468577693231e+04
1.231096510245210084e+04
1.069052040534442676e+04
1.290563380622359909e+04
2.266784821429399744e+04
1.926420499331954488e+04
1.438989597151885027e+04
9.262506281003390541e+03
5.052142968607226067e+03
1.933484608761971322e+04
1.671329819036845220e+04
1.268687458948409949e+04
6.159204082583536547e+03
1.657860256002623646e+04
1.180201708546803093e+04
1.412923550228501153e+04
7.457030382149010620e+03
1.342276772663663178e+04
6.955044174112036671e+03
1.769325838105213188e+04
2.192753293781467437e+04
1.486665626701528709e+04
1.220877948806570021e+04
2.992514868775151626e+04
1.939707287398421249e+04
1.265734362326520386e+04
2.448445448075890818e+04
1.364600825612079461e+04
1.284827913351497409e+04
2.103108355657751235e+04
1.567467125183376083e+04
1.833317919860461552e+04
2.020011245798127857e+04
1.091040085695674497e+04
1.727439759627344756e+04
3.442302756732529815e+04
2.477829487865727424e+04
1.672658936559210269e+04
7.567762424342642589e+03
2.646304471061146251e+04
