5.149938353181182902e+04
3.843938280086799750e+03
1.360578059397941797e+04
1.333852024833548603e+04
6.619389769925912333e+03
1.082045319576585825e+04
1.259185912047887177e+04
1.680002656526240025e+04
1.619866139904090778e+04
6.547998101315507483e+03
3.354405488921032520e+04
1.171181598397606467e+04
3.355360531637691020e+04
1.504402628839017780e+04
1.137163693696162954e+04
1.776854159486197022e+04
6.523076430929037087e+03
2.035643451703882238e+04
1.040286749832351052e+04
9.003159540375800134e+03
1.017119921270100895e+04
1.414057182709528024e+04
1.506630853722734719e+04
1.069657336086833857e+04
1.390450766992373610e+04
1.169571853159837883e+04
2.034056278031267721e+04
1.467339771612636650e+04
8.665351497435129204e+03
2.104672362499238079e+04
2.206343306155258688e+04
1.590900545654756388e+04
1.564448766407508992e+04
7.617020498825031609e+03
2.441607872746148496e+04
1.686299073291038076e+04
1.252457652388429051e+04
2.050428224495440736e+04
5.713748993352108300e+03
1.080911684929803596e+04
1.512464624184461536e+04
1.836958490037322554e+04
5.818468209454606949e+03
2.684966347690020120e+04
2.539795264950874116e+04
9.421465668645167170e+03
9.375538969381457719e+03
1.519140122098029860e+04
2.244646638042069753e+04
1.373077952163424197e+04
1.968728847901697372e+04
1.006976642258814354e+04
9.972382651446339878e+03
2.122785201343568406e+04
9.533929461669895318e+03
1.910457786464584206e+04
1.380389123287757320e+04
2.017710070473384621e+04
8.248283048686600523e+03
1.830102734956905988e+04
1.611092076605775037e+04
9.684116062902672638e+03
1.944509953447614680e+04
1.688268780673957372e+04
9.249357705065685877e+03
1.781183834617549292e+04
1.422545068461300616e+04
2.759877177997526451e+04
1.297566352339195691e+04
1.515960612627197224e+04
1.267760036738630333e+04
2.709270584331527061e+04
1.056367493908252800e+04
2.185921305681779995e+04
1.950275782149884253e+04
1.250183359227937399e+04
1.716070517222152921e+04
1.518659301974087066e+04
1.319958085424923775e+04
1.691799889174852433e+04
2.032364768678159089e+04
6.974368985713607799e+03
1.794794773873349186e+04
4.022048305611160231e+03
1.804046148591450037e+04
1.265192829768331649e+04
2.004520537389602760e+04
1.420457765273732912e+04
1.148856663500862851e+04
2.009736230315409193e+04
1.507559323507157569e+04
8.290023666383982345e+03
1.785882343968820715e+04
2.701734071713186495e+03
2.706365158556779352e+04
1.337436482800777230e+04
8.432994042033909864e+03
1.614111528739272035e+04
2.442406834696100486e+04
1.643069422656448296e+04
2.559764405699273266e+04
8.802329394686381420e+03
8.704094201148493084e+03
1.366231346707525699e+04
1.269448240080948744e+04
9.985538980807174084e+03
1.524392660936719767e+04
7.694002998349220434e+03
1.774739401476577768e+04
1.837609322034989964e+04
1.622278995913958715e+04
2.602531835009454880e+04
1.363445564102773096e+04
6.358171541682092538e+03
2.328651133131833922e+04
1.427007645193811004e+04
1.304754534720403899e+04
1.493708127331032483e+04
1.175334331814324651e+04
1.938188738381599251e+04
1.257322623239308814e+04
2.784417918982686024e+04
1.687999659319673810e+04
1.226861101058443637e+04
1.991027988989918231e+04
1.343897729074517702e+04
1.836603927365287745e+04
1.174606036248375494e+04
8.133183244567021575e+03
1.233255694525672880e+04
9.018780064175651205e+03
1.847427437918313080e+04
7.451700126540990823e+03
1.362282489554247149e+04
1.432112704186425617e+04
1.829332682076495257e+04
1.564497132861881983e+04
2.506954735388382323e+04
2.113636015347845023e+04
8.980276603691952914e+03
1.365546150285874319e+04
1.907337183398025081e+04
1.976687855462425796e+04
1.905285997816254530e+04
2.314050363389157792e+04
1.407340441978732997e+04
1.519443876780187384e+04
1.172687363241050480e+04
2.033605331887780994e+04
1.642315419826548896e+04
1.911843691418612070e+04
7.378540537620607211e+03
1.902504816404844678e+04
7.778710954398539798e+03
2.105753466569342345e+04
1.304844582161442486e+04
7.052817904026083852e+03
1.829024843106144908e+04
2.610507612001000598e+04
1.209960008376588121e+04
4.071966211789230874e+04
1.429404661289641081e+04
1.669991833421931369e+04
9.617728642444893921e+03
1.099079078777533141e+04
2.047618307879722124e+04
1.726294333272136282e+04
1.742514980491412280e+04
1.741291437516535370e+04
9.653572626605049663e+03
1.526147207766841348e+04
2.017322613593700953e+04
3.045639225786441239e+04
1.168291416479649706e+04
9.540091044191023684e+03
7.231919683201424050e+03
2.912955972264541560e+04
1.701032780070081208e+04
1.051821997391191871e+04
2.022079774144650582e+04
9.512916222634778023e+03
1.650761886800215143e+04
9.268658668325711915e+03
1.925737829353027701e+04
1.318512574501816744e+04
1.878567608578593718e+04
1.875302085897642610e+04
2.369799576016141509e+04
1.517378990724265532e+04
3.259426296764762810e+04
1.386138727027303685e+04
2.194372032580239829e+04
2.130376642339336104e+04
4.200479872770404654e+03
1.757374015994812726e+04
4.898285120147722409e+03
1.816370972913202422e+04
7.652926963015424917e+03
1.525779665973192277e+04
1.317641820464074954e+04
1.073837930406580745e+04
1.227473518468171278e+04
2.150035324013391801e+04
1.828029062366636572e+04
2.818554853005201221e+04
8.888232296318765293e+03
1.918166076196816357e+04
1.537263860986551117e+04
2.007130912205435379e+04
3.102203393370703907e+03
2.238072504017729807e+04
7.573913695136912793e+03
1.395423551915940516e+04
2.479737664234754993e+04
8.213626257197254745e+03
2.058676203236125002e+04
1.627382180920633618e+04
1.376764669649751340e+04
9.067823621286339403e+03
2.361013173069229015e+04
1.338063905764826086e+04
1.184569417508221522e+04
2.822092202039161202e+04
2.309501662632062289e+04
9.653583742720917144e+03
9.374639609826373999e+03
1.057075342405704396e+04
1.690256642204186210e+04
2.252652042777571114e+04
2.492645505460578352e+04
1.132501224789045591e+04
1.670310452025726772e+04
2.164930051771618309e+04
9.194302180961896738e+03
1.413266073751417935e+04
3.417032602125137782e+04
1.323961544457488344e+04
1.477746428845162336e+04
1.214053727013597745e+04
1.465114974971927222e+04
1.609984706339954573e+04
1.351683115230957628e+04
1.000972400718121935e+04
1.043731982312458604e+04
1.897911360256145053e+04
8.475052697147904837e+03
3.566282343852056511e+04
1.137255224044362512e+04
7.423694629435311072e+03
1.411885581549862218e+04
2.078262803616858218e+04
1.655063247006407619e+04
7.455831326732369234e+03
7.770334001905797777e+03
1.280350770485543944e+04
1.677866304458612649e+04
