3.267976490962519529e+04
3.843938280086799750e+03
1.046672315592289669e+04
6.898681036348421003e+03
1.244460277733096518e+04
9.683292621303049600e+03
2.298341058457564941e+04
1.774030955102450025e+04
2.835379400071529744e+04
1.860201614017717657e+04
2.812744493897884968e+04
8.774227899165478448e+03
1.180168674668413041e+04
1.382043583926024621e+04
8.660900281953337981e+03
2.075239674549681149e+04
1.749377277914686056e+04
2.778811078293107130e+04
1.325509121356513788e+04
1.409178353905895710e+04
1.309118322444260593e+04
7.984222186843533564e+03
1.899657547766080825e+04
1.688052068917853467e+04
8.120099686405176726e+03
1.801289798007785430e+04
1.883504894212720683e+04
1.518223910577493734e+04
2.129002547131313622e+04
1.005121758349663287e+04
6.358435971995531872e+03
1.738826981265119321e+04
2.791168671326255208e+04
1.321986900749977576e+04
1.588446881784821016e+04
2.238608215160433247e+04
1.438308660515029987e+04
1.664908488460140507e+04
7.559454973070511187e+03
1.278393309033065452e+04
6.546975460780078720e+03
1.195353480721077904e+04
8.208664150697843070e+03
8.752919532925227031e+03
3.877610409373866423e+04
1.402445859462527551e+04
1.279717605972099773e+04
2.483210242796721650e+04
2.990073881946386973e+04
2.750094349698274164e+04
2.821610374847567073e+04
9.814772430433728005e+03
1.382124903216011080e+04
2.125278373800351619e+04
1.439383335065035862e+04
2.832863125261198729e+04
1.024651805476936897e+04
1.839989612396190569e+04
1.782551387725918175e+04
2.154958625769868013e+04
1.414038989299363311e+04
1.801073403712853178e+04
1.182667422655693190e+04
1.530092748330383984e+04
5.486025591613927645e+03
1.335449947979563149e+04
1.129081021616089311e+04
2.038705933330407788e+04
2.583815188647223113e+04
1.080621446597484464e+04
9.046173800703119923e+03
3.189343805429963686e+04
1.430381092309157611e+04
1.935862906156001918e+04
1.323717389998804902e+04
2.370983712712989291e+04
1.111393233101090664e+04
4.172444813300189708e+03
3.057961244574201919e+04
5.657435704181226356e+03
1.980267923796389732e+04
1.040920874024553268e+04
1.821627999150667165e+04
5.585938249731300857e+03
7.543316657890517490e+03
2.777839035344670992e+04
2.033112945302809021e+04
1.473992582509327622e+04
2.422413050669014774e+04
1.346436219972177423e+04
1.700073512782836042e+04
5.475949254051492062e+03
4.040510000157976901e+04
7.587369588528744316e+03
1.197502737661025640e+04
1.176427716553210848e+04
2.150672608425952421e+04
1.465132664965568438e+04
2.311103457859783521e+04
1.529686721865621985e+04
1.241288952539753154e+04
2.622950184477604489e+04
1.740859854256058316e+04
9.073753955471911468e+03
1.274710540556399064e+04
1.753906885355938721e+04
3.293902840853067028e+04
7.875314812672947482e+03
1.416181817854308065e+04
4.779295410867112878e+03
7.516718679903572593e+03
2.117803503388377794e+04
1.039938219366712474e+04
2.045174249092071477e+04
1.524897398640246320e+04
2.434658103872033826e+04
1.398786483655506345e+04
1.081832280982014890e+04
1.608711223148137651e+04
1.914063830335780585e+04
1.171260024170136603e+04
1.962500135643361136e+04
1.529211604809713572e+04
1.471606934802111937e+04
1.086603790118528741e+04
1.188080308697751025e+04
2.722295158209178771e+04
7.903003070985708291e+03
1.819836290455062408e+04
1.335666200666335135e+04
1.175495386283180960e+04
6.350519060731042373e+03
1.081723205838476679e+04
8.980162359948993981e+03
9.542230013482185313e+03
2.282559179359342306e+04
2.266019266179562328e+04
3.596349662732639445e+03
8.621827036292528646e+03
1.075126754758714924e+04
7.903390564950208500e+03
1.260930037245870881e+04
1.843227349096390026e+04
1.203530724877762623e+04
9.129648651536184843e+03
1.386821408719403917e+04
1.037452551763039992e+04
2.428699361616797250e+04
8.897232481314578763e+03
2.338552088831309084e+04
1.603906062659696181e+04
9.768626279608602999e+03
1.732116405846815906e+04
1.440092366853639214e+04
1.820993901704680684e+04
1.377818381090981711e+04
2.460389710360312893e+04
1.365548289283656413e+04
1.352419086113234152e+04
1.451782487045596099e+04
2.477206060979763424e+04
7.565178243303953423e+03
2.006778230694447484e+04
1.313909920910013898e+04
6.633298781414185214e+03
3.716095700819862395e+04
2.208310026541258776e+04
5.644505849180072801e+03
9.103694675509004810e+03
7.982743605309289705e+03
2.646228331833364427e+04
2.225136514203131446e+04
3.560927831087976665e+04
8.557980353482798819e+03
3.685158890011409676e+04
7.152628365184994436e+03
1.762277697535034167e+04
1.566457034719128023e+04
1.176916294445384665e+04
5.929391506610510987e+03
9.710974895403260234e+03
1.385888133431404276e+04
6.658891555244243136e+03
2.567494272524010375e+04
5.912139465069421931e+03
1.449154636028661662e+04
8.140878909146722435e+03
2.780115262755670119e+04
9.111499829361246157e+03
4.886202245955351100e+04
1.251300727123720935e+04
1.101750722861803843e+04
1.328649314958836658e+04
1.253975525039618879e+04
2.335854524653248882e+04
2.325321103615143875e+04
2.643925378011904104e+04
1.507809188597407410e+04
1.933651966264046132e+04
1.820274866852259947e+04
1.677490832844498800e+04
2.860561099261614072e+04
1.106872136007722111e+04
1.807857327407788398e+04
1.355045751743675828e+04
1.180107395578272917e+04
2.286540907600912760e+04
1.483266650716595905e+04
1.456044946867860381e+04
4.947531658460671679e+03
1.505112157046086759e+04
4.620221948702028385e+03
7.677992460071839560e+03
2.245664168579484249e+04
1.774102822452660257e+04
1.547827291130850426e+04
1.980873882660280287e+04
1.524582067379378896e+04
1.802558799037124481e+04
2.181351136021061029e+04
1.400148443247483738e+04
1.282974466797257810e+04
1.421513805755362228e+04
1.344662956661091084e+04
1.527444091202750496e+04
8.571229606370843612e+03
1.684408396196480317e+04
1.224017708753529951e+04
8.942973092333313616e+03
1.590323928920104663e+04
8.464157234768357739e+03
1.077094611019885815e+04
1.092887869872115880e+04
1.764097819195191187e+04
1.134408675527026207e+04
1.317720859880144599e+04
4.173281471244426029e+03
1.676222911535835738e+04
3.709797582295489519e+03
3.319199414922524011e+04
2.652401243241102929e+04
2.046506985178463219e+04
2.159663192775841526e+04
1.238722900711594957e+04
2.458178947442798381e+04
1.152306249773157106e+04
2.728147920102992066e+04
1.705592018867919251e+04
1.542790524187325536e+04
8.815503362833098436e+03
1.902297957770130233e+04
1.585312809944217770e+04
1.921675155217654537e+04
1.432291908483318730e+04
3.011427192670463774e+04
7.995838644966070206e+03
