3.777782791189500131e+04
3.843938280086799750e+03
1.352186393809649053e+04
1.708022893678763648e+04
5.883659773776465045e+03
2.956141397298420270e+04
1.689487018030344916e+04
1.162952890475560525e+04
1.643645889908302343e+04
9.691311747288911647e+03
6.847632272884598024e+03
2.487640144550048717e+04
1.621569509560236656e+04
9.270184825120037203e+03
1.577223367379274168e+04
1.600814857188951282e+04
1.108076778509009455e+04
2.486163205439537705e+04
1.265258381409706089e+04
4.829297364421476232e+03
9.672152340679971530e+03
2.139709540862009453e+04
1.437978306088120189e+04
1.250458594697150693e+04
1.704304814012300631e+04
1.422931426078118602e+04
1.350076736670387618e+04
1.920185799578116348e+04
5.160735008846975688e+03
2.186518431599669566e+04
1.630696132834316450e+04
3.031547171286216326e+04
2.105668470562278526e+04
1.713236345981650811e+04
1.075804101265957797e+04
1.182007651589604757e+04
1.167431790819853632e+04
2.305377590389970646e+04
1.330020278879991747e+04
1.147671391005404439e+04
1.978586701886488299e+04
8.707924079904170867e+03
2.381512297538336497e+04
3.435482921406148671e+04
1.550894872279253286e+04
1.533775074269208199e+04
1.540217558865254068e+04
2.288129116144711588e+04
1.249018336339825146e+04
9.920590788551880905e+03
5.101806072883812703e+03
2.927221053410559398e+04
1.078988583762706367e+04
3.561231294758774311e+04
2.272988831526366266e+04
8.004712865292410243e+03
1.137703137838698058e+04
3.261732200500140971e+04
8.144808565082595123e+03
1.654671856606358779e+04
7.150396171419340135e+03
1.592786121757457113e+04
1.077335369195032945e+04
1.416353236942506555e+04
3.417072403382878110e+04
6.512226831529555056e+03
8.521586098681365911e+03
1.516112490119904942e+04
5.809492041017129850e+03
1.199836779533198387e+04
1.442341708051559908e+04
1.245942939420763651e+04
1.670685996557394537e+04
8.348464697130661079e+03
1.866757879234971551e+04
2.151485896641329236e+04
1.244729156069342025e+04
1.938056191621954713e+04
1.764400794230889369e+04
1.305503548317532841e+04
1.201103526442274961e+04
1.252942155464504503e+04
6.854366386036434960e+03
1.704080361055194226e+04
6.878906262334929124e+03
3.958977517925869324e+04
2.087085588662312875e+04
8.473457180940746184e+03
8.391891860914554854e+03
1.486757148939002218e+04
1.095547328559773450e+04
1.662414718985590298e+04
2.395963810237524740e+04
9.634382343854331339e+03
2.115743308430763500e+04
1.911405208698645220e+04
1.758986700894091337e+04
2.260880531843255812e+04
8.901287366631826444e+03
8.964893209690017102e+03
7.596566829718090048e+03
1.126776570004456516e+04
1.274871664802595478e+04
1.557438310670423562e+04
1.253731169297130691e+04
1.021594280249049370e+04
1.425456639493796865e+04
4.075615198874301859e+04
1.084607239511198895e+04
3.374567300041954877e+04
7.856328676549974261e+03
1.461633828592506870e+04
2.537490039330647414e+04
3.884521400001235179e+03
1.283606072090876478e+04
1.581507938269158512e+04
1.207828612562511262e+04
1.877615114223249839e+04
1.330838619079286946e+04
2.898602820881045045e+04
9.951783740005237632e+03
1.285137929260577766e+04
1.186405847949942654e+04
1.372952937990824284e+04
1.131892707174565840e+04
2.059150574166181468e+04
3.723280343115964206e+04
5.999842122733691212e+03
1.712397925213862618e+04
7.092533797034508098e+03
3.459322350303536950e+04
1.157857931425981405e+04
2.077835515877347279e+04
1.256937783815271905e+04
1.200835004962236417e+04
2.867841574890723132e+04
1.256696610752068591e+04
2.113679901707527461e+04
2.499895253958781541e+04
4.453523969062985998e+03
2.457506520309072948e+04
6.199208237065177855e+03
1.291647703240435476e+04
9.596699684804852950e+03
5.543419507863458421e+03
1.681264620401224602e+04
9.938467210807515585e+03
2.309165404455980388e+04
1.570547474154342308e+04
3.596918108098291123e+04
1.294643197514695203e+04
2.793396773848846351e+04
1.215015453822004383e+04
2.592007230544531558e+04
9.785841291917749913e+03
1.097262279288992613e+04
2.352632349556274494e+04
1.135769006355188321e+04
1.781529976303756848e+04
1.398153685789833253e+04
1.590454642064045220e+04
6.794394637843026430e+03
1.159621903726982418e+04
1.606048947648503054e+04
8.933688563096871803e+03
2.002415397177941850e+04
9.905293627909442876e+03
2.613691856950312649e+04
1.873367339628686386e+04
1.891557645513343232e+04
1.801555071168307404e+04
1.053459204252807103e+04
2.160633439707627986e+04
1.089078638829315059e+04
1.338337517866265807e+04
2.091257980062636125e+04
5.740831816091248584e+03
2.427660909007508599e+04
1.185620643206212662e+04
1.529238033149353578e+04
1.781877845853099279e+04
1.117346289587347019e+04
1.264721890396830895e+04
1.103980471741186557e+04
6.439250065609822741e+03
2.064580160684218208e+04
2.223087717736692866e+04
9.282042483565994189e+03
1.949361733374692994e+04
2.237664298416209567e+04
4.638801429634576380e+03
2.580587685979174057e+04
1.373554490314694885e+04
1.829054390759862872e+04
1.943283754789730665e+04
1.496796050853066117e+04
7.833124833817339095e+03
7.681577157930407338e+03
4.313120573195061297e+03
2.263184804835842806e+04
1.520814075453574333e+04
2.543896878399988054e+04
9.851053647134971470e+03
1.032490920626958905e+04
1.385908876035346111e+04
1.315460626010754459e+04
4.385696920819156730e+03
1.562025078875652252e+04
1.727840523155923438e+04
7.269461374727733528e+03
3.817927150579053705e+04
3.945753495361332170e+03
1.303960889973257508e+04
1.520907018915203844e+04
2.903749926537540887e+04
1.590920254799645954e+04
1.465918443679497614e+04
1.301195421693699791e+04
2.310374602404419784e+04
1.559628332474873241e+04
2.193900783248224252e+04
1.734527403643423531e+04
5.114317075693304105e+03
1.784302998136085444e+04
8.136129596771407705e+03
1.035630916328056082e+04
2.488293895701608562e+04
1.029402207927836389e+04
1.075784938069022064e+04
1.270980316298308753e+04
1.023781477276504665e+04
2.350800180684657607e+04
5.781607310191520810e+03
8.654169413561383408e+03
9.670358848875883268e+03
2.884184637243006364e+04
1.570031837953345348e+04
2.148268702707049306e+04
8.196820855053014384e+03
1.683266807266999240e+04
1.184825725069243890e+04
5.616872395818251789e+03
1.904142793624496699e+04
6.783840299693227280e+03
1.250609107782063074e+04
1.392212618959370775e+04
1.096935536318766026e+04
2.034429668746148673e+04
1.056445617592159215e+04
3.311166315009242680e+04
2.146110895879237069e+04
1.721302706609126471e+04
2.295277577905244107e+04
1.029832439583526684e+04
5.654116400406634057e+03
2.340365473776155341e+04
