1.773983860121751059e+04
3.843938280086799750e+03
2.093445118245592676e+04
7.966666731778239409e+03
1.322712550185429427e+04
1.440435221136348991e+04
1.618296922900497157e+04
8.001832331574405544e+03
2.863274979848318253e+04
1.554526007949751511e+04
1.401150868905757852e+04
1.843783076894539045e+04
1.700531738284743187e+04
2.008727786516233027e+04
1.521155054985999595e+04
2.015097442026287899e+04
1.584163811934315163e+04
1.518651545662288299e+04
1.864586589636273857e+04
9.557970831943397570e+03
2.932501702097159432e+04
6.702108745954254118e+03
3.390327727619131474e+04
5.010891769069648944e+03
2.285403099430272050e+04
8.515801483378238117e+03
1.953949734983822054e+04
9.598454421934646234e+03
1.695820507145529700e+04
1.516059666133881183e+04
1.040616902065784234e+04
1.323620082112936689e+04
4.556561374541911209e+04
9.099600329247241461e+03
3.202598786483977528e+04
1.644569928346244342e+04
1.217172652872996514e+04
2.019329131183344725e+04
1.602457326312177611e+04
1.376683522726135197e+04
1.317112896511318468e+04
1.495936387742360785e+04
2.401683001650626102e+04
2.747885901378664494e+04
3.365715928622218780e+04
3.388993751921598232e+03
9.132245716713669026e+03
2.407366605675323081e+04
2.380532433008041335e+04
1.573978381578081644e+04
2.015206937474953156e+04
1.270054944904663716e+04
7.886493495425725996e+03
2.779573216201303148e+04
1.741269221422022383e+04
1.257031480106954223e+04
1.159852756060573302e+04
2.398252345187124229e+04
8.644650133017279586e+03
3.195581074049082235e+04
1.353200172446181386e+04
1.406941671975812460e+04
2.138053507396752320e+04
1.446277842350074025e+04
2.222578346661785326e+04
9.056111936846020399e+03
3.197702456486369556e+04
1.589962813325709976e+04
1.860977093428686203e+04
2.152924855669443059e+04
1.294571984904022065e+04
2.301473879367382688e+04
1.561416627161334327e+04
1.097074405944322461e+04
1.292158601814476970e+04
1.420067548819720650e+04
1.405126348628589585e+04
7.206739738833791307e+03
3.377380666273742099e+04
1.031832683423073649e+04
3.263668372711778284e+04
5.984114443669934190e+03
1.649593144723119258e+04
1.506765993620731570e+04
4.730417102292498384e+03
2.212408593059079067e+04
1.516308366443284285e+04
1.179200373898424186e+04
1.519538989975896584e+04
1.631557864043796872e+04
1.449396445172221502e+04
4.432329583806674236e+03
2.434038081841097664e+04
6.050378524910974193e+03
9.591198817852005959e+03
1.543180469816715777e+04
1.728564685750498393e+04
8.564390228885107717e+03
1.216511820378635639e+04
1.293871047948077103e+04
1.507404066274634533e+04
1.729315474896001979e+04
1.673500519702990277e+04
2.724284296736239776e+04
1.501197899556818265e+04
7.357087193005721019e+03
2.153299507768642070e+04
1.942014725366292623e+04
6.940358131313801096e+03
9.770935209775550902e+03
1.021100789308165622e+04
2.885076407382713296e+04
2.475022825069576356e+04
9.684454005464458533e+03
1.179376293020094636e+04
1.202957099235929672e+04
2.296561195541115740e+04
1.061885833772736441e+04
1.021639716789380873e+04
2.760779241147993162e+04
1.718158153720753762e+04
1.648938617564499873e+04
1.775596281856086716e+04
1.619363684776646551e+04
1.868633967679783382e+04
1.733173504381973180e+04
1.991121394791416606e+04
1.087327844751917473e+04
3.210405675255087408e+04
9.295091500187314523e+03
2.476704572396355798e+04
1.301078933642818811e+04
2.117316388955192087e+04
4.381629529157580691e+03
5.736681199096918135e+03
2.300713408094870101e+04
2.614047036947819652e+04
1.237834607243249957e+04
1.764396383448195775e+04
4.185989805056507976e+03
1.090022091623541382e+04
6.864442508682709558e+03
2.631595788634333803e+04
1.294656805518164765e+04
1.575626045439974951e+04
1.151805034671025896e+04
6.190992946575525821e+03
2.213101370315026361e+04
1.264587714887522452e+04
1.572507897569061242e+04
2.226545648932951008e+04
1.538167040974398515e+04
1.238316833713574306e+04
7.017444514288339633e+03
1.381377361847821521e+04
6.132776309428038076e+03
3.328347487445228035e+04
2.421453019646443499e+04
9.776139639806084233e+03
7.603735159152353845e+03
2.706458174474143743e+04
7.590954481037913865e+03
1.138314807579073931e+04
5.999334041550417169e+03
7.224543732787252338e+03
2.811382546920941604e+04
1.689201602293366159e+04
1.073934687628997199e+04
9.024067345652787481e+03
2.064415135370700955e+04
2.569423587098314601e+04
1.767399876223837782e+04
1.987838466000552944e+04
1.006587084248685096e+04
2.349981706434341322e+04
1.100825101762567283e+04
1.477048956380331219e+04
3.983161496695888673e+03
8.757365196881855809e+03
1.315471893831075249e+04
2.690978535805488718e+04
1.962994435685055942e+04
6.575055929381196620e+03
2.267786984029882296e+04
1.671012798031213970e+04
2.459023691051093192e+04
8.158771343065580368e+03
1.228555621264227739e+04
1.961000189792498713e+04
2.682963243435349432e+04
1.418857982884971352e+04
9.963667784836208739e+03
1.793376128526023967e+04
1.241612088063344527e+04
1.242920680955366697e+04
1.512258698452772114e+04
1.110019754025471593e+04
1.362413036326743895e+04
1.330520810826681554e+04
2.296365377728359454e+04
1.191249961863752469e+04
2.649394517081693994e+04
7.515816192243276419e+03
1.515920002957744509e+04
3.017892182004673305e+04
7.217094923750018097e+03
1.151552148877544641e+04
3.316512318707197119e+04
2.086967024794817553e+04
5.570058160369203506e+03
2.247349953174276379e+04
4.602179991474411509e+03
6.103213523347431874e+03
1.733425973833681928e+04
3.544908251637098147e+04
6.602596411480752067e+03
1.463890393034140470e+04
1.043080113287902350e+04
2.294226912667743454e+04
2.127438588912805426e+04
2.376418744332257484e+04
9.693394551382354621e+03
8.997876921119386679e+03
1.852469674044921703e+04
1.681035075838176635e+04
1.525064940836719325e+04
2.375955488118986977e+04
1.146128194791378155e+04
1.990966967634333196e+04
2.032515527036482308e+04
1.048813294609658260e+04
1.275091542655290868e+04
2.424865958657509327e+04
1.539262258375244164e+04
1.361400448197469450e+04
1.104202566859424769e+04
1.465514074922462532e+04
8.327557230210210037e+03
2.424865878174573299e+04
2.317914314414278851e+04
2.101871458634791270e+04
2.025889772808754424e+04
3.166288321562817146e+04
1.211166236209227100e+04
1.954164320079889512e+04
1.389158679335168381e+04
1.473138886122989607e+04
9.640124591823716401e+03
1.336021753666996847e+04
1.329795870535202630e+04
1.416805427071305166e+04
1.610127886225322618e+04
1.495762793675735520e+04
1.882549122006906691e+04
1.281633333609683177e+04
1.231926162890206433e+04
