1.140591547017526682e+04
3.843938280086799750e+03
5.539011044447883251e+03
9.917321989070733252e+03
2.257785162146946095e+04
1.619063794425193009e+04
1.169497534189030193e+04
1.436888773963990025e+04
2.759606469258018478e+04
1.683532966938860773e+04
1.255848191322320963e+04
8.480166330817975904e+03
1.755293187700439012e+04
1.519892471370542444e+04
2.164903635016627231e+04
1.458898983688315093e+04
6.765669688571144434e+03
2.020860215992977828e+04
2.100742331015851232e+04
7.237303551140788841e+03
1.627659581060103483e+04
1.779078628003853737e+04
2.047484764102485860e+04
9.363314250586603521e+03
8.293416079074362642e+03
1.657769594864115788e+04
8.612367878808185196e+03
1.917236020966923388e+04
9.598453561061711298e+03
3.354771616970000468e+04
9.790115375729426887e+03
1.219759467626296464e+04
2.297804303437446652e+04
1.233872730045633216e+04
1.051712782982213866e+04
2.495456511920299818e+04
7.262992335673805428e+03
3.620293885582203075e+04
1.396654321895516478e+04
1.962209254115201111e+04
6.917795410587400511e+03
1.925507359201922372e+04
1.252383536400389858e+04
6.426538232596892158e+03
2.117761033965096794e+04
1.058741732455339661e+04
5.427660509315637682e+03
2.870992767618543803e+04
9.792503955282618335e+03
1.843112961616589746e+04
1.275875465591363354e+04
1.785853443774084735e+04
1.159108659285020258e+04
2.063759152921889472e+04
1.056830256879381341e+04
1.490447633683278946e+04
1.506679755672443571e+04
3.912874384049315267e+04
1.058185727216680243e+04
1.706823593866264127e+04
1.339485135457976867e+04
1.029121557185266829e+04
1.224556863146147043e+04
2.312434878480089901e+04
1.205096420551682786e+04
8.103012061994769283e+03
2.158967169744031708e+04
1.977775819437365135e+04
1.128790343076931640e+04
2.106388157470544684e+04
1.334219720797127229e+04
2.927851918424588075e+04
2.115240232489967821e+04
1.403336763130042527e+04
1.991726396280249537e+04
1.490414520665589407e+04
8.848799298054589599e+03
1.380829638227936448e+04
1.044914028458938810e+04
1.097559719969157595e+04
2.300932557984350569e+04
1.602975139757447141e+04
1.345397146968508969e+04
1.270705889907299388e+04
1.125949945939844292e+04
2.005081371366027815e+04
2.630888562771414581e+04
5.712790678154158741e+03
5.540158345008944707e+03
1.580425005478685853e+04
2.591965295229244657e+04
8.042849402480674144e+03
3.426845119052960217e+04
7.410413439365825070e+03
1.176704770975272731e+04
1.704492741588524950e+04
7.495354331045048639e+03
2.840075550477641809e+04
1.003669873098262906e+04
8.799914715334256471e+03
2.270484597384251902e+04
1.231157937863712505e+04
1.825111505852837581e+04
1.196382000851936573e+04
5.360303891007929451e+03
2.058792238474825717e+04
2.081471994242658184e+04
2.881245131454980583e+04
1.076844912865321385e+04
1.241831477699919560e+04
5.288764206144995114e+03
1.794268455529538551e+04
8.761821494520710985e+03
1.179501310207984352e+04
7.864216536937541605e+03
8.236904710123597397e+03
1.765462002306579598e+04
2.515034629182259960e+04
8.555332238685152333e+03
3.618510135354330851e+04
1.216335589054446791e+04
1.262678254325879789e+04
9.088392902659756146e+03
1.669488526690970320e+04
1.730442207315570340e+04
2.338299184130622962e+04
1.134133702399483445e+04
9.835113310054615795e+03
1.200405808193425219e+04
1.564282280976562834e+04
2.613623182690447356e+04
1.171517709318991729e+04
2.565520958315752068e+04
2.449264001595760419e+04
4.348278310143325143e+03
2.041857098852398485e+04
1.257728702502838314e+04
2.270182176308077032e+04
1.921352642145923528e+04
1.292164332651517361e+04
1.737828478665235525e+04
2.062866987376047837e+04
1.869671925256357281e+04
1.223455059125372827e+04
1.421231604040261482e+04
1.766982776996520624e+04
5.170816733203370859e+03
8.739962101458417237e+03
8.579352069177259182e+03
1.308086176357057047e+04
1.574020738204495865e+04
2.040920534902934378e+04
1.389629989061003471e+04
9.988340970199747971e+03
1.378843931767337017e+04
2.103694536825020623e+04
1.632811416222202570e+04
1.594550377306533301e+04
1.365697247752917428e+04
1.992664321824922081e+04
1.766207369893116265e+04
7.651558076727105799e+03
1.206551799437343288e+04
2.008899509434024003e+04
1.806243254401608738e+03
1.711896697159201722e+04
1.752371191864974753e+04
1.214223098703548021e+04
1.149313250193353815e+04
1.586757657203693816e+04
3.171276604024996414e+04
9.774764144012495308e+03
1.962893778244000714e+04
1.323604717418354267e+04
1.929749445699285207e+04
1.971101544532452681e+04
9.647325233454772388e+03
1.546430166561368060e+04
4.644996058351765896e+03
1.345184982394909821e+04
2.775018583640033830e+04
2.066533510684078647e+04
2.089343670614002986e+04
1.112179641767943940e+04
1.169683186003284209e+04
2.796653642040341219e+04
1.250585851119671133e+04
2.524565211941382222e+04
1.181568062093494154e+04
2.440732993448482375e+04
1.861418614372885349e+04
1.137898331890029658e+04
2.126518049500162306e+04
1.152413478860858049e+04
1.103876802925533775e+04
1.595575079744028881e+04
1.096081071649403930e+04
2.300112573278453419e+04
6.683539535832892398e+03
2.053313209101687607e+04
1.365527949545057891e+04
2.727345832868661091e+04
1.301248290824275682e+04
5.645242901672089829e+03
1.171806230064969895e+04
1.661273670193625730e+04
9.458275436778412768e+03
2.875965008427701832e+04
1.538809605496846234e+04
1.163850020448255054e+04
9.899211054408575365e+03
6.511305743104862813e+03
6.576796183911899789e+03
1.785976435061853772e+04
3.008382425673392572e+04
1.159140173816895367e+04
7.594179323911575011e+03
1.587487547247699695e+04
1.758286371280383173e+04
1.725574994088238600e+04
1.771637011769074525e+04
1.022909443346714761e+04
1.228485440358290725e+04
1.765282940443530242e+04
9.100109211920957023e+03
4.139508724358443578e+04
1.854355493117909646e+04
1.757896684390364680e+04
1.823968294984847671e+04
1.509739462477623601e+04
1.364849506051712706e+04
3.196550993561850919e+04
6.396613339349863054e+03
1.340318966023943540e+04
7.729640395989574245e+03
2.464450830683453751e+04
1.754827676584659639e+04
1.892155441102322220e+04
1.727528852082004596e+04
1.938082691036461983e+04
1.034218315618238012e+04
1.352635466498415371e+04
3.052505933333186113e+04
1.053527821539189608e+04
1.420377590687878728e+04
2.606776868782507154e+04
1.002130394585221438e+04
1.283090746223941642e+04
1.562736329802486398e+04
9.251452625896734389e+03
2.188625192346906260e+04
1.589348718638186074e+04
1.126841913092459436e+04
1.698745399652519700e+04
2.216068677447957089e+04
6.614079973576388511e+03
