2.140399516126801973e+04
3.843938280086799750e+03
1.569016383412504365e+04
3.419472536778815538e+03
2.113904859533093622e+04
7.959141988762939945e+03
2.362759060131540900e+04
1.407177294117755082e+04
2.207411380986338554e+04
1.698011571959176945e+04
2.694281217116496555e+04
8.808949519261625028e+03
1.486820860473233915e+04
1.045251146790858365e+04
6.569661287678574809e+03
1.011773434858000110e+04
1.092170434418434343e+04
1.751288827895691429e+04
1.465961028876827368e+04
5.863351650649874500e+03
7.569230776217837956e+03
1.881734691497862514e+04
2.831930789148078475e+04
1.568374441121924792e+04
8.094203012790111643e+03
1.462576187609727458e+04
1.514180565313846455e+04
1.007379061177448602e+04
5.823830945031001647e+03
1.637248131405049207e+04
1.444402589281427754e+04
3.013092549027753921e+04
1.536291750180851704e+04
2.072878392104473824e+04
1.691975864666175039e+04
1.821117512206163883e+04
1.011427365927807296e+04
1.721628515179511305e+04
1.834325033213758434e+04
1.711524470066216600e+04
6.753559639699603395e+03
1.813867112975484633e+04
1.634171250765991135e+04
1.599503511348243592e+04
1.729478380106939949e+04
1.431100644253336213e+04
4.077684107230581048e+03
1.698582218881756489e+04
1.405862961575825648e+04
2.025810776686120153e+04
2.000505467902428427e+04
1.470334463857002811e+04
8.860682310621212309e+03
1.269517186581228270e+04
1.701867096661779215e+04
9.639167595018949214e+03
1.592284929762806132e+04
1.769488009291282287e+04
2.180974992489971191e+04
1.257555686197427713e+04
1.279270318657131429e+04
2.637844704633425863e+04
1.715985681499453131e+04
1.017361178839468266e+04
1.305117928570935510e+04
1.811626146225211414e+04
1.350741267558065192e+04
3.212215875597326158e+04
8.621951373609656002e+03
1.538387893819074452e+04
1.211732852014019591e+04
1.069365009868500601e+04
1.051946762073136961e+04
1.880097023628563693e+04
3.484421169270616519e+04
5.240815001098335415e+03
5.861473223290658098e+03
2.201383752488768368e+04
2.446499413845727395e+04
9.404781302716746723e+03
3.122753523551005492e+04
1.074292863993697756e+04
1.005902296290855884e+04
1.577598818789085453e+04
8.154450836946334675e+03
2.704899086843750047e+04
1.914219484869722146e+04
1.153835245544707323e+04
1.086583527991795745e+04
2.288004669277382345e+04
4.116619571303688281e+04
2.301821415416324271e+03
1.463128471818975777e+04
5.329375066198107561e+03
1.564897008552017905e+04
1.060866556195093654e+04
1.109270238749062082e+04
1.637079811828353377e+04
1.442760900538017631e+04
1.347470069276950198e+04
2.285095704979754373e+04
1.563257889921561946e+04
1.273765287138454005e+04
2.497952699875103644e+04
1.633064372682977773e+04
8.024138473876256285e+03
1.945903912171804404e+04
1.379513608388805005e+04
1.131262425504610474e+04
2.026035735491434389e+04
8.504427767970511923e+03
1.722079420565202599e+04
1.101705463183705069e+04
1.531485249868918800e+04
2.081918022465114336e+04
6.462543472609600940e+03
1.950249145263019454e+04
1.755370801863172528e+04
5.453770956305414074e+03
1.701896788925818328e+04
1.814725971099750677e+04
2.105848638857542028e+04
1.192607672459464084e+04
9.829946233732514884e+03
6.600586272817620738e+03
1.260683475127917700e+04
3.513510650899470056e+04
8.229468100121477619e+03
1.047469222376700418e+04
1.089075155944561811e+04
2.130509446125131581e+04
1.705443394832168269e+04
1.954384330286874683e+04
1.875002515878614213e+04
5.187076572789721467e+03
2.515010893189931085e+04
9.313348940963724090e+03
2.139112195333425552e+04
2.582164084805200400e+04
1.170707603781105172e+04
1.127132370307622114e+04
2.198480694071616745e+04
2.098941383595645311e+04
1.029859151610514527e+04
2.291062932299324530e+04
1.730728660923498319e+04
1.274739108691212095e+04
2.093799894252523154e+04
1.125254368964706555e+04
3.056274097155319032e+04
1.568463899074728033e+04
8.988293470163931488e+03
2.056010169827172649e+04
7.472896575996075626e+03
3.260519167907962765e+04
1.454568187354048496e+04
1.084723943509219134e+04
2.698623750749932151e+04
1.157475537173267730e+04
7.255552416202720451e+03
3.314588470747377141e+04
8.240128104562743829e+03
1.637138875865146474e+04
5.246985813132401745e+03
6.900474876796054559e+03
4.479534643138643150e+04
2.716920318951656736e+04
7.947238620609081408e+03
1.037652154046005489e+04
1.813887888612139432e+04
2.523171899964740442e+04
6.419725772080205388e+03
1.354101368877162167e+04
1.556532050930781224e+04
2.379008385429080226e+04
1.328214511795716135e+04
1.894216339484361743e+04
1.061838915236470893e+04
1.156270009193459919e+04
2.308327583385500111e+04
2.000064354595281111e+04
2.282733817130532771e+04
7.803702765670476765e+03
2.156425687065802776e+04
5.552280705319001754e+03
1.165819395422165144e+04
2.510935550207663255e+04
2.376268183031713124e+04
8.777122336131926204e+03
1.955215094961392242e+04
1.801264592178140811e+04
8.004739274001666672e+03
1.122247503741712899e+04
1.070843897658507194e+04
1.500601626483813016e+04
1.417234533299948453e+04
1.805837640866712900e+04
1.633864053645194326e+04
2.273066635979670536e+04
4.024983223736752734e+03
1.726427605467476678e+04
1.644533203563232382e+04
1.955728633000713671e+04
1.001427356908894217e+04
1.067204550553203808e+04
1.132514463194556811e+04
2.202414025794960253e+04
2.724530458312032715e+04
1.804569881550412174e+04
5.883559795984378070e+03
3.330462388783427014e+04
8.194058474112080148e+03
5.867331866598365195e+03
2.629370131418679375e+04
3.611844131837391615e+04
5.730901996153003893e+03
1.523623455251268024e+04
7.559857756186187544e+03
2.308425884891680835e+04
2.081176387625519419e+04
2.450128565899927344e+04
6.162501366966939713e+03
8.978327918346834849e+03
1.175240014477381555e+04
6.978580046212188790e+03
2.633354596696538647e+04
2.448872825539977202e+04
1.236927073613544962e+04
6.357792654196673539e+03
3.043751529896740249e+04
1.121683897961958974e+04
1.763729385494363669e+04
8.537454219618946809e+03
1.252238775645862916e+04
1.297929349346148592e+04
1.521308977037658951e+04
1.305079107292445042e+04
1.441458663150256689e+04
1.353945916507469883e+04
1.636045255245523549e+04
1.165536819606860809e+04
1.251278260811781365e+04
1.846303963959617249e+04
7.463494063683681816e+03
2.270488731018235558e+04
1.897243029163673782e+04
1.725679401851453076e+04
7.187160104342122395e+03
1.843631361421818656e+04
1.329168666884785125e+04
1.945388592266065098e+04
2.713464854696624025e+04
1.747057402572751744e+04
1.253239057290471465e+04
1.993156242349608510e+04
9.161277071523507402e+03
