2.387960807990494504e+04
3.843938280086799750e+03
6.308554863783972905e+03
8.252816598925961443e+03
1.581895425571885244e+04
2.130564988312001879e+04
2.219854115420439484e+04
1.653369824094009527e+04
1.334051225803792840e+04
1.093038854282141438e+04
1.348549308709967409e+04
1.013413192418771359e+04
1.091767723113085776e+04
1.736009706996931709e+04
7.875259003929524624e+03
1.341883361498500017e+04
8.052481355565949343e+03
2.528074092922091222e+04
7.349334136681425662e+03
6.794764523719005410e+03
1.627988883422481013e+04
1.040905736409646488e+04
2.224036363091890235e+04
1.486459902513250017e+04
1.395879446622372052e+04
7.115002291270398928e+03
2.090799592812268384e+04
1.301759979885991743e+04
3.958899957623048067e+03
1.424059143538263197e+04
2.739397234816970013e+04
1.487080879274863946e+04
2.119008089620100873e+04
1.320228048894002131e+04
1.666299875628466179e+04
1.405952279846256351e+04
9.259144447369955742e+03
1.409749384013858798e+04
2.351674965124964001e+04
2.471549020305569138e+04
7.950073471026789775e+03
2.081204676338593708e+04
1.938992173437952806e+04
1.061434399117621069e+04
2.199808713653784434e+04
1.682045257406269957e+04
8.404895044217990289e+03
1.441624571228832247e+04
2.358980071490061528e+04
1.104667441086729559e+04
1.328837497413002529e+04
1.921628028107490536e+04
9.697125982177454716e+03
3.262355793348437510e+04
8.029779792548660225e+03
1.402751900091383686e+04
9.139036355693335281e+03
2.582973058296985255e+04
2.400207329650778775e+04
9.447152982873962173e+03
9.656400241257319067e+03
1.206371871179233312e+04
1.643420093162210105e+04
2.568197679377646273e+04
3.069654615166704752e+04
3.933285864397175828e+03
1.636140471408151097e+04
1.953055683666752520e+04
8.529603675295798894e+03
2.626669049661001191e+04
1.948181138212317819e+04
1.980142501832505150e+04
8.267340771958452024e+03
1.493069883508689418e+04
7.872258804204579064e+03
1.306992854240145789e+04
2.239046196523350227e+04
9.421334385555659537e+03
2.868252277352838428e+04
2.224660798729037924e+04
2.936575843615860504e+04
7.992337620597694695e+03
1.403866220770178370e+04
1.194757477891465169e+04
8.171270492200174886e+03
3.684236617386326543e+04
8.769523140537776271e+03
1.397268616819157432e+04
9.053842385108604503e+03
2.303016253081314426e+04
1.473703559934632540e+04
8.586750757206304115e+03
2.830931290794825327e+04
1.122201991596837252e+04
2.239519583356555449e+04
1.345301393588680730e+04
1.168233839575387174e+04
2.783563003423287591e+04
1.119455080585921496e+04
5.001213861923682089e+03
1.139173290948473004e+04
1.568592147562425816e+04
6.301497115059970383e+03
1.786315774286146188e+04
1.209366766200202801e+04
1.119649937321630387e+04
1.456612258489576561e+04
1.360793435095152745e+04
1.322809019112426176e+04
3.447636315269411716e+04
1.144428332073264573e+04
9.610331413653579148e+03
1.925810636136070025e+04
1.285836283676221865e+04
8.852228231036686338e+03
2.113474344346026555e+04
2.095863272186377071e+04
1.454621164179267907e+04
1.284130223846508670e+04
2.039329424781759008e+04
1.150770698150714998e+04
1.685744469747322000e+04
2.093589095650503077e+04
1.225206756641432548e+04
1.164092102828689531e+04
2.106576263922754151e+04
1.882702853871789193e+04
1.739831725549365001e+04
6.134387483893125136e+03
1.468373570439899777e+04
1.154949059897951702e+04
1.130171068492692393e+04
1.422847664262433864e+04
2.289582376413135353e+04
2.261875809790925632e+04
1.746323885724732827e+04
3.643535608496049826e+04
1.704796073069276099e+04
3.826492808539421094e+04
9.950005203932601944e+03
1.100031538537489541e+04
4.401031944595317327e+03
1.392861333569074304e+04
9.382954431362684772e+03
1.447393793855811964e+04
1.333304960902460880e+04
1.796012270296519273e+04
2.000420169124002132e+04
1.522007507048921434e+04
1.469160327977753695e+04
1.272203683908576932e+04
5.137707105291066910e+03
1.199941503168524832e+04
9.642354539620999276e+03
7.791263823445622620e+03
2.168009828120762540e+04
1.987609093992223279e+04
2.350429398112252966e+04
1.055835218581033769e+04
1.197193821981787369e+04
4.129633050635467225e+04
1.464160513667623854e+04
7.143314533507136730e+03
1.482882588820962337e+04
3.300926371767046930e+03
4.236843931851397065e+04
1.271728302122423156e+04
2.398296456881056292e+04
6.357036577983799361e+03
1.281991322838394262e+04
2.021646170053736932e+04
1.000569797651632143e+04
2.629491594019566401e+04
1.465487579029342305e+04
2.208748461411086828e+04
1.525831420860396429e+04
1.713820198762193468e+04
1.263027230814629183e+04
1.920754976856403664e+04
1.451808316999258022e+04
1.708201996982269338e+04
2.133341760195890311e+04
1.102946392760495837e+04
1.243883436123641877e+04
7.766464439708662212e+03
1.945891118320620080e+04
2.144129081292738920e+04
6.813351296714016826e+03
1.152958428629491573e+04
2.210451724711901625e+04
1.231235725552469376e+04
8.592347249362417642e+03
1.524277293779515821e+04
1.021446605859350893e+04
2.498599966940939339e+04
1.969024695939328376e+04
9.767990304715289312e+03
1.544545531378384658e+04
1.216607763688262639e+04
1.041096243665454676e+04
1.020094749991697972e+04
9.394894616233990746e+03
1.516269170547232716e+04
1.113991200107067198e+04
1.188227497446031521e+04
9.337576665577211315e+03
1.153425979303691747e+04
1.874249876867290732e+04
2.284503339327231151e+04
8.604612519665348373e+03
2.843211892621202060e+04
7.963823714452358217e+03
1.257391162355415872e+04
1.781581751672293103e+04
2.082923552671572179e+04
8.662091021876829473e+03
1.366088404707674636e+04
6.543011465872608824e+03
1.534227283605580487e+04
2.843364385285585740e+04
1.251230216734187707e+04
9.385229723737340464e+03
1.914981338304620658e+04
1.213557472171999871e+04
7.658214713106268391e+03
3.053956078288426943e+04
2.604265729035942422e+04
8.383521419100463390e+03
1.845091710993938250e+04
6.402357694387283118e+03
1.487605543431309161e+04
1.953900584693975907e+04
1.329900794759862765e+04
4.777061774463028087e+03
1.512198225308413748e+04
2.892648048188784014e+04
1.003095765415083770e+04
1.483154387991692602e+04
8.812128919415914424e+03
1.886210344714939856e+04
1.128512142068735920e+04
1.909059571361458802e+04
2.075559961263039804e+04
1.389652689943613223e+04
2.110757757209582633e+04
1.548539255991456412e+04
1.671742253736490238e+04
1.475714661089259789e+04
9.307809478961944478e+03
2.689021481414620212e+04
9.362062072069205897e+03
1.633111375374336967e+04
1.551303082324549541e+04
1.382084912305137004e+04
2.218733901490950302e+04
1.080124130484450143e+04
