2.802341366801326876e+04
3.843938280086799750e+03
1.991598944492643204e+04
1.110628624366269469e+04
1.639460847107462178e+04
1.424434294543806391e+04
9.970611204611523135e+03
1.774429641915405227e+04
2.591951062711067425e+04
1.682418014792342001e+04
1.208551957346994277e+04
1.082238697235152722e+04
2.066148114401587372e+04
1.752673226147143214e+04
1.631457716460103074e+04
2.171574964082653969e+04
1.042391261621406375e+04
3.485437515064353647e+04
1.357957758191974062e+04
6.688951375381965590e+03
1.142120736922460492e+04
1.307449222726100197e+04
1.426198437744555667e+04
2.221969288566377509e+04
1.202658412578087518e+04
5.741247733052728108e+03
9.998114925107776799e+03
9.815818567774349503e+03
1.811470591126285581e+04
2.093801315808100480e+04
1.328741206536518803e+04
1.836057085896408898e+04
3.533951154187183420e+04
1.514901575308147039e+04
8.776998410224414329e+03
1.724724849044555231e+04
1.434513864073577861e+04
1.745936834577106492e+04
1.365521943705594276e+04
1.059258119678118419e+04
1.271232258208031271e+04
1.695349957762428676e+04
9.542249734320406787e+03
1.758741410745609028e+04
2.233705927216235068e+04
8.393249809510012710e+03
6.106748389690955264e+03
2.321786284610569419e+04
1.314771872669458207e+04
1.491419350745394513e+04
5.956180585913513823e+03
2.428946110278038395e+04
9.098563911654211552e+03
1.794494414030329426e+04
1.028463565163663952e+04
1.031473820186198645e+04
1.914424869906910317e+04
2.524857329114692038e+04
1.086558917868497883e+04
1.410777627687121822e+04
8.644989285235478746e+03
1.358091462169358965e+04
1.186397749348755860e+04
3.017749971346164239e+04
1.221618852496495492e+04
1.146972581093106419e+04
8.265790387486564214e+03
2.470029797216313091e+04
1.524315294340148284e+04
2.007894418597499680e+04
1.259723768167625349e+04
1.205882558163020803e+04
7.192728294485586048e+03
2.487128274403852265e+04
9.607638416835661701e+03
1.106655201189042418e+04
1.369749891505616324e+04
1.819011412537810611e+04
1.206052904316529930e+04
2.292469552023179131e+04
2.039953338690590681e+04
3.008271369049919031e+03
1.878020321605883146e+04
8.782090073962404858e+03
9.848918575611383858e+03
1.669618389514637238e+04
1.394046108118556003e+04
2.439162782492786209e+04
2.958273492276505567e+04
6.124042553785207929e+03
2.076853840547002255e+04
7.853033215650379134e+03
2.133513585038265228e+04
4.919497948628696577e+03
1.689920962328631140e+04
1.989344797393973204e+04
1.339831228198219833e+04
1.767715082437958699e+04
2.315083934987573957e+04
1.097930399865361142e+04
6.587028370488577821e+03
8.538222878177955863e+03
9.098474243247819686e+03
1.939095343758013041e+04
2.688493635895300758e+04
8.406971889042357361e+03
1.238384660588605584e+04
1.422506151661894728e+04
1.185705900700023085e+04
2.178790100311706192e+04
1.099041166768401672e+04
1.969764055592186196e+04
1.299347151518872124e+04
1.677884045081906515e+04
1.510108164450792174e+04
1.740565414588656859e+04
7.574356685936397298e+03
1.562866062855091332e+04
6.476484480721715954e+03
1.340250635045593845e+04
1.454235575492220960e+04
2.049802834524156788e+04
9.579658163006584800e+03
1.575748818866575675e+04
6.974982966277228115e+03
1.843887181038820199e+04
3.326195175487987581e+04
2.668072761516559694e+04
6.420962431829901107e+03
1.796370846603006794e+04
1.227435428263210451e+04
1.818705376999778673e+04
1.404956536570093158e+04
1.751313308205256180e+04
3.492937197602454944e+03
1.862572019746444130e+04
1.995061164490906958e+04
1.359444051335096810e+04
1.590310279183607236e+04
8.192497355390274606e+03
9.932695955233346467e+03
1.329244625121076751e+04
1.214925712691344597e+04
1.994045581854318516e+04
1.977168284848331314e+04
2.239820879680304643e+04
1.594516735814801723e+04
2.105960430512403400e+04
2.153409335501917303e+04
1.313925769751860025e+04
1.509412757863549086e+04
9.554319011592036986e+03
2.332203757272460280e+04
9.504576643209373287e+03
6.459276802024402969e+03
2.253774909197652960e+04
2.037738340363406678e+04
1.338440173571881678e+04
2.936321991638101463e+04
1.545881173013137413e+04
2.558435727494568346e+04
1.114342760913013626e+04
6.452168455690324663e+03
1.520711297580552309e+04
4.546029028184324488e+03
2.294254517404631042e+04
1.859665173592290375e+04
1.210906375332913012e+04
6.703539239266075128e+03
1.931757777838074253e+04
1.510430138685530255e+04
1.616690179642065959e+04
3.655272141971221572e+04
9.214739208281895117e+03
1.418680167522756892e+04
1.469176100587456494e+04
2.437158077030365894e+04
1.308243241969681003e+04
8.737651957989573930e+03
1.067015252509857237e+04
1.132353438353114143e+04
7.938308200420483445e+03
8.446523019660140562e+03
1.817233648615323182e+04
1.943675932832325634e+04
1.992904301055505130e+04
1.306668321193309930e+04
2.002508016933573526e+04
1.631298855133281177e+04
1.839513982627166115e+04
7.372801584357406682e+03
3.152748157725096098e+04
1.961972968020379631e+04
9.388974641030124985e+03
1.853720061550440005e+04
2.633436503347789403e+04
2.353639903788356605e+04
1.115844604514965431e+04
1.198353208741676281e+04
1.655019806735653401e+04
1.397243182503448770e+04
2.263876551303594533e+04
1.538535073125886083e+04
9.874745854279844934e+03
2.103254372691639583e+04
7.542013952137527667e+03
1.536678110746528728e+04
2.440610331410340586e+04
1.932494894996948642e+04
7.902383951498315582e+03
2.722924722465857849e+04
1.152692666951712999e+04
8.322906112469730942e+03
3.001703478156456549e+04
2.160431786168311373e+04
1.542847289346223079e+04
1.079499910116387946e+04
2.144317628172995319e+04
1.579854397332902772e+04
1.784674183780668318e+04
1.378796556688571582e+04
1.165877966361317885e+04
1.507079144529774021e+04
1.659795022703755967e+04
8.302229527459394376e+03
1.315507070862999353e+04
1.621576313745473635e+04
1.021978530826898714e+04
1.204011042046003968e+04
1.759909790776290174e+04
7.332845351230373126e+03
2.617359111510329967e+04
1.930628499838659263e+04
7.224687004644908484e+03
1.009492673984491557e+04
1.106374656812318244e+04
8.217798285504937667e+03
2.599111789429175406e+04
6.613923296823638339e+03
2.066002276818057726e+04
1.080503431517949684e+04
1.846857784339931459e+04
1.182626492960554060e+04
9.352483633898671542e+03
1.679997706332838789e+04
1.371229408697320650e+04
1.104587437797148959e+04
1.858292389990577067e+04
2.094397531135774989e+04
8.943459188466822525e+03
1.836470528055320392e+04
2.009385615759282155e+04
1.936769600988059756e+04
8.481220061077297942e+03
1.738694345293665174e+04
1.529045293694180327e+04
