3.034022581998993337e+04
3.843938280086799750e+03
1.039475573282011646e+04
1.279301229782583687e+04
1.890044703608023701e+04
1.160563418514978548e+04
2.196337427102363654e+04
1.796813952446497933e+04
2.571457466818114335e+04
6.208876312578709985e+03
2.289131611166490984e+04
1.412152787797952260e+04
9.465781538204779281e+03
2.302551875090709655e+04
1.074140209019393478e+04
9.697424574444296013e+03
1.440349552705178030e+04
1.317027684223444885e+04
1.451978780578893566e+04
1.759221338552543239e+04
2.002116447696499381e+04
8.831613215547087748e+03
1.045459787393620536e+04
1.005308343152736416e+04
1.817518231845619084e+04
1.390034228157731195e+04
1.405355572756212496e+04
1.887962820843984082e+04
9.826149101899376546e+03
1.408366783338490131e+04
1.561017168426409626e+04
2.549873566576103258e+04
2.665121105396378698e+04
1.130919855515958807e+04
8.448291514574826579e+03
1.389972651218529063e+04
9.800469994776089152e+03
8.505842013482331822e+03
1.967425195754093511e+04
2.448703556754041711e+04
9.632947245466164532e+03
1.132103870739303238e+04
1.476620763379633354e+04
2.737643645155125705e+04
2.759544753395011139e+04
1.043307328647245413e+04
1.677154032533527061e+04
1.430938591536557942e+04
1.263268129300736473e+04
9.901248328727635453e+03
7.094675214165089528e+03
9.604673976712148942e+03
8.705456006463200538e+03
3.637477954144955584e+04
7.936403399771174008e+03
2.734612047389390136e+04
1.023242430296195744e+04
1.523918081684110803e+04
1.575260635135991106e+04
1.541644811803066841e+04
1.042247553381642683e+04
2.370863363482024215e+04
1.744414877582816553e+04
1.540304166421928858e+04
1.912848087211108941e+04
1.222237129977958830e+04
1.379781624036162430e+04
2.125530735666842884e+04
7.698944517653949333e+03
2.290130224140905193e+04
1.362391105468005844e+04
1.832108385040942449e+04
1.269560136702525233e+04
1.427113050352602295e+04
1.087527641539357683e+04
2.253859900734100665e+04
1.773884231106298466e+04
9.982832015475869412e+03
2.253533547943318263e+04
1.918219679348037971e+04
2.053197496945872263e+04
8.097652327796352438e+03
2.358210291401551149e+04
1.948558569002460354e+04
7.949864629171819615e+03
2.621608435930242922e+04
1.447211401824708992e+04
1.767114478105449234e+04
2.171273017241553316e+04
1.575629828715817894e+04
2.478568146574638740e+04
1.449042561955903329e+04
2.517781645339648094e+04
6.281418238887448751e+03
9.225625242423115196e+03
1.590394076770777974e+04
1.504918986862023121e+04
1.890789137225534432e+04
9.116424469346075057e+03
2.193274672485221890e+04
1.411067331758676664e+04
5.628064853338901230e+03
1.267352707828631355e+04
2.801198433214554098e+04
2.219708935872912116e+04
1.087960796459492667e+04
1.302292232803638763e+04
1.784828623984702426e+04
1.540634552146118040e+04
1.906614082647119358e+04
3.214965061768091346e+03
4.283409593309387856e+04
1.890307102555240272e+04
1.610071863730657788e+04
1.390318714922735671e+04
1.258815809177187475e+04
1.548453657620895137e+04
1.250076901222850393e+04
1.573724114323435060e+04
1.300093173973802004e+04
2.200536119160617091e+04
1.449477098807989387e+04
8.579237666361917945e+03
2.386098370902274837e+04
1.241509509465744122e+04
8.574101799524707531e+03
2.538131368637962078e+04
1.237793290947204150e+04
1.399976156992050164e+04
1.096059709821101569e+04
1.430411567587319769e+04
1.299100866436332944e+04
1.488723453180183060e+04
2.206581209562268850e+04
1.209149601325170443e+04
1.826780270152151206e+04
3.000152975233893812e+04
6.627435301568766590e+03
2.024900575469706018e+04
8.715894449923642242e+03
2.321336415631182899e+04
8.214592397121485192e+03
1.398372396078161182e+04
2.153999376951293016e+04
7.691545100884404746e+03
2.241243501318960261e+04
9.839198493399095241e+03
1.650683567919841516e+04
7.978105552584210272e+03
1.506849613664641947e+04
2.133925281196692595e+04
1.417132697952178023e+04
7.795506210036020093e+03
9.587723197595236343e+03
9.528947354402425844e+03
1.879171486403040035e+04
1.571007107077836554e+04
1.397344360418214092e+04
1.573783668341469456e+04
1.425022087031616502e+04
1.737239887864724733e+04
1.219501156907761288e+04
1.248270541132359904e+04
8.377467776557501566e+03
2.759187732670252444e+03
2.466779843965853433e+04
1.218784417680335537e+04
1.224118913048855939e+04
9.784463306252549955e+03
1.952885881798315313e+04
1.380869753260160360e+04
1.441113259760526853e+04
2.367253554568520121e+04
1.340799168702482712e+04
1.403117441562517342e+04
9.116210000580253109e+03
2.369264125873017838e+04
2.320480834905732991e+04
9.499734898591406818e+03
1.776472359629642233e+04
1.888403687617681862e+04
1.410867546715863500e+04
8.190256594886370294e+03
1.964308993274870227e+04
2.143980308925030477e+04
1.715142917927974122e+04
6.738601501958255540e+03
1.318799533970135417e+04
1.322799063652026780e+04
2.581978517165989615e+04
5.423944190115692436e+03
1.546097493981174921e+04
3.105952714240404384e+04
1.328184165749552812e+04
1.422033580326459196e+04
3.301194016382157861e+04
3.345631556401790294e+04
7.714860319789185269e+03
4.897789195557434141e+03
2.355631250549211109e+04
3.932528969066281206e+03
2.867538098770770739e+04
1.159980567421286469e+04
1.802262684148346671e+04
1.782943161449221952e+04
1.084899978334094521e+04
8.643766006543821277e+03
1.931547419528071623e+04
4.410120286844827933e+04
8.930695228253400273e+03
1.689358360155574337e+04
5.098871971020459569e+03
6.364248027840872055e+03
1.187971864561455004e+04
3.020210705884233903e+04
2.171375095190040520e+04
1.130337318633023278e+04
1.275476836124198599e+04
1.946553436062866967e+04
1.158517838760568520e+04
1.553717048830108615e+04
1.281640330061136046e+04
2.311816884863400992e+04
1.220990623539705302e+04
1.096021372172152769e+04
9.874320833744102856e+03
2.718536666015210358e+04
2.220423556320589705e+04
2.245621769024516107e+04
8.570864184520039998e+03
9.466152129150730616e+03
2.590202251918465481e+04
1.515449862873380880e+04
1.566201794510070067e+04
1.001735190440511724e+04
1.541849943328102927e+04
8.717470950708191594e+03
2.802539446981173023e+04
1.351063072131453373e+04
1.119248649090167783e+04
2.931002651731924561e+04
9.702365126527884058e+03
1.162512903431125960e+04
1.145548402700776569e+04
2.343457700582883990e+04
1.379268255542662155e+04
1.156888163127031294e+04
2.287254556200778097e+04
1.460530483572702724e+04
2.225148491042138266e+04
1.605537244627104701e+04
1.638850751388537174e+04
9.338392727762877257e+03
6.736552878492358104e+03
2.017358431897520859e+04
2.656209177337436995e+04
