3.895212194359183923e+04
3.843938280086799750e+03
2.081855931164200592e+04
9.708688134784322756e+03
1.769698013056811396e+04
1.805781445949609770e+04
1.065074128428205950e+04
9.411385156420006751e+03
1.413486487234088963e+04
1.813296337222471630e+04
5.615090900935185346e+03
1.585891393785530090e+04
1.848306847665539317e+04
8.695832838419097243e+03
2.122862977214358762e+04
2.193834550089891854e+04
1.492100083156651453e+04
1.295105620356588952e+04
2.312204942917635708e+04
5.886007939572287796e+03
1.436250699666073160e+04
2.127872635981684653e+04
3.695067241389449919e+04
1.773249509925581515e+04
1.326595049555122023e+04
3.442174825570638495e+04
1.865000150421943181e+04
1.200281846622815829e+04
1.773530062966881451e+04
7.443483647429926350e+03
1.064370162227055516e+04
1.369075650680457511e+04
1.696703008966352718e+04
8.770452118203715145e+03
9.087854248804058443e+03
1.112284575195769685e+04
9.771705422484847077e+03
1.446187326575078441e+04
2.571152870857680318e+04
9.578543035474100179e+03
2.318973809839654496e+04
2.287047824747410777e+04
1.300621790559855253e+04
1.469455715346857687e+04
2.868730831189257879e+04
1.036045850568136302e+04
1.059405205870336977e+04
2.836018369070484187e+04
1.628642585768332356e+04
1.451493967462588989e+04
2.035533999947032498e+04
1.759932260131611474e+04
8.742138288160109369e+03
1.217168617567642650e+04
1.644551875173424196e+04
2.853918788738179137e+04
2.117264298209421395e+04
6.581103427279560492e+03
1.449959040217880101e+04
2.108573229903300671e+04
1.638488230458880935e+04
2.618910302637214772e+04
1.308395988158481850e+04
1.639486030819444204e+04
7.223714533327533900e+03
9.397057792740772129e+03
1.499895734703817470e+04
1.212360791177319516e+04
3.070808114116299112e+04
6.800178170704977674e+03
8.094463107282419514e+03
2.528471639673828031e+04
2.852531816768433418e+04
5.044027842753516779e+03
1.135581959644513336e+04
1.193926687690554354e+04
2.412732149101691903e+04
9.410579755433787795e+03
2.205225190682204266e+04
1.659993473060803080e+04
2.271863311465357037e+04
1.415266553747378566e+04
2.495394221932841174e+04
1.312946281571901091e+04
8.413847139383173271e+03
1.257472232676072963e+04
1.303244663809726080e+04
7.650599088068081983e+03
1.201653739845089331e+04
9.581294189518775966e+03
2.469364967047402024e+04
3.432095737314240523e+03
2.181661037758853490e+04
6.019708063529329593e+03
6.934126923117612023e+03
1.001307531278813804e+04
1.408867234003405611e+04
2.427893200294347844e+04
1.118382306708561191e+04
1.418575749357560562e+04
1.073200784109362394e+04
2.373490547004001928e+04
1.374133207403270353e+04
2.457850250075396980e+04
6.939508446534488030e+03
9.798273007270772723e+03
2.175431616610593846e+04
1.668444253970276623e+04
1.752543403803897672e+04
1.087387091748990679e+04
6.202854005307732223e+03
2.841241012515080365e+04
2.270443833512974379e+04
8.855027365447271222e+03
3.203205097876215586e+04
9.817644988116573586e+03
1.374778435519020968e+04
4.373250042409399612e+03
5.268482166786926427e+03
2.558604848223194858e+04
2.374408396074586926e+04
2.057048054892415530e+04
1.393890820141096629e+04
8.901155055326202273e+03
2.768248010238680945e+04
1.830352800081622627e+04
3.633599333861618652e+04
7.439552616581771872e+03
3.043926261609612629e+04
1.193736715308162093e+04
2.743796905623966086e+04
7.929173734773227807e+03
2.356996764432669443e+04
1.954715993962868379e+04
1.055748359015742244e+04
1.372154851256211623e+04
2.045790291822477229e+04
1.450253117650981403e+04
1.307745904137652542e+04
6.189595014349823032e+03
2.091999692657857668e+04
1.051760647837790566e+04
2.509185730244219667e+04
7.757570733793340878e+03
1.228584513208121462e+04
1.233410974978660306e+04
6.896667198891488624e+03
1.846232906270469903e+04
8.114538364694454685e+03
1.469706881549969512e+04
9.809232950047686245e+03
1.309590650589651887e+04
1.919781802306474856e+04
1.839397053350861461e+04
1.392765413599661770e+04
2.605161248192425410e+04
1.780107733557888059e+04
8.775860531351256213e+03
1.397066491169053916e+04
1.458561685938474693e+04
2.323813099550651896e+04
4.676130546911696001e+03
8.245766380385561206e+03
1.776562113570134534e+04
1.010170810361757503e+04
3.912125882812905911e+04
1.877681974997767975e+04
1.281712311861559829e+04
1.120339369946922125e+04
1.464672516944064046e+04
2.200732907832212004e+04
1.370212149576958109e+04
1.640499289440341818e+04
5.055033125395078969e+03
1.227023856619756043e+04
2.110825431994052269e+04
1.716346370268049941e+04
1.446862685778905870e+04
8.841151620382084729e+03
1.010758040203138080e+04
1.354076108328447845e+04
9.798252033628747085e+03
1.173842760839428229e+04
1.230375777615800325e+04
2.252541501449786301e+04
8.321462727224956325e+03
2.412529919543236974e+04
2.362128702642678763e+04
5.388761887906304764e+03
2.123534079537913931e+04
2.861538964651429342e+04
1.830330306768335868e+04
1.413488232435954342e+04
1.867347847342734167e+04
1.658929300867288839e+04
9.308340224064268114e+03
2.493004488264119573e+04
6.295396187718467445e+03
1.239780152401112355e+04
1.334562666891323897e+04
1.737697662019230847e+04
7.127621649100673494e+03
1.568945721805796165e+04
2.413727438824819183e+04
7.631477585210694997e+03
2.084664310880020275e+04
2.281847330367884206e+04
1.573172977114362038e+04
3.170618719245125612e+04
3.671127835447916823e+03
2.105312999640310227e+04
7.089771451663063999e+03
6.692077506930972049e+03
1.070482753894199777e+04
2.268227108829024291e+04
1.096554104677452415e+04
2.388650210101465200e+04
9.062196830805782156e+03
2.815687760295147382e+04
1.617908466279526692e+04
2.249797454246257621e+04
7.464655626109439254e+03
1.725366463732811462e+04
1.982571933002401056e+04
1.621208055240776957e+04
8.484122436235407804e+03
2.091891796500285272e+04
1.855997041723888469e+04
2.322135470626814276e+04
2.809708123133137269e+04
3.794359181728825206e+03
1.625884580391139571e+04
1.361731275642438413e+04
1.064001174838596489e+04
7.231840009375086993e+03
1.923076452227831760e+04
1.623340205442272236e+04
5.362499476875428627e+03
8.921796850709171849e+03
2.459212401670812687e+04
1.502272085251781391e+04
2.282644852883965723e+04
1.417276810290555841e+04
2.156626852069782763e+04
1.000940592313627712e+04
8.457762811393116863e+03
1.461309291883873811e+04
9.031400297919186414e+03
6.681478817404169604e+03
1.790117566822513982e+04
1.862089923360644752e+04
2.144956126952082923e+04
1.873149352363567959e+04
1.613482529495090421e+04
1.488849789826527558e+04
1.554287389958328822e+04
