4.960257188055710139e+04
3.843938280086799750e+03
1.451361861063719880e+04
9.413524008546388359e+03
1.282026090171915530e+04
1.370585505077480775e+04
1.328575275542199597e+04
1.080790379589754593e+04
1.326559526580677266e+04
1.458373840973672668e+04
1.768546522305484177e+04
1.194868067752635034e+04
1.384762339029736540e+04
7.401393137253105124e+03
1.646310820764958044e+04
1.133668917869031611e+04
8.446051364075841775e+03
2.126394284978281576e+04
2.195811036591602533e+04
3.771519721621832559e+03
1.721128229061665479e+04
1.860979558370963423e+04
2.081643193769235950e+04
1.736975632151120953e+04
1.322994595419126563e+04
1.983160023002162416e+04
1.243467161361916442e+04
1.068298115407031946e+04
1.739095320325740613e+04
1.216156325722677684e+04
2.864366096073511289e+04
1.062098165115185293e+04
2.285055417884451526e+04
1.664871366889970523e+04
2.850735824241981754e+04
8.947354813338475651e+03
1.240039870405141846e+04
1.546329083533455196e+04
2.565719025117572164e+04
5.695568493455220050e+03
1.974679654884726915e+04
6.544817318900577447e+03
2.808237358257717278e+04
2.583019724190305715e+04
2.353827470801836171e+04
7.112425244149556420e+03
9.781444016715320686e+03
1.181510008737430144e+04
1.235967492818314349e+04
2.215915494950257198e+04
1.176428912466433212e+04
1.804456470949987488e+04
1.044877697795076892e+04
3.029788816520063119e+04
1.406162784106713298e+04
2.299318364457193456e+04
1.468178547212345075e+04
1.590360708513474674e+04
1.285440985035331869e+04
2.296956411315220976e+04
9.576083272814697921e+03
1.591398195099279292e+04
9.988512921392601129e+03
1.043465825261221107e+04
1.340157016112354540e+04
1.320457690937343614e+04
2.257201086277270224e+04
1.657857968957328558e+04
8.678390032002349471e+03
1.008869970053731777e+04
8.266777741916812374e+03
1.566983014959582033e+04
2.161681093882725690e+04
8.220124334540845666e+03
3.354280695011941862e+04
1.438210364457210017e+04
1.487720846845715459e+04
1.835723918690621940e+04
1.831961379423963444e+04
2.037303443778663495e+04
1.462394623051863164e+04
2.534400292176402581e+04
1.140945682956367273e+04
1.198063936197272960e+04
1.303774142901890627e+04
1.533319036671446156e+04
2.428470604253478814e+04
1.523961334076641469e+04
1.618318545085439837e+04
2.875059761393144072e+04
2.501212634659687683e+04
4.235414877974228148e+03
1.681373690037054621e+04
8.887764714351356815e+03
1.430024106005389331e+04
1.714317075285963074e+04
6.092636293322885649e+03
2.102923486823846542e+04
1.457326214924501073e+04
1.413907679413067490e+04
1.404617683200573811e+04
2.061959519358899342e+04
9.857088991766300751e+03
2.066012192199351193e+04
5.079451767261578425e+03
8.152900531451576171e+03
2.093351954569249210e+04
2.395277839444498750e+04
1.327392158770331298e+04
2.054897527117768550e+04
1.305759480997753599e+04
9.655920481235731131e+03
2.091925238247298330e+04
4.775626686666832029e+03
1.999943597006599157e+04
7.431647574288856049e+03
1.977545652218084069e+04
1.832945834562936579e+04
1.108085775125715554e+04
1.498698795701231211e+04
5.716310852648047330e+03
1.861075611441184810e+04
1.992479545155136293e+04
1.804037099047673473e+04
2.335107356043214531e+04
1.219327430018295308e+04
4.015295402548449056e+04
7.677983796443088977e+03
1.768388566027650813e+04
8.291015645066465368e+03
2.116960784033246455e+04
5.893700323512967771e+03
1.309874170964966106e+04
7.066045468886488379e+03
1.919355110126985892e+04
2.789612062524068824e+04
1.747833415343500383e+04
1.134797670605670646e+04
2.370427142063411884e+04
4.138665039698520559e+03
1.514591094797615187e+04
7.990179371955477109e+03
3.721914363998157933e+04
3.225102584282803491e+03
1.870252052905050732e+04
1.309931598975803718e+04
1.224258036257513049e+04
1.698271745866366109e+04
7.278905104617888355e+03
2.203934790516200155e+04
1.661451266585381018e+04
1.777514735973108327e+04
9.738036509916275463e+03
1.810317624456932754e+04
2.297281883906520306e+04
1.625969725715651293e+04
2.412981030514635495e+04
2.730516844078069698e+04
1.301497622688224874e+04
9.609648929490818773e+03
1.439548513608731446e+04
9.100988981660382706e+03
1.182626074183679884e+04
9.856825846933434150e+03
5.664015691344733568e+03
2.639723224508336716e+04
2.070292500902634492e+04
1.018483205968911898e+04
9.336291442686790106e+03
1.722285220567729993e+04
3.441100185648310435e+04
7.135532428184895252e+03
2.189806290054606507e+04
1.149281843143645892e+04
1.708173526532994583e+04
8.448086470591888428e+03
9.734311143659739173e+03
1.522162617239380779e+04
1.891067666742432993e+04
2.643638361137917673e+04
2.266282078255278611e+04
2.012034756300809022e+04
7.960852594567500091e+03
1.177584142682581114e+04
1.619199014330658429e+04
2.134170596576759635e+04
1.009929410019384341e+04
9.715487479923744104e+03
1.207886452791329066e+04
1.688167651460687557e+04
1.667582914204509871e+04
9.389686980960963410e+03
1.454431868495035451e+04
2.399956074100877231e+04
1.558995409608523732e+04
1.814004030241526198e+04
1.760751411280411776e+04
6.280132997143367902e+03
1.230638780843672248e+04
1.114140917193692439e+04
1.010673450267178487e+04
1.118375796605885444e+04
2.579981532555796002e+04
6.393625842201062369e+03
1.391161680177485687e+04
1.789800677676858686e+04
1.359621878358771755e+04
1.628245532416980313e+04
1.835627356158147450e+04
7.286457034057705641e+03
2.899212437685758414e+04
1.050716415366934052e+04
1.241588632556485027e+04
1.149500628406053147e+04
4.278830617900722427e+04
1.074635972153955117e+04
1.714278413336141239e+04
1.118323177072009275e+04
1.971334705004972056e+04
1.938117784768901402e+04
2.193324267615983990e+04
1.626141864100419843e+04
2.039271833528604475e+04
8.417806739945819572e+03
1.072398079863239946e+04
1.789889481632890238e+04
2.719707194954945589e+04
3.785924599227457747e+03
9.322858582958495390e+03
1.547952545374748115e+04
1.515858538769380357e+04
1.886501211855284782e+04
9.740307139567394188e+03
1.390844166874889561e+04
1.045095148908844021e+04
2.501836909620254664e+04
9.419748351795858980e+03
8.379640292566698918e+03
1.705918118204973871e+04
1.786236350868939189e+04
1.532382667414692696e+04
1.194619171545746394e+04
3.482242820622023282e+04
2.187571939503084286e+04
1.357988272757215054e+04
1.980099760379306827e+04
9.932202995375944738e+03
1.296645712889279639e+04
1.177674474866274068e+04
1.491534551894051401e+04
1.171528622282527067e+04
1.858432220171696463e+04
1.696960362120129503e+04
1.712323918960494120e+04
1.896628195851730561e+04
2.902417483632556832e+04
