4.882552160784415901e+04
3.843938280086799750e+03
5.182384098606160478e+03
1.815004124187077832e+04
1.997376413198199589e+04
1.695145929896930465e+04
1.611175928003209265e+04
1.668318040570356607e+04
1.673701465351395018e+04
1.182461773767559498e+04
1.818030901842953608e+04
1.110753567191627735e+04
2.024053937646451232e+04
1.072582237522096148e+04
9.468376378878794640e+03
1.525565531164150889e+04
1.164974594829626767e+04
1.121230548883083429e+04
1.638051566963384903e+04
1.287352442545982194e+04
1.647312740266857145e+04
1.986816780683843899e+04
4.017806906250237080e+04
7.042610385929437143e+03
2.740509485180547563e+04
1.832304291725987787e+04
1.443304645149263706e+04
1.130106554007970226e+04
1.531880664851854453e+04
1.288871471637472678e+04
1.774982631644150024e+04
2.245617856021436091e+04
1.249104744532855875e+04
1.435299819898263740e+04
3.239834149296462783e+04
9.148311998939199839e+03
1.210641792253702988e+04
1.708321687036888034e+04
1.718771348127809324e+04
1.703443871874149772e+04
1.832745500875440848e+04
2.066144316715732566e+04
1.521617397240001446e+04
1.629534788329520597e+04
2.363891885919259585e+04
1.182465710433823187e+04
1.800885842045467143e+04
9.455670954214307130e+03
2.753124821833122405e+04
9.658573723849454836e+03
1.141853776352553723e+04
1.251611430890039082e+04
1.613249307343942928e+04
3.965083929648822232e+04
8.387698248487751698e+03
1.523343626825162028e+04
1.889634567024130229e+04
9.700796934087473346e+03
1.129292502901456464e+04
3.300160956836924015e+04
1.124955357639526846e+04
2.012575088727054390e+04
1.275327411422224941e+04
2.505890577809342358e+04
1.197167654076194049e+04
1.187153882615154180e+04
9.005937665788538652e+03
1.328624212595601784e+04
1.491285208925144434e+04
1.804520971273806208e+04
1.010759890792582337e+04
3.390498111316366703e+04
8.664566049809614924e+03
1.264793757694271517e+04
6.418701593706198764e+03
2.249145306781586623e+04
2.972506780648342465e+04
1.018985413438357864e+04
2.229652779804718739e+04
1.532779143556452800e+04
8.583023274904215214e+03
1.814852842461109321e+04
2.898119066208954246e+04
4.860341083609630005e+03
9.184468276063016674e+03
3.683059728295462264e+04
6.707492844783724649e+03
9.777590557412650014e+03
7.634569672889865615e+03
2.875982403956165217e+04
1.707845535580183423e+04
7.725289035155041347e+03
2.464314638492451923e+04
1.178162576115543379e+04
2.423357939190617617e+04
2.032161197535752945e+04
1.407500027191258414e+04
1.106732596159599780e+04
1.048847786851406636e+04
9.940462675347655022e+03
8.880965861983806462e+03
2.466035180918678088e+04
1.224014062183712667e+04
8.787112700921297801e+03
1.803360683551540569e+04
1.300344544453339768e+04
2.675319580510937885e+04
1.288922767097110227e+04
1.048679272798923375e+04
1.086720903160358648e+04
8.206312130243997672e+03
1.412971089415062306e+04
2.250912022378973052e+04
3.975483443226054533e+03
8.674398956645172802e+03
1.377478153228440169e+04
1.876133043835138960e+04
1.615792308781095198e+04
2.262118236762294327e+04
1.316537349468028879e+04
1.905314844629626896e+04
1.345652160045743767e+04
2.566090511359995071e+04
2.122738491443246676e+04
2.342557941018164274e+04
8.376087401753016820e+03
2.879934153706498910e+04
1.428143313502375349e+04
1.930089300795479357e+04
1.345608782505743511e+04
1.249226591440290576e+04
7.932856500688406413e+03
1.743184061428768109e+04
1.549413613623358469e+04
1.988479714230949685e+04
1.995524223049716602e+04
1.495236490883566512e+04
1.540987943761137285e+04
3.229769021521272953e+04
4.437428779673426106e+03
2.059323572460487412e+04
1.282002024071455526e+04
2.133936669005414296e+04
1.479005347723725208e+04
1.584605497351021950e+04
1.277342161339862832e+04
9.454799763511291530e+03
3.114065379467984894e+04
8.733401121669528948e+03
1.862658814587867892e+04
1.308511449306239410e+04
2.254791447602249900e+04
2.187239534341267063e+04
9.196071642153689027e+03
1.195882503234959586e+04
2.472575389920458110e+04
1.606719595949162976e+04
2.181649240713849940e+04
4.325493192929652650e+03
1.299869361157624735e+04
2.002451628026179242e+04
6.565498877208578051e+03
3.153336684435774077e+04
1.219938029056801679e+04
1.266855630562368242e+04
1.415681227255304657e+04
5.485078916129619756e+03
3.050434460522410882e+04
1.834132969865337145e+04
2.108274426963904625e+04
6.275582428280973545e+03
1.513621097585175630e+04
1.795539025982396197e+04
6.644838345425531770e+03
1.567115647990434809e+04
1.159570756125215848e+04
7.075301203233835622e+03
1.429459008261130111e+04
2.071788344449102806e+04
7.368115437409543119e+03
2.841985258172361500e+04
2.157273896304103255e+04
1.345189281652485624e+04
2.079417474788032996e+04
1.998172591398285658e+04
1.997279192878397225e+04
2.013266454796498147e+04
1.912372847394751807e+04
1.179505649628643732e+04
1.520098843282268535e+04
1.834085140473055071e+04
8.702293449243694340e+03
7.075482723218052342e+03
2.119439896893188779e+04
1.780759054437509985e+04
1.856285796034830491e+04
1.663092078265263262e+04
1.074348094471352670e+04
1.235703204412460946e+04
1.990392234946082681e+04
9.185571957906122407e+03
1.984447143703368420e+04
1.366027619460332062e+04
1.715040427665436800e+04
8.668451715332641470e+03
1.650205758666211113e+04
1.195321276476845196e+04
9.078316192091266203e+03
2.528799878431197430e+04
4.939587099165011750e+03
1.608141117535133526e+04
6.715608818028412315e+03
1.501590391723914763e+04
1.563504843637901286e+04
1.900233133786378312e+04
2.254204988002367827e+04
1.469158370472102615e+04
9.349053918180901746e+03
1.281286250697768264e+04
1.089997172821674030e+04
2.817407946692943733e+04
8.303398547947750558e+03
2.591217398170537126e+04
1.079502779114506848e+04
1.661269946906383120e+04
1.296790286182357340e+04
1.427073181536528500e+04
1.378008817980498679e+04
1.706232960182488023e+04
1.678589548792062124e+04
1.136453624374350147e+04
1.379692122366400690e+04
2.223161944507850785e+04
1.035441797391019281e+04
8.604649583742972027e+03
2.242496417833253872e+04
1.640963871520115208e+04
1.990591964003788235e+04
1.797946072514725529e+04
3.451462237149662542e+04
1.130529746445415549e+04
2.559091102662695994e+04
1.467526833893866205e+04
1.138764892669922119e+04
8.471403718485973513e+03
1.719862403676188842e+04
1.926591822103994855e+04
1.395427591537294029e+04
9.544118981768111553e+03
1.859317638259501473e+04
2.524204035809193374e+04
4.686967081696740934e+03
1.376592949722551202e+04
1.586282149721109818e+04
1.322525192334040366e+04
1.300683325465927010e+04
