5.406470393839551544e+10
1.800000000000000000e+03
4.682678602931634903e+09
4.682678604894286156e+09
3.102594004633996010e+09
1.816362338706552505e+10
8.206956448444273949e+09
2.058911197907826662e+09
6.894831100020924568e+09
1.465729213896294022e+10
1.847961800115378189e+10
9.681967070360691071e+09
9.277947656704647064e+09
7.451170778590924263e+09
7.010880264938833237e+09
6.102147710306306839e+09
1.557371621433700180e+10
1.120448510876417351e+10
6.492602503929006577e+09
1.098691607128716230e+09
2.356215613575198746e+10
2.754500834183957100e+09
1.311769613057291031e+09
1.369253881446805382e+10
9.060341636662509918e+09
9.341671268582128525e+09
1.239335101592471886e+10
1.188691687753016090e+10
6.749051327086710930e+09
1.825032066984650040e+10
5.417764679285184860e+09
5.399290774192970276e+09
2.355684717385514832e+10
1.027447132712896729e+10
1.063987456687149620e+10
1.093347839805949783e+10
6.104097372798951149e+09
4.416462781690129280e+09
3.472794125635342598e+08
1.327561122802415085e+10
9.571075706013751984e+09
6.159192000344191551e+09
1.263679127302479267e+09
1.123732337411468124e+10
5.352570040297910690e+09
2.218576618688283920e+10
1.056707475282826424e+10
1.881660736834375000e+10
1.108825032638880730e+10
1.221756719354792786e+10
3.071322672043529749e+08
1.090088805474752998e+10
1.131526608928386307e+10
1.469688236222307396e+10
6.506164174190168381e+09
2.670727040674815655e+09
1.626211600233239174e+10
1.609638089079597664e+10
9.966671277091047287e+09
6.638725915983152390e+09
8.505147418994252205e+09
5.824869190973711967e+09
3.633688634847045422e+09
1.137852404455443192e+10
2.899799926221462250e+09
1.648790861686585426e+09
1.299450771241945648e+10
2.358795329807447433e+10
7.206977894779149055e+09
5.682902960770227432e+09
6.977180927150482178e+09
1.118322770848581886e+10
6.262156454919905663e+09
3.951805575691559792e+09
6.693534216538258553e+09
5.136270821656792641e+09
1.105754537247474861e+10
1.442029480585450172e+10
2.403470562744314575e+10
7.403710063253816605e+09
2.406272660950269318e+10
6.727229628633339882e+09
3.486196979913770294e+10
1.707424130132643509e+10
3.212463651760372162e+09
1.236165619992397308e+10
8.700707629816705704e+09
4.435857772532685280e+09
4.216188780329769135e+09
1.247821157665714455e+10
1.976934641751464462e+10
1.594317685584917784e+09
1.575575015283050156e+10
4.710125081846876144e+09
7.609292837138508558e+08
1.148573480524294853e+10
1.588288137712327576e+10
1.927686891602306366e+10
1.485887381693675232e+10
1.821963787522753525e+10
2.156252998875392914e+09
3.367249639690850735e+09
1.188944931271885872e+10
5.509333185798717499e+09
5.927892306362062454e+09
1.145027983558728027e+10
3.590408839806564331e+09
3.120784492220587730e+09
8.674356200972097397e+09
9.414879477855789185e+09
4.906936180360217094e+09
5.721923041821258545e+09
4.786947453834626198e+09
3.279926068459790230e+09
9.529427724328960419e+09
1.107922030621193886e+10
2.679886686059127331e+09
5.336150751656648636e+09
1.589619163200983047e+10
1.860182846046953583e+10
1.319077266568221092e+10
3.705047824140425205e+09
2.254013055560068512e+10
6.552334914733083725e+09
4.865784627206491470e+09
1.356578433008555412e+10
2.467369442932741547e+10
5.169734236453413963e+09
3.350345860037553787e+09
3.102082609811319828e+09
1.129066753063652992e+10
2.113043376811503410e+09
1.155694805969901657e+10
2.941806829954307556e+10
1.689273730269204521e+10
2.656846540104844284e+10
2.744861803833665848e+10
6.755802507223808289e+09
1.863161927480958939e+10
6.507655696708765030e+08
4.364494999246244431e+09
8.484884371571553230e+09
3.678964042988075733e+09
1.240585728605991602e+09
1.358224484736766434e+10
5.964676846799373627e+09
2.810763565373953342e+09
9.042691795219528198e+09
2.343632814748058796e+09
1.233121012221918488e+10
1.960626765816758728e+10
1.866998646992129087e+09
1.719469232277376175e+10
1.475535606359317398e+10
5.633476414411124229e+09
5.623467177080339432e+09
1.961264763151359558e+10
1.015416705190604401e+10
6.398264086129657745e+09
4.868711115447057486e+08
1.197926299985355949e+10
2.509464471209527016e+09
1.300911107070606422e+10
6.605205518663453102e+09
6.755032675560768843e+08
3.209762462998439789e+10
9.627852068294031143e+09
2.919352477311237812e+09
1.190003422886983871e+10
1.755977559168019104e+10
6.333260032775022507e+09
1.777376097023501205e+10
2.073756984682863617e+10
5.786250701835663795e+09
4.221977189598309517e+09
7.839321967259940147e+09
1.533402440024530172e+09
1.447669951380678177e+10
1.344861264925497246e+10
4.334988133418162346e+09
1.577760650355941200e+10
1.645345595696518707e+10
4.138351512496785164e+09
9.635445335862796783e+09
1.724033688131544495e+10
4.630231952095527649e+09
3.615916809481847286e+09
3.106026970122100353e+09
7.114737073085289955e+09
1.607775922565595627e+10
3.390540785768405437e+09
1.168408317246534348e+10
8.563524840838606834e+09
6.717178731378252983e+09
9.338538021940996647e+08
2.069918121734941483e+09
1.137317239271148300e+10
1.229978505736925125e+10
6.500895179599665642e+09
1.745803177411579514e+10
1.238150685129047012e+10
7.583548453287536621e+09
1.354045913638624954e+10
7.911817664571478844e+09
8.324535619658517838e+09
7.575069026145359993e+09
6.296772500563974380e+09
2.488206508084793091e+10
9.459154765533891678e+09
4.782224096538278580e+09
1.282588615476200294e+10
7.655930856542608261e+09
6.567968987728713989e+09
4.643435186746541977e+09
1.500074130822700882e+10
3.991625210879816532e+09
7.912020320708134651e+09
3.226926166024384499e+08
4.804432972547491074e+09
1.073778905231789017e+10
1.440693738966976166e+10
1.061886033562309647e+10
2.980947182647666168e+10
1.628435278774022102e+10
3.531740489343712330e+09
1.292490857355506134e+10
1.558613258190189171e+10
2.894418961520258427e+09
1.367746135675088501e+10
3.034581842108194351e+09
8.158425294079174995e+09
1.702902730104257584e+10
4.092198120484295845e+09
4.783770414967292786e+09
5.276454360750287056e+09
3.341271559727098465e+10
2.708375422445109367e+09
1.434216507945762444e+10
7.874330995572348595e+09
2.989161703625282288e+09
1.606218829113221169e+10
2.605097605818077087e+09
1.143374515036561203e+10
4.888866419290948868e+09
5.150774456246739388e+09
2.565234471113241577e+10
1.351766254634612846e+10
6.889672956252030373e+09
4.300273576149107933e+09
1.210525070132811546e+10
1.576489874025000381e+10
9.546108699235845566e+09
1.718848762285857391e+10
3.058915862111386776e+09
5.147629681262665749e+09
1.809801537002111053e+10
