8.955485212929812622e+10
1.800000000000000000e+03
5.948370044459906578e+09
5.948370036826107979e+09
1.437382735257732582e+10
8.553376831784565926e+09
4.175500441814032555e+09
8.466919310502084494e+08
2.499370526275616074e+10
1.665405625717850113e+10
5.438676461768417358e+09
5.972522065171978951e+09
5.140694847734813690e+09
1.390023146469827461e+10
3.205113554325873375e+09
3.589799268712849617e+09
1.247691165536095047e+10
8.588508985292813301e+09
1.279411438466554451e+10
4.301201479886384964e+09
3.050029472351872444e+09
5.468567284324975967e+09
6.135910725104706764e+09
1.113425200452612638e+09
5.499617959165352821e+09
2.131931268038147354e+10
1.165172261845915222e+10
1.955114836122807312e+10
1.174153066459242821e+09
4.256653911264914989e+09
9.175491217009511948e+09
5.410521676366766930e+09
2.510773161694943619e+10
4.592171724100471497e+09
1.737027408830533981e+10
7.668382702429649353e+09
9.288623646758823395e+09
2.667779655199568748e+09
4.142814951676120758e+09
3.769225441068384647e+09
4.828410729304010391e+09
1.096771146825665092e+10
7.089235093620843887e+09
1.922343131765215302e+10
2.792114678164019012e+10
1.557700543652621460e+10
6.738180966533893585e+09
5.278423833351425171e+09
2.445027128214662552e+10
4.315484660349032402e+09
8.819020203501861572e+09
5.906770132065925598e+09
8.415586751570887566e+09
1.048657216658439064e+10
1.022163527391575050e+10
9.069631656766835451e+08
8.296691611805365562e+09
1.636078971855306053e+10
1.650308518349693060e+09
1.194163347987632179e+10
6.756002406852074623e+09
1.501496545077606964e+10
2.107233971769033194e+09
6.238807594016884804e+09
1.454496115281276894e+10
1.523112077962762070e+10
1.104869243793254280e+10
5.780183670596280098e+09
8.305621018720442772e+09
7.970868988662645340e+09
8.399433484967366219e+09
1.676167785346656227e+10
1.374695034978078079e+10
6.641745216948485374e+09
1.000709416067421913e+10
4.219833518341084480e+09
1.129864041783874321e+10
9.149194410305397034e+09
9.349174378789905548e+09
2.961192304925126076e+09
2.860269734011571503e+10
2.018637189690587234e+10
1.554265920779290581e+10
5.018601771050085068e+09
1.381423704558428574e+10
5.974275292498658180e+09
2.597285784520073831e+08
6.460434607525279045e+09
1.887512923008366776e+10
2.459236413814191055e+10
6.010652895475299835e+09
2.560862234990126133e+09
1.641391392428033257e+10
2.096119894672653198e+09
6.676905794537904739e+09
4.016086457612768650e+09
2.109493469144036102e+10
8.169610346517400742e+09
7.314634600795699120e+09
3.906546884516261578e+09
6.944223236195535660e+09
6.551432605686569214e+09
1.767559376566707134e+09
7.426017063235226631e+09
1.467127035872686958e+10
1.444711665971961594e+10
1.050636426778339005e+10
2.882459884127185345e+09
8.894780979457254410e+08
2.854743305541991234e+09
5.403666851717591286e+09
6.904223953721873760e+08
1.002315930063984299e+10
1.320152662860439873e+10
7.734369634633349419e+09
5.586852044963372231e+09
1.121410857822335243e+10
3.003513032378843689e+10
5.740035204825202227e+08
1.778450962051289749e+10
2.268976619049999619e+10
3.837732465259642124e+09
8.906559808945220947e+09
4.006564237949983120e+09
1.550403788695825005e+10
9.868980555148315430e+09
2.077945832014596939e+10
6.510659815771181107e+09
2.730865667493048191e+09
3.056243499136038303e+09
1.444718174680563688e+09
3.343766478679921627e+09
2.173276484272939301e+10
2.218297240148224640e+10
8.484559105149323463e+09
1.686619977610165215e+10
2.629174368352612686e+10
4.107208265585813046e+09
2.080921879972208738e+09
4.199350712456657410e+09
2.657006736091955185e+10
5.052461564699578285e+09
2.439373814365398788e+10
5.809253846568164825e+09
8.388344609914286613e+09
9.198940392026710510e+09
4.136765862818590641e+09
1.080943602157338905e+10
3.457606560675274849e+09
3.892793936708274078e+10
3.936909704132815003e+08
6.496804310590681076e+09
1.377026187795542145e+10
6.341772354559478760e+09
5.021824432488728523e+09
2.208413463358408451e+09
1.837531417373085785e+10
1.732043963543866730e+10
7.273647129581995010e+09
3.411247779161149025e+09
3.168918635656726456e+10
9.965217152291507721e+09
8.980068033796991348e+09
8.113205851191038132e+09
4.848180815923532486e+09
4.264841367268377686e+10
1.221852516212968349e+09
8.120671047969295502e+09
2.443152015247764206e+10
5.486637843908660889e+09
5.650691461057069778e+09
4.237838406376787663e+09
1.337726374925932884e+10
1.139705748156196404e+10
6.674582895752139091e+09
2.396121407550316811e+09
2.919174556721343994e+09
1.943088680199161148e+10
1.334028012268037349e+08
8.455847921826555252e+09
2.902045914622965336e+09
1.178286859330565453e+10
2.673183206905050278e+09
1.373208397412786674e+10
3.158237158844487667e+09
2.615718601891920090e+09
1.092768577101982594e+09
6.997268062152422905e+09
1.275377302291046715e+10
2.424108019839733124e+09
1.981975839909912109e+10
1.759075784598281860e+10
2.233958332689056396e+09
3.162733719309337139e+09
3.523298508230993748e+09
4.049289433949532986e+09
1.421890252120889091e+10
1.866403769427849197e+10
3.162952323183833599e+09
2.439561676440201759e+09
3.509911692785498619e+09
8.109242157764449120e+08
1.200020737872650528e+10
4.606983805111566544e+09
1.239917654374845505e+10
2.316974203091774750e+10
3.736631895791398048e+09
1.293954854562393951e+10
2.056621526536162186e+10
4.914371921998490334e+09
1.088495575831107712e+10
1.390706576593801022e+09
2.028561359385337067e+10
1.466381288514707184e+10
1.136537722688752556e+10
8.210030881623209953e+09
1.046525211148619080e+10
1.134065526083552551e+10
8.498827579974559784e+09
1.486978435564643669e+10
1.724208361658669662e+10
2.237271829930797577e+10
4.681346631900104523e+09
1.070702152557957268e+10
7.647915816250063896e+09
5.817293258303577423e+09
1.383671978993697929e+10
1.382562171263230562e+09
1.106800415405594254e+10
1.169069804730743217e+10
7.079944158011693001e+09
1.290383953277308655e+10
1.599483968700994682e+10
1.052657971995718956e+10
4.266309069179828644e+09
5.016797689475757599e+09
6.863210982810025215e+09
1.106055385764685822e+10
4.392708692614500999e+09
1.634546185116328812e+10
2.977865974921190262e+09
1.000471856162268257e+10
3.952217112035258770e+09
7.709244294001902342e+08
1.460302684633764267e+10
1.863406513265798569e+10
9.598340846943162918e+09
5.394341606472655296e+09
1.006141750098737717e+10
2.079604586796735764e+10
6.491064921912319183e+09
1.309529095979522705e+10
2.080586868232575607e+10
1.183401013077380180e+10
9.413654895056303740e+08
1.033947322995417595e+10
