4.760946775320190430e+10
1.800000000000000000e+03
1.157479381772522926e+10
1.157479383801877785e+10
6.187991844549226761e+09
1.389271151551343679e+09
7.365961784975757599e+09
2.051523433011787891e+09
5.998784701539812088e+09
9.566055383002943039e+09
1.318005621036076927e+10
1.112551498802718353e+10
3.852607738045247650e+10
1.108797235171168709e+10
1.653899313439574242e+10
6.474437367769981384e+09
1.182029181710420418e+10
1.201179017040684462e+09
1.488355033565544367e+09
3.860540695720714927e+08
1.067621258271339035e+10
7.660616315338399887e+09
1.706093826456386566e+10
1.135401577584734726e+10
2.313278989282692909e+09
3.897720009518129826e+09
1.468989936511994362e+10
3.200722836632709503e+09
8.999847558883110046e+09
1.703187330561768913e+10
7.966737175643161774e+09
1.271264724948414421e+10
1.439168648298260880e+10
9.407208271615547180e+09
5.336691682515841484e+09
3.524742638028409481e+09
6.600103289147820473e+09
1.071414749709675026e+10
1.362515813153694344e+10
3.805192295293850422e+09
6.958422631795473099e+09
3.572255130618845940e+09
6.692362413342573166e+09
4.980573323688126564e+09
2.142538753035264587e+10
1.342060510184519196e+10
8.195621154096916199e+09
3.141772087367739487e+10
1.124869638506151009e+10
2.086868488192655802e+09
1.228092519025768852e+10
2.510250773708644104e+10
4.460877258565399170e+09
6.726111625063166618e+09
6.575479531116036415e+09
1.212516381130160522e+10
1.038703733754672813e+10
4.124090066777085304e+09
1.020246979797622108e+10
1.594026791310642433e+10
4.609733754960820198e+09
8.341882216405389786e+09
5.623541943017634392e+09
1.040945226931478691e+10
4.700884480976586342e+09
5.706482939747030258e+09
2.024194955505086517e+10
3.473407284875127792e+09
1.270773671904789162e+10
6.407259203166920662e+09
7.446565254644329548e+08
1.190312136146486664e+10
5.119164233288032532e+09
4.881507089733070374e+09
5.935884572204291344e+09
6.501377179566586494e+09
1.162787311432580948e+10
9.002502538840717316e+09
2.725361104366221619e+10
2.864701498177502632e+09
3.204313067149155617e+09
1.031776715912995720e+10
1.837138157862123489e+10
8.487168455925019264e+09
1.771240498000114059e+10
3.183597115343843079e+10
9.047953637055982590e+09
1.143635845784968185e+10
1.630739214020805740e+10
2.966872037407860279e+09
1.660565009740844727e+09
6.117953926660443306e+09
2.919595953843638229e+10
2.445533343961788654e+09
1.100952169690038300e+10
2.962309398358208656e+09
1.470075632997153044e+09
1.560220692046776390e+10
6.972839185220214844e+09
4.335122240393984795e+09
1.131611246402982521e+10
9.791216833804378510e+09
3.387737415261694431e+09
1.794856983172987747e+10
9.427308484088031054e+08
2.520285427774009228e+09
9.852701039959009171e+09
1.928698766491708374e+10
1.684072696505209923e+10
6.532090542723095894e+09
7.707598959315716743e+09
8.320148353080210686e+09
1.045450371430569649e+10
1.086961659665416908e+10
8.665296985614704132e+09
1.744080166422145081e+10
1.091733223189789200e+10
6.904233464968813896e+09
9.935849763401473999e+09
6.379631763785367966e+09
5.283508531133609772e+09
2.642050263560842133e+10
6.461682018043261528e+09
5.341299833961452484e+09
9.111756205425336838e+09
1.435376722489435005e+10
4.179557677409165859e+09
1.529797146589511681e+10
2.151651082270272446e+10
1.033737085180286217e+10
1.386085980770293236e+10
1.993877032863544846e+10
1.489399263455876541e+10
6.741064532010231018e+09
6.679866763405716896e+09
2.618998425182456017e+09
2.289136720357280731e+10
1.102908092005591393e+10
3.781865582107411194e+10
3.698301659352948189e+09
2.759019408496022701e+09
2.679830911347944260e+09
1.604648876450459957e+09
2.848393576271253109e+09
7.183528993491241455e+09
1.000866749052210617e+10
6.970476361093645096e+09
5.946494003562277794e+09
9.606941709995647430e+09
1.012865073426536369e+10
1.647004898883751297e+10
1.146045780796181107e+10
1.544748487718260956e+10
2.396429361103800774e+09
5.756153283734275818e+09
1.863048164571732283e+09
6.766246480659224510e+09
5.820100669156224251e+09
1.962228571346279144e+10
9.755413970112146378e+09
3.652298177502409935e+09
1.611993612008676291e+09
8.118336883522833824e+09
5.687023309976847649e+09
5.854516235594670296e+09
3.296201616690211487e+10
7.369134357779448509e+09
1.269818182428230476e+10
1.375426219832339287e+10
1.142436845900475693e+10
5.551572427638132095e+09
1.565514336240388489e+10
4.113163805804864407e+09
5.583032708105864525e+09
2.206848822724025345e+10
1.562532722816855812e+10
1.541585800766233826e+10
9.603064964002487183e+09
1.552369946298266983e+10
2.375943998863454819e+10
3.793034924803975105e+09
5.474582392485476494e+09
3.480065298124502659e+09
2.484063539600340366e+09
1.111661199099905396e+10
1.074451418805335617e+10
7.169292328258132935e+09
5.969569686053337097e+09
4.583098324052636027e+08
5.979034497018860817e+09
2.932355998118021011e+09
8.519686850852365494e+09
1.262427134831957626e+10
2.185331536688498020e+09
1.042331620369369698e+10
8.290186807153565884e+08
1.067156261388836479e+10
1.518039571523503065e+09
1.541360272744725609e+10
3.406209169485680580e+09
8.475125144498732567e+09
2.416502997269792557e+10
5.846309825045597076e+09
9.298787781630821228e+09
3.171493839002438068e+09
6.704147568395922661e+09
9.574575838823444366e+09
2.138877469433970642e+10
1.741859418138744354e+10
6.004412015310921669e+09
1.689428821717270088e+10
3.135279646373564720e+09
1.421214086603420830e+10
6.028128609712306023e+09
2.490710839838151169e+10
1.290485968263248062e+10
2.067406864582955170e+10
1.343314995089478111e+10
1.896441693787280655e+10
6.561717528672985077e+09
9.495770558555934906e+09
2.579933202640047550e+09
5.993593149324292183e+09
9.336289287490011215e+09
1.417445824328158617e+09
1.532741295835822487e+10
8.285195556724659920e+09
3.603938004462930202e+09
1.155984136687687302e+10
7.603843862080677032e+09
5.613605063814429283e+09
1.490921293239668274e+10
1.487647554437373352e+10
5.811513665782206535e+09
6.695184561069287300e+09
2.588916061478728485e+10
5.906212945636584282e+09
1.142973791604751110e+09
2.457249247570250511e+09
6.821839858052269936e+09
1.676238301081214905e+10
1.245588608007667923e+10
4.454248594478773117e+09
6.867007572539428711e+09
8.533490594060491562e+09
2.230480263864597321e+09
1.353748733571185493e+10
2.289454080523589325e+10
7.287179749994271278e+09
2.147109614028655624e+10
3.194298280995354652e+09
1.781748989647430801e+10
1.412059504599217796e+10
1.375431645296594238e+10
3.962158761861265182e+09
3.599221732473657608e+09
