3.880049985126447678e+08
1.800000000000000000e+03
2.689194508224882126e+09
2.689194509717664242e+09
1.695706271985956192e+10
1.527447482743280983e+10
1.160182055531720924e+10
1.391734123583775139e+10
1.847405614078563309e+10
5.127834560533245087e+09
2.191460518396552658e+10
1.187878641799958801e+10
2.738645852921159744e+10
1.526201587952297974e+10
8.630730539676155090e+09
2.105555571521106243e+09
1.945521398242161560e+10
1.331270351504692650e+10
1.083804192961026764e+10
3.768575697589465141e+09
1.556545502799037743e+10
1.719354016891183853e+10
3.853077914793236852e+08
5.581758904669750214e+09
4.050569045022496700e+09
7.762609357139778137e+09
3.854252147653541565e+09
7.938089063841640472e+09
7.200343620120857954e+08
7.328578513026423454e+09
1.175482766893359423e+09
1.669693277218398857e+10
3.194166548496040344e+10
3.014245523686640263e+09
2.401770179781646729e+10
7.150861958134065628e+09
8.984869105785724640e+09
1.011227604438911438e+10
6.474452685164609909e+09
3.476222407572716236e+09
2.104526683506849289e+10
9.107559145884700775e+09
2.036210566854607105e+09
1.244949328269657516e+10
1.296505001167980003e+10
2.046037592830214262e+09
4.236229815810302258e+09
1.487086908675667191e+10
9.036423946391357422e+09
1.236016472911911583e+10
1.084128627895763969e+10
6.393802390468086243e+09
3.252816436974623680e+09
1.315841482485869217e+10
6.763710874870954514e+09
6.981594643524394035e+09
8.163485781561709404e+09
2.621998703275822163e+09
2.026096336843396759e+10
3.370787433625691891e+09
1.025100272806102753e+10
2.674193114021038818e+10
7.502418286116364479e+09
1.163262853401914215e+10
1.124790851019109726e+10
4.449896283679711342e+09
2.626896281799348831e+09
8.845209393030517578e+09
2.012678944946328402e+09
2.258271043326673508e+09
5.668799830120290756e+09
2.763669942409746170e+10
4.934952024374676704e+09
9.112313407261716843e+09
1.688300530412413597e+10
1.914126566077161551e+09
1.802521780138826370e+10
1.894271357820757675e+10
1.296532879496958351e+10
1.552056401760831451e+10
1.451455143004055214e+10
9.153508054284841537e+09
3.118540875788081360e+10
9.201413167729179382e+09
1.007475859853800774e+10
1.685827834632575798e+10
5.184116263834242821e+09
5.680730054494386911e+08
4.497650024742373466e+09
4.279079032164242268e+09
1.416543927123095131e+10
5.483760632529832840e+09
5.514335335048045158e+09
4.439094077747754097e+09
9.965044052226650238e+09
1.799896566521627808e+10
6.322356579244441986e+09
5.794196156093289375e+09
1.402699834204472542e+10
1.547541378164708900e+10
8.688652603911830902e+09
4.050270077583897591e+09
3.423806319051835060e+09
1.193458769345245600e+09
1.048981423101504326e+10
4.661182162897696495e+09
1.198563074693881607e+10
1.263111637558029175e+10
4.847109969712757111e+09
4.592966235475588799e+09
2.886324646866996765e+09
1.056495900337921906e+10
1.881345648082669067e+10
4.095263180942486763e+09
7.641528041082978249e+09
8.393355802743605614e+09
1.176999834732035637e+10
1.092207330400908470e+10
8.460172636586823463e+09
2.976184469978852081e+10
1.315401937612766647e+10
1.561949141287833023e+10
2.301024753935949707e+10
1.176978937634474945e+10
2.102518362641190529e+09
5.458425907018927574e+09
8.220045490024758339e+09
4.779021138901079178e+09
1.933767680791899204e+09
5.744388601388473511e+09
6.462072691868975639e+09
9.863296292783084869e+09
8.205798896291687012e+09
1.903657061980834198e+10
6.223393253080872536e+09
1.444986057406818771e+10
1.055835088388464355e+10
1.559943904944312477e+10
1.992712416930555725e+10
2.487142654532355785e+09
2.328910069086324692e+10
4.258420907145569801e+09
1.905190512226781845e+10
1.911717248453672171e+09
1.322795676726560020e+10
2.530376737779024887e+10
3.355574969426376820e+09
5.120654225582615852e+09
3.134419100943936825e+09
2.688533707102259827e+10
1.029130061091375351e+10
9.486221136691930771e+09
1.697078855221075821e+10
1.221901007495700455e+10
1.358607673618914986e+10
7.958809652105332375e+09
5.057185181415156364e+09
8.921206134922007322e+08
3.917428863488712311e+09
1.166413273438923645e+10
3.545322681379450989e+10
1.026377281011796570e+10
6.764139474521658897e+09
7.907626410662138939e+09
3.733039500646306992e+09
4.360641257725148201e+09
5.624436435084458351e+09
5.310188807324537277e+09
9.081692070987037659e+09
9.053761505919485092e+09
2.130409999467719316e+09
2.082329642262475204e+10
1.641771764460369682e+10
1.096011081143354988e+10
1.498108026925120354e+10
1.781110817694791412e+10
8.046449322751534462e+09
1.596515879191187620e+09
8.393728055415162086e+09
2.029950253243344784e+09
1.534015309252603149e+10
2.010742214506654739e+10
1.218070879430707216e+09
9.067805879420764923e+09
9.218734139087209702e+09
3.149831589190118313e+09
2.342308036581324577e+09
1.455534447285832167e+09
6.965864281166610718e+09
6.490395690464827538e+09
1.085740800469562912e+10
9.209150872536573410e+09
8.369857370559073687e+08
7.544136343927330017e+09
2.661274597248491764e+09
2.413392749021203613e+10
6.830040332599404335e+09
6.811858914422369003e+09
1.399600866587394142e+10
1.367779190241879463e+10
1.169306132022542763e+10
1.501727118534178543e+10
3.773513114570858002e+09
4.175043652833051205e+09
8.278768316777418554e+07
4.722133108547606468e+09
1.118847164580764389e+10
1.156605025384496117e+10
3.053153767977774811e+10
5.574776569075220108e+09
3.051746438802513885e+10
2.247917433211017609e+09
3.171683337433013439e+09
9.858098282672464371e+09
6.662729013045110703e+09
9.895669737303943634e+09
3.386292612007191181e+09
4.628438343374107361e+09
4.918972945168288231e+09
2.098455031093072891e+10
1.741451597349318695e+10
1.009594311362999916e+10
1.280173356311827469e+10
1.012312888455713081e+10
3.040717970094981194e+09
6.202831588885195732e+09
2.284493401368987274e+10
1.789679208535464287e+09
6.196371579935323715e+09
1.164032744245869827e+10
3.745105195277909756e+09
1.328209808121870995e+10
4.885442061389226913e+09
1.704762223440627670e+10
9.238611706493772507e+09
1.946044521379397583e+10
1.307561649042077637e+10
1.109239027151272202e+10
3.299827606711409569e+09
6.769518699165167809e+09
3.332622682358423233e+09
3.242427735979438782e+09
4.986284457089058876e+09
1.133013320602350426e+10
1.197207185069050980e+10
1.262183702659893608e+10
1.484189492565633202e+10
2.683766301995405960e+10
9.847217560304786682e+09
5.398626192352887154e+09
2.195279290714249039e+10
1.442671606560516834e+09
1.007806282668842506e+10
2.223174224508690834e+09
1.772869711670764923e+10
1.304987259506081963e+10
