3.970153095642915344e+10
1.800000000000000000e+03
2.931374159036831379e+09
2.931374142744560242e+09
2.321836988107399940e+09
4.199966463239708424e+09
5.069565155749021530e+09
4.675334451719565392e+09
6.357659540684479713e+09
1.542633980061493874e+10
3.254471422634946823e+09
6.121832396333794594e+09
8.356857394515565872e+09
6.910219230697242737e+09
1.836785058238475800e+09
5.603954781961591244e+08
1.320825156042217636e+10
1.503446869219696617e+10
1.784303955391750336e+10
3.897211341395468235e+09
1.674476018809739876e+10
1.542400804585357475e+10
1.539976620158208847e+10
7.801889083684926987e+09
6.111941456411930084e+09
7.987150691698248863e+09
2.140591655119142056e+09
1.051928047501477432e+10
8.429084995550113678e+09
2.046422931645736313e+10
2.095646743616443634e+10
2.547553691640876770e+10
2.252017858915749359e+10
1.845513251972987413e+09
1.451134462272105217e+10
8.529239938872730255e+09
1.164467755432972336e+10
1.780633430605390167e+10
1.461327829999055099e+10
9.219927564719821930e+09
8.978461554675760269e+09
5.929405483309316635e+09
1.386319006312162018e+10
3.286920719990688324e+09
8.342124203295303345e+09
2.254541293826746368e+10
6.822724114771842957e+09
1.844004716462415314e+10
1.021084366120367050e+10
6.707286216472979546e+09
8.275263933720315933e+09
1.555241284522989845e+10
3.460094256549664021e+09
1.366265318132142830e+10
5.273944819948755264e+09
4.098688170027044296e+09
8.697269264628534317e+09
3.086274183332716370e+10
9.572581878101257324e+09
1.250890396839413071e+10
3.048650924364200115e+09
4.041317143126696587e+09
1.046356329548442078e+10
9.531922346107028723e+08
1.034534916435638905e+09
8.897381905918731689e+09
1.833166042697081566e+09
2.199521300136485100e+09
1.630198982018479729e+10
1.067830547304585648e+10
1.540379092838923264e+10
2.512074113662918091e+10
1.388835963969637299e+10
5.605842596955940247e+09
4.094945234553451061e+09
1.531127751397079849e+10
1.155271085555395699e+10
1.096574669424465561e+10
1.644424480478656960e+10
6.134388779796396255e+09
2.302361315840119171e+10
1.573000463170935249e+10
5.452239224610659599e+09
4.585627834448858261e+09
6.692256884510381222e+08
1.891375787219023895e+10
1.433711867976427794e+09
1.070008364918054390e+10
1.193179579818587112e+10
5.646373249291265488e+09
5.327407740193710327e+09
6.430972417201195955e+08
2.431611572708678055e+10
2.228818739444283009e+09
1.493700973649795532e+10
1.047867316027281761e+10
1.864514223869775391e+10
1.748183864804516983e+10
4.528723797648288727e+09
1.395124240333654976e+10
1.168006021909798241e+10
8.262792439595285416e+09
2.390653627904189110e+09
2.467037612338486099e+10
9.316590566389244080e+09
8.961125520769554138e+09
1.470601941714829254e+10
1.347355116370078659e+10
6.697193513855793953e+09
7.979038213057686806e+09
6.013827008387845993e+09
7.656475011582043648e+09
7.737687375874376297e+09
1.629373695728481674e+10
1.466655689190926170e+10
1.721277799353397608e+09
3.546020365975471020e+09
7.443641167477027893e+09
1.062397620342790246e+09
1.898505116261097336e+10
6.178761713757927895e+09
9.215414081255027056e+08
1.874054755906555355e+08
2.575576714186145067e+08
1.460097437055861092e+10
1.713172339925806618e+10
1.871089126417272568e+10
6.089342052314308882e+08
1.497601106486445427e+10
9.969140814303537369e+09
8.969978388394765854e+09
1.459949637639670563e+10
3.497334398105898380e+09
1.619059700791172028e+10
9.495598926108573914e+09
8.994355167508495331e+09
2.977036906555096817e+10
5.172048384954139709e+09
1.496563604442626381e+10
8.967585585762207031e+09
8.827710297649009705e+09
5.387380616428450584e+09
4.403029055779714584e+09
9.059896780882020950e+09
1.086296279514956665e+10
1.930670662162809372e+10
4.502966274544989586e+09
1.541356615151967239e+10
1.173621855388328075e+09
8.613222903206684113e+09
4.140836097198174477e+09
6.554383041149291039e+09
5.387709456127150536e+09
3.564714800103467941e+09
7.515930052448749542e+09
1.586171007392171478e+10
1.933752100653585815e+10
5.133292153891061783e+09
5.850664919246026993e+09
4.145545065183244228e+09
1.073723863736883163e+10
5.729170486306271553e+09
5.221579809711480141e+09
3.039862414044054508e+09
6.474412108635081291e+09
2.368197742534789276e+10
4.576352328711181641e+09
6.036112390730707169e+09
1.370636214753449440e+10
1.719473955747191906e+08
1.093443680238915443e+09
4.986907813652507782e+09
2.350743738033704758e+09
7.254991036112189293e+09
9.153330790431730270e+09
3.668447397110181332e+09
1.259013360333597183e+10
9.746191930738721848e+09
5.573243711511197090e+09
1.355329148640116119e+10
7.648422629294269562e+09
1.788228166653485870e+10
8.528069121796980858e+09
2.517534259845348740e+10
1.824498489992952347e+10
1.074314927159252167e+10
9.464179459026025772e+09
2.361708834610988235e+10
4.927518565131022453e+09
1.744055751672581863e+10
1.325951676422093201e+10
9.192069493398448944e+09
1.010370447847205734e+10
5.530455395530236244e+09
1.572598474026172829e+10
2.347900586050667191e+10
1.439797499035022354e+10
1.265050922726117516e+10
7.386839789831467628e+09
7.131588955029847145e+09
2.080739034656194305e+10
7.177287698941748619e+09
1.374170147518125916e+10
3.683520925105340958e+09
6.675869260591900826e+09
1.431247421891688347e+10
2.954261292324132442e+09
1.370583505024707031e+10
5.821189629836194038e+09
4.255046046911354542e+09
1.230591707532852173e+10
3.397115002719973922e+08
2.053894779169385147e+10
7.667342322746056557e+09
4.725246239046049118e+09
1.608076669433535337e+09
1.722501734326294708e+10
1.153739336801588058e+10
6.522299077573843956e+09
2.058057577660482025e+10
1.742226040245472670e+09
7.960248761010502815e+09
1.057888880558580995e+09
3.645221688262472630e+09
5.060730458649162292e+09
1.797991202154539108e+10
1.466168821189634132e+10
8.945983147018314362e+09
1.788293270392514038e+10
4.391483145569675565e+08
3.122095489241637707e+09
6.262412835335363388e+09
1.022322762209956741e+10
4.886045503312077522e+09
1.150371268815386057e+09
1.640984674891912651e+10
8.456171585140702248e+09
2.132379490972622299e+10
9.641183571412658691e+09
2.900654866646857834e+10
8.921655069526269913e+09
2.142231640338110447e+09
9.221203416079185486e+09
5.753948049670315742e+09
1.270571954508811188e+10
1.476675610057255936e+10
1.651674806231149673e+10
1.610266186735901833e+09
7.500602811203482628e+09
2.243606437749529266e+10
1.666815743722830009e+10
1.019438006028959465e+10
1.374352499919688416e+10
8.480937631903197289e+09
8.203512564874840736e+09
1.305229529225746155e+10
