2.559293521777099228e+10
1.800000000000000000e+03
3.560308659371725082e+09
3.560308659711559772e+09
3.128201806314945817e+08
1.247834757577947998e+10
1.387150969486686897e+10
2.893172032667886615e+08
8.066057914642903328e+09
2.755457201955875874e+09
1.886565116135757446e+10
1.401154277510376549e+10
1.064708727832658768e+10
8.594922621677650452e+09
3.914844169946660995e+09
5.818514071972508430e+09
1.764947098471485519e+10
3.749154298954374313e+09
2.789691366560304260e+10
1.376049394868559647e+10
1.454311082738034058e+10
9.384899204931442261e+09
2.526741728636323547e+10
1.061057851864704895e+10
1.164143110131492233e+10
1.164153687787489319e+10
1.294095188037118340e+10
7.290945012449582100e+09
4.823770944007434845e+09
4.672445937604822159e+09
1.135227656883563995e+10
1.333418574005495071e+10
1.921795094105742645e+10
4.735155755012942314e+09
4.975743344780383110e+09
1.071200955689290810e+10
9.601139347849605560e+09
7.076316219759518623e+09
1.296766468191508484e+10
1.141699369100861168e+10
7.342020315018439293e+09
6.370241486791994095e+09
9.595487250575168610e+09
3.628674744663507938e+09
5.471497570767972946e+09
1.081346129038504028e+10
1.586558212565221786e+10
2.658703534195188522e+10
4.327465005067492485e+09
1.412148170552199554e+10
2.761505789878865719e+09
8.634256989128496170e+09
5.572255929636288643e+09
3.115868687858088017e+09
6.771316607976126671e+09
6.110621733183476448e+09
7.791605078235714912e+09
7.769848242945047379e+09
9.171721938750892639e+09
1.807230795369089127e+10
6.470222851429371834e+09
4.936178407573607445e+09
1.540620937685626984e+10
1.625858415286766052e+10
4.349480722474943161e+09
6.483216614829903603e+09
6.494988316819981337e+08
1.939518238267152405e+10
2.661466463111212730e+09
1.036098137152389526e+10
1.622033510295661736e+10
3.688133054402289540e+07
2.298633048570475101e+09
7.601274965165044069e+08
8.488059012706696510e+09
1.770693709567246246e+10
1.589016388019799614e+10
8.968735550732666016e+09
1.016149774819613457e+10
6.596382197482525826e+09
1.484779904570494652e+10
1.247777883965668106e+10
2.822387173807900620e+10
9.347684208412261963e+09
8.898845868894191742e+09
2.367053930297069931e+10
1.082646172631709099e+09
5.720330971717324257e+09
5.675073195182277679e+09
1.041684589952273369e+10
8.367648467039634705e+09
3.481105802045004845e+09
3.611892044171364594e+10
4.884571726521728516e+09
3.798460935940184116e+09
7.276958866721647263e+09
3.798613764927085876e+09
1.294907735143642616e+10
7.494928625311538696e+09
1.731477931319691467e+10
8.907912574164089203e+09
2.442040699159669113e+10
8.834621170123136520e+09
3.246629428580339813e+10
1.380460632336374855e+10
1.331989638464183617e+10
1.202375749705172729e+10
4.495105959317239761e+09
1.444184298553261185e+10
7.166813974734064102e+09
2.099551015488573790e+09
1.756136659987531281e+10
1.113319154558336639e+10
7.089914965528354645e+09
1.188407464501834679e+10
4.567003756641250610e+09
1.155689639538250685e+09
5.190387775563347816e+09
1.355394269703492165e+10
1.908570067287940979e+10
2.926049443909910679e+09
7.890450659314639568e+08
2.410288271265239239e+09
5.535766308077436447e+09
1.377909644780730247e+10
1.223272832607325172e+10
1.238964403721023750e+10
4.248562719441353798e+09
7.029420834185293198e+09
6.400002338843651772e+09
5.000482086795728207e+08
1.419013590609032249e+10
5.957272214762936592e+09
1.688796108738516998e+10
1.358360318689237595e+10
1.866042695616500092e+10
1.601536894598731804e+10
3.259865408344743252e+09
2.498330437766202545e+10
2.381304510120637417e+09
8.897496160538082123e+09
1.034694859089478683e+10
9.342998319729669571e+09
1.104837897802108765e+10
5.570243946923037529e+09
2.129533085770894766e+09
4.220982956889355183e+09
1.641250242230076599e+10
2.680596223239282608e+09
9.857072612414081097e+08
2.075231866006916046e+10
6.356486743658146858e+09
1.041786241754289436e+10
1.198062575376543808e+10
5.370868334308986664e+09
1.977972171747946930e+10
7.091138216969322205e+09
2.958056737044247627e+09
1.110566421826448822e+10
5.110688577560596466e+09
6.271870851502639771e+09
4.801440386044902802e+09
2.167630233575801086e+10
1.384753085479106522e+10
1.709682969710768700e+09
6.924334126891779900e+09
8.812574063387620449e+08
4.426079743424311638e+09
9.947656414032430649e+09
2.007243284116569901e+10
2.323327697361770630e+09
1.625826039263713455e+10
5.144540484034174919e+09
9.516360234129974365e+09
3.696902338496833324e+09
7.125130007966478348e+09
5.463011030369252205e+09
4.464360857651785851e+09
1.193610954573422813e+10
2.800396451275830841e+10
9.810221386462078094e+09
1.181756692811314583e+10
6.349695187632073402e+09
3.402655290706488037e+10
8.202732110140932083e+09
4.864569020888200402e+08
1.839394168815253448e+10
1.158533297125796509e+10
8.805648897289823532e+09
2.557677027769578171e+10
6.057864857524409294e+09
8.716646170282844543e+09
3.664056847545401764e+10
1.192672870989369011e+10
1.425215970262530136e+10
1.285392706599788904e+09
1.221367245775890923e+10
1.815524574869778633e+09
7.806184803784461021e+09
1.388152557618789864e+10
9.715911037059019089e+09
1.658524304595064926e+10
1.794377078804681015e+10
3.072116730818781376e+09
8.072911079472320557e+09
1.019094179084883881e+10
9.414509155426458120e+08
4.075000658598313141e+10
1.879724414604399204e+09
5.143674957904699445e+08
4.558554946872806549e+09
2.293142046363897324e+09
1.461697776500662613e+10
7.715623487894015312e+09
1.650641582751192665e+10
2.511076184712353230e+09
1.270339182999523354e+10
1.545395089839097977e+10
8.552128252697417736e+08
2.309100748585526943e+09
1.100236591897781563e+10
5.414696577794796228e+08
2.268446273925590134e+10
4.975781632229098320e+09
3.803587787970556736e+09
7.464941683405371666e+09
2.678740451228499711e+08
1.527907337494237328e+10
1.534928418560764122e+10
5.319741029338472366e+09
2.829040029991361618e+09
3.196792839049057961e+09
6.980463331743329763e+08
9.836905831213634491e+09
8.832089335242984772e+09
2.259219720738849258e+10
2.090836721365789473e+08
1.190256395885001755e+10
1.186823232681978989e+10
1.621433936794707108e+10
2.125271131827750015e+10
1.467166758867900467e+10
1.803663852903818893e+10
1.374364392316012383e+09
1.806746218188533020e+10
1.182523285020484734e+10
1.163937842385417557e+10
5.808563898388657570e+09
1.078704838133351517e+10
1.930060672502639771e+10
1.410791686006980324e+10
1.693970494017754173e+10
3.972924077537450314e+09
4.622688321453307152e+09
4.718267466674184203e+08
8.885834674786973953e+09
