5.235255189674237823e+10
1.800000000000000000e+03
1.187315751230897427e+09
1.187315758531011105e+09
9.945590857970218658e+09
1.149980237106912422e+10
2.127556862922406769e+10
1.094361981635867691e+10
4.924115963926104546e+09
2.860741282997375488e+10
1.655128933012648392e+10
2.194636965395657063e+09
3.227326521943579865e+10
1.586913344089722443e+10
8.898661697542995453e+09
1.120499934990125656e+09
1.225883516001359177e+10
2.897422842357843876e+09
3.290595785579573059e+10
6.585352128809844017e+09
7.709993291707241058e+09
5.144315055208619118e+09
1.232681433674282455e+10
1.295337467725747871e+10
9.230041353884134293e+09
5.670342007088422775e+09
5.396466416121468544e+09
6.843793040861177444e+09
2.267134335061262608e+09
3.267306179648013115e+09
5.523960175315397263e+09
1.806245001055838108e+09
1.010964534679141235e+10
3.203587069361516953e+09
2.012513356955087280e+10
1.534474326695840263e+10
1.208698479976618767e+09
1.173394738778291225e+09
8.633124530194457769e+08
7.768418951025402069e+09
2.225588095544023991e+09
2.260002031368511200e+09
1.554170396220125580e+10
1.740733390991639709e+10
3.036414578977454185e+09
1.374012222743438005e+09
1.942526889042637825e+09
1.519651675292144775e+10
1.736362624117890167e+10
4.067259522118729591e+09
3.821383556899748802e+09
1.785508473039989853e+10
9.902151951940181732e+09
2.187687527536131668e+10
6.433914154872356415e+09
6.403979432467122078e+09
1.472744573629180717e+10
2.844617129247709656e+10
4.138802916547451496e+09
4.826196679213314056e+09
1.240461834742276382e+10
1.858809133726916885e+10
4.007544911315686226e+09
7.291254385936023712e+09
6.572048452911928892e+08
8.398204819435437202e+09
8.184352552328638077e+09
6.045026314383480072e+09
1.148194386961525440e+09
7.019699765040918350e+09
3.943024550234386921e+09
1.697164879071924591e+10
9.387897705399328232e+09
3.513898515588441372e+09
2.593305122909729767e+10
1.649613534275874329e+10
1.356811063785148048e+10
5.119431325364773273e+08
2.067423253415443420e+10
2.061280569961817169e+10
1.341536153786968422e+10
1.213126247014083672e+10
9.283835657489366531e+09
1.138552921531946182e+10
5.895575070582443237e+09
1.281521083043190575e+10
4.780847959870380402e+09
2.742040177900527954e+09
9.163056870367673874e+09
8.187044327704767227e+09
9.521245939934976578e+09
1.444945403510039091e+09
4.110847081434977531e+09
5.237278098760144234e+09
1.202023088958636475e+10
1.899835969448535919e+10
1.230849317290397453e+10
1.754060290565019989e+10
5.882109918612939835e+09
1.432751271885163689e+10
7.783192759803937912e+09
1.416249895577968407e+10
1.376959181090196609e+09
1.148918266214960480e+10
7.457602218588189125e+09
7.087446728995168686e+09
1.010188962638424301e+10
9.817939047959882736e+09
4.115321329933213234e+09
2.112847829046035767e+10
8.359507776925784111e+09
1.368760004767070961e+10
2.257096006854036808e+09
7.982911406000837326e+09
1.934113029964207840e+10
1.155699398317724609e+10
1.734258977327693939e+09
1.964053957412207365e+09
1.191290090880952454e+10
1.202368477855599976e+10
1.816019197430097580e+09
1.317513266750249481e+10
2.018431037944424057e+10
2.549022385156850815e+10
6.504918323570857048e+09
8.485541971390299797e+09
6.096535874815012932e+09
8.621941716870309830e+09
3.064811081088632107e+09
3.728645228450184345e+09
7.673820489706886292e+09
4.700640284413636327e+08
3.678184621706320286e+09
6.335857415678472519e+09
1.006203307366131783e+10
1.252592695397239685e+10
2.480910964277005672e+09
6.948323287038341522e+09
3.238318757361340714e+10
4.952933927268969536e+09
1.655829741913355112e+09
2.493063090902842045e+09
9.091622701561578751e+09
9.271153278760549545e+09
1.499761347411460686e+10
1.088096699996743774e+10
4.016985359596272945e+09
1.712280840495893240e+09
1.496219971896835709e+10
1.629250604075423241e+10
3.681328206840671062e+09
3.252377169936153412e+09
2.028241442084328842e+10
9.108231015813098907e+09
9.467907555168832779e+09
1.055939639818922997e+10
2.828343977702168274e+10
1.389938472456222153e+10
6.652006759584513664e+09
1.391272765818905830e+10
1.753501670464941025e+10
2.530226090875494480e+09
1.181995654823878288e+09
1.319798299639633179e+10
4.203763509924666405e+09
4.192243586019103241e+10
2.852625003911516190e+09
1.756138927885964870e+09
1.673824532716380882e+10
2.061758904222689438e+10
3.724913658577198982e+09
1.465827191641489744e+09
1.421294680755097389e+10
1.188899057332601357e+10
1.974359600784533310e+10
1.686973030530366898e+10
1.760109147372271538e+09
1.855522804037213135e+10
8.682221900021701813e+09
8.886042425968671799e+09
3.229828337627456188e+09
1.291902890380254745e+10
7.920036244332571983e+09
3.245813366949325562e+10
6.509915969782413483e+09
3.642382800827338219e+09
2.103724690430552721e+09
7.532469203231706619e+09
5.328886717275675774e+09
1.968337149119375992e+10
6.534917010434327126e+09
8.837559778222618103e+09
1.360140250389451981e+10
2.319312207371599674e+09
6.606955292987241745e+09
1.100275217405641937e+10
1.870126260573160172e+10
9.874711372731109619e+09
2.100675645944207001e+10
9.489479158003356934e+09
1.172973252901702690e+10
4.803936430001172066e+09
7.004411794920639992e+09
4.458033608268370628e+09
1.178123709433497047e+10
1.374740835867277145e+10
4.534786040756177902e+09
4.565396677126600266e+09
1.262091100364237976e+10
1.723052876239312410e+09
4.043749527344383240e+10
9.979801498975313187e+09
6.122031479684317589e+09
5.678333420916503906e+09
1.685623474184495544e+10
1.003337662531635094e+10
1.094486537872807312e+10
4.058628886868447781e+09
1.097300391370882225e+10
8.632583856174583435e+09
3.213618314797814369e+09
2.583802809895212650e+09
1.374264508885799026e+10
1.756800724746638107e+10
1.146248118181303787e+10
2.796414996224648952e+09
2.131386548659801102e+10
8.065821855272534370e+09
5.572744133492604256e+09
1.057839043630328774e+09
8.582498171123010635e+09
8.613836668471048355e+09
7.899634957300619125e+09
1.375787791373806572e+10
6.079816396480682373e+09
2.458008968897467041e+10
5.740404368211356401e+08
3.695425583439249516e+09
1.575774150948362732e+10
1.789489351519871140e+10
1.068458841627920341e+10
6.183674194358709335e+09
1.720160441671794653e+09
2.531969846725794315e+09
9.093950480861591339e+09
1.606166834207614899e+10
1.892737009542981339e+10
2.332401769118112946e+10
3.861055631023232460e+09
2.605412689005162120e+08
1.594279791172412109e+10
4.329233638910324574e+08
1.802453376313397217e+10
1.020416711443422890e+10
7.003275289055239677e+09
8.476273225471126556e+09
