4.928736709674328804e+09
1.800000000000000000e+03
1.692579805893910646e+09
1.692579829481069803e+09
4.743130922307130814e+09
6.782536029971673965e+09
1.795193070777449417e+10
9.655305612141473770e+09
6.018312901797783852e+09
6.772016448633502007e+09
8.888801282965133667e+09
4.587213842482223511e+09
9.110714549253999710e+09
9.402029542155237198e+09
1.805121733329614639e+10
2.002853106408100510e+10
4.940420257804849625e+09
2.249379530970309067e+10
4.649012003995155334e+09
2.891161278941325188e+09
8.774921114875926971e+09
4.309886559702417374e+09
1.529464718910459328e+10
2.027967266892264938e+10
1.125656413015288353e+10
9.775193554436164856e+09
6.539705695831449509e+09
7.997436971218567848e+09
1.286539349907211494e+10
2.549167850352510834e+10
2.306171023148290157e+09
1.277380714327121925e+10
2.762217597305222988e+09
1.182879503149659920e+10
1.723579402688404465e+10
1.387648359243141174e+09
8.498848629979429245e+09
8.757111457763923645e+09
7.618047341917842865e+09
7.841208832938662529e+09
2.830827010801099777e+10
7.739268180876528740e+09
6.797862525906090736e+09
4.701729416482125282e+09
1.087848977520048332e+10
1.149788628523421097e+10
5.324200626303390503e+09
2.162095871042379761e+10
9.560879796286275864e+09
1.244721599722907829e+10
3.010895001213018894e+09
2.493895147568716431e+10
7.225326116617881775e+09
2.444018717743920898e+10
6.718540662312783241e+09
1.444100445081232643e+10
9.378936753115907669e+09
1.259759198025783348e+10
4.530234747340206146e+09
1.599387932583103180e+10
4.017662743363369465e+09
2.288674533328366756e+09
2.373815675857886124e+10
1.580540339815102196e+10
2.725550375808886051e+09
5.385312915473877907e+09
5.438249660315737724e+09
1.811447824940053558e+10
1.596386389607146835e+10
2.688250553490330505e+10
4.015831037476874828e+09
2.153304364727717400e+09
8.689320205861352921e+09
8.189406409035488129e+09
4.306359570795866966e+09
6.397674071977586746e+09
7.769337863215054512e+09
1.201376750944494820e+10
2.206195999340527344e+10
1.152776198493319893e+10
8.834619892426767349e+09
7.921205622110357285e+09
1.092820080233831596e+10
3.059637260066298962e+09
8.534539523570530891e+09
2.433467727696599960e+10
2.240864065223549271e+10
2.985118967553445816e+09
4.586512580324402809e+09
4.233350279886933327e+09
3.331561058859042645e+09
2.587051805569632530e+09
2.875223904059316254e+10
9.692817850593433380e+08
8.208815769099243164e+09
1.688171222887650871e+10
1.023364722696993828e+10
1.239319255539757729e+10
5.444194530603455544e+09
6.075627179880730629e+09
7.884021300508442879e+09
1.028326747619150162e+09
2.355213722881197739e+10
1.592215498704599762e+10
4.380621401672361374e+09
1.046817146258620453e+10
9.766902563647296906e+09
5.444664478543519974e+09
1.836571694263210678e+10
1.169043979598323822e+10
5.328536861257053018e+08
1.399048353335305023e+10
2.229322004952231979e+10
6.016870349683725357e+09
1.081582150803381157e+10
1.246968577121948624e+10
7.886375755096842766e+09
1.360613330707027626e+10
1.606491769421725845e+10
5.759830374377362251e+09
8.344513153808540344e+09
2.996705530709185123e+09
1.188440581907936478e+10
5.165435624892995834e+09
1.012846416458571625e+10
4.927188826605980873e+09
8.669307246391874313e+09
1.344345317141343594e+09
3.115015965150552368e+10
5.042958380725719452e+09
4.459297362707546234e+09
9.905923048193819046e+09
8.510403887878873825e+09
1.637843501071254730e+10
2.748870828778764248e+09
1.482519857989651680e+10
5.950094839381906509e+09
4.127913718360177040e+09
3.584466914457107544e+10
5.926850422192371368e+09
6.027037002931833267e+09
8.561570609046642303e+09
7.476314729130712509e+09
2.778072814754869938e+09
1.512233776003290939e+10
1.209095566173927879e+10
1.425627554161810303e+10
1.455393273630353737e+10
9.992054441070286036e+08
1.647894986517328453e+10
1.283650872718185234e+10
3.475212881782565117e+09
5.126016662591663361e+09
5.106407117347342491e+09
1.366595452658361435e+10
2.791120423410729599e+10
4.080822481787130833e+09
5.423306504950695992e+09
5.484578673277341843e+09
1.797369688088459373e+08
6.505585488376970291e+09
2.605000033177756310e+09
2.182435464833533478e+10
1.148218925247170448e+10
5.121424456419348717e+09
9.346214905727115631e+09
2.796171337464254379e+09
8.312654074089246750e+09
1.123505395272099113e+10
4.407089328659411430e+09
1.431643125093692207e+10
1.443127820591100883e+10
8.554377399050409317e+09
4.739166101401789665e+09
7.712676618201691628e+09
4.146442475464172840e+09
6.899331100646312714e+09
1.398325502565003204e+10
1.168408803471227837e+10
9.304512207693710327e+09
2.592581566416076660e+10
1.595420692638208389e+10
3.142885727537436485e+09
7.039348532809715271e+09
3.403790276676140308e+09
1.379822727477296638e+10
5.807150035622790337e+09
2.418485728107806206e+09
7.027537666996183395e+09
4.828955589651392937e+09
8.305736635700292587e+09
1.147543583667213249e+10
5.207132621755372047e+09
1.560635155080923462e+10
1.055743633744857979e+10
2.335969414298339462e+10
1.733383228600115299e+09
7.525562754484517097e+09
2.572389311008038998e+09
1.220286570894829750e+10
8.843216658177564621e+09
3.129897671585702515e+10
1.634733699479118729e+10
4.794468968904108047e+09
8.003065852097641945e+09
4.115090757608735085e+09
3.002574524833188653e+08
1.785380435059188843e+10
7.001569629437452316e+09
2.727677501119692326e+09
1.973043961130705261e+10
8.840406962536546707e+09
2.654533069828391552e+09
5.936632592093116760e+09
1.675198930899659157e+10
6.048206348849189758e+09
1.559761787102853203e+10
2.164060843467676163e+10
2.539490405658914566e+09
8.641431430422657728e+08
5.097458952265190125e+09
7.541876720051709175e+09
8.267342969645314217e+09
1.041206721009802055e+10
1.270933250770762253e+10
6.080564929037734032e+09
5.952870204424537659e+09
3.640964092058158398e+09
1.458324449385219097e+09
5.091118205969705582e+09
7.935688779237988472e+09
1.970457306953604507e+10
2.212204831889272690e+10
5.307356783792099953e+09
5.618840006776563644e+09
2.704177810600133896e+10
1.023352273508796692e+10
3.282129469195358658e+10
5.768826326100847244e+09
1.758064274267959595e+10
1.580380729703182411e+10
7.403252326646650314e+09
2.475506573337565899e+09
1.999948636282354736e+10
1.199705838858364296e+10
3.513188279868462563e+09
6.235265057626679420e+09
9.103968866745649338e+09
1.511807616561386108e+09
1.747281151679535294e+10
2.582121155192815781e+10
5.642196563060647011e+09
1.444203613761183929e+10
4.452297277510992050e+09
9.995651525010082245e+09
4.545977777269834518e+09
