7.368071239998553467e+10
1.800000000000000000e+03
5.872417768566899300e+09
5.872417773194466591e+09
1.914542605550495386e+09
7.061235978692679405e+09
7.975737291280815125e+09
8.793233908115345001e+09
9.598271171211582184e+09
1.182322081353921700e+10
1.521581273995590782e+10
3.692182932848251343e+09
1.079101637517954063e+10
1.080499303566613960e+10
1.537401290019860649e+10
1.213580844567384338e+10
1.564214657536042595e+10
1.409305677348319435e+10
1.769523250284850693e+10
6.027347735663949966e+09
1.789805829147044182e+09
7.100659140312270164e+09
8.617259334360548019e+09
1.090909342508558273e+10
1.077828755080941391e+10
1.014939194396360207e+10
3.451551690155185223e+09
7.475183047760997772e+09
5.489797953246270180e+09
8.159698506945552826e+09
5.134467973335515976e+09
9.187484594136018753e+09
2.106556640636043549e+10
8.765772154579946518e+09
1.573913669674938202e+10
1.819274451451126480e+10
1.114379677391847610e+10
1.032656509281857491e+10
2.032723385601570129e+09
4.744567008473300934e+09
9.414776186388504028e+09
2.833439159002919197e+09
1.345116760350643349e+10
3.703568237300743103e+09
5.712574720178854942e+09
1.048533905907951355e+10
4.334436169950510025e+09
2.138927600912823486e+10
1.541569687310371399e+10
1.722546155764608765e+10
4.464557902375256538e+09
1.251288481161938477e+10
4.933058756583720207e+09
1.417547698157035065e+10
3.402327610563598633e+09
7.641977758120809495e+07
2.116466880193695545e+09
5.421122903596101761e+09
7.680424105841273308e+09
2.152795607811444473e+10
1.238274159331081152e+09
4.849135164335203171e+09
1.052520480791837502e+10
1.001360256951299477e+10
7.081225809240858555e+08
6.457493333663787842e+09
1.179736215491348839e+10
4.016209675415180683e+09
1.337524545261385202e+09
1.245311802626674652e+10
1.207554911006205368e+10
5.462852714015899658e+09
8.643662938473588943e+09
1.855667828738002300e+09
8.365174190416378975e+09
1.986963677634019470e+10
1.512084662498919678e+10
3.473263404444126129e+09
1.062821242957770920e+10
1.559261634471422386e+10
1.238264280928487206e+10
1.766940762912342834e+10
1.749143579826225281e+10
1.450658663505561066e+10
8.827880007964603424e+09
6.578660131794416428e+09
8.751460573699752808e+09
1.606250037913084507e+09
1.023577357885932922e+10
1.915375260636338806e+10
3.801584828937040806e+09
1.362529741364370584e+08
3.182851141206271744e+10
4.059809786792333603e+09
1.643106696398761177e+10
9.248758790019283295e+09
5.017018870240051270e+09
6.090524377756855011e+09
1.417646857318045616e+10
1.258354310891717911e+10
3.940719775389754772e+09
2.847931559225657463e+09
3.024169629077979565e+09
2.572787215341672516e+10
2.572791235224693680e+10
8.819497105433084488e+09
1.480852035058011055e+10
3.476990004221737862e+09
1.317322806060452843e+10
1.105990046334652710e+10
5.891819898862309456e+09
2.924292194311589718e+09
1.996119180230641174e+10
8.238280545309103966e+09
1.132436406018385506e+10
2.216894795184440613e+10
2.279869530460498333e+09
7.608553387581856728e+09
1.066475834628247833e+10
7.725302435787714005e+09
2.083909791069050312e+09
5.297661152800789833e+09
1.080668328089228439e+10
8.362908820673264503e+09
1.982712185297307968e+10
1.974094206383928680e+10
7.055039605313037872e+09
7.547053670234395027e+09
1.013325054067920303e+10
4.480100060017325401e+09
1.353444908601176262e+10
3.366192408901199818e+09
1.426311821729757690e+10
1.245818871285662079e+10
1.154693314614090919e+10
3.892647001405796051e+09
2.213690168432902145e+10
2.097815918665199995e+09
3.038252981523144531e+10
3.319145294918568611e+09
7.955160427120285988e+09
5.869587094871546745e+09
9.117530086438917160e+09
9.529413010598642349e+09
8.071329735101774216e+09
3.473568366614614964e+09
2.531084340276187420e+09
2.129851750677149200e+10
5.959709288378838539e+09
1.463651898485140419e+10
1.029911468241679764e+10
7.054623756527232170e+09
9.922981704279655457e+09
5.751276690167960167e+09
1.282321668784346962e+10
1.711618993763065147e+10
1.350735947363792801e+10
1.209140921145294189e+10
9.949762527897674561e+09
1.627203167937012911e+08
1.662377918407438040e+09
3.795038394109470367e+09
3.989857127012624264e+09
6.991492315241355896e+09
3.444565221801573753e+09
2.471302267391114426e+10
1.397310779788955116e+10
1.452492191878080177e+10
1.653875974695889854e+10
1.311090445039331818e+10
1.215031243491942406e+10
1.207667058299133492e+10
2.819936223581058121e+10
5.793473331211402893e+09
6.555816232171889305e+09
1.057002273571652222e+10
4.608170370103981972e+09
4.554122886969546318e+09
3.849448275144233227e+09
6.323875437164178848e+09
2.041300126343962097e+10
5.532339517912597656e+09
2.555314688284331799e+09
2.164044366413328934e+10
1.386183734923152733e+10
8.228542585915374756e+09
3.294208245376077652e+09
4.380320739275541306e+09
4.974708755429660797e+09
1.007045951634135437e+10
1.036322044370812607e+10
2.298054075324110031e+10
9.601185357973674774e+09
1.022887400490555000e+10
1.485956592679685593e+10
8.829214935768903732e+09
2.799467236230573654e+10
4.956024418748546600e+09
7.123309357073307037e+09
7.959790530287784576e+09
3.734497752090534687e+09
1.636909497398540688e+10
7.012375489170176506e+09
4.565631577902841568e+09
3.260896355215088367e+09
1.412833105773415756e+10
3.713387033025917530e+09
1.896377400907353210e+10
2.634974023127959251e+09
2.143877057978180170e+09
6.374685195917938232e+09
7.919256171781744003e+09
1.289240894419103432e+10
1.212561343457915115e+10
3.367934074280850983e+10
4.775739794452041626e+09
1.773310121989192581e+10
1.658059943877366066e+10
1.151753039109981346e+10
1.385892615004800987e+10
1.643175166371066475e+10
7.466003056156451702e+08
5.693140680466518402e+09
7.213130115084811211e+09
1.214174215276251793e+10
4.718000257737507820e+09
3.023315514208227634e+09
3.542170507977175236e+09
6.665270020052565575e+09
9.192712685942900181e+08
9.383912693230714798e+09
1.955160736323587799e+10
2.021619222605660677e+09
7.587736842548934937e+09
4.402460615244667053e+09
1.179315426577152252e+10
4.182156454925459862e+09
9.591942088338407516e+09
1.444555020018377113e+10
6.170664007408948898e+09
1.342411364021310806e+10
8.851619683750095367e+09
3.137879153342747092e+08
3.563401622374999523e+09
2.237513092129911041e+10
2.472317831322452927e+10
1.631721356961219788e+10
1.189603732976927567e+10
2.869316138824544430e+09
2.016952206599648285e+10
1.184681362047368050e+10
1.024732922213354111e+10
4.104915703938078880e+09
5.383248012229388237e+09
1.379928396675648308e+10
4.283420016902905464e+09
