2.597317102785424805e+10
1.800000000000000000e+03
1.424193502944466209e+10
1.424193501935010719e+10
1.126081472697618103e+10
9.416895187022668839e+09
9.624964053027887344e+09
1.458452737085628510e+10
3.780858176364146709e+09
6.398611134972466469e+09
7.001614954489241600e+09
5.404510634048017502e+09
2.652667039642466545e+09
1.169264908869614220e+10
1.567304509949266434e+10
1.563752804226734161e+10
8.811427402413450241e+09
1.219028657158107376e+10
1.932709272432506180e+10
7.704384309313303947e+09
4.034696654002224445e+09
8.928614532791624069e+09
1.115346439936269379e+10
1.658968782276915550e+10
3.077784384480862617e+09
7.353144317051401138e+09
1.218174315420113087e+09
9.601680567415414810e+09
4.565174290598409653e+09
1.123605265403225327e+10
1.676571890121692467e+10
5.635729853591877937e+09
3.982574926153886795e+09
3.019800255863780499e+09
2.341268413583616257e+10
1.084368599123628235e+10
2.084220392833309650e+09
1.216702458317819214e+10
5.384556682964041710e+09
8.581297373305680275e+09
2.137079652564827681e+09
4.014837965090124607e+09
8.605269114879062653e+09
1.632987439027655220e+10
2.125458555132344437e+10
1.000437738641522408e+10
6.709316692721973419e+09
3.478686443651061249e+10
3.609178991619726181e+09
1.199712991534512997e+09
1.324521516564487839e+10
2.242242435051993942e+10
1.414577924980107498e+10
1.481801894429003334e+10
7.940228804200201035e+09
2.001999183141723251e+10
7.584461214449200630e+08
1.476634253887053967e+09
2.332694107468164921e+09
1.388152570123243141e+10
5.639749573097921371e+09
7.603006949924017906e+09
5.441284773488870621e+09
2.458869161199108124e+09
1.753097192009587049e+09
1.536951859974139404e+10
3.597478926714673996e+09
1.260599608415919304e+09
3.113037753879171848e+09
6.964190223986810684e+09
5.602297646409117699e+09
8.267261900639850616e+09
1.474810132230893135e+10
7.887324984175013542e+09
1.463543626399608421e+10
5.546193855018909454e+09
3.107306442852259636e+09
3.056130422675536156e+09
1.575064633895289612e+10
1.359167030378987503e+10
1.234213776845243073e+10
1.837007558488277817e+10
4.130568241132466793e+09
2.831798834572948456e+09
1.960465525327380657e+09
1.442003911354346085e+10
2.585822157806899261e+10
1.485117550298284149e+10
7.391840120722617149e+09
7.285798928787457466e+09
1.971072439206901550e+10
3.153693592102005959e+09
3.340123204432449722e+10
4.790027918308899879e+09
1.636267051465438461e+10
2.704445505852385330e+10
2.105959448689408064e+09
1.289811065213463783e+10
1.298964918744724989e+09
9.521514716481611252e+09
1.932006225614933395e+10
4.860814918731529236e+09
1.677866877632226753e+10
8.646002779896720886e+09
6.387414386920559883e+09
5.404429280382649422e+09
1.850734081813109207e+10
8.224822624558422089e+09
9.132295672913295746e+09
2.427617320970310593e+10
8.031434212854722977e+09
3.140949418236583710e+10
9.019135766745910645e+09
1.138663767938354111e+10
1.369839192496371269e+10
5.121964085824757576e+09
6.238518170867596626e+09
4.386716002935013771e+09
1.367960640025850677e+10
5.361488743858695030e+09
3.455818762342132330e+08
1.012295538219568253e+10
5.354441583019574165e+09
1.388866441312058640e+10
1.638735097320012474e+10
2.571362015697447777e+09
7.712071745146885872e+09
3.118645043169573307e+09
1.280165310052917480e+10
1.231439807532347441e+09
6.792651676809584618e+09
8.582248302498435974e+09
6.367722302421162605e+09
6.222293557943765640e+09
1.148514601869284439e+10
1.807978254127843094e+10
1.573770067748982430e+10
7.418363729904678345e+09
5.098212359611678314e+10
7.629913924510444641e+09
1.401552615839430428e+10
2.364961104073282242e+09
1.620911846959131813e+10
5.850440326214481354e+09
9.631098021401426315e+09
6.501800746513710022e+09
1.265122230855172157e+10
9.676344000348253250e+09
6.288886212815498352e+09
6.279666558720787048e+09
1.534181235252820730e+09
1.021289552143397713e+10
9.602976416983526230e+09
7.999119624109874725e+09
1.549227984715282822e+10
5.066831316888525009e+09
1.089121531453877211e+09
1.298930648513624001e+10
9.495579013461606979e+09
1.660220770972914886e+10
1.729014451822945023e+10
4.464702014788655281e+09
1.477666464330899811e+10
7.122432233625170708e+09
2.416577612321451664e+09
4.655151098800310135e+09
7.925865018212408066e+09
1.166478657571093178e+10
1.796169806278685760e+10
7.777683586718631744e+09
2.179919062899073792e+10
7.652289535362198830e+09
1.300060522393912315e+09
3.337790781870008469e+09
2.171061945460053635e+10
8.317275644327733994e+09
1.174078911859021378e+10
2.378087422197999573e+10
9.352277002907432556e+09
6.767244758515685081e+09
5.530212937042711258e+09
8.472371039257982254e+09
7.733409767936096191e+09
1.885104216997029114e+10
8.726235238558240891e+09
7.001288147356679916e+09
7.863924271700798035e+09
1.554748489308835983e+10
2.832648665894423962e+09
4.564762795956203461e+09
7.524411690267293930e+09
9.253534743900640488e+09
5.235570262155597687e+09
1.104330112565745354e+10
6.530727883650963783e+09
1.643405276709909630e+10
1.600698230305086327e+10
3.244266443722929955e+09
1.101458961356534576e+10
6.335925276066487312e+09
1.134137861978965759e+10
8.321405122217401505e+09
2.871698447207326889e+10
9.356464078273351669e+09
8.888842023177770615e+09
1.755671893513972855e+10
7.928615215153999329e+09
6.394037398094408035e+09
4.126001464932684422e+09
1.293655210666106701e+09
3.170482190580757141e+10
9.755912029469181061e+09
2.021414647130147552e+10
1.884983216498460770e+10
1.151291619049282074e+10
1.326346288166673279e+10
2.113424772910285473e+09
9.044536663439859390e+09
3.269825188439022541e+09
2.568531429998619080e+09
3.265284453210389137e+09
1.886204974583482265e+09
3.874293694916101933e+09
5.148111264036807060e+09
1.000854794796508408e+10
3.444175568693893433e+09
1.325779301951517296e+10
5.652789885490081787e+09
1.249012196250863838e+10
2.133853731610795021e+09
8.891423726312911987e+09
6.001894847906176567e+09
1.866166035017582703e+10
6.773021225638666153e+08
1.512676499747503519e+09
1.203493625902095413e+10
6.070457214386273384e+09
2.616628684940301418e+09
4.899017944439722061e+09
6.699414984509051323e+09
1.352431200289570427e+10
4.493574655153118134e+09
1.085558917694976997e+10
2.087781608572796249e+10
1.090184935038650894e+10
7.108803923407268524e+09
5.915628032270410538e+09
1.929209997416598129e+10
1.018767237027531433e+10
2.984074369457000732e+10
2.026186742946717453e+10
1.775189386094903946e+10
7.264124899562811852e+08
5.444085774777649879e+09
8.313347554287104607e+09
1.672196673764855194e+10
