1.607827901454235077e+10
1.800000000000000000e+03
1.407748482319645500e+10
1.407748480671354103e+10
4.127873017834207058e+09
4.914751619575418472e+09
4.493734199818407297e+08
1.092439781508076286e+10
4.432014911914401054e+09
2.656426114048545837e+09
7.371120443053986549e+09
8.942523515265039444e+09
1.016332806174036026e+10
3.857070550571347237e+09
1.372122725067506409e+10
6.233755545512848854e+09
5.438048947656600952e+09
1.609469750919708061e+10
2.377600168698023987e+10
1.339387197949903107e+10
5.754787904381814003e+09
1.063371669348411560e+10
6.131105051307334900e+09
1.587665715923129082e+10
6.880093939541425705e+09
1.008672726330510521e+10
1.050396211373551941e+10
2.062668732596812820e+10
1.868427876705574799e+10
2.499028205230783081e+10
9.086883985426710129e+09
2.084024306720243454e+09
6.387518876838477135e+09
3.260414528825972557e+09
1.812396290915997314e+10
1.439840968884241295e+10
1.179554313739032364e+10
1.787715689771924210e+10
4.266291348997212410e+09
1.198959386026785469e+10
9.854228997568096161e+09
2.732890142510537624e+09
2.398681476811690903e+10
4.062686399109082222e+09
9.737969681975812912e+09
8.492464234770074844e+09
1.329077074332797813e+10
2.698330454191060257e+10
1.293622399804113960e+10
8.904616862204011917e+09
6.477381808475638390e+09
1.205518884530139542e+10
3.567011148302277565e+09
1.302366221241900444e+10
1.303599012136200905e+10
2.543389497149630356e+10
5.336373453128246307e+09
4.299856720873987198e+09
2.573827418934031963e+09
1.425803926737121010e+10
1.747325689997582436e+09
5.182110310666533470e+09
9.725194524307184219e+09
2.325011339706164360e+09
6.280421843442299843e+09
1.079764928435704041e+10
1.192511417316739655e+10
7.805716526218270302e+09
1.849368781619078827e+10
1.476561543706221581e+10
1.022916971164700150e+09
2.227307315673124790e+09
5.760187018223144531e+09
3.478724609232382774e+09
1.922789494336899948e+10
2.092178233358957672e+10
7.167510176026632309e+09
8.569375078345248222e+09
7.401288649130189896e+09
3.094573387738717556e+09
8.400338799152925491e+09
1.140138642915887833e+10
2.470215011975530624e+10
3.155209353601717472e+09
2.732415705792943478e+09
1.720377279010115814e+10
1.510309690251725006e+10
9.733544216168802261e+09
1.220183323080423164e+10
1.792229211235959291e+09
1.046746643524397659e+10
6.672826695683168411e+09
6.499751102823865891e+09
2.175394174935420513e+09
8.257206405215886116e+09
9.410214655383504868e+09
2.863679170982379436e+09
2.277925859468880463e+10
2.822131930618450642e+09
2.222965978694759846e+09
6.201798449300042152e+09
3.134549367582849026e+09
5.347339456258425713e+09
2.356250062446403885e+10
1.847203028465958786e+10
3.274908879613046169e+09
7.207432679619300842e+09
2.016142272735948944e+10
1.306646557043954086e+10
4.572020151971363068e+09
4.507034178106514931e+09
3.391652007510783386e+10
8.290070132375803947e+09
6.782517839325383186e+09
6.444302220555718422e+09
1.226511263444149590e+10
2.284766971173023701e+09
8.614572508077074051e+09
1.533664717887315178e+10
3.458300918193125725e+09
3.340127223085290909e+09
1.423874985297966194e+10
1.260703286622769356e+10
6.842673652563662529e+09
1.853232254166924286e+10
1.166556003483498955e+10
1.602206636743003845e+10
4.846778503907249451e+09
2.706990716825469208e+10
1.142859159525114250e+10
5.729154708079031944e+09
8.024699500731587410e+09
3.301742386148153782e+09
5.214777480455141068e+09
1.753435165064707184e+10
2.048749137745354080e+10
7.850794599762532234e+09
1.184259957179736328e+10
2.857657632190031433e+10
3.951969054921915054e+09
1.409431764496380806e+09
2.213185111779426098e+09
1.613286065316957664e+10
1.947716227650690842e+10
1.323432042706247902e+10
3.308209213367239475e+09
1.364521535629020500e+10
8.024551124870010376e+09
4.258220339252828956e+08
1.015519830584247780e+10
1.001361409815418434e+10
6.960600107822635651e+09
9.936899258712070465e+09
1.325887578949778825e+08
9.843332182322774887e+09
5.431409671704627991e+09
4.157418647810933113e+09
3.309903968855480671e+09
1.619055893984674072e+10
1.072246683545458794e+10
2.290932634328456879e+09
2.462732831554495811e+09
2.054839040029850006e+10
2.518949264191921949e+08
4.421028114049789429e+09
1.281764512953502417e+09
8.850148916469266891e+09
2.869372797724029064e+09
4.097191186487407684e+09
9.924085005993843079e+08
1.223662304810574341e+10
2.172197332581208038e+10
1.067124125985661888e+10
7.581683137657502174e+09
7.093747211294226646e+09
5.409135075267919540e+09
1.757356218360561371e+10
2.574208167090855122e+09
1.210067474915681267e+10
2.031886657199988556e+10
2.692477532463913345e+10
5.061904188261452675e+09
6.644393508737113953e+09
1.888109816577275085e+10
7.863365833932726860e+09
2.503146471255167007e+10
5.029875648900851250e+09
7.567276546102364540e+09
4.168521450419695377e+09
5.082292871731615067e+09
1.767083525765520859e+10
1.070945827913387299e+10
1.483985446863119364e+09
5.856256871457193375e+09
1.321554806520386314e+10
8.891393921626464844e+09
1.805451879078820038e+10
7.278825510711616278e+08
5.337743060050336838e+09
6.750286578546342850e+09
8.996422364249246597e+09
2.165113140083793640e+10
1.453759959394201088e+10
1.227426328361652565e+10
3.288695870222259164e+08
2.033537787010213852e+10
8.150958399845492363e+09
2.977588662517372894e+10
1.035459351062767220e+10
3.123402158044034481e+09
9.994273374316520691e+09
2.222658760088322163e+09
1.239593477333566475e+10
2.716191304563199520e+09
3.290392652081163406e+10
1.786784374908295441e+10
1.561144906291666031e+10
1.558614910543423653e+10
6.684035567338298798e+09
1.262690668175775528e+09
9.175726951502285004e+09
1.518558632762301922e+09
1.657874109577710152e+10
9.355735813198059082e+09
6.384533411306506157e+09
2.448411872223811340e+10
3.060200257962817192e+09
1.143166257946489143e+10
1.224907104448391724e+10
1.272011642662262154e+10
3.093438988163030624e+09
2.319687819786934662e+10
6.483848213704196930e+09
2.121811586206215858e+09
3.103846173456442356e+09
1.456090998295760727e+10
7.323312998014338493e+09
1.153387232096944046e+10
1.818321288739367294e+10
1.115630553900648880e+10
7.546055499763403893e+09
1.155775679050786734e+09
1.536217641254302788e+10
1.185249780283835030e+10
1.219482846679938698e+10
7.636746041724302292e+09
8.205163440783181190e+09
7.665497553167532921e+09
7.125215648965799332e+09
7.804608954267352104e+09
1.055142280959692383e+10
2.105379696015589523e+10
8.165683665582036972e+09
5.859674757214676857e+09
5.764573485735490799e+09
5.798761670639559746e+09
