5.526770038043000031e+10
1.800000000000000000e+03
1.155895600873660088e+10
1.155895603321527290e+10
3.914497933080579758e+09
1.858929498662668610e+10
7.314439278372035027e+09
2.199782788950740433e+10
6.228353810005991936e+09
1.899565300699218369e+10
9.107756827559760809e+08
9.383224906431873322e+09
8.741031686787357330e+09
3.975171879433485985e+09
2.053529552267984867e+09
1.102681903757734489e+10
2.607653312834359646e+09
6.660350105033015251e+09
1.810594431763643742e+09
7.602184934187002182e+09
8.790096453979774475e+09
2.289520867325939941e+10
6.219433974790247917e+09
1.023426327535197258e+10
5.465409361221958160e+09
1.001473976067025375e+10
1.462845107892155075e+10
3.713540832145722866e+09
3.449986665450788498e+09
1.093103663242367554e+10
4.303412460712384224e+09
5.697830082958148956e+09
9.601123886132757187e+09
7.936624022399855614e+09
1.223947889635024452e+10
6.033815110469654083e+09
2.978834562075504303e+09
1.537958389646691513e+10
2.726944946352869868e+08
1.715885565586257935e+10
6.817576343352160454e+09
3.692905614346734047e+09
8.528670491629578590e+09
8.023757741825575829e+09
1.510258285532183838e+10
1.283088811112344742e+10
2.745954156899330616e+09
6.654690097497204781e+09
1.412984360022526932e+10
1.969033157667187881e+10
3.874283809814431190e+09
9.921444132872726440e+09
4.178916052688477516e+09
3.358765235624540329e+09
1.392358416910331535e+10
2.047036230402498627e+10
1.023973934841510582e+10
2.821443765232849121e+09
5.111646936530904770e+09
1.615430066221181488e+10
9.283286748343267441e+09
1.966798092313871384e+10
5.012481134074285507e+09
9.816076783050573349e+09
5.124300173532635689e+09
7.826695174718564034e+09
2.646949234295069122e+10
1.102185064558403778e+10
4.359095947596590042e+09
3.112209221870446682e+09
4.355512862803709984e+09
3.699647523516365528e+09
2.576526037841756821e+09
1.898822603566753387e+09
1.690363314460647583e+10
1.668279089982909584e+10
9.200813367312734604e+09
1.271795793510837555e+10
1.060087129389493752e+10
1.842387632619240952e+10
2.010835066107501602e+10
5.479359547308516502e+09
4.959091477639089584e+09
7.639333586364528656e+09
3.400739432768348694e+09
1.764302063041543961e+10
1.012214401816151810e+10
1.318499134832021475e+09
4.900649510577313423e+09
6.763709073675308228e+09
1.640115430371894646e+10
1.048566434591070294e+09
3.317729405463454437e+10
8.034829730930530548e+09
2.421332567113882065e+10
1.473618810400589561e+10
2.221444048978574753e+09
5.269199044358380318e+09
6.900954474008407593e+09
1.331263893983012772e+10
1.743437144067984009e+10
1.456039259674922943e+10
3.409824728590182781e+09
1.134479799336357498e+10
1.517863185552338982e+10
1.204140991112816048e+10
8.559610592663611412e+09
1.613692692080264330e+09
1.048008078885376167e+10
5.708588666510619164e+09
1.606292990220739937e+10
2.359250825111911774e+10
7.461762310349863052e+09
9.027460394760917664e+09
2.172663678082261658e+10
1.691961666915159225e+10
5.011273046266099930e+09
6.690089096217026711e+09
7.973420741765441895e+09
1.007028495703077793e+09
6.221348301358420372e+09
1.755681273925573587e+09
2.254848544742523956e+10
7.251310675821627617e+09
1.312303824309125710e+10
9.473127939607826233e+09
1.143389196323762321e+10
1.238152536800858307e+10
7.067461079529460669e+08
2.233106301239418030e+09
2.531547097536944389e+09
2.932945811746563435e+09
1.392300543123862457e+10
1.184971001141216660e+10
7.498382395922096252e+09
1.650359759404789925e+09
2.545095277185474777e+10
2.662392724579859543e+10
1.082689612813318825e+10
7.106055207924378395e+09
5.877824244949615479e+09
1.426719256426555634e+09
1.198703243626411247e+10
6.979245772057214737e+09
5.333364741857924461e+09
9.000885881489652634e+09
9.560846674233495712e+09
8.724737605777938843e+09
1.390925501417833900e+10
2.272231092529661560e+10
9.187503410971012115e+09
3.858032746724982738e+09
1.465563372087513924e+10
2.122291189514680862e+10
2.451817869226169205e+10
7.651642857017815590e+09
4.642915377088892937e+09
8.493329327350860596e+09
1.262422755677992249e+10
1.060930134855719948e+10
2.755476794526596069e+10
2.962666325896411419e+09
3.381992630866205215e+09
4.801855604034607887e+09
3.496024629988726139e+09
4.455972815941259766e+10
1.156390159784143639e+10
1.484864342667592621e+10
5.796188849975327492e+09
1.225349287938570023e+10
2.050631857516537094e+10
1.472884493312124825e+10
2.462377860494453812e+10
2.600476041086757660e+09
6.658628317615869522e+09
1.699692684467889786e+09
1.215399690966272926e+10
1.482414146253804016e+10
3.856523525403658867e+09
7.324599515030690193e+09
1.929410253535470581e+10
2.222819079348073006e+09
1.451355379176080465e+09
8.404814050608892441e+08
1.992923680213407135e+10
7.433292216700558662e+09
4.300414350251610756e+09
7.100432286245347023e+09
1.514731793660557270e+09
9.030933306653211594e+09
3.898794407582040787e+09
2.314022191958811569e+10
1.289735928126125908e+10
1.479214452341023064e+10
8.085213617579730988e+09
2.222880962636214447e+10
8.240334572110760689e+09
2.296276080574286938e+09
9.171306607538534164e+09
9.937347444556085587e+09
4.344582801722413063e+09
8.679117787132822037e+09
2.959023268848050594e+09
1.474424212547775078e+10
1.370575493806849098e+10
1.280003841284938431e+10
7.466904295463579178e+09
3.803408847297622681e+09
2.606147626885141754e+10
3.756057176923900604e+09
8.282888707719918251e+09
4.978189288929807663e+09
7.699202983484112740e+09
4.460488284412579536e+09
1.965898063753272629e+10
1.689903321353143501e+10
2.988754900038599491e+09
1.749138978394633055e+09
1.224269009917049980e+10
1.865449241875199080e+09
1.201832230406539726e+10
4.834337753760895729e+09
2.857301042622965336e+09
1.644888671325843620e+10
6.413221978471245766e+09
1.152237308844672585e+10
6.974401611794839859e+09
8.958553178284235001e+09
3.995470547597342968e+09
3.526722697725965977e+09
1.256860454404400444e+10
3.431496310892288208e+10
3.461111277960686207e+09
6.123896648284367561e+09
2.439574950911426544e+09
1.536541881364029694e+10
5.829862232078636169e+09
4.708161746381310463e+09
9.723295241433479309e+09
4.292028515193827629e+09
9.968728600828372955e+09
2.623659391915060520e+09
1.493550997859873581e+10
1.271411644029846954e+10
6.067786291597718239e+09
1.430345431464419556e+10
5.485534537980440140e+09
2.629263775664606094e+09
1.160753347755968475e+10
2.789995653688732147e+10
9.234461626909233093e+09
9.344536361648326874e+09
1.099762819332668304e+10
4.014272114897843361e+09
1.988205453271233749e+10
3.899791772439116001e+09
