5.029077671671978760e+10
1.800000000000000000e+03
1.344034165175943947e+10
1.344034162936960983e+10
1.377391611437834930e+10
1.321142424547852898e+10
1.524202643927592468e+10
8.391458792730071068e+09
5.457745789750408173e+09
1.465125388977010727e+10
1.678435857472581291e+10
4.341219241632230759e+09
2.096600007002481079e+10
1.624642658566847992e+10
6.037876305613319397e+09
3.710145101832242012e+09
7.688396937480149269e+09
1.716603584457873106e+09
5.343701679919625282e+09
6.525822747897262573e+08
1.403869985533187103e+10
6.966517027344896317e+09
7.849236697331157684e+09
5.200545220384554863e+09
3.165515091906302452e+09
1.274602513667052650e+10
6.257202104236273766e+09
5.546734562873911858e+09
1.428865735952523232e+10
1.326278916780127144e+10
1.116442826204839516e+10
1.808514731535378456e+09
1.025977739391350174e+10
5.083512081495989799e+09
3.404278710950703621e+09
5.541955917238100052e+09
3.106146499451853752e+09
7.387566234590882301e+09
2.020883499073549032e+09
1.108528346769880295e+10
1.363200580270787954e+09
8.557255716320166588e+09
5.423605725160532951e+09
2.301107143993439865e+10
1.570119342349892044e+10
1.377099739310234642e+10
1.875731876055700302e+09
1.687863464588008118e+10
1.176499557378022766e+10
1.152294543411672592e+10
3.948896184231911182e+09
2.063482353229027557e+10
1.029669577383916283e+10
3.045055624418458939e+10
9.512295611092081070e+09
6.992878604768909454e+09
7.435754487584213257e+09
8.719831782588445663e+09
1.148322625057413483e+10
4.164855336847328663e+09
8.652724648124893188e+09
1.435700160489936256e+10
2.645510830623890400e+09
7.790785467973662376e+09
6.669455336040146828e+09
2.936130890688414574e+09
1.632499673299019051e+10
3.898245148948622227e+09
1.672961799461815262e+10
1.072930497621320915e+10
4.182908495424144268e+09
3.179013875194751740e+10
6.429004172886547089e+09
3.348856550401988506e+09
1.203634489587853050e+10
6.936248215764482498e+09
1.397130966103180695e+10
7.253748372132101059e+09
2.920864478457457733e+10
8.414333044914581299e+09
7.669224869005505562e+09
1.952535023904506302e+10
9.722914891785753250e+09
1.402810843494840240e+10
6.960468524671834946e+09
5.374878975909790039e+09
4.522059131366638184e+09
2.601420947311475277e+09
1.650148789083069038e+10
3.274784775420034885e+09
2.177775667572443390e+10
7.328121420077802658e+09
1.109161205174670219e+10
4.002852926987552643e+09
1.177910523479203415e+10
8.026289583441697121e+09
3.845761150523094654e+09
1.268430500572927856e+10
1.071865168016491318e+10
1.265304402752169228e+10
1.736272358953498125e+09
4.620210790968718529e+09
2.054211962685066462e+09
1.884672363347084522e+09
5.297160342655029297e+09
1.861383543025934219e+10
3.148641133416298866e+09
1.750738388031867981e+10
3.053421960228894711e+09
1.314423103241234207e+10
6.568988425482050896e+09
3.771602859819394112e+09
5.939174750495653152e+09
8.054283282450853348e+09
4.198743522606435299e+09
1.918360710486825562e+10
1.161413607658011246e+10
1.341049965799017906e+10
7.196334764656965256e+09
2.772830935998641968e+10
4.778226431949497223e+09
1.198261725305484009e+10
9.138922888010562897e+09
5.566422938373546600e+09
6.465612425768784523e+09
1.764619974626563644e+10
2.011148080657349014e+10
1.457727321902988243e+10
6.802150390175292015e+09
7.471090252978330612e+09
9.756604032084894180e+09
2.039212116921213865e+09
6.836754743187308311e+09
1.074510738109318924e+10
4.210793107127625465e+09
4.770232987024479866e+09
2.459227784701184464e+10
6.853704858040941238e+09
2.394196511068106461e+10
1.847371869412030697e+09
7.988555108760716438e+09
8.867182534401141405e+08
1.933991743707519913e+10
2.474422077153070927e+09
2.550068685518199539e+10
1.110838009473497200e+10
8.775416388365783691e+09
2.676673605333082199e+09
1.375516951288858795e+10
1.549636642873438454e+10
1.104888333926435852e+10
5.631898748201217651e+09
2.840894484196163940e+10
8.010718585082508087e+09
6.955189628931215286e+09
3.283150446227152824e+09
1.237507088536722565e+10
7.594361945720410347e+09
7.933313710065541267e+09
1.206809984761594200e+10
1.532062676778681755e+10
1.017852725303686714e+10
1.110907933559799957e+10
1.409832143989420319e+10
2.053840895594149590e+09
3.344892584815721893e+10
1.628420253003574562e+10
1.003095050549227905e+10
1.886480298677256775e+10
1.661036839236315727e+10
7.348724886190706253e+09
8.036322465801266670e+09
1.207123030525700188e+10
5.966110108797623634e+09
8.021220594312876701e+09
1.726913563168999100e+10
9.748098075310178757e+09
1.627016440902004433e+10
6.577729955788788795e+09
3.608977959421662331e+09
3.415019233529704571e+09
4.080117083733584881e+09
6.154321349284604788e+08
7.747608336062600136e+09
9.272030533429059982e+09
1.416514499783653259e+10
1.681307011103771448e+09
1.283532896421286201e+10
9.773234328517621994e+09
2.951980828385158539e+09
6.125593516861796379e+09
6.041571221647615433e+09
3.785478613382529259e+09
2.020395432965922832e+09
1.389960275221521854e+09
5.639284943629075289e+08
1.481385610235188866e+10
1.226940498954468966e+09
1.673358345693294716e+10
9.567669215413196564e+09
9.655712126505886078e+09
1.989677687759347439e+09
5.786803726046610832e+09
5.489713797197058678e+09
1.631250013975861359e+10
1.267647248049140167e+10
1.861546948951800156e+10
3.448594387359761715e+09
1.356807662699857903e+10
8.924942011974906921e+09
4.147586858953398895e+10
6.271391285494901657e+09
1.080179037231602097e+10
4.224725540052756786e+09
2.228539485888803482e+10
6.579672422923313141e+09
1.499160677847270584e+10
5.583286754172259331e+09
1.528273638262770271e+10
1.556350687569422913e+10
7.075129606858688354e+09
4.975380434961038589e+09
8.613975233394634247e+09
7.230118918369674683e+09
1.088258065625179482e+10
1.762855926524348068e+10
3.063143974920651627e+10
6.415004816800601006e+09
4.139959341519253731e+09
8.673845058049734116e+09
3.692409017977873325e+09
1.209267226761419487e+10
1.360084563378799248e+10
9.414662995876518250e+09
4.498966724429147720e+09
2.440520015295943451e+10
4.385997535904471397e+09
4.258624758137556076e+09
3.178369670355500698e+09
8.133704992927473068e+09
7.718461056596597672e+09
7.201007041192777634e+09
2.186320320567803383e+09
2.532425775205108643e+09
1.276180368187977982e+10
9.041962875528463364e+09
1.249569915480205345e+10
1.444490480322451210e+10
2.321161814554099083e+09
1.040106862456252480e+10
8.685328175914901733e+09
9.919632336112976074e+09
5.643558390439824104e+09
1.661042630450951195e+10
1.156755492056766510e+10
1.718631943169987106e+10
