3.606856400260974884e+10
1.800000000000000000e+03
7.353892949516404152e+09
7.353892929073389053e+09
2.658446002800711632e+09
5.351983149338287354e+09
6.574693294412774086e+09
1.011314449346455002e+10
5.393241802299221992e+09
2.931926325758058548e+10
8.183946917925992012e+09
3.403964126335042000e+09
1.705566619681258011e+10
1.505786496464218712e+10
9.217332387497970581e+09
1.775546074440274048e+10
6.420257844159900665e+09
1.397320513508559799e+10
1.402212828983262825e+10
3.046264917524802208e+09
5.657158528418814659e+09
9.342353822222507477e+09
2.860598075624117661e+10
7.051239047402663231e+09
5.037720353447764397e+09
1.733210913487078428e+09
2.225519213636497974e+09
3.157028611887453556e+09
4.449167565244311333e+09
1.208536775290109825e+10
2.056637749490472555e+09
1.267518295176981544e+10
4.722181262953604698e+09
1.882371203465295553e+09
5.480592974314831734e+09
2.117960549932352543e+09
6.116738759335813522e+09
1.426609543849874878e+10
8.550030857611452103e+09
2.322679198328135681e+10
1.883046452756604767e+10
2.248778701459787369e+09
1.045896803751396561e+10
4.574126654855426788e+09
1.600542026923055649e+10
5.242395590031007767e+09
1.936642510890931129e+09
1.346713674099803734e+10
1.654081877833307266e+10
2.587792741414192677e+09
4.630565647480952263e+09
1.491420678020794106e+10
9.085692720323614120e+09
3.001117379495259476e+10
9.151540224529087067e+09
2.376620672949367523e+10
1.320722372059500885e+10
3.323094288596926498e+10
8.624891748752746582e+09
1.463352770411300278e+10
5.840632293049177170e+09
1.583648678725253105e+09
8.887142108454330444e+09
3.509324177650021076e+09
3.150949134267579556e+09
2.730894755456313133e+09
1.489886572817626476e+09
5.593552618350549698e+09
9.212660478235101700e+09
1.531290622474092674e+10
5.063361247123827934e+09
1.630181960915957069e+10
1.033945668303005409e+10
9.896331454001033783e+09
1.261293002741127396e+10
4.821254845328145027e+09
2.469263478452810764e+09
8.369441778557540894e+09
2.015720851085298920e+10
7.083402866150296211e+09
1.646494481498490334e+10
9.259676146744468689e+09
1.061648899565122485e+09
6.585815779616835594e+09
9.146099235184295654e+09
2.246013575216676331e+10
2.201593082970935440e+10
6.314707756840233803e+09
6.186497711312496185e+09
9.156525640790227890e+09
3.029021111521789551e+10
1.792600758775558710e+09
8.458391077503105164e+09
2.998984977902609825e+09
9.798957748964946747e+09
2.183941811587169266e+10
1.843152398406908035e+10
1.485156540257278633e+10
4.689739812118786812e+09
8.975452008023075104e+09
5.985823946032623291e+09
6.340225875818436623e+09
1.501077028822731209e+10
1.159675482118999100e+10
2.209569488144364953e+08
1.636164646288803101e+09
1.888112436700738144e+10
7.138805137939813614e+09
1.488044474735985184e+10
1.881928255796231079e+10
1.109917548862116623e+10
3.078712812588047409e+10
1.629290279773878860e+10
9.202076328232187271e+09
1.933834535824291992e+10
3.257961198548611164e+09
9.843338948100685120e+09
1.190101460502966118e+10
7.110595752509932518e+09
2.756939328238024712e+09
3.962245860999621391e+09
2.250637578625742435e+09
1.349219953247061014e+09
9.464105178427687883e+08
1.111150805893000031e+10
4.196033485802720547e+09
1.095637715632158852e+10
7.533488586551151276e+09
1.794815187734498978e+10
4.180396336138695478e+08
6.965946608257808685e+09
1.060289830365037346e+10
4.818793515790026784e+08
6.927981963695225716e+09
4.848051287163075447e+09
7.451804857488182068e+09
3.068463443138934612e+09
1.478569106279678726e+10
2.542031416170546722e+10
7.582800644228869438e+09
9.588184365451721191e+09
9.205384453633714676e+09
6.034736548893870354e+09
5.238678018537336349e+09
1.476481082776906967e+10
2.146146650022880936e+10
1.797538974704537582e+10
1.246976691293520737e+10
5.388164804057212830e+09
2.185097186788414001e+10
1.313739796430452108e+09
1.808628900126562834e+09
8.851182401414461136e+09
2.507765599522681713e+09
1.137515259032944107e+10
8.236718872293527603e+09
2.477049459295843506e+10
1.422075905085149574e+10
6.024563235785599709e+09
1.466567298393137741e+10
5.078202790343014717e+09
2.129877928287465572e+09
8.277597551869746208e+09
3.954323066778978825e+09
6.125929634485239983e+09
3.361732953582459259e+10
5.656002958411127090e+09
7.490643887637035370e+09
2.175109175325503159e+10
1.467446301908282852e+10
2.689785897012764359e+10
7.729681659806813240e+09
9.237391353949527740e+09
9.284758639506811142e+09
4.187548158808465600e+08
9.835419280448112488e+09
7.416135685633126259e+09
5.620753841212435722e+09
6.037145218154687881e+09
1.162139878909132576e+10
5.730915173406248093e+09
1.888673348934306717e+10
5.573101414013190269e+09
1.379613149240964890e+10
1.137817789533950615e+10
6.966864603306381226e+09
1.424092220723914909e+10
5.145990977196468353e+09
1.939226593423138618e+09
1.607281370101802063e+10
3.169106269564103603e+09
1.972065988368976593e+09
2.024079567442771149e+10
4.261397149365582943e+09
1.050264509090819359e+10
2.007690634311680984e+10
3.319008868516347408e+09
1.588753754049901772e+10
8.770320544551078796e+09
1.506271599886109924e+10
1.314800350897530746e+10
2.234235589568221283e+10
2.362525770857773209e+10
7.953191877530766487e+09
3.313449913469707012e+09
8.238841186974487305e+09
1.676549738620247841e+09
5.344047852379206657e+09
1.611856928121157074e+10
3.505214688387529373e+09
1.335212848001627159e+10
4.499052756116444588e+09
6.807065929955584526e+09
1.882943283651821136e+10
8.969980637525611877e+09
2.296535648540875912e+09
1.006301587520068932e+10
8.743484166259918213e+09
9.899607845212404251e+09
4.632402169506996155e+09
2.490747522111337662e+09
5.165448220255186081e+09
4.132336164583765984e+09
1.088024189477457809e+10
1.265007834740796852e+10
5.830624325759749413e+09
1.047966393062313843e+10
7.513989620349323273e+09
4.322948610058205128e+08
2.305384638697329044e+09
1.025652527067644715e+09
2.767534925310112834e+08
1.468762232087954903e+10
2.344007350823479652e+09
5.660571607477351189e+09
1.524403461029482841e+10
8.331640486686042786e+09
2.010409060224142838e+10
6.300934106410243988e+09
2.995249590031078720e+10
2.869721829416249084e+10
1.178260843674953842e+10
1.958120676884548569e+10
2.133438722257024384e+10
6.093703272644779205e+09
7.180823101168486595e+09
1.239695825783970642e+10
8.764897585013399124e+09
2.287357267328129768e+09
3.145029648802163601e+09
1.846528402320740891e+10
8.001555041989707947e+08
2.150334267101521683e+10
4.519255679212211609e+09
3.833322705630577564e+09
2.335972904461383820e+10
