3.105369270530403137e+09
1.800000000000000000e+03
1.630321924157965899e+09
1.630321955104766846e+09
7.001248464103503227e+09
1.680898060633461475e+09
1.361976624526221085e+10
6.215540622842926979e+09
5.209278753446085930e+09
8.499607414064113617e+09
4.374544927269025803e+09
4.026300715808096409e+09
2.556097505171805954e+10
8.967765483325906754e+09
1.336266623069627953e+10
7.475883661082531929e+09
1.696271026150108528e+10
1.064131816637137985e+10
2.404770313059521484e+10
1.013311094839491272e+10
5.269608954077251434e+09
6.277507838971882820e+09
4.244376061147847176e+09
2.670418784456031799e+09
1.614195433143193054e+10
3.199103922347063065e+09
1.188069490432243156e+10
2.054785945661488342e+10
1.027222469774747849e+10
2.063370920497053909e+10
7.123243203757881165e+09
2.702868720893120575e+10
2.363315707147607803e+10
2.751399967825088024e+09
2.895964188044232178e+10
1.055387241827460098e+10
3.285147553445103645e+09
8.960326911429100037e+09
1.650943491333737183e+10
6.192258363768149376e+09
8.762123728817684174e+09
7.939127370072546005e+09
2.183293454274650955e+10
2.186681272582547379e+10
1.082974363734726143e+10
1.806043400662455750e+10
2.137892791427143097e+09
7.418689520385223389e+09
4.289406136591720581e+09
1.579439590487078667e+09
7.211302387527946472e+09
4.343624188896321297e+09
3.774259882769705296e+09
9.389304795050016403e+09
2.814139888563370228e+09
6.409711133487122536e+09
1.188747629580068970e+10
5.485488383082625389e+09
5.745840658578018188e+09
7.202460440947615623e+09
9.239598518370750427e+09
2.242740504235313416e+10
5.637179354105959892e+09
9.309667254637725830e+09
7.057652962352450371e+09
2.144876609743880081e+10
1.177172635095201683e+10
4.297004792528811455e+09
1.807897177304523087e+10
1.227892700075328255e+10
6.278507598992771149e+09
2.104783583643293762e+10
1.395696467836506271e+10
1.902560247773379326e+09
5.460137149984350204e+09
2.001406976948958969e+10
1.392105878001862144e+10
7.743596189400075912e+09
1.585391489157234573e+10
4.227598319747653008e+09
1.275407885555120277e+10
1.299438663124563026e+10
1.303789311496652794e+10
2.351209515814570427e+09
5.270156443316514969e+09
2.388042959041902924e+10
7.281073738666872978e+09
1.249947739690520287e+10
1.464997556291508484e+10
7.891322583853216171e+09
8.715044864089572906e+09
1.482717625863231897e+09
2.859227724370863914e+09
1.178782222952929020e+09
1.281315909969615555e+10
1.835076884306966019e+10
1.409328990553726959e+10
1.682137010760120964e+10
4.007845598484468460e+09
1.230040604007428551e+10
9.484417154445249557e+09
7.709724764670729637e+09
4.056690581721061707e+09
9.820169125070730209e+09
1.428851603046176147e+10
2.976869444856289864e+09
1.206697767523806381e+10
4.015201699997721195e+09
2.687967408605239391e+09
3.791175159227910995e+09
3.099285356297838688e+09
8.125652454210026741e+09
1.266265268329805183e+10
8.756806308852661133e+09
2.175393036194662094e+10
1.030521195363237190e+10
6.637753111266665459e+09
2.964777048119865417e+10
7.253919375160510540e+08
9.183455735035972595e+09
1.167558152342783165e+10
1.015529576852684593e+10
5.779512461307013035e+08
1.636999180251190758e+10
1.074054626421341705e+10
4.569176369081847191e+09
2.018149791931086349e+10
9.108151410817873001e+09
2.541783402389425659e+10
3.531891696940852642e+09
3.097910990284480286e+10
1.212611041887174416e+10
7.690825638886954308e+09
1.997224286094380188e+10
7.832998760195664406e+09
2.225164145361599350e+10
2.237060419331829453e+10
7.260446742616844177e+09
6.210984112372332573e+09
4.221039168133585453e+09
6.881412034760583878e+09
4.768648905475179672e+09
2.023693458867930222e+10
1.358368363553776932e+10
1.114396724408454895e+10
1.108255911132337189e+10
1.111379085300388718e+10
1.478092133970441818e+10
8.312621335147863388e+09
1.055401908901910400e+10
4.200995945970202923e+09
5.939281724765547752e+09
1.363792213062708092e+10
4.580008989176025391e+09
8.369567002296631336e+08
8.285419901322742462e+09
7.734073811809308052e+09
1.076279910697592735e+09
4.472120586366978645e+09
1.852303366711577415e+09
1.753364909231012344e+10
3.872042565440659523e+09
1.244922616888354492e+10
7.383378228806090355e+09
3.102639827226438046e+09
1.501974622884599113e+10
6.206799375473855019e+09
1.336492884393947983e+10
4.568026989782569885e+09
3.412691960836146355e+09
4.597235791454409599e+09
1.452361073860501051e+09
1.366909862459564686e+09
5.207424846010630608e+09
1.742323273397592163e+10
1.507168016730384827e+09
8.919713362155370712e+09
1.256893559405261803e+10
4.884138237996368408e+09
4.916539273636946678e+09
1.429084654584334373e+10
2.073143984555657578e+10
1.284883712754482079e+10
2.511370042664607620e+10
1.862852337254599380e+10
7.482195691758045197e+09
4.078659291481458664e+09
8.052282656642891884e+09
5.165885626759915352e+09
9.312364236964187622e+09
2.421578807144074249e+10
6.863348871916762352e+09
2.969572472184213161e+09
1.725468042357780218e+09
5.504213965407620430e+09
1.131790476071203041e+10
2.626140998484796906e+10
7.430759096083186150e+09
9.985600241129402161e+09
4.825966208477803230e+09
7.822027720859170914e+09
5.927886934169877052e+09
1.667787494846365547e+10
2.116191156873794317e+09
5.517056458707896233e+09
1.865525070778914261e+10
3.085648242857667208e+08
1.097794786476656723e+10
2.639250689126559830e+10
4.456666838008238792e+09
3.028074563164988518e+09
9.676021113286745548e+08
7.370769591179413795e+09
5.234855381942067146e+09
1.497904358538226700e+10
4.773324426857249260e+09
1.001540552147743034e+10
2.130388132783369064e+10
2.068749942311186218e+10
2.550984788512467575e+10
9.136505662990797043e+09
1.243332295309648705e+10
6.171927190102661133e+09
6.429557533100385666e+09
9.346519659720325470e+09
1.456824298751765633e+10
1.029201230967308617e+10
1.130285829713390589e+09
1.736328927167885971e+10
3.286055204997173309e+09
1.673351239479284286e+09
4.898520986759915352e+09
2.026191951764051819e+10
1.455900158910124016e+10
8.744433264911075592e+09
1.290365136350395775e+10
4.118299181378714085e+09
1.973916037727268600e+10
1.609469744485772324e+10
1.289083650341854858e+10
3.393175836138757229e+09
2.388694936607054234e+09
6.424327906639838219e+09
1.837838663035317898e+09
1.029607768857930565e+10
1.232027004698578453e+10
1.121748856905049896e+10
1.297647537360659218e+10
5.669309479604748726e+09
3.729493494255075932e+09
2.298422216684762955e+10
5.942550833921383858e+09
1.694498552962099648e+10
1.074948171241208458e+10
1.102414640544387817e+10
1.369904707580329514e+10
