5.126573986392152405e+10
1.800000000000000000e+03
9.355899045806293488e+09
9.355899034926321030e+09
3.927391470218305588e+08
1.505490154965903997e+09
7.428601754037630081e+09
1.216152762122348595e+10
1.065091270479661942e+10
1.468423695156760597e+10
1.282574354767629242e+10
5.940795093849467039e+08
1.186096576834727478e+10
2.340894539781271935e+09
4.261370022341004848e+09
1.065788088500191307e+10
1.165772804585700035e+10
1.576895924464072227e+10
1.694205473376034164e+10
2.903435821016119003e+09
1.307367774461796188e+10
1.096890835123643303e+10
1.761593872824859619e+10
3.360265484723715782e+09
9.165017459530727386e+09
1.852609559838461685e+10
3.531858744611623287e+09
8.323569276991764069e+09
7.086318736605942726e+09
4.376792536781414986e+09
1.733778276007440948e+10
1.924807321985786057e+10
3.045886411989494324e+10
5.992075865517574310e+09
1.303699950167141151e+10
6.589405930859734535e+09
7.648968982159153938e+09
7.709409411075348854e+09
9.366372540106431961e+09
8.575773333961513519e+09
1.320626155054007339e+10
4.497591069850392342e+09
1.155991881387513924e+10
5.215590538707246780e+09
1.390906624688338661e+10
5.211675198557781219e+09
1.070879043279311180e+10
1.829332645206981659e+10
1.797380982882497406e+10
1.558034363785954666e+10
1.745723759803564072e+10
8.233136941287495613e+09
4.931810012919435501e+09
8.548354536673049927e+09
8.730803171328413010e+09
9.904997749173604965e+09
1.019861950176174736e+10
1.263411829768342209e+10
8.168144179575769424e+09
3.130289064815764904e+09
7.061700043731791973e+08
2.081331908178853035e+09
5.480576344044450760e+09
9.593936744154003143e+09
1.386905734225979042e+10
1.844877882431191683e+09
5.432555621266850471e+09
1.322231309012284279e+10
7.595123505456202507e+09
1.028025186750833321e+10
1.671710890989572716e+10
6.503015901151197433e+09
6.568239344114381790e+09
2.990169795311433792e+09
2.359235405973996735e+10
3.799236333702247143e+09
1.418090269507793617e+10
1.686721799881455994e+10
5.782176980133465528e+08
1.069282393045005989e+10
1.113456679777866745e+10
8.599981708054275513e+09
1.325603107868450737e+10
1.103308712406733131e+10
5.951706576128787994e+09
1.364905224775673485e+10
3.878423891441569328e+09
1.090988181012425613e+10
1.540446306894062281e+09
8.504352230137003899e+09
2.365982350875404739e+10
9.220586360391225815e+09
1.506460035369552994e+10
6.844512823725922108e+08
1.769694710793286324e+09
1.436501282910266495e+10
1.133956965597265959e+09
2.111193690618910217e+10
1.386683279110160255e+10
1.377068941583547211e+10
1.046859351313825226e+10
9.652051428326456070e+09
1.158636671405046844e+10
6.741676607306097031e+09
9.117301945129922867e+09
9.966486616120115280e+09
1.429892699660339546e+10
2.331516335845336151e+10
1.036663305369849014e+10
8.383587628764324188e+08
3.105403581847758770e+09
1.523928030399033737e+10
4.786871745323849678e+09
7.045615956575852394e+09
1.008322186771821022e+10
1.116381552217623520e+10
8.054244442015454292e+09
9.182589744272514343e+09
1.642396204612503052e+09
1.982940376309298325e+10
6.399450382920863152e+09
1.010062908091474533e+10
1.976751161326711655e+10
5.299479880960100174e+09
1.273094027788202286e+10
1.109310098269956970e+10
1.138166964475860596e+09
3.757584695832965374e+09
1.524510016492698193e+09
2.234501816704641819e+09
5.200266261841346741e+09
1.407524073142792130e+10
7.560241111581051826e+09
1.629972364207321358e+10
9.863705494642351151e+09
1.770542561273992157e+10
9.171970375278337479e+09
5.950400618053849220e+09
1.048341384292612267e+10
2.480820886659832478e+09
1.914523980901844788e+10
9.591119269680358887e+09
1.048258948080858994e+10
6.880455232210001945e+09
1.033152798342890739e+10
1.127778025135287476e+10
9.378608809550050735e+09
1.748918136167387390e+10
5.002908219741958380e+08
2.692182405484210587e+10
2.267466279977315903e+09
9.412648987075479507e+09
5.131031951484708786e+09
1.764173813735760212e+09
2.276618259435868454e+10
6.241143028678506851e+09
1.560534443410103416e+10
5.886387506174459457e+09
2.211761888822448730e+09
6.300309518024771690e+09
5.754619848559338570e+09
5.950066242352994919e+09
1.995924300978755188e+10
6.699317481315732956e+09
4.320225839498981476e+09
1.305057958731254959e+10
4.969835233807430267e+09
1.893859989406032085e+09
1.111726535538345146e+10
3.587234599523589134e+09
1.061045157032222557e+10
1.438495586323071861e+10
1.322698046825408554e+10
9.299278569922801971e+09
1.195027539865743256e+10
9.462158558821228027e+09
5.735545409406836510e+09
6.757114925164760590e+09
6.339906987002975464e+09
1.392411439204528999e+10
1.238619827282101822e+10
5.212846325829962730e+09
8.848955966644083023e+09
1.925064238873389435e+10
5.559697188070190430e+09
7.485584304531339645e+09
8.961950902908489227e+09
1.211012150383395386e+10
9.932440694048732758e+09
3.856815637308551788e+10
6.917356794540883064e+09
1.387388815469733429e+10
1.559351669130255508e+10
1.204738447228843451e+09
2.193784887880855083e+09
2.077170615417274475e+10
1.568359389751304150e+09
1.716153641137759686e+09
9.155593738712383270e+09
1.057254817956295395e+10
1.661616958763698387e+10
1.760167343565305328e+10
2.852672926467087173e+10
4.290167070377151489e+09
3.547204127452302456e+09
1.417728825302656746e+10
1.205954397612403488e+10
1.783934361920109177e+10
1.642720199028878784e+10
4.430215531138563156e+09
6.030118083648045540e+09
8.069362835086773634e+08
1.676202524129015732e+10
1.723174898691389847e+10
1.467399700438269043e+10
1.222457538930195618e+10
5.657449266818591118e+09
8.297665768585223198e+09
2.839670648736593723e+09
6.409653019060128212e+09
7.211580237584156990e+09
1.434495619698637247e+09
9.330240990359666824e+09
2.187363124948507309e+10
5.084422730882280350e+09
1.334075692309116173e+10
5.140331932210229874e+09
1.953354396277636051e+09
2.456244348158768082e+10
1.823696033255523682e+10
1.160380913470622063e+10
1.917985558443992615e+10
5.570668873616653442e+09
5.912568124093697548e+09
3.734915308705148697e+09
1.064222696949495554e+09
2.246242352963501930e+09
3.620265563981696129e+09
1.021099388409969330e+10
2.411060660224479675e+10
3.040894998458285332e+09
7.455017105761725426e+09
8.098922411165572166e+09
8.938193950448760986e+09
8.581332800204259872e+09
4.685176842823677063e+09
1.521090678943477631e+10
9.032423153942272186e+09
7.049480376769981384e+09
1.962101460439208603e+10
1.704349306355813026e+10
2.137358070540769196e+10
2.643655080086848736e+09
6.757280992787352800e+08
6.101991865071832657e+09
2.902968875353442383e+10
