2.828548715227596858e+03
2.000000000000000000e+03
2.793429783399757525e+03
2.753681580127391044e+03
2.211924364684824013e+03
2.292946220507482394e+03
2.397374476860384220e+03
2.802022932748041967e+03
3.207198490607367603e+03
2.583160942374773185e+03
2.613532597737652850e+03
2.803785980963401016e+03
2.791672685109078429e+03
2.702980424877175665e+03
2.873664786864971575e+03
2.334123880591972920e+03
2.775572016838058971e+03
2.728228784952176738e+03
2.414287031431052583e+03
2.710300141796848038e+03
2.835946371204550815e+03
2.695573605388279248e+03
2.791877929781237526e+03
2.734721310359777362e+03
3.123296021614618894e+03
2.570333931087117890e+03
2.881091254326837770e+03
3.241819791362249362e+03
2.354895979319086109e+03
3.007118915971448587e+03
2.827345468449919281e+03
2.754213288345355977e+03
2.706221923257191065e+03
2.832969652370303720e+03
2.513873003406195949e+03
2.592532384716436354e+03
2.635544355735497447e+03
3.097334036569207456e+03
2.734940919495987146e+03
2.738184599510197131e+03
2.585404916811664862e+03
2.646333084486432199e+03
2.461669563362070676e+03
2.604713052042935487e+03
3.133358286277098159e+03
2.871275703105122375e+03
2.802185031730337414e+03
2.617567827905580998e+03
3.163742835936453957e+03
2.667138972020005895e+03
2.715301613113059375e+03
2.960368317734382799e+03
2.839578197113551596e+03
3.053545592321769618e+03
2.949028377362608808e+03
2.808569641228074943e+03
2.522678285592382053e+03
2.816887260065761438e+03
2.784833700512905580e+03
2.508224136615684074e+03
2.644881753568295608e+03
2.319469779088802625e+03
2.349196196119000888e+03
2.461583798498313627e+03
2.788438073721169530e+03
2.767351661639217582e+03
2.614802425408099680e+03
2.668954872347675519e+03
2.974549308673171254e+03
2.383178002942044259e+03
2.801530715832505848e+03
2.810456980088405089e+03
2.595417220725319567e+03
2.689159468769647901e+03
2.500767288436687522e+03
2.756676397027071289e+03
2.617125474646142720e+03
3.308225061514315712e+03
2.676851489785050035e+03
2.514518242883258608e+03
2.456624476252531622e+03
2.641512579419153099e+03
3.074503982547247688e+03
2.627706572072715517e+03
2.984397547673314875e+03
2.994613700817547397e+03
2.405405936030906105e+03
2.820524629051913507e+03
2.585486690875003660e+03
2.858360916008926324e+03
3.168786259259664348e+03
2.540659694790368121e+03
2.784044400447759472e+03
2.872793875850886707e+03
2.422353642409027088e+03
2.478333532850675965e+03
2.762339535496279495e+03
3.111494492259950221e+03
2.601338800993450150e+03
2.462837674315261665e+03
2.495770992908910557e+03
2.542888621244387650e+03
2.190593233392078218e+03
3.148961230761070965e+03
2.409704562898617496e+03
2.645369987765213409e+03
2.571496653547641017e+03
2.628248104622342908e+03
2.439637843755436734e+03
2.610425585422894073e+03
2.972530634495900813e+03
2.867442521880877393e+03
3.017709733892355416e+03
2.852872203556805289e+03
3.099299979283636276e+03
2.689146298568361999e+03
2.587698955994958851e+03
3.157933864448021723e+03
2.492735096191997854e+03
2.385000732035794499e+03
2.851586832173354651e+03
2.410430319196500022e+03
2.347896771722510948e+03
2.285137197126393403e+03
3.065849510319117599e+03
2.356981795358107775e+03
2.969944096091752272e+03
2.862468324788764221e+03
2.644930719472848978e+03
2.597394571593791170e+03
2.608287921505715076e+03
3.160954078154840317e+03
2.474793527898277716e+03
2.886959879897880910e+03
2.975107156968497293e+03
2.848927889167580361e+03
2.909738484453615911e+03
3.288786644813805651e+03
2.771751939401805885e+03
2.249140512711443080e+03
2.446870987588381468e+03
2.765290167979203488e+03
2.783311806263589460e+03
2.565408687675212605e+03
2.719650663575899671e+03
2.759928994919488105e+03
2.466461543018593147e+03
2.710091226351605656e+03
2.666099659446061651e+03
2.845352454268622751e+03
2.535779712478184592e+03
2.695167019505867302e+03
2.643359319782072816e+03
2.597862734029116382e+03
2.644589114309508659e+03
2.979134565550463776e+03
2.625635171514637477e+03
2.681186596193195328e+03
2.667814082387909366e+03
2.526541555653959222e+03
2.949913429951452144e+03
2.265638321883107437e+03
2.511777735917678456e+03
2.262477927021049254e+03
2.487072574220268052e+03
2.809108580251852800e+03
2.449798160305986130e+03
2.831612674414260255e+03
2.496160599090903361e+03
2.566435431104770487e+03
2.834125706448387064e+03
2.731496493153520532e+03
2.529564770219324600e+03
2.536684054716481569e+03
2.772468275327051742e+03
2.429189977449888829e+03
2.529025445285654314e+03
3.296064072543063503e+03
2.785996072696671945e+03
2.601885166918039431e+03
2.908905638482184258e+03
3.231970681771358613e+03
2.403670596426150041e+03
2.480018972765620219e+03
2.889609152125179207e+03
2.639589441327920213e+03
2.911597703748554977e+03
2.613169617760038363e+03
2.923054879656046978e+03
3.179107053940758306e+03
2.904303286385346837e+03
2.841435576168634725e+03
2.961510210508886303e+03
2.802191808025700539e+03
2.595562773570226000e+03
2.580032877084067877e+03
3.215132101783414328e+03
2.779994480840903634e+03
2.816203796619470722e+03
2.825856716845893970e+03
2.641001318043701758e+03
2.605704034150721782e+03
2.672238921635805127e+03
2.698057418737213084e+03
2.847303457765546682e+03
2.880567526259061196e+03
2.850325538767878243e+03
2.832357975777921638e+03
3.240068221125947275e+03
2.539093219160221452e+03
2.732074239998577468e+03
2.188512640401810131e+03
2.637773787119157532e+03
2.897154912464427980e+03
2.737720680729550168e+03
2.530863236564262479e+03
2.222053564798560728e+03
2.633313762030327780e+03
2.574120239195628528e+03
2.543156739991552058e+03
2.968742403928838485e+03
2.869395797655458409e+03
3.123680199867557349e+03
2.960210577946959347e+03
2.264228081754954928e+03
2.830415103141846885e+03
2.626836873057508001e+03
2.289569105898237922e+03
2.747668386870911945e+03
2.863342242069847543e+03
2.857763614541754578e+03
2.945451263763731731e+03
2.528795978741362887e+03
2.828735875716192822e+03
2.649111808819829093e+03
2.597562601654183709e+03
2.838443204349359803e+03
2.481868973793184523e+03
3.087066255513929264e+03
2.495094894977192780e+03
2.590741846674139197e+03
2.762166509063525609e+03
2.795748158404794594e+03
2.941211158599405280e+03
2.640136461148631497e+03
2.442267372522690039e+03
2.923014333858966893e+03
2.189349483940208756e+03
2.605130323045612386e+03
2.388139409981920835e+03
2.644197259825089986e+03
2.881684822031174463e+03
2.570785469331152854e+03
2.615808199079878705e+03
2.423211571892492884e+03
2.466533794475268678e+03
