2.580463623441444724e+03
2.000000000000000000e+03
2.865622809482422781e+03
2.971649061892776444e+03
2.710179887971729841e+03
2.823376139077044172e+03
2.189850244342011138e+03
2.652722007171665155e+03
3.023750184843494480e+03
2.943325297108115137e+03
2.318507763862141019e+03
2.228589413774526292e+03
2.714018995058959717e+03
2.662942477929799679e+03
2.630632271340716215e+03
2.694494982115256789e+03
2.635409598625561557e+03
3.045351755773904642e+03
2.799928844260314690e+03
2.706082067293580167e+03
2.478402974359627478e+03
2.738040069672088066e+03
3.044617936145763906e+03
2.877616344892090638e+03
2.480526952074475957e+03
2.169650139799489807e+03
2.942900117996584413e+03
2.690770766540287696e+03
2.753106725969956642e+03
2.662220725102150027e+03
2.585822840665617605e+03
2.775359192318099304e+03
2.601439818484735952e+03
2.794914434325961338e+03
2.983890911387474262e+03
2.741601068447160742e+03
2.361342301242963003e+03
2.316262134201729623e+03
2.635799197216542780e+03
2.872433572463591190e+03
2.379644856204804455e+03
3.158658777889195335e+03
2.844002297084383827e+03
2.622880783287717350e+03
2.564673825754763129e+03
2.257191533267580326e+03
2.538383803566158349e+03
3.001452701109475129e+03
2.539570410270364846e+03
2.765495872871890242e+03
2.452103367004119264e+03
2.552169354543734244e+03
2.597727361910379841e+03
2.645354750579101164e+03
2.839706100576601330e+03
2.882250299522344903e+03
2.600486655381390847e+03
3.180053335126678576e+03
2.309138251308247163e+03
2.871006033830939941e+03
2.647519726395245925e+03
2.598945935538426966e+03
2.990493619997779206e+03
3.032434888481605412e+03
2.327928724047955257e+03
2.886406913323078697e+03
2.953415041589194971e+03
2.598424095207615210e+03
2.730002166854028928e+03
2.814438816019032856e+03
2.510195118350875418e+03
2.733318791821987361e+03
2.613997053935914664e+03
2.607115455306859076e+03
2.421651093854094142e+03
2.650982872083035090e+03
2.739991574672350907e+03
3.172452591023269633e+03
2.888590099322784681e+03
2.750327511868216789e+03
2.446394899855924450e+03
2.468108728948703174e+03
2.503188892848184878e+03
2.545606177723164819e+03
2.180636694893899403e+03
2.715592503059931914e+03
2.498326915821947296e+03
3.063189211344770229e+03
2.953566371185861044e+03
2.687544038052714313e+03
2.411926077341397104e+03
2.681751865938902483e+03
2.442369383602942889e+03
2.646864303698869662e+03
2.483223550944222552e+03
2.633359522986951561e+03
2.612735307664673201e+03
2.552007065709761719e+03
2.474536974772107897e+03
2.727688268056696870e+03
2.601102094600711098e+03
2.873778343490433144e+03
2.241437422257082289e+03
2.694963160593944849e+03
2.309987909451920132e+03
2.186608271756729209e+03
2.897599146828425546e+03
2.493152166190228854e+03
2.621259114705398588e+03
2.512264273778297593e+03
2.637630734367407058e+03
2.657019603436834586e+03
2.562437391256411956e+03
2.219276559177367744e+03
2.574503797557099006e+03
2.814838369756453176e+03
2.262808947437059942e+03
2.402018517698868436e+03
2.677343308248884568e+03
3.246610411976730575e+03
2.447791898147651864e+03
2.682303224679385494e+03
2.805705126030808060e+03
2.606292271997621810e+03
2.665770004790582789e+03
2.635345902727080556e+03
2.909853119281387535e+03
2.879063101159947109e+03
2.553065473389050567e+03
2.633360803986363862e+03
2.619328302164758952e+03
2.680440972707673609e+03
2.845519593737534706e+03
2.756702182463046029e+03
2.793759816420370953e+03
2.855229975818122966e+03
2.673560942864150093e+03
2.661926003078293434e+03
2.584736481595596160e+03
2.176529496557812308e+03
2.443028917660778461e+03
2.770195257553174997e+03
2.820530557684985524e+03
2.770037071122425004e+03
2.491573640803842864e+03
2.864851183570498506e+03
2.463590119503152891e+03
2.952894861194865371e+03
2.825914985919122955e+03
3.223196898371309544e+03
2.802507433011247485e+03
2.556828733825941526e+03
2.734985320390264860e+03
2.702444585941021614e+03
2.549537695764717682e+03
2.598209474845340083e+03
2.994752399070656793e+03
2.523474909234352708e+03
2.889489490184876558e+03
3.031675895614282126e+03
2.573156431783244443e+03
2.203606018448178929e+03
2.742035284212409351e+03
2.202420891912893694e+03
2.229740741195515056e+03
2.753336079790524309e+03
2.798728597291669303e+03
2.320916595340473577e+03
2.162859770922097596e+03
3.083952022438730637e+03
2.450505470088086440e+03
2.702894858117372223e+03
2.713705275367647573e+03
2.478925175713271983e+03
2.456835480222332080e+03
2.343933672664799360e+03
2.551991448222134750e+03
2.171603417427062141e+03
2.669077879593334728e+03
2.704075461121103217e+03
2.588037512408691782e+03
2.632415105081012371e+03
2.672142513048702313e+03
2.796674516815091465e+03
2.655464852924344086e+03
2.442231526854528511e+03
2.623739371320577447e+03
2.462108817738971993e+03
2.141019642937031676e+03
2.891943906342032278e+03
2.471723541351936547e+03
2.507715563498355550e+03
2.692845447779182450e+03
3.003021762802910871e+03
2.428705858948201694e+03
2.270772124791263195e+03
2.774498413962320683e+03
2.649717213268519572e+03
2.645948494604052939e+03
2.246214564208280535e+03
2.697664218032119607e+03
2.300408254367478548e+03
2.364863374163348908e+03
2.718787849962819109e+03
2.505755949635555680e+03
3.069155288246382497e+03
2.425097980456527694e+03
2.549410562055063565e+03
3.120801914642281190e+03
2.673816578583638147e+03
2.439457329856116758e+03
2.854963973026896383e+03
2.493365704802455184e+03
2.880195020058276896e+03
2.308245402882424514e+03
2.593261011588481324e+03
2.696820481227749951e+03
2.172569813292419894e+03
3.116630359300391319e+03
2.378930935928850886e+03
2.700590903492290636e+03
2.733540777151521070e+03
2.622207649481481894e+03
2.894814204145073745e+03
2.250892582162888630e+03
2.868040807201398366e+03
2.824045979048312347e+03
2.903378558324450751e+03
2.674226825199406903e+03
3.060318010023587703e+03
2.618458593369563459e+03
2.728946259442504015e+03
2.666432369808309886e+03
2.752958118179514713e+03
2.913653471545496814e+03
2.926782665396389348e+03
2.560313827098620095e+03
2.683504149466874878e+03
2.653792929721945256e+03
3.221446427956726438e+03
2.684596349830129839e+03
2.768799298450077913e+03
2.589281451651015686e+03
2.774481197928686925e+03
2.398374949401985759e+03
2.700507305929862923e+03
2.967104034412097462e+03
3.127736860049290499e+03
2.626980157256854000e+03
2.485819052231181104e+03
3.148699657373867922e+03
2.584946365539182352e+03
2.305066582130632924e+03
2.226816302249381806e+03
2.494470864298338711e+03
2.695017492716000561e+03
