3.321025455171487010e+03
2.000000000000000000e+03
2.336645653877659242e+03
2.570886159114672409e+03
2.622117271499819253e+03
2.174544229266628918e+03
3.047679790558272543e+03
2.360469074887003444e+03
2.923777089367248664e+03
2.414131791394505854e+03
3.131677762815274946e+03
2.950732240411457497e+03
2.809867940762433136e+03
2.694209146113837960e+03
2.588229818204556977e+03
2.834634618607748507e+03
2.553284413617217524e+03
2.347870292557872745e+03
2.599533125699955690e+03
2.500785976379948806e+03
2.625609769772428081e+03
3.168959218054843859e+03
3.011893659782770101e+03
2.717269095788479717e+03
3.165932138400243275e+03
3.149883657422494252e+03
2.641266649443121878e+03
2.466529402490700249e+03
2.610711087444075929e+03
2.574164276830164454e+03
2.707609273726467109e+03
2.943848075795118802e+03
2.740399013182792714e+03
2.524260009227504725e+03
2.646041553536714673e+03
2.843675176871729036e+03
2.655479723345590628e+03
2.822705497179342274e+03
3.148284864728609591e+03
2.875314657794005143e+03
2.567988083506693329e+03
2.890026393262393867e+03
2.408857673083874943e+03
2.546451319480005168e+03
2.431059726288054662e+03
2.831238148146638650e+03
2.836783600734042466e+03
2.444483279219101860e+03
2.890609031497950127e+03
3.020264021916595084e+03
2.966284817141057829e+03
2.836192266217161887e+03
2.719443558228697384e+03
2.893647247587111451e+03
2.872971050480656231e+03
2.539247658981238601e+03
2.956167950686623954e+03
3.099929888983754154e+03
2.885127793371189000e+03
2.926885902573018939e+03
2.799256821388362823e+03
2.491135339051036226e+03
3.003356969486189882e+03
2.671161808534612646e+03
2.456977453960524144e+03
2.751144990114574284e+03
2.714455738334970192e+03
2.709274798338035453e+03
2.560374357097143275e+03
2.871359967862630128e+03
2.188245989985310644e+03
2.635369515307766960e+03
2.720627153611043013e+03
2.728885692165229102e+03
2.872988001718646046e+03
2.766334672392833909e+03
2.613171402084632064e+03
2.836058336005130514e+03
2.935410445810964120e+03
2.688787372998174305e+03
2.330670505085599416e+03
2.844063101133757300e+03
2.469926963995518236e+03
2.776115386737502831e+03
2.682351454537089467e+03
2.871757534259617842e+03
2.587417680193727847e+03
2.853160580491787186e+03
2.768353713906114535e+03
2.620087780422327342e+03
2.579731845627879011e+03
2.586985893083093742e+03
2.861904795427663430e+03
2.369413724448422272e+03
2.579212204596422907e+03
2.575206648478424540e+03
2.764618283838844491e+03
2.739694268805213142e+03
2.726028623272453842e+03
2.751780266889220002e+03
3.066963397969086600e+03
2.614593605734844914e+03
2.788901267949802786e+03
2.970247147120141562e+03
2.709171711347119526e+03
2.850467925934321102e+03
2.724064460511205652e+03
2.370181219417239390e+03
2.778938605497417484e+03
2.600499628041646247e+03
2.797467510092972134e+03
3.159079403091366657e+03
3.031515280621827515e+03
2.587388129227889749e+03
2.505033529106696278e+03
2.613991839210837043e+03
2.709358557407254921e+03
2.809859578746933948e+03
2.897706704970927603e+03
3.521784604594811753e+03
2.405016413381976236e+03
2.158709815535201415e+03
2.756659641872347493e+03
2.269701470762814097e+03
2.857068080807769093e+03
2.624295469600008801e+03
2.607885467964013060e+03
3.103031503531089584e+03
2.479768149542848278e+03
2.587243994294930417e+03
2.203757221126579225e+03
2.798659986996747193e+03
2.379164645968811783e+03
2.467270305827343691e+03
2.765802288107748609e+03
2.369058266862633445e+03
2.420649317121576132e+03
2.641129928005513193e+03
2.782642771435560917e+03
2.671885300049979378e+03
2.690555550749904342e+03
2.849890961420803251e+03
3.120563305231940376e+03
2.563826756527823363e+03
2.901081358702963371e+03
2.806479353998036459e+03
2.820774540148799588e+03
2.625135311210568034e+03
2.953912975098070092e+03
2.457372283286459606e+03
3.056861246557834420e+03
2.204047424840089207e+03
2.451096999040108130e+03
2.749120162626294587e+03
2.700983499689905784e+03
2.982762702454328064e+03
3.027161329667483642e+03
2.811995477992303222e+03
2.463941198736933529e+03
2.730643226951055567e+03
3.019090067875823024e+03
2.637235006775021247e+03
3.088910625366826025e+03
3.032396673924385141e+03
2.217770680206718680e+03
2.932285454414147353e+03
2.560596173826387258e+03
2.505494995147930695e+03
2.829830749930143611e+03
2.405492517569000483e+03
2.600322090615337402e+03
2.925217380490446885e+03
2.683940127477148053e+03
2.537442355499920723e+03
2.643448436465655050e+03
2.878086186180385994e+03
3.028453072767379126e+03
2.921148601242142831e+03
2.606135908152084994e+03
3.096528105606460031e+03
2.476208893729164629e+03
2.629815744628342600e+03
2.426699989033771089e+03
2.726890881578776771e+03
2.646789519382281924e+03
2.571190717113147457e+03
2.527946733953073817e+03
2.943956303709776876e+03
2.595688257194014113e+03
2.879702900916735416e+03
2.815743610227404133e+03
2.847281004211029995e+03
2.883796147687981829e+03
2.846119658885967965e+03
2.806118775392684711e+03
2.912334284806906453e+03
2.458007219683027870e+03
2.398464402054219136e+03
2.952311045230404943e+03
2.355226236713388971e+03
2.356567235216825793e+03
2.354459733649801365e+03
2.616182902247516722e+03
2.672607389361399783e+03
2.841584325930063642e+03
2.904795691916874603e+03
2.139164740787482970e+03
2.841417951400315360e+03
2.886422326983342828e+03
2.656329412248461722e+03
3.177704958317784985e+03
2.399928248140653523e+03
2.703964418398042199e+03
2.407271313981106687e+03
2.368744766659527158e+03
2.271174799568033450e+03
2.875808829756822888e+03
2.911402329111261679e+03
2.978809429209216887e+03
2.653108601224738777e+03
2.239497320305311405e+03
2.622941530148963466e+03
2.704571507267015477e+03
2.623102682579617067e+03
3.164456018498530739e+03
2.766581749491942901e+03
2.794207737866972820e+03
2.876300856514747011e+03
2.777926825797882429e+03
2.263037299610913578e+03
2.583784998555235234e+03
2.241604857089700545e+03
2.519631187218722062e+03
2.826877430477496546e+03
2.286950930246542612e+03
2.827239189639363758e+03
2.719712917870287129e+03
2.964275937619257093e+03
2.498904338469554204e+03
2.912369043897597294e+03
2.732791054577211980e+03
2.518749703295921790e+03
2.614591240209276293e+03
3.021999069746545956e+03
2.515731657788390294e+03
2.586024682949528597e+03
3.019480210128816907e+03
2.784614626578371826e+03
2.711653039992124832e+03
3.099374041984759970e+03
3.027741165828527301e+03
2.688376471316039897e+03
2.604888162347003345e+03
2.483718316100138509e+03
2.713919231693676466e+03
2.604210848289244041e+03
