3.320366999201253293e+03
2.000000000000000000e+03
2.982921600423288510e+03
2.658693767451821714e+03
2.652502745611064256e+03
2.646359944566418562e+03
2.807540559230899817e+03
2.559067319188297915e+03
2.148965820107305717e+03
3.304761149486309932e+03
2.571100418638152405e+03
2.519390864868272274e+03
2.740483606408464311e+03
2.718074377326004651e+03
2.729683905824496378e+03
2.821357884946973627e+03
2.572196524148811477e+03
2.787742698005306011e+03
2.742949601113985409e+03
2.728014094522581217e+03
2.685837076060884101e+03
3.032853111791720039e+03
2.719863918041444776e+03
3.137381122902451807e+03
2.483611953361054020e+03
3.082960260116987229e+03
2.760666320795598494e+03
2.525312992696659421e+03
2.670850288919066770e+03
2.259721816846910770e+03
2.775224565589835038e+03
2.777071505643917135e+03
2.813135955503974401e+03
2.486674226353408812e+03
2.809451991600878500e+03
2.843927662308262370e+03
2.661340436870943904e+03
3.106488262891968134e+03
2.689221796036604246e+03
2.737112975115105201e+03
2.799553223676633934e+03
2.583717019772836011e+03
2.464616853247167001e+03
2.487210620426737933e+03
2.711376097448955534e+03
2.207684141910103790e+03
2.183595217953617521e+03
3.052611422266762474e+03
2.784879307076249006e+03
2.596246942310889153e+03
2.231432585760278926e+03
2.600845584522779063e+03
2.608923209590608167e+03
3.019873141509719062e+03
2.304570540330022595e+03
3.171277792236583991e+03
2.263156914473690449e+03
2.748912257751968809e+03
2.596805327408976609e+03
2.806900663456020993e+03
2.481744390859542364e+03
2.622434917513946402e+03
2.763769308729933073e+03
2.336172416967010122e+03
2.471895509415020115e+03
3.213232579285789143e+03
2.795963719819095786e+03
2.631222755027491985e+03
2.607030294769127977e+03
2.367481517825979154e+03
2.708055267729349453e+03
2.458522843886256851e+03
2.827244231452407803e+03
2.380055642477532729e+03
2.711602483450475120e+03
2.530932211003261273e+03
2.677642189897429034e+03
2.792710547184585266e+03
2.442543415792744327e+03
2.948251483814070980e+03
2.747422974367937968e+03
2.398906022407463752e+03
2.788173196386881045e+03
2.737692856082896924e+03
2.508431639772742528e+03
2.385558872589746898e+03
2.823856114670978968e+03
2.309059845017945918e+03
2.772797736025745962e+03
2.502488741931967525e+03
2.581959778077692135e+03
2.542012642930876609e+03
2.516292601372114859e+03
2.929962938744853091e+03
2.815154785531462039e+03
2.674913818493640065e+03
2.458655942617912842e+03
3.037984713952291258e+03
2.593634373315204357e+03
2.838177464237804998e+03
2.928588741629941524e+03
2.869268927488752524e+03
2.467497633054138987e+03
2.544158613400461945e+03
2.686692338335532895e+03
2.778061897397110442e+03
2.786824176095624352e+03
2.984538350342042577e+03
2.460489817916415632e+03
2.867684332041318157e+03
2.844002406657534266e+03
2.856313813778546319e+03
2.226506977359102166e+03
2.428573099152437862e+03
2.740719295956113911e+03
2.524837560481049877e+03
2.313957641048178630e+03
2.195759894860796976e+03
2.396942044945809812e+03
2.406130043225716690e+03
2.428866121669648692e+03
2.559019903502164652e+03
2.748716972430919668e+03
3.099245800906671320e+03
2.449543771641625426e+03
2.969378051568417050e+03
2.683990877692447611e+03
2.885131561775991486e+03
2.813657152338344531e+03
2.303863339725151945e+03
2.641619181982302052e+03
2.400472001364251355e+03
2.810417883936284852e+03
2.277618281317297715e+03
2.777808387789730205e+03
2.766161240235838704e+03
2.729070061543059182e+03
2.988404699510984756e+03
2.789460874911555948e+03
2.791527637396793580e+03
2.437666888195315096e+03
2.603413588611795603e+03
2.794860517751023508e+03
2.142200779437788697e+03
2.467559975168283927e+03
2.744744021718016484e+03
2.242971649098506532e+03
2.614423902014663781e+03
2.893623916583598202e+03
2.904971635495779083e+03
2.850943700942695614e+03
2.356981699743284025e+03
2.964764530272781030e+03
2.850152853161614985e+03
2.782769516012315762e+03
3.073552959847312195e+03
2.592364134859480600e+03
2.982706969270122499e+03
2.430147432227077388e+03
2.764331548278767059e+03
2.978413815564646484e+03
2.841418911938483689e+03
2.826952908629379635e+03
2.285095565783001803e+03
2.771890227013900130e+03
3.180693343229482252e+03
2.738633907301314593e+03
2.769422480801333222e+03
2.489085048899741196e+03
2.222537661548959477e+03
2.394263701728408250e+03
2.823237170223761495e+03
2.361242225525800677e+03
2.440592983396003092e+03
2.460824708282589199e+03
2.530921486350458508e+03
2.867127646271309459e+03
2.592369791704650197e+03
2.350633417556255154e+03
2.251979156663263893e+03
2.549751392347185174e+03
2.922025804472254549e+03
2.598802986832025908e+03
2.894349207685765123e+03
2.824385372403865858e+03
2.560460670380308329e+03
2.559895296435257478e+03
2.825661284251330471e+03
2.618555527850488488e+03
2.809757514439336319e+03
2.633493932858302287e+03
2.751213976219456526e+03
2.566326253903187535e+03
2.411888618841574953e+03
2.820714486827123437e+03
2.738182351425969500e+03
2.946029063214405141e+03
2.438666350818111823e+03
2.745947973499830823e+03
2.567085863233660348e+03
2.945654575323883819e+03
2.883881936160149962e+03
2.403211105283043707e+03
2.555185780829873693e+03
2.696989714497523892e+03
2.739981404179020501e+03
2.664902937248294165e+03
2.980635469771833414e+03
2.600666017719331649e+03
2.298645449720497709e+03
2.412580374349987324e+03
2.794770958560183317e+03
2.739689374242429949e+03
2.575475312884877894e+03
2.550679208536754686e+03
2.599956929227196724e+03
2.358582046712123883e+03
2.599931844163507776e+03
2.423194064349651853e+03
2.663655505623668432e+03
2.377471000623233067e+03
2.681332873157796712e+03
3.003904383792799308e+03
2.785520614094431494e+03
2.632365315077318883e+03
3.036052628960836955e+03
2.947833967255231073e+03
2.715370603212525566e+03
2.568061141864502133e+03
2.624364775146476859e+03
2.598880166053697849e+03
2.509782906556443777e+03
2.386359859850740122e+03
2.294083753841364341e+03
2.786630894504351090e+03
2.783156673678151037e+03
2.559162506892423153e+03
2.746464143851997505e+03
2.605813235045685815e+03
2.620130202841738992e+03
2.819324455375619436e+03
2.483518671648115287e+03
2.647233581512542969e+03
2.642223521621790496e+03
2.497367616729636666e+03
2.549967740266068631e+03
2.929329050789539906e+03
2.688159095840125701e+03
2.282414953723974577e+03
2.492809607866510760e+03
3.212598225155486034e+03
2.656730581528622224e+03
2.536176136316995326e+03
2.528950797762356615e+03
2.761756838781301667e+03
2.779294682095593089e+03
