2.592704770022643061e+03
2.000000000000000000e+03
2.638531946580123076e+03
2.629675963886342288e+03
2.167841872399072599e+03
2.468971046984842815e+03
2.654312298260161697e+03
2.664708113640257579e+03
2.655420415243096159e+03
2.929138473739096298e+03
2.298655557959314137e+03
2.643176207490465458e+03
3.203597266198080433e+03
2.667720943916907800e+03
2.479942541733717917e+03
2.656613580538163205e+03
3.046418569785736054e+03
2.499399779823337667e+03
2.542406818749447666e+03
2.584038312375093483e+03
2.621800529028599158e+03
2.858277239221362379e+03
2.789053090007950686e+03
2.661658567936243799e+03
2.735692497162239306e+03
2.821903193965494665e+03
2.944579502006104576e+03
2.652702584875019056e+03
2.435275705867697070e+03
2.611957019922580912e+03
2.374786902812440076e+03
2.806928075971841281e+03
2.794615924004320732e+03
2.410716625504568583e+03
2.882682262716745299e+03
2.278209655202521844e+03
2.706000011691889995e+03
2.874369229682639798e+03
2.606892492660472271e+03
3.162418683371312909e+03
2.984326501066072069e+03
2.500361040122969825e+03
2.772043689355213246e+03
2.597587448788755410e+03
2.549872148998792454e+03
2.772501559384649681e+03
2.717218472984276559e+03
2.901336459577821188e+03
2.875957138366499294e+03
2.794007568117868686e+03
2.703658072381231705e+03
2.873363173101495249e+03
2.543802015850170392e+03
2.743517105068693127e+03
2.149411534208403282e+03
2.404821845392743398e+03
2.232623533082020003e+03
2.483626847327776886e+03
2.468149946006672053e+03
2.876872130087547248e+03
2.438852549260609976e+03
3.600629578449876135e+03
2.774712737818889764e+03
2.322386857939502079e+03
2.751822409689912547e+03
2.531607123346843764e+03
2.571260833781588644e+03
2.880510015081362326e+03
2.695435132353751214e+03
2.565162506222381580e+03
2.570583288762147276e+03
2.926592967374230284e+03
2.835937392444685429e+03
2.945219089796280969e+03
2.500139878812653933e+03
2.580615128920329880e+03
2.836876062177077529e+03
3.003513754643355242e+03
2.992941259731252103e+03
2.538254276320195004e+03
2.671532564321684276e+03
2.654581981399113829e+03
2.592112135001329989e+03
2.411787736903321729e+03
2.624331691890802176e+03
2.904593459032919782e+03
2.380426903187925291e+03
2.520637628037194190e+03
2.549409764535452723e+03
2.240434800699831158e+03
2.657039434579769932e+03
2.543122657798970977e+03
3.193230965852399095e+03
2.475092893686384741e+03
3.052505686762547612e+03
2.856148586094182519e+03
2.504572864145188305e+03
2.611523693295035173e+03
2.502596490026169704e+03
2.700119827200599048e+03
2.303688534237950989e+03
2.313591185812337244e+03
2.636677585135513254e+03
2.951630323284175120e+03
2.690196897880400229e+03
2.916691467742945861e+03
2.635730121704146768e+03
2.631498758103141427e+03
2.802661097268661706e+03
2.741653430877870051e+03
2.694403547447081564e+03
2.486055552463260938e+03
2.892836028159965281e+03
2.625807728969636173e+03
2.481621787911519732e+03
2.452736448421619116e+03
3.029474143432003530e+03
2.901834267422673292e+03
2.397764358230876496e+03
2.811309772462994260e+03
2.754616479142771368e+03
2.643019168764506958e+03
2.197663349571083472e+03
2.729053913031849333e+03
2.601210738053226578e+03
2.485897211789339053e+03
2.748609165588200085e+03
2.742034903852360912e+03
2.491405831823926746e+03
2.851119725476339681e+03
3.176549861025341670e+03
2.358484158235671202e+03
2.826675948899455761e+03
2.645588057606696111e+03
2.738066834797654337e+03
2.901473975891344253e+03
2.553221911441518387e+03
2.326129438266085344e+03
2.632170614533155003e+03
2.748703364565321863e+03
2.830429538542304726e+03
2.403279913419266450e+03
2.277887153985301211e+03
2.455645271501093703e+03
2.864868712279275769e+03
2.868669108055962624e+03
2.643965369865542925e+03
2.250586577113809653e+03
2.877216066386154580e+03
2.405718844907691619e+03
2.582649382827167301e+03
2.910882916844939245e+03
2.769314485942382362e+03
2.951239808397290290e+03
2.836975704887961911e+03
2.900927422824795940e+03
2.920448260494164060e+03
2.219869398978258687e+03
2.663018737779168987e+03
2.804715142486757031e+03
2.420869605910163045e+03
2.300726579993419364e+03
2.722987383058818068e+03
2.638404022184253790e+03
2.874082525287160934e+03
2.623879750491787945e+03
2.686619778716331894e+03
2.576003644661027465e+03
2.404026388884944936e+03
2.838737995175911692e+03
2.815369291840767801e+03
2.828471123654492203e+03
2.480544380084432305e+03
2.796843845358941053e+03
2.548254621217469776e+03
2.718809109862358127e+03
2.971611133437949320e+03
3.360530219103110994e+03
2.326086134840985778e+03
2.379795652182254798e+03
2.615185586054502892e+03
2.876166035653284325e+03
2.610189234426540679e+03
2.513131283752196396e+03
2.610163913577874609e+03
2.735467236465937731e+03
2.925798894018308147e+03
2.914299935613165871e+03
2.893332308874129012e+03
2.889401806103403942e+03
2.695936381786257243e+03
2.691123499706308394e+03
2.997615586883649485e+03
2.484949806570553847e+03
2.554739996130590498e+03
2.698011522916767717e+03
2.668702667537368143e+03
2.353795501459362640e+03
2.953402176479572063e+03
2.755439958046125412e+03
2.912992207223106561e+03
3.179280097545718036e+03
2.901544615258353133e+03
2.663283191235956565e+03
3.132390279920523881e+03
2.974431163369097703e+03
2.542566060522237422e+03
2.947783861438060740e+03
2.719230044186835585e+03
2.638491461469898240e+03
2.424258053589907831e+03
2.751227304276531868e+03
2.722055778722936338e+03
2.704193855639164212e+03
2.885455010738650344e+03
2.716286342851266454e+03
2.230871519527331202e+03
2.853911602416549613e+03
2.506585775864741663e+03
2.797557837557684252e+03
2.659122294553233587e+03
2.930706793712573926e+03
2.586752281952223711e+03
2.301301198604593083e+03
2.477586822963020495e+03
2.487786187610572597e+03
2.969257637581621566e+03
2.742187845882085185e+03
2.742272123269786789e+03
3.136187689663559468e+03
2.904122323484662502e+03
2.466786776805009140e+03
2.846906942615622029e+03
2.378559409259104086e+03
2.792879236898145791e+03
2.773759324320787528e+03
2.949999899533222560e+03
2.745555403047613254e+03
2.823102769320834341e+03
2.826494607750148134e+03
2.663579046841721720e+03
2.570535784260785022e+03
2.467564576694755033e+03
2.861304559545630582e+03
3.192526370837223112e+03
2.570160925870182382e+03
2.539571643537124146e+03
2.515930559730288678e+03
2.682614777643259913e+03
2.915593557187422903e+03
2.821740578974322489e+03
3.067998050673735179e+03
2.267736357626930385e+03
2.392634492863572632e+03
2.576276280284984750e+03
2.814904040290039120e+03
