2.912573147572544258e+03
2.000000000000000000e+03
2.595071926122211607e+03
2.561713619693970941e+03
2.448032874870773867e+03
2.620444950797525053e+03
3.252657852827011084e+03
3.091379906288307666e+03
2.552066816701257267e+03
2.604177583867789963e+03
2.532566469554734795e+03
2.736892940615336556e+03
2.777516770237431501e+03
2.715751938651198543e+03
2.880846117879354097e+03
2.891887728236093608e+03
2.391776111384478099e+03
2.562882760488884287e+03
3.260455650618510845e+03
2.521974245293191416e+03
2.328020088302508157e+03
2.512727225346989144e+03
2.977168781871645024e+03
2.766456392227571996e+03
3.084977305642511055e+03
2.695744785955626867e+03
2.198047668149410583e+03
2.745510248969020722e+03
2.616558568423238285e+03
3.204968428037958802e+03
2.726902842496633639e+03
3.444278966794437565e+03
2.547239202102872696e+03
2.489913959513924965e+03
2.844121258165489053e+03
2.440569205883131417e+03
2.180068625144359430e+03
2.796877374704962222e+03
2.857336329828090129e+03
2.606278822519205733e+03
3.245339962247378025e+03
2.324619099183454637e+03
2.833534824284900424e+03
2.609214186413778407e+03
2.683735715878044630e+03
2.884741306747187537e+03
2.528944374310034163e+03
2.345453236263463168e+03
2.679611747635608481e+03
2.330944912909227241e+03
2.232033424616613956e+03
2.746789863187996161e+03
2.530448785207344372e+03
2.520552868124539145e+03
2.666603345747745152e+03
3.227431201090859759e+03
2.343545816525698683e+03
2.657246190444023796e+03
2.254584367643258702e+03
2.962647908987602023e+03
2.753141454315356441e+03
2.647453845828096746e+03
2.457541251468472183e+03
2.627526413701804358e+03
2.846190301814041959e+03
2.446680863963116735e+03
2.443310435207457886e+03
3.052636973663934441e+03
2.791561829395488076e+03
2.412179569942942180e+03
2.685030954533309796e+03
2.496842503498377027e+03
2.630200026978565802e+03
2.528271374410339376e+03
2.640848644301091554e+03
2.816394876118831235e+03
2.601426522266460779e+03
3.009871201225317236e+03
2.537825925985740923e+03
2.486536159321924060e+03
2.429242851870380036e+03
2.864753109291961209e+03
2.772585868724301235e+03
2.686734030405986232e+03
2.622167008305752461e+03
2.432072752141459659e+03
3.152674576967664507e+03
2.744236771596773906e+03
2.372492184105793967e+03
2.757438559429485395e+03
2.989178935008268127e+03
2.423898825858421333e+03
2.528612988352944740e+03
2.369939710906580331e+03
2.757521459349589804e+03
2.459077566161521190e+03
2.737206504392375791e+03
2.442522967349075770e+03
2.824155942706455789e+03
2.618275420905046758e+03
3.057534419785836690e+03
2.970200356045587796e+03
2.974175527488357147e+03
3.037165866876982363e+03
2.452627527868572543e+03
2.815826044121278301e+03
2.630868996796146803e+03
2.792990514631660972e+03
3.063695944702935321e+03
2.633855088236890424e+03
2.817736393869598032e+03
3.054396568386955096e+03
2.971618044527732309e+03
2.679101836642112630e+03
2.891175254532940926e+03
2.381650297839929863e+03
3.003872717110408757e+03
2.698346927322781085e+03
2.514193541305819053e+03
2.659976149113231713e+03
2.201350173260585507e+03
2.440669923457053756e+03
2.708564830411388357e+03
2.916450781344329698e+03
2.789292092752061762e+03
2.823088270044229375e+03
2.712019356696157956e+03
2.497341107388793262e+03
2.588883776046998264e+03
2.545466239064470301e+03
3.065187664790856616e+03
2.565134030616723976e+03
2.593708293065839371e+03
2.828813426452227304e+03
2.519500561903435482e+03
2.453874973458501699e+03
2.602809530210274716e+03
2.872853088587489765e+03
3.046228503807736615e+03
2.429950264801387675e+03
2.196603170136590052e+03
2.491002179201183480e+03
2.581269356363536644e+03
2.671979437854711705e+03
2.569083526455674473e+03
2.539875222782035053e+03
2.811286455548016875e+03
2.380011146422622915e+03
2.954704668894306451e+03
2.761909843121438826e+03
2.720927507959197101e+03
2.348900307357090696e+03
2.697931340756475038e+03
2.625033362506163485e+03
2.856352335814752678e+03
2.739244235427656349e+03
2.612840329962667056e+03
2.928388621661443267e+03
2.991084852191345362e+03
2.830949081716206820e+03
2.656703147385626835e+03
2.383916244417175221e+03
3.060125738711133636e+03
3.058337196938237412e+03
2.356296754755570873e+03
2.915407614167603242e+03
3.131362587237334992e+03
2.905249792751227233e+03
2.883539270229081922e+03
2.704060062153721447e+03
2.992923766659780995e+03
2.829074082721357627e+03
2.976008012478798719e+03
2.857598446933923697e+03
2.596894111549027002e+03
2.614612169131240080e+03
3.025845367207109120e+03
2.827704792464522143e+03
2.768695067774832751e+03
3.103561956491285400e+03
2.458706130763242072e+03
2.636054274733544844e+03
2.659468168135490487e+03
2.673996182068375674e+03
2.648679031573884004e+03
2.472025246940382203e+03
2.412032642743150518e+03
2.654925388989254316e+03
2.610905516944034389e+03
2.626949110991899488e+03
2.529897738848965673e+03
2.458750945743669945e+03
3.189121316059433866e+03
2.897306826744663340e+03
2.440106813303193121e+03
2.935231350275244040e+03
2.720109552315665951e+03
2.598168631883188937e+03
2.299434443757731970e+03
2.582118314663927777e+03
2.671212351429232058e+03
2.586903455652291086e+03
2.684221271419038203e+03
2.565256698930635139e+03
2.497954020788473372e+03
2.769597597631572626e+03
2.340949101789003635e+03
2.747870098083863923e+03
3.220385513575937239e+03
2.354940007302747290e+03
3.151802266391357080e+03
2.545368957202939782e+03
2.462400813505556016e+03
2.406021038454478912e+03
2.846595125571026074e+03
3.037732662561626967e+03
2.637811866706025739e+03
2.717965907859433173e+03
2.398072102151320451e+03
2.782561915253169900e+03
2.700790136575723409e+03
2.909175519498743597e+03
2.883027286932319839e+03
2.636302918475341812e+03
2.957271556844721090e+03
2.598376571318653532e+03
2.629613881796108672e+03
2.946601128073565633e+03
2.671911977890736580e+03
2.485090884162395923e+03
2.700762923004539516e+03
3.104241638247738592e+03
3.098325053247090182e+03
2.635245439867365349e+03
2.517015017385327610e+03
3.065962965899421306e+03
2.514850518210669179e+03
2.322822287023129320e+03
2.548117591716435982e+03
3.056844589135320348e+03
2.464055079617826323e+03
2.785997658074002175e+03
2.381717858564623384e+03
3.089341634082403289e+03
2.685809967209886963e+03
2.527112698973548504e+03
2.393929611106132597e+03
2.527683585494611634e+03
2.667729848415346623e+03
2.524307393312593831e+03
3.073654334516295421e+03
2.636857632193425161e+03
2.709226044458804154e+03
2.487983767737179278e+03
2.643113631155684288e+03
2.931813791611210490e+03
