2.287075622629575264e+03
2.000000000000000000e+03
2.630559772642560347e+03
2.638724388135342906e+03
2.301814970380507930e+03
2.718396858111499569e+03
2.922457644545740550e+03
2.627360334050729307e+03
2.482767735426035870e+03
2.225593416775566311e+03
2.659475770245550848e+03
2.534572853788042721e+03
2.581083527462900747e+03
2.545182541948450307e+03
2.545512765360639150e+03
3.086920841653573007e+03
2.650969154827353123e+03
2.811897289403097602e+03
2.395154760606926629e+03
2.839267994666037339e+03
2.714096406971508259e+03
2.627605147276552998e+03
2.552004776367329214e+03
2.312436098854705051e+03
2.917691596539511465e+03
2.572029948314473586e+03
2.797144597706431796e+03
2.395433027552865042e+03
2.907102264451048541e+03
2.983797597688569567e+03
2.440795481247570933e+03
3.122312836069831974e+03
2.762830605452560576e+03
2.558390734686020551e+03
2.293462489346038637e+03
2.558057841642248604e+03
2.797681886140468578e+03
2.651486223066858656e+03
2.710709616557297522e+03
3.140706685829985872e+03
3.008692224166910819e+03
2.560722610399398036e+03
2.697919099591000304e+03
2.846773827666564102e+03
2.438837819125151327e+03
2.585924435663576332e+03
2.886734719425189724e+03
2.563517502783744021e+03
3.170810748123705253e+03
2.891440480417751587e+03
2.298395529089735192e+03
2.826142436159525914e+03
2.266390532977323346e+03
2.778020102194657738e+03
2.648472102498446930e+03
2.618139368249021572e+03
2.699585870767848974e+03
2.263768651235190191e+03
2.622849904175377105e+03
2.720655127156561775e+03
2.341126552842736601e+03
2.932443012625922620e+03
2.885121944758991503e+03
3.123140934624100737e+03
2.754402489761289871e+03
2.436977282576687230e+03
2.946449956158997793e+03
2.631843098005228057e+03
2.561442390848978903e+03
3.483880092208700262e+03
2.657780596582983890e+03
2.725100361220020204e+03
2.845127299386539562e+03
3.099555420092969598e+03
2.776819237797094502e+03
2.799569546717078083e+03
2.544624317321925446e+03
2.903765619963519839e+03
2.705774655516820530e+03
2.146607975972412078e+03
2.572496102269292805e+03
2.806613558647093214e+03
2.684032709347650780e+03
2.743663335274284691e+03
2.580003422691615924e+03
2.859121383703886750e+03
2.634351679018986033e+03
2.783318336846924012e+03
2.536347639526026796e+03
2.900565980072642105e+03
3.030296214019856052e+03
2.673322145600389376e+03
2.692890340748126619e+03
2.512903775850649254e+03
2.755722303183132681e+03
3.060549194903126590e+03
2.708667809833689716e+03
2.841549706741869159e+03
2.914448214757671849e+03
2.765549152239493196e+03
2.662847124352276751e+03
2.372096669218431998e+03
3.056437046655189079e+03
2.810121504783374803e+03
2.840172234827030479e+03
2.620259495367624822e+03
2.670711501364205105e+03
2.493321430187614169e+03
2.627107227541050634e+03
2.774390391628714497e+03
2.437365714351372844e+03
3.003063577255144082e+03
2.562940430924949396e+03
2.640052792552059600e+03
3.050460438875366435e+03
2.847330064322152793e+03
2.882401930651833027e+03
2.720389978877758494e+03
2.623921689538980900e+03
2.977016365525853871e+03
2.688647997071171176e+03
3.043742201624477275e+03
2.312134266507046959e+03
2.597390923250631658e+03
2.575137006858255518e+03
2.594055141639040357e+03
2.688401719758355739e+03
2.659402215368050292e+03
2.801100985865247367e+03
2.574109319408242300e+03
3.222035379968557663e+03
2.858358367795427512e+03
2.869275633409840339e+03
2.617812388254865709e+03
2.897622871618399131e+03
2.679413289646902285e+03
3.015204597595339237e+03
2.268596685694221833e+03
2.665991865571666494e+03
2.358440525410776900e+03
2.800214629153935675e+03
2.663519056483700751e+03
2.849696348402162130e+03
2.569484209138050119e+03
2.716696250883546327e+03
2.681048414713560305e+03
2.581168997254118949e+03
2.586772648995940926e+03
2.932368016001330943e+03
2.733915120318084519e+03
2.631269538606260085e+03
2.626426498866083421e+03
2.803712205981323223e+03
2.780410081685700789e+03
3.050916644160035958e+03
3.261054480631333718e+03
2.689406557379253172e+03
2.534599595745144143e+03
2.460838084685529338e+03
2.535385075464180773e+03
2.996166278465010691e+03
2.793398125123453610e+03
2.704633283379084332e+03
2.347014965175875659e+03
2.782437433377497655e+03
2.439896800675660870e+03
2.953181596626173814e+03
2.599005614602870992e+03
2.651117128071767183e+03
2.557281191392875826e+03
3.086538923549707761e+03
2.189618782014284079e+03
2.624221535862552628e+03
2.563794272840975282e+03
3.090631550460033395e+03
2.858007940565156787e+03
2.896483916745406532e+03
2.166040762979759620e+03
2.916619400167734057e+03
2.915149928014005582e+03
2.836343986251533806e+03
2.511777060338392403e+03
2.506695401218263669e+03
2.839970039015707698e+03
2.307851386361131517e+03
2.890730724336948242e+03
2.743442771734426969e+03
2.697091992889639187e+03
2.624607166869644971e+03
2.791830748855083129e+03
2.845972653510987129e+03
2.646060351532134518e+03
2.542338826734168833e+03
2.636909381138430945e+03
2.972379514882528383e+03
2.242738043570841000e+03
2.730889610244285905e+03
2.471639873297320264e+03
2.627931920998900750e+03
3.287962075328782703e+03
2.672124631211627729e+03
2.602368322133555012e+03
3.180683553134706472e+03
2.393870142136602226e+03
2.570599262394503057e+03
2.621735598644898346e+03
2.382758094657691800e+03
2.927080745614947773e+03
2.811863015613892458e+03
2.595748660330696566e+03
2.245751698687994121e+03
2.634944856810004239e+03
2.543709310105336954e+03
2.760931026303892395e+03
2.791100988135299303e+03
2.645694109146481424e+03
2.616092163000953860e+03
3.162839944168098555e+03
3.160554421330796686e+03
2.616532724955163758e+03
2.843395117345112794e+03
2.739454432799291226e+03
2.621715155657757350e+03
2.746960985381824685e+03
2.435023927245856157e+03
2.621124824518363312e+03
2.637723115214406334e+03
2.810046827335367198e+03
3.006542894078468635e+03
2.565872723085091820e+03
2.713640412655394357e+03
2.599136966795241278e+03
2.602665740543001448e+03
2.802110097675855741e+03
2.872001180718592877e+03
2.765704253130351844e+03
2.954696404618048291e+03
2.384019593434213675e+03
2.509246417559996189e+03
3.071879137888335208e+03
2.857400755430608115e+03
2.540384399487987594e+03
3.074961524701213420e+03
2.759963094561095659e+03
2.917549107497797650e+03
2.672273082595239430e+03
2.706220613825958935e+03
2.972390731860082269e+03
2.741989608674291958e+03
2.395588993299950289e+03
2.548101704660784890e+03
2.412971799053741506e+03
2.697137927649898302e+03
2.650078600066250601e+03
2.791880526236754122e+03
3.077267456565224620e+03
