3.283644394759709940e+03
2.000000000000000000e+03
2.845210191299974667e+03
2.903627231676623524e+03
2.982079308036287330e+03
2.260990271690075588e+03
2.727438287471471995e+03
3.000035167461291167e+03
2.668001462786950015e+03
2.349743148171420671e+03
2.454057667603796745e+03
2.632710105735768138e+03
2.317917357721333246e+03
2.842736795457939479e+03
2.978722400906306120e+03
2.606043551674950322e+03
2.558303974565008957e+03
2.600220110799011763e+03
2.807996029421268759e+03
2.591600801632258481e+03
3.084294012778406341e+03
2.396476810954067787e+03
3.102655651646420665e+03
2.322716851938246691e+03
2.432633932157747950e+03
3.040468534665922562e+03
2.468364627206849946e+03
2.467226373876761045e+03
2.709006507336370760e+03
2.862140978550465206e+03
2.695319033169398608e+03
2.752010748967028576e+03
2.909607884753131657e+03
2.873919750599275176e+03
2.445258071299526364e+03
3.046500275955443612e+03
2.893400572168371582e+03
2.966578616095800498e+03
2.426335544570016737e+03
3.018356994646978819e+03
2.736376597850791313e+03
2.567552935291179438e+03
2.462280206507847652e+03
2.969948329218303115e+03
2.526961277772588801e+03
2.452631325022830879e+03
2.715345620662752481e+03
2.841176710876690777e+03
2.661223176603917636e+03
2.762455162360788563e+03
2.540781032925246109e+03
2.682892632901430261e+03
2.579206295977384798e+03
2.523164430198264199e+03
2.515208977466825218e+03
2.683955801046629858e+03
2.786309909482106377e+03
2.877083881180891694e+03
2.699589909055019234e+03
2.484323738932229844e+03
2.855213185824596621e+03
2.816331408974439455e+03
2.438441722981847761e+03
2.750587365337976280e+03
2.928243915290067889e+03
2.787609779141448598e+03
3.035326308043448989e+03
2.545163003355059118e+03
2.697390845789449941e+03
2.994375736001099995e+03
2.778772384089043044e+03
3.083666763603755044e+03
2.420611392944761064e+03
2.199962710910563601e+03
2.377744497235325980e+03
2.681980111588605723e+03
2.794787654692857359e+03
2.535440773049938343e+03
2.894531626555370167e+03
2.591913330205329657e+03
2.659647468122520877e+03
2.391669795170400903e+03
2.420746399025279970e+03
2.871792252387048393e+03
2.717313926637904842e+03
2.841040526100342049e+03
2.683938459311819315e+03
2.196636025924021851e+03
3.004255551964889037e+03
2.799673048408106752e+03
3.093343644504192980e+03
2.600746615013645624e+03
3.151896171715068704e+03
2.622324619931956022e+03
2.846663539783423403e+03
2.357287363349804764e+03
2.419268203910611192e+03
2.703886835355905077e+03
3.216848637127966413e+03
2.805674855088899676e+03
2.738466697239597124e+03
2.707126529246719656e+03
2.535638625025438159e+03
2.245915538962221945e+03
2.465633137176043419e+03
2.506612016106688770e+03
2.721055551931678565e+03
3.014156587024803684e+03
2.645522777897854667e+03
2.213565458443796615e+03
2.862672043055463291e+03
2.653520150881638529e+03
2.316597300360102054e+03
2.316766690463866780e+03
2.610312145266579137e+03
2.623955983707242012e+03
2.665020057505900695e+03
2.332548644079688074e+03
2.745250530145370703e+03
2.844508111007462503e+03
2.975265045697328787e+03
2.836403631760546432e+03
2.703847388346353910e+03
2.631616106838465839e+03
2.529428972680733750e+03
2.419353119945921662e+03
2.836270326479325377e+03
3.032672661014971709e+03
2.313966062577251705e+03
2.514157880442598071e+03
2.288980667804957648e+03
2.625767919922729561e+03
2.983089886774604565e+03
2.881878946796433411e+03
2.952749436231575601e+03
2.721534616787584127e+03
2.895457391473904408e+03
2.270312856626766916e+03
2.978140606559722983e+03
2.510072527671811713e+03
2.807212688618839820e+03
2.202386205444219286e+03
2.767829044558290661e+03
2.813328697178484617e+03
2.752538317987955452e+03
2.872908815137783677e+03
2.378343405292255738e+03
3.076026361274951796e+03
2.620368862325762166e+03
2.737654208832264885e+03
2.714440922341937039e+03
2.385130849794366441e+03
2.653084581822323798e+03
2.263796824694793031e+03
2.785362121940181169e+03
2.522165044525143458e+03
2.339248998518562075e+03
2.831341093463580364e+03
2.586093872553803521e+03
2.968767599161518774e+03
3.035135393982974165e+03
2.732132089143200119e+03
2.476648251725537648e+03
2.827572088422064098e+03
2.699565534358340756e+03
3.044506882643149765e+03
2.822603880525774002e+03
2.342038543918890355e+03
2.855434593531450446e+03
2.777933598722122042e+03
2.562158676352701150e+03
2.597233344339948417e+03
2.457739746315791308e+03
2.614677686269310925e+03
2.559798705937223986e+03
2.920115765028077476e+03
2.621261453559454367e+03
2.661461339985923132e+03
2.741345565309257836e+03
2.758707011646544288e+03
2.653483203882167800e+03
2.558617599241441440e+03
2.173797129759574091e+03
2.236212254414298513e+03
2.857012280174114494e+03
3.262838287070244405e+03
2.685713052877369591e+03
2.972369319734792953e+03
2.984765543402198546e+03
2.956173579062086446e+03
2.551143681398805711e+03
2.958218803272654441e+03
3.244898349584566859e+03
2.510323938428326528e+03
2.286100665613229467e+03
2.365623714892746193e+03
2.595830071074151874e+03
2.734574159429717838e+03
2.995968252386704535e+03
3.138833198728879324e+03
2.963748228513873073e+03
2.870370401491667053e+03
2.936094970755670602e+03
2.697370022150169916e+03
2.695981695849702646e+03
2.160828353449602673e+03
2.380736925429647272e+03
2.866840778122119900e+03
2.482269971958574843e+03
2.668874283645290689e+03
3.125352264054459738e+03
2.440150669060025393e+03
2.635222077143173919e+03
2.879650569399634605e+03
3.048726848621096906e+03
2.247645707145039978e+03
2.534262435605278370e+03
2.801285644641022373e+03
3.209124680671641727e+03
2.164743605721644599e+03
2.655021085035188207e+03
2.378917184195531263e+03
2.566885747964197435e+03
2.441174753575808154e+03
2.677041308770236355e+03
2.703925265575770482e+03
3.008862186954661865e+03
2.815352864595324263e+03
3.090108220882918431e+03
3.195251198186683723e+03
3.050321066344958126e+03
3.135112982308563005e+03
3.016353397284760831e+03
2.450299643943666069e+03
2.750773704031356829e+03
2.804789769516122760e+03
2.254373106046188241e+03
2.701484584624812214e+03
2.781475184468745738e+03
2.885569970494860172e+03
2.822894932712546506e+03
2.572359522363923134e+03
2.682692428854721129e+03
2.641606141836125062e+03
2.436583490668027025e+03
2.201305838574191966e+03
2.315988584151880332e+03
2.629055281960512730e+03
2.690121242890552821e+03
2.634190601232235622e+03
2.659608863424376977e+03
2.637921135397245052e+03
2.898998995715751789e+03
2.700539315049346442e+03
2.620413874966414369e+03
3.029037238242442072e+03
