3.095080204359988784e+03
2.000000000000000000e+03
2.640552945692645153e+03
2.688086770330946820e+03
2.638153388436664045e+03
2.696469694695943417e+03
2.413364307544193252e+03
2.370489254483027253e+03
2.833492638096832252e+03
2.631848546906130196e+03
2.881878829925961327e+03
2.743504850319384786e+03
2.318296157644827872e+03
2.596119718020344408e+03
2.932152578866711337e+03
2.864984094562919381e+03
3.041536479346519627e+03
2.832928098437204426e+03
2.348639539849910761e+03
2.618618664992833146e+03
2.543609783881364365e+03
2.366400059585668259e+03
3.019238616090436153e+03
2.348830447409617136e+03
3.001272512066281706e+03
2.512906803077757559e+03
2.898980669100636987e+03
2.992348662193518521e+03
2.559291134192196296e+03
2.902854764580555184e+03
2.756976158067621782e+03
2.957298223494155991e+03
2.774538667910572713e+03
2.929416545872682491e+03
2.282982350309066078e+03
2.980705049249356762e+03
2.822352478030957172e+03
2.402056033232046957e+03
2.504017136473358278e+03
2.844067178196870373e+03
2.928499428133435686e+03
2.429037069880942909e+03
2.563190362836495297e+03
2.212283390754688753e+03
2.941475250311105356e+03
3.009140963955839197e+03
2.248049677962043461e+03
3.135380406627538832e+03
2.614739848698951391e+03
2.530183398520585797e+03
2.756605335569770432e+03
2.893674414568883549e+03
2.383503903856912984e+03
2.552612422831184176e+03
2.237178900275700016e+03
2.708898220376402151e+03
2.588048278365296937e+03
3.413554465085744141e+03
2.406828201410162819e+03
2.759722056349973172e+03
2.174331278923421451e+03
2.736465730240225184e+03
2.526625602555417572e+03
2.600068936293487241e+03
2.512144152505591137e+03
2.630926725618638102e+03
2.824874185489386491e+03
2.151132983085216893e+03
2.770829729667832908e+03
2.704634893001360524e+03
2.442259154226548617e+03
2.468151879125458436e+03
3.131197896665843473e+03
2.539820324530557627e+03
2.729912523243535816e+03
2.862179135111813594e+03
2.414431747336668650e+03
2.388826705249805855e+03
2.704274462072896767e+03
2.395656919980655857e+03
2.967677432276235322e+03
2.862772950658914851e+03
2.979075199309490472e+03
2.794370745049847756e+03
2.917956328836271041e+03
2.819365181557182950e+03
2.943273701064700617e+03
2.552582697878360250e+03
2.557348373879854989e+03
2.348688146759836854e+03
2.806076053201515606e+03
2.622003363117721619e+03
2.860448515540330391e+03
2.652844230595532281e+03
3.115522473500386695e+03
2.924764190339502420e+03
3.031625048196151965e+03
2.788659385290772207e+03
2.630670291402032035e+03
2.659948630183174828e+03
2.452668291833407238e+03
3.037003939403050936e+03
2.651121994903466657e+03
2.818113006318554653e+03
2.831848271803111857e+03
2.159785572152314671e+03
3.014050731925193304e+03
3.033359882183186983e+03
2.528565581126477809e+03
2.873180193780712216e+03
2.693587505048555613e+03
2.707905710826566064e+03
2.764686817413471545e+03
2.559249265272892899e+03
2.738395159964823051e+03
2.906402394766743782e+03
2.318020768450157448e+03
2.770025326289561235e+03
2.549545968142616402e+03
2.688542033872105549e+03
2.640025490420819096e+03
2.529217018325637127e+03
2.671915123654324816e+03
2.471578303416633389e+03
2.828761079954418619e+03
2.455156732611965708e+03
2.415406041582841226e+03
3.204298764876304176e+03
2.487545007587439613e+03
2.463874796758409957e+03
2.400043560363386405e+03
2.730193489925748054e+03
2.927518989898502696e+03
3.067825791926361489e+03
2.832286245128277187e+03
2.342950154101964472e+03
2.877899019007597417e+03
2.634373113242422733e+03
2.431661498508352452e+03
2.419532650133910920e+03
2.617915384190745499e+03
2.422962758955948175e+03
2.683433130034070473e+03
2.640499805916115292e+03
2.158954205982116491e+03
2.578556980999986990e+03
2.352636741098640414e+03
2.234747756022026806e+03
2.680205711340050584e+03
2.846738410820080844e+03
2.806195604800816454e+03
2.538075007147858742e+03
2.559127781155962566e+03
2.510582666229679944e+03
2.382337157256098635e+03
2.901380425994405869e+03
2.317246672364493861e+03
2.786885570999649190e+03
2.835169085677688145e+03
2.603794935991157217e+03
2.538222655677288003e+03
2.789931494993350498e+03
2.852619975500455894e+03
2.205176820273255089e+03
2.819460317041183771e+03
2.603660314819481755e+03
2.632393040170156837e+03
2.648978746144233810e+03
2.920512573875547332e+03
2.298764038264306691e+03
2.940759158057680906e+03
2.741393955107163947e+03
2.614731545159196685e+03
2.666672591903339708e+03
3.132193140367604883e+03
2.771952016259171614e+03
2.564084376438137497e+03
2.906726263434128668e+03
2.744749710651190981e+03
2.682315840009116073e+03
2.460942673806246603e+03
3.039178852303391068e+03
2.683948648239197610e+03
2.680799176794802406e+03
2.457335922736881002e+03
2.649678756506382342e+03
2.947598282678383839e+03
2.770629319715231304e+03
2.673548544274487995e+03
2.974297415711452231e+03
2.559516945316895999e+03
2.799427600122599870e+03
2.316882544794572823e+03
2.693078815262076205e+03
2.692156414809783200e+03
2.457674853949716180e+03
2.847000553199404294e+03
2.534110265310267096e+03
3.036422369604532832e+03
2.701316723623241160e+03
3.091558554604837809e+03
2.661206322922016625e+03
2.583609091590177286e+03
2.440282956278831534e+03
2.798255053974420662e+03
2.544353886238300220e+03
2.472601349434954045e+03
2.804168916183236888e+03
2.888422210050150170e+03
2.849696408422255899e+03
2.828787740723786101e+03
2.325196150557563669e+03
3.147065954184952716e+03
2.637119211946821451e+03
2.950305097264852520e+03
2.669291204021764315e+03
2.620197964702186709e+03
2.482553356432986220e+03
2.738317832122238087e+03
2.594778643436286075e+03
2.387728270098301437e+03
2.730682436092406533e+03
2.247121702936256952e+03
2.715105310900592485e+03
2.594625492711598781e+03
2.742627302098057953e+03
2.917070301879608905e+03
2.618957230799707759e+03
2.923553325590941313e+03
2.544227968595590482e+03
2.495339289130451562e+03
2.904989013503164642e+03
2.724007265560927863e+03
2.670353994691828575e+03
2.571755491168238677e+03
3.093353391970086705e+03
2.828270518265993815e+03
3.068987885186064887e+03
2.500290172211472964e+03
3.009028998400380715e+03
2.967584045218628489e+03
2.973269182732353329e+03
2.642876700178343981e+03
2.200550027703074647e+03
2.576786432885012346e+03
3.173798595566117910e+03
2.989782806156189508e+03
3.000055667114476364e+03
2.239806489438316476e+03
2.685942287419044987e+03
2.495505907788712193e+03
2.464444911828277782e+03
2.818198681453514837e+03
2.658300463120930999e+03
3.041403593297583484e+03
2.895596136182968621e+03
