2.415829525259697675e+03
2.000000000000000000e+03
2.453170058876335133e+03
2.603525761132660136e+03
2.699257946328973958e+03
2.299271044454600542e+03
2.829352067809272739e+03
2.571399215558231845e+03
2.417387677820678618e+03
2.417604945997382856e+03
2.155921301010191655e+03
3.009528179240344798e+03
2.899347224516447568e+03
2.655954571360124191e+03
2.455172755457363110e+03
3.049141647625772293e+03
2.757702653171497332e+03
2.861069176182255887e+03
2.500751560401010465e+03
2.562358234448299299e+03
2.999211411760968986e+03
2.731317863036784729e+03
2.754659742576897770e+03
2.636302671757331609e+03
2.904983573499870090e+03
2.691495207402676897e+03
2.550963618575065084e+03
2.351226155017465771e+03
3.140298648230280378e+03
2.869309818451257343e+03
2.627183507420380920e+03
2.669792525457674856e+03
2.768487503659569029e+03
2.799477559344037218e+03
2.480517876175315905e+03
2.476147659126853796e+03
2.769953752863220870e+03
2.977092486776897204e+03
2.771697303731617922e+03
2.537417053023582412e+03
2.568489714759431081e+03
2.409234829984421140e+03
2.697936350098615549e+03
2.621237985128413584e+03
2.525082745713133136e+03
2.805406978134423298e+03
2.613367763482518967e+03
2.594660266141616830e+03
2.236908139317517453e+03
2.481062782521680674e+03
2.762734747703899302e+03
2.126079729062987553e+03
2.704812161869494958e+03
2.613935499925788008e+03
2.928700265213787588e+03
2.303050941425297424e+03
2.769551324663216292e+03
2.742815536367992991e+03
2.513146553220549777e+03
2.537973498715270580e+03
2.607807763273871387e+03
2.482679985800798931e+03
2.830303598740089910e+03
2.407002058273418243e+03
2.764258549981017950e+03
2.542983548235446960e+03
2.654691128625704550e+03
2.777015490945790589e+03
2.597341421000020091e+03
2.283554365803490327e+03
2.729628616580681410e+03
3.081051238064591416e+03
2.716388404085630555e+03
2.820809027555361354e+03
2.542231303686806314e+03
2.588903957526912563e+03
2.766526760332419144e+03
2.848240618110963169e+03
2.951640148810836763e+03
2.502495936722601982e+03
3.036083423893351210e+03
2.545358122499354977e+03
2.184880246513424936e+03
2.463679596859007233e+03
2.681908293002729351e+03
2.863600648513084252e+03
2.730532396447317296e+03
2.826048873977342282e+03
2.968204441305907494e+03
2.822393777977307309e+03
3.005821029081034794e+03
2.687191488428979937e+03
2.733453878556326345e+03
2.435885744043836439e+03
2.670198810521577343e+03
2.865168975915768897e+03
2.652180461949357777e+03
2.735138382741683017e+03
2.507862914775072568e+03
2.785244707851012663e+03
2.241936832082365072e+03
2.917350602861328298e+03
2.674972212592997039e+03
2.995197023749940854e+03
2.699899214252662205e+03
2.869946917913522611e+03
2.684967719316834064e+03
2.263584858967842592e+03
2.653418481729468112e+03
2.556141101024604723e+03
2.586965693250021104e+03
2.646653720703477575e+03
2.874917556921535834e+03
2.266678338225970492e+03
2.669640365003819170e+03
2.954073479133220644e+03
2.479507461155303645e+03
2.623548956218067360e+03
2.793834056133068316e+03
2.853029958740415168e+03
2.761762035108978125e+03
2.253062767149605406e+03
2.668077213551374371e+03
2.576144528702759089e+03
2.742437590967696906e+03
2.794877432777428567e+03
2.875116401508956642e+03
2.979267463615585712e+03
2.396535857931327428e+03
2.615143277986558132e+03
2.752683847954419434e+03
2.599951567070859710e+03
2.511489428484157997e+03
2.694956850875136752e+03
2.541016417618122432e+03
2.351710394913489836e+03
2.338082169460959449e+03
2.692280646562228412e+03
2.739875039923371332e+03
2.808770835951609570e+03
2.443540229648271634e+03
2.976913558648259823e+03
2.840644520277891388e+03
2.786602491857917812e+03
2.690183833540842897e+03
2.921408459264701378e+03
2.691880889217135973e+03
2.797012880434399449e+03
2.453303306868990148e+03
2.383405253582374826e+03
2.613597820005048561e+03
2.507389085460396473e+03
3.133079890120907294e+03
2.587375163465927017e+03
3.242905863717073771e+03
2.645989565818152641e+03
2.238200977999024417e+03
2.757873239170207853e+03
2.428756652967787886e+03
2.776759706887175980e+03
2.545477543772013632e+03
2.531007589450026899e+03
2.790691108662417719e+03
2.410087279809514712e+03
2.864760327854970910e+03
3.332619004246696932e+03
2.375334387902489652e+03
2.531633768730167048e+03
2.753802709935393068e+03
3.047523440745388143e+03
3.028754087510203135e+03
2.549479335806312520e+03
2.226589608127455449e+03
2.541314238199062402e+03
2.602890700169409229e+03
2.421533424432705033e+03
2.828970743456306536e+03
2.790968969716360334e+03
2.449229472780328251e+03
2.571744553010976233e+03
2.711928380858959827e+03
2.972595406724156419e+03
2.671917361069993603e+03
2.596581413587950919e+03
2.586485101651443074e+03
3.070537712149177423e+03
3.057155464585675418e+03
2.660111593530646132e+03
2.815960202268774083e+03
2.571320740886629665e+03
2.369436268261000350e+03
2.777819396670657170e+03
3.108757109665915323e+03
2.508334565636493153e+03
2.675976010057943768e+03
3.003831807310268687e+03
2.488735688712703904e+03
2.885129750233044433e+03
2.428009816316678553e+03
2.394668898610649194e+03
2.730046552867195714e+03
2.238611429258465250e+03
2.236243188277261652e+03
2.668180033298623130e+03
2.699874841392547751e+03
2.647160556789933253e+03
2.661813214570181572e+03
2.781355002576167863e+03
2.901693081878534485e+03
2.471428079725907082e+03
2.457542149951892497e+03
2.779630699297677438e+03
2.836324748065622771e+03
2.547514417823580970e+03
3.159416218910451335e+03
2.733321037959907244e+03
2.955500867416739311e+03
2.973822974663508830e+03
2.839452071186590729e+03
2.758666783172119722e+03
2.859870033604366654e+03
2.851242286372156286e+03
2.908458322769614369e+03
2.674809603271071865e+03
2.577014010335110470e+03
2.819634757085607816e+03
2.454153207900872530e+03
2.812529364990226441e+03
2.847579901442876690e+03
2.726917440910253390e+03
2.816344223831394174e+03
2.753831656736610967e+03
2.873952809331652134e+03
2.577478407538773354e+03
2.460780971052237874e+03
2.620378558800336123e+03
2.342103907643990169e+03
2.746315764748545917e+03
3.189956681708570613e+03
2.293031373375473777e+03
2.476944174850204035e+03
2.485417986983228730e+03
2.671158156402792429e+03
3.121646749134951278e+03
2.689603402715291395e+03
2.849768536375589520e+03
2.623405349890186244e+03
2.619258727010491384e+03
2.538730009926770435e+03
2.675097036471799584e+03
2.822646346911837099e+03
3.086854333645315364e+03
3.028513521441942885e+03
2.863342437190508917e+03
2.367410029604654028e+03
3.356863862767472710e+03
