2.682737207509715063e+03
2.000000000000000000e+03
2.709413613305290710e+03
2.906205022351740354e+03
2.708429407101938523e+03
2.906717645243995321e+03
2.464163449651855444e+03
2.455975394936358043e+03
2.427895496333448136e+03
2.473228103020413073e+03
2.804478788813580650e+03
2.873333978112155364e+03
2.593451549394502763e+03
2.589296232189205966e+03
2.760987948542672711e+03
2.974035261689438812e+03
2.830634125571155892e+03
2.494339139498551958e+03
2.994757726319366157e+03
2.423646944073633676e+03
2.693336945480931263e+03
2.756277303237066462e+03
2.662285825955141263e+03
2.519699101660575707e+03
2.732507662414438528e+03
2.819231549035197531e+03
2.816052461645622316e+03
2.512949928423497568e+03
2.211723641209946436e+03
2.588678487245679207e+03
2.745490219792881362e+03
2.951466746411606891e+03
2.515441073877370854e+03
3.004000214337259422e+03
3.005841825846332085e+03
2.482177721155573181e+03
2.714714906103815338e+03
2.757697107773047719e+03
2.327560657752818770e+03
2.983421168002330887e+03
2.977043697192066702e+03
2.468369159582958673e+03
2.346912906735072738e+03
2.339451748184386361e+03
2.110822668073044497e+03
2.716804457280636143e+03
2.892512427237107659e+03
2.899847348502373279e+03
2.925714375076006036e+03
2.677667701355202553e+03
2.707630589459507064e+03
2.738848027273895696e+03
2.759073683392499788e+03
2.979880397972308856e+03
2.951384265938937460e+03
2.638237463721825407e+03
2.638912539388998994e+03
3.007520007823090054e+03
2.671691718220779876e+03
2.667932989787528641e+03
2.971870339252860504e+03
2.757788185504793546e+03
2.358534463442523702e+03
2.427417454475704290e+03
2.554639218018988231e+03
2.503657531119506984e+03
2.701239954998389294e+03
2.747926905195695326e+03
2.248992904632247701e+03
2.715563979425044181e+03
2.654438744287427653e+03
3.344154886375457409e+03
2.615842395794451477e+03
2.632269065989667070e+03
2.799686453594980321e+03
2.540867741297184239e+03
2.569325011998743776e+03
2.859310367712974767e+03
2.757565587705282269e+03
2.910222315758530385e+03
2.231535291520786814e+03
2.684979741863980962e+03
2.778481735075788038e+03
3.025299847238029088e+03
2.892914631874592033e+03
3.155254303330876610e+03
2.442644442030618393e+03
2.535690401286444285e+03
2.172755407006941823e+03
2.827382657549034775e+03
2.833943436672499502e+03
2.175451364389582068e+03
2.893086332337548356e+03
2.671632970793754339e+03
2.701092153698595666e+03
2.727439452647530288e+03
2.600286857347517980e+03
2.663783456216778632e+03
2.688571135900289846e+03
3.098615258209828880e+03
2.944502875579913052e+03
2.921469303856169063e+03
2.585747913128954679e+03
2.586083518931120580e+03
2.533105209586562069e+03
2.687933781623227333e+03
2.343040261376266699e+03
3.020239472447163735e+03
2.494101315824409994e+03
2.839890156016288984e+03
2.693910464786669763e+03
2.543789932668815709e+03
3.230275068392546927e+03
2.857019162230605161e+03
2.624431815107271632e+03
2.527711117203933100e+03
2.838122504688229583e+03
2.797573238090480118e+03
2.899131424370498280e+03
2.886054751691771344e+03
2.835783842220920178e+03
2.560010454479237524e+03
2.456354420948418010e+03
2.638356267479490270e+03
2.423427606191114592e+03
2.566487956300641144e+03
2.884676351953121411e+03
2.665595477234651298e+03
2.718642661389882960e+03
2.854880943817407569e+03
2.510720912521385344e+03
2.636714562085118814e+03
2.584209177648372588e+03
2.771043870533670088e+03
2.665767937670107585e+03
2.383184314282925243e+03
2.691270568105850089e+03
2.440522782366460433e+03
3.011428161652189829e+03
2.281951636245235022e+03
2.596831646869529322e+03
2.595362465626407356e+03
2.334012322455992944e+03
2.851258570804224291e+03
2.944642489426953944e+03
2.714962634485274975e+03
2.623567340724537644e+03
2.447286878034094570e+03
2.632808349871954306e+03
2.350277840918899074e+03
2.730468844246997378e+03
2.994476697998434247e+03
2.299221053433807356e+03
2.697305110397521275e+03
3.242839425870943614e+03
2.926275733191611835e+03
2.761871365756882369e+03
2.953069219723947299e+03
2.561337030020260954e+03
2.529997659412882967e+03
2.716446246873636937e+03
2.467602761568256028e+03
2.990596796263852866e+03
2.789046320665969688e+03
2.183814227170435970e+03
2.522905958639746132e+03
2.509683649418081131e+03
2.312000422805381277e+03
2.320955613957046808e+03
3.056157802610933231e+03
2.760952615171098387e+03
2.519412494130860978e+03
2.846521551445594014e+03
2.764999911832619546e+03
3.041158736747180683e+03
2.504143710167191784e+03
2.503741503377692425e+03
2.425978352839832496e+03
2.631708643029679024e+03
2.730509663009131145e+03
2.847213486652658958e+03
2.736527977936444131e+03
2.515851152540488329e+03
2.506956964523985789e+03
2.527832983270723162e+03
2.745907195182061514e+03
2.876901255469738317e+03
2.586986343047097762e+03
2.467245219419666682e+03
2.739378933007866181e+03
2.741751172205273178e+03
2.695017230978474799e+03
2.774070585502352969e+03
2.882826625966808933e+03
2.928068726282198895e+03
2.428598362761588760e+03
2.840041490259430702e+03
2.728245831703156909e+03
2.590513391230979323e+03
2.551118881190880529e+03
2.829527737619743675e+03
2.660831938330753019e+03
2.889764723412913554e+03
2.312518684690121518e+03
2.617317584427387374e+03
2.221259135474659615e+03
2.784821320163213386e+03
2.937796492203213347e+03
2.573972333140237879e+03
2.325983731027463364e+03
3.080174255668340720e+03
2.664021378709536293e+03
2.282819687721143509e+03
2.525531881205448826e+03
2.615409410160967582e+03
2.926496638560376596e+03
2.589678626815358257e+03
2.562741273086150613e+03
2.637230472604155239e+03
2.842475188130894821e+03
2.851861859504613676e+03
2.542885144895651138e+03
2.989927685107361413e+03
2.647401581923664708e+03
2.899395655308045207e+03
2.598214624711768920e+03
3.080273519234688138e+03
3.296167837154545396e+03
3.016112135445955118e+03
2.681288818149430881e+03
2.623270938610179655e+03
2.503276009481569417e+03
2.284021245493064271e+03
2.489111387441618263e+03
2.653803234664737829e+03
2.236467795209214273e+03
2.655812531882835174e+03
2.765260581637197902e+03
2.751351997518675034e+03
2.568337991586207409e+03
2.944788131206897106e+03
2.468450760090659060e+03
2.390123552122130604e+03
2.542951507888439210e+03
2.267392326089189282e+03
2.998518420620591314e+03
3.001778179265397739e+03
2.547384287242218306e+03
2.964450452371856045e+03
2.737515904742526800e+03
2.909384937183176135e+03
2.648997016004107991e+03
2.713123795692374188e+03
2.151089508964160814e+03
2.764123307987813860e+03
3.106417959864759723e+03
