2.643181971704246735e+03
2.000000000000000000e+03
2.550537464916228600e+03
2.538567870840076012e+03
2.829296945509037869e+03
2.720747961306336947e+03
2.482326919306236960e+03
2.402069454559922633e+03
2.824552779006823130e+03
2.205006935452548532e+03
2.331368747783671097e+03
2.226702571785735472e+03
3.166039541258036479e+03
2.781090145270689391e+03
2.688774747676432526e+03
2.233850457874146741e+03
2.388892995560821419e+03
2.809944076739023330e+03
2.810054029430165428e+03
3.178518511447769470e+03
2.331666029037152839e+03
2.423021857614823148e+03
2.527051150358271116e+03
2.657290664449857559e+03
2.994112682842827780e+03
2.689683564395180838e+03
2.574337263061788690e+03
2.809886038076856494e+03
3.005943948482371070e+03
2.857970501492600761e+03
2.484256263316291552e+03
2.730665116266626683e+03
2.586393375257731350e+03
2.855573918324312217e+03
2.692439689166603785e+03
2.715992518638447109e+03
2.852741322386844331e+03
2.848528084416377624e+03
2.283536285623383264e+03
2.831838779142691237e+03
2.856949578248551006e+03
3.008917750723898735e+03
2.855101213679096418e+03
2.650058226321275470e+03
2.841461192325881711e+03
2.875311362942909000e+03
2.267399160838817807e+03
2.941999444665082592e+03
2.518429030286829402e+03
2.877211094297005729e+03
2.740991617130314353e+03
2.625678408977853906e+03
2.748130909305520618e+03
3.049409406801514706e+03
2.894532105939705161e+03
2.611120808668804784e+03
2.469399669010985690e+03
2.929093673287756701e+03
2.346778063565425327e+03
3.007343762770164176e+03
2.490374002737138653e+03
2.715746255961178122e+03
2.477523961392073488e+03
2.597827347733226816e+03
2.659710872217743599e+03
3.055047490907206338e+03
2.781284862896593495e+03
2.216996584920775604e+03
2.486221519422447273e+03
2.471349432422869995e+03
2.568817528226928971e+03
2.386555982772390053e+03
2.111440840319396102e+03
2.665238291374596884e+03
2.553670524446972195e+03
3.092161136817766874e+03
2.699785578101022111e+03
2.548239731834424674e+03
2.481869333981861473e+03
2.522934362206981405e+03
2.911691339230569611e+03
2.858174520376929650e+03
2.722796791634190413e+03
2.437494784911943043e+03
2.296392745494129485e+03
2.693724396455008900e+03
2.559442096796705300e+03
2.827836774811356463e+03
2.700459021294716877e+03
2.892633586164294229e+03
2.827022112159303560e+03
2.412142068488504719e+03
2.834534051668899792e+03
2.573095439723681920e+03
2.653724152008161127e+03
2.676106493703067372e+03
2.440806117477769476e+03
2.598589628157963944e+03
2.627006923153220669e+03
2.277933392852954967e+03
2.662591669919740525e+03
2.999982884056421426e+03
2.487763040947492755e+03
2.835452051627448782e+03
3.142591007085964520e+03
2.228325873511385907e+03
2.895251721624605580e+03
2.520911991278235291e+03
2.530649674948302618e+03
2.585735319215964410e+03
2.282526251723954374e+03
2.597589063309946141e+03
2.979232898860032037e+03
2.926509167230038656e+03
2.308583348794561061e+03
2.827387876418027190e+03
2.759395875280697965e+03
2.727645328178740783e+03
2.945102525384265391e+03
2.474502127108346031e+03
2.405872228663519309e+03
2.835075660867169518e+03
2.381374070144175676e+03
2.392276030502943286e+03
2.848653030749867412e+03
2.520285200720868943e+03
2.762405844990872538e+03
2.712736838729544615e+03
3.026431358846699368e+03
2.839752127067558376e+03
2.689092961136649137e+03
2.150824145480481093e+03
2.867638545090448133e+03
3.034159946990845128e+03
2.761617647124999166e+03
2.753787465084808900e+03
2.812033503758270854e+03
2.542124249086668897e+03
2.809236572038375925e+03
2.219257062813963330e+03
2.319133760966868522e+03
2.494311924560806801e+03
2.967444551983767269e+03
2.620484313795378512e+03
2.876803752509571041e+03
2.875525920255005531e+03
2.760446080557733694e+03
2.617141719468758311e+03
2.376483626514770549e+03
2.225854574709301687e+03
2.835299844628585561e+03
2.646484813414574546e+03
2.831791477667296022e+03
2.422740948808889243e+03
2.345296343498076567e+03
2.676999174981520810e+03
3.121153454316989155e+03
2.393284486656803892e+03
3.117001192190122310e+03
2.752246547123587334e+03
3.000181796235004185e+03
2.634060571703894311e+03
3.006975414807846391e+03
2.646482551063188112e+03
2.570913331783923240e+03
2.496677430348926464e+03
2.529321412053788663e+03
2.649723858220735565e+03
2.609401605698056756e+03
2.595751231881314197e+03
2.904198970770269625e+03
2.454717835006084897e+03
2.702204107187124009e+03
2.335609200249347850e+03
2.876293785647014374e+03
2.616138720132682920e+03
2.936237402590003512e+03
2.999436219672151310e+03
2.555199763381881894e+03
2.744559993378433319e+03
3.133205890579083189e+03
2.400325976067545980e+03
2.403972191553059929e+03
3.072833297367619707e+03
2.495159472989933874e+03
2.817620780115020352e+03
2.409279120366223196e+03
2.423295810238619197e+03
2.603551141535489933e+03
2.671648117702028230e+03
2.910182104154879198e+03
2.667409618482071892e+03
2.585726600853156015e+03
2.434798639849901519e+03
2.867857217607671373e+03
2.440304189578645946e+03
3.529490392880533818e+03
2.582303924721685689e+03
2.727303496297460697e+03
2.354121344503817909e+03
2.708978110810622638e+03
2.335533610546934597e+03
2.956705248964485691e+03
2.798454612510426159e+03
2.629992720036769242e+03
2.941672019607886341e+03
3.012222357112151258e+03
2.778042775241617164e+03
2.744942248110942273e+03
2.242316638183498071e+03
2.670502670406196557e+03
2.406430182524346492e+03
2.681188568316296369e+03
2.456197759896414482e+03
2.990936648369927298e+03
2.923072924417305785e+03
2.765479795998026930e+03
2.940527355987773262e+03
2.479743797003485270e+03
2.597366840179257451e+03
2.917701579599316574e+03
2.443114573433585520e+03
2.515958556390382910e+03
2.788121777694275352e+03
2.696467885047324216e+03
2.845367153327068081e+03
3.013205886760307294e+03
2.809652519531394773e+03
2.415052842839359982e+03
2.935960017809781675e+03
2.713697978543885256e+03
2.751629059057939230e+03
2.716345223774677379e+03
2.708241765740025130e+03
2.392239427612264990e+03
2.545389120432323580e+03
2.372016149738600689e+03
2.583829950691452268e+03
2.632704221535308534e+03
2.855793409039222752e+03
3.216237803126205108e+03
2.697979926152424923e+03
2.469639366798876381e+03
2.846917223818747061e+03
3.187851099783434620e+03
2.843995688051619709e+03
2.511953906549732892e+03
2.322082207150477643e+03
2.716627641743419190e+03
2.730886815453395229e+03
2.468336764854005651e+03
2.579612390012877313e+03
2.275710661929124399e+03
2.718631795845637043e+03
2.826024227433053056e+03
2.379496492740488065e+03
