2.759001970747876840e+03
2.000000000000000000e+03
2.716431698217258145e+03
2.199473301187677862e+03
2.555225711226955355e+03
2.438257135463930808e+03
2.297002202157583270e+03
2.546536302776934463e+03
2.829945541815112847e+03
2.694562740859989844e+03
2.867893126404553186e+03
2.937770909904614200e+03
3.189634598960837138e+03
2.843608707664522626e+03
2.980674377125040792e+03
2.618309824296493844e+03
2.921974537807192064e+03
2.574763965522400213e+03
2.912089568732878888e+03
3.217226992279848673e+03
2.308059552708032697e+03
2.639236570542970185e+03
2.804377607584053294e+03
2.830164989397233057e+03
2.784374333993190703e+03
2.625253363968985923e+03
2.586223600414350585e+03
2.739682729289082999e+03
2.631490925857266120e+03
2.632861704418210138e+03
2.803185055055042540e+03
2.353534561466211017e+03
2.624087078381249285e+03
2.851939633167050488e+03
2.805194337796585387e+03
2.467013119276523867e+03
2.536682670338348544e+03
2.596806138611571441e+03
3.024577306952594427e+03
2.865513786392531074e+03
2.536863078143495386e+03
2.657457039144961527e+03
2.391982774025611434e+03
2.657622534696109142e+03
2.667123549226878822e+03
2.695175065840843672e+03
2.499701115890537949e+03
2.961044444772182032e+03
2.816988991881870788e+03
2.470642221187622908e+03
3.175082983976818923e+03
2.847074510708421258e+03
2.708387987286318548e+03
2.817879015039131446e+03
2.512703367595186592e+03
2.773152483738040246e+03
2.803908361617272931e+03
2.889355230085471703e+03
2.621120746741054973e+03
2.701717282247052935e+03
2.527692591628092941e+03
2.500109909997693649e+03
2.919072133891413614e+03
2.536787083016377437e+03
2.374773639134084988e+03
3.038395546088840547e+03
3.036476767758892038e+03
2.689962544314218576e+03
2.635690921135917961e+03
2.454680367794201629e+03
2.784544993836820140e+03
2.859907853791546586e+03
2.388594918427965695e+03
2.847054990694539356e+03
2.569031105126833154e+03
2.781969365953507804e+03
2.366587414064912991e+03
2.673476982145814873e+03
2.546476935444452465e+03
2.664774777682605873e+03
3.011997649791861022e+03
2.623629553679773380e+03
2.729517305490926447e+03
2.436819145948695677e+03
2.695639569843192930e+03
2.711245217567918189e+03
2.473018567748535588e+03
2.866083825340101157e+03
2.326326116405260109e+03
2.902554678183583292e+03
2.926144145721968925e+03
2.278603714839137865e+03
2.893006336747871046e+03
2.117692125278844742e+03
2.464495952860193029e+03
2.568714958273105367e+03
2.507650939975009805e+03
2.944222623110705172e+03
2.907002021795470682e+03
2.679178994453723135e+03
2.213568843502283926e+03
2.475790870201644339e+03
2.549861267210741062e+03
3.137094922269643575e+03
2.775580110437657368e+03
2.808764630908470735e+03
2.239449818850708198e+03
3.289127365021346122e+03
2.574451933509040828e+03
2.904028391819834269e+03
2.464744678651190497e+03
3.159710291259011228e+03
2.976562753451881690e+03
2.470032643134282807e+03
2.765147237869137825e+03
2.933716327579050358e+03
2.694044624001576267e+03
2.852145979127653845e+03
2.217213574303645601e+03
2.754855948947585603e+03
2.843866716304729380e+03
2.983607368112091081e+03
2.461648939479200180e+03
2.982671132039047279e+03
2.382153251978329536e+03
2.287328715962971273e+03
2.747497953810770014e+03
2.660027877119590812e+03
2.635956616772308280e+03
2.359146654568324720e+03
2.861037939430276310e+03
2.788964479599258993e+03
2.577758518635688233e+03
3.013301955841023300e+03
2.449392302875898167e+03
2.472893387228810298e+03
2.403804772942812178e+03
3.075698885020418857e+03
3.093913624672981314e+03
2.370267349429477690e+03
2.496432381991142393e+03
2.613872760542143169e+03
2.230863649054381767e+03
2.721331699428030333e+03
2.503583986414158971e+03
2.758321289892536697e+03
2.635324738630513821e+03
2.561038749241349251e+03
2.708279783380618483e+03
2.679546651482173729e+03
3.092765575433938011e+03
2.947702238406541710e+03
2.822627628649982398e+03
2.388777306595906794e+03
2.702565685975633187e+03
2.844572900545074845e+03
2.624307254191360698e+03
2.531580997249644952e+03
2.425758991978609629e+03
2.688440109012429275e+03
2.886394592372907937e+03
2.426105659289153664e+03
2.660148383872699014e+03
2.719915074383930005e+03
2.810399837241502610e+03
3.259969396003173642e+03
2.764286491655069767e+03
3.038191116054673330e+03
2.367942404170602458e+03
2.628549911842280835e+03
2.887878577474074518e+03
3.164353833951181514e+03
2.601483663473354682e+03
2.936334705208579635e+03
3.167869889057165892e+03
2.803553982832506335e+03
2.751174933955278902e+03
2.520484356296040914e+03
2.601035720376281915e+03
2.607170291503082353e+03
2.757775317960229586e+03
2.568820179648080739e+03
2.332173496839329346e+03
3.239863134475373045e+03
2.540702791032895675e+03
2.770653120556933118e+03
2.742444698311523553e+03
2.946731844495950554e+03
2.541528331147248991e+03
3.012676707243326746e+03
2.636314679184472880e+03
2.606165990015304487e+03
2.370298841932687992e+03
2.579688969594826631e+03
2.875701640956047413e+03
2.774907785250376946e+03
3.011099404754892021e+03
2.460424811645042610e+03
3.221570471249631737e+03
2.840305527039380650e+03
2.284540746301446688e+03
2.487024919143468196e+03
2.406831269933324165e+03
2.782035382365402711e+03
3.222128366693563294e+03
2.750742825332580651e+03
2.967658075875422583e+03
2.789460211600796356e+03
2.269388488606037754e+03
2.580882782817486259e+03
2.865611758843735515e+03
2.566592602130155683e+03
3.112964389575630321e+03
2.493845821922619962e+03
3.017729978009967908e+03
2.530092351055692234e+03
2.613170110381727682e+03
2.282969556374338026e+03
3.231016757848909492e+03
2.589060900440196747e+03
2.812949861334679554e+03
2.511196642652399532e+03
2.764932074898359133e+03
2.645847590243345621e+03
3.036654226918556105e+03
2.855814816447783869e+03
2.630278233282591827e+03
2.612627649182834375e+03
2.978186675417708102e+03
2.556412616998366502e+03
2.634919986657087975e+03
2.912401226989073166e+03
2.826329246701872307e+03
2.740996419441771195e+03
2.637705639042905204e+03
2.927580346388795078e+03
2.787615544505738399e+03
2.655341931518153615e+03
2.692825090418036325e+03
2.811905451443465608e+03
2.516832847661592496e+03
2.584375561356527669e+03
2.898615419421494153e+03
2.881163585391987908e+03
3.043307921807239836e+03
2.626071657369603145e+03
2.997045826862364265e+03
2.901434286282451467e+03
2.776178066629614477e+03
2.470001221404299486e+03
3.285935595676114190e+03
2.649798500811425583e+03
2.759787528058428961e+03
2.788011297831566480e+03
2.678270109810645408e+03
2.179257710623732692e+03
