2.615958414759174957e+03
2.000000000000000000e+03
2.878730278560275110e+03
2.757546147616023973e+03
3.087291913663670584e+03
2.603929120015922308e+03
2.524491921272338459e+03
2.486791749824349154e+03
3.065232219177381012e+03
2.500385975566516208e+03
2.675891677306821293e+03
2.445093996619657446e+03
3.187120916147791831e+03
2.472953335034595057e+03
2.554696724977430222e+03
2.729317831041401860e+03
2.593832655856518613e+03
2.433471649703781168e+03
2.737660388642585076e+03
2.848026475045454845e+03
2.324624035644649211e+03
2.389857900808847717e+03
2.890834213723302128e+03
2.800544922240604137e+03
2.733211557384893695e+03
3.114259047314379131e+03
2.380593418521621516e+03
2.290267637804704464e+03
2.768851935749187760e+03
2.811166074930087234e+03
2.571219166384704295e+03
2.561395845056470989e+03
2.724878315835508147e+03
2.700700705459722030e+03
2.821631041517734047e+03
2.343603074030503194e+03
2.847996300329999031e+03
2.708411458658374613e+03
2.835744814880712511e+03
2.710581040173028214e+03
2.551639389581460819e+03
2.232929528348296571e+03
2.272695999470122388e+03
2.641603005800394385e+03
3.058463413365587257e+03
2.238702844557495155e+03
2.670571343764403537e+03
2.895207708172229104e+03
2.970746125504245356e+03
3.079785305141056597e+03
2.619068103417208476e+03
2.410237475998005266e+03
2.920817716849830504e+03
2.652472039428997959e+03
2.539735719607819192e+03
2.640467555460797939e+03
2.847735161597092883e+03
2.654851746484999239e+03
2.314293342980961370e+03
2.888324985049226598e+03
2.494750555891247132e+03
2.608204889043763615e+03
2.394526977579572304e+03
2.739059829940670625e+03
2.649345879640059593e+03
2.840195394150931861e+03
2.669844330124823045e+03
2.601373131595698396e+03
2.442765338715693815e+03
3.015544269304921727e+03
2.246033761005208362e+03
2.533399790743035737e+03
2.936674856174451179e+03
2.391777140436726768e+03
2.747789068344507086e+03
2.749142868990855732e+03
2.461347036538561042e+03
2.935167831351309815e+03
3.116411678107296211e+03
2.719892836897452980e+03
2.998413661219092774e+03
3.055364198282139114e+03
2.655719886132374995e+03
2.367376109804838961e+03
2.629044149205943995e+03
2.937250693539970598e+03
2.626666787852065681e+03
2.133225510698025573e+03
2.563988007315678715e+03
2.762604712245239170e+03
2.504452702057197257e+03
2.554083643583309822e+03
2.788437383556121858e+03
2.509193780374654580e+03
2.610582236912979170e+03
2.649062261394349207e+03
2.635422480497519246e+03
3.247541864625851304e+03
2.801883408399354266e+03
2.342812641167391121e+03
2.372143381180975211e+03
2.455580575718953696e+03
2.541850482470227234e+03
2.865384941948369487e+03
2.931271714961316320e+03
2.409651925517692234e+03
2.483646615138491143e+03
2.974323647800876643e+03
2.484666216178377454e+03
2.708000220423058636e+03
2.593614484032223118e+03
2.746099660707154271e+03
2.742661723384572269e+03
2.848441659409106251e+03
2.858410145167630617e+03
2.120250239288151079e+03
2.861612682346523798e+03
3.128485447449874300e+03
2.184003242997300731e+03
2.253826163706881744e+03
2.543636163168082476e+03
2.651812349095456284e+03
3.214286219144796632e+03
2.513406412029945386e+03
2.585819769606162936e+03
2.553703190726834691e+03
2.866933991019612222e+03
2.845259187846563691e+03
2.702498257461644698e+03
2.432949973139748636e+03
2.605621848435699576e+03
2.736406783321761850e+03
2.952704632132391453e+03
2.680597154901283375e+03
2.215772906398201485e+03
2.625935581307760458e+03
2.735678138108175517e+03
2.294434131611336397e+03
2.793265783759922670e+03
2.750102115203467747e+03
2.643627084736287088e+03
2.553100372921981034e+03
3.075122645831747377e+03
2.581335056620502201e+03
2.894282223697348854e+03
2.322284663472563807e+03
2.591561816055606869e+03
2.755189908489314803e+03
2.513954329569428864e+03
3.422539513675358648e+03
2.673085171332280879e+03
2.895165927026530881e+03
2.560062652882628754e+03
2.710024529832484859e+03
2.895868926293865570e+03
2.770546571599077197e+03
3.042179453942269902e+03
2.677694611460406122e+03
2.639111765523452959e+03
2.505976093130751906e+03
2.538983932380398073e+03
2.751208554876785456e+03
2.830769967350986008e+03
2.460267539806613058e+03
2.606296699684142368e+03
2.923478926775830587e+03
2.915130060656048954e+03
2.739213614747584415e+03
2.204658714752978085e+03
2.499778268974451748e+03
2.555891018623357468e+03
2.337460661731202890e+03
2.556723956250867559e+03
2.965986343698386008e+03
2.443077740352972341e+03
2.784065652588120429e+03
2.127203794443832521e+03
2.931830720251792172e+03
2.677432185107681562e+03
2.794604031663365731e+03
2.531183090665243071e+03
2.711366648789610736e+03
2.508143677909422422e+03
2.693542470381376461e+03
2.386046756081023432e+03
2.716642958243699468e+03
2.601419392850989880e+03
2.415331141144749381e+03
2.910461421765784053e+03
2.945604017727821429e+03
2.716719189085286871e+03
2.509887058219911523e+03
3.098281920826928399e+03
2.823193777029234298e+03
2.696941486178200194e+03
3.090880459675116526e+03
2.802560982559009062e+03
2.355031253921230473e+03
2.748527106280082080e+03
2.616812416289358225e+03
2.891159591362111314e+03
3.084556451165975886e+03
2.971263589473171578e+03
2.570856418536906858e+03
2.322699256422817598e+03
2.617386201987100321e+03
2.608963174832605546e+03
2.623187493945269580e+03
2.460164861711448793e+03
2.353335087201488932e+03
2.745623697629425806e+03
2.748876187333355119e+03
2.393623069405080059e+03
2.857626586174246768e+03
2.567493479230816320e+03
2.482841806599194570e+03
2.724223945065106818e+03
2.767964924949863871e+03
2.700667395746802868e+03
2.562281033323144584e+03
2.506309825074851233e+03
2.557558293804441291e+03
2.612706082102584332e+03
2.690556862135419578e+03
2.400463718004585189e+03
2.619493611421235073e+03
2.756661115439349032e+03
2.218565606044932338e+03
3.068378595788884013e+03
2.707002805033891491e+03
2.822850430264677925e+03
2.551825072264034134e+03
3.078734876161142893e+03
2.683989541046173144e+03
2.093002164995752537e+03
2.735548079624889397e+03
2.361679360315295526e+03
3.050218994466868025e+03
2.682293231046078290e+03
2.663513925317562553e+03
2.689298618150617585e+03
3.080154619605904372e+03
3.097500129153628222e+03
2.456603118945428378e+03
2.705569703535757071e+03
2.898740711488943361e+03
2.412433064315916909e+03
2.431118160496125711e+03
2.451168875834299797e+03
2.660407046503944912e+03
3.110373409488281141e+03
2.455598650530718260e+03
2.422674591588174280e+03
2.478945937227448667e+03
2.657165406977483599e+03
2.620086780000535782e+03
