3.115900149299800887e+03
2.000000000000000000e+03
2.731333498491190767e+03
2.716816436199665986e+03
2.563287211047649635e+03
2.814648755058264214e+03
2.804671331213964550e+03
2.407460486545007825e+03
2.286395186164079860e+03
2.311189655670235879e+03
2.494963486367921632e+03
3.230565177007677903e+03
3.106578701598199586e+03
2.465341337731955718e+03
2.539951272805017197e+03
2.275749233331805499e+03
2.970166423309300626e+03
2.514040347152999857e+03
2.751149852976157945e+03
2.504639472911578196e+03
2.981951332094687132e+03
2.934900135640303233e+03
2.720723612769632837e+03
2.838009924492126629e+03
2.299038948470782088e+03
2.813324675484393083e+03
2.773000483695204366e+03
2.536021248293567623e+03
2.762722634519104304e+03
2.709870913626837137e+03
2.543764921423379747e+03
2.758286738217474976e+03
3.026518788848464737e+03
2.833703242053593840e+03
2.920912725239398242e+03
2.580188247923574636e+03
2.847427181999789809e+03
2.436184012004980104e+03
2.933605290971629984e+03
3.241690663039971696e+03
2.794956618633155813e+03
2.770816768843418231e+03
3.107850694669254608e+03
2.482654718452986799e+03
2.990734332904837174e+03
2.574470844764273352e+03
2.754557781368505402e+03
2.832311484293177273e+03
2.905600793981725928e+03
2.635586972105058521e+03
2.588159513724997851e+03
3.022617319483734263e+03
2.600029558072868895e+03
2.616747814942772038e+03
2.881935311263597669e+03
2.740785796528210540e+03
2.702881197842800702e+03
3.151899896960577280e+03
2.676683595128702109e+03
3.184097573638584436e+03
2.831060115233879060e+03
2.907907329716452296e+03
2.932565907207823329e+03
2.415322561879061141e+03
2.927641193323482639e+03
2.689945867204340175e+03
2.434672769102891834e+03
2.605890506861653193e+03
2.759294435333879846e+03
2.870925437327677628e+03
2.327379109233690997e+03
2.689073588203844793e+03
2.644390041762074816e+03
2.897956924640275247e+03
2.570068477894908938e+03
2.723777947960253186e+03
2.574430742580387232e+03
2.790796516417252860e+03
2.820161127797225163e+03
2.527030338080384354e+03
2.938287742465293377e+03
2.266932612987255197e+03
3.028269813389425053e+03
2.879391643203067815e+03
2.975900089745719924e+03
2.709050154706863395e+03
2.475860324062504333e+03
2.725258192604813303e+03
2.810214172478187720e+03
2.687001081457258806e+03
2.912681462226461917e+03
3.054534356813192971e+03
2.604662738443717899e+03
2.650407443651214635e+03
2.561505971125210635e+03
2.553638406256290182e+03
2.769853014330702990e+03
3.149741741890123194e+03
2.697021202520901625e+03
2.938839697699593671e+03
2.493002647552954386e+03
3.291850319018694336e+03
2.978453880488477807e+03
2.778329539959963313e+03
2.949520793641666387e+03
2.920831809291783429e+03
2.761858062260578663e+03
2.900310005276955053e+03
2.589734032942017166e+03
2.769717800967920084e+03
2.609157342090550173e+03
2.942311378669278838e+03
3.030173114816808265e+03
2.851172405026576598e+03
2.474056906886051365e+03
3.007711505534882690e+03
2.955997830167295433e+03
2.537890756457488351e+03
2.543821673330022350e+03
2.434720019171246349e+03
2.335131097707745994e+03
2.740969401416750770e+03
2.664476684485352052e+03
2.676446595615447222e+03
2.776044593680158869e+03
2.238819712183442334e+03
2.885770998632705414e+03
2.983871849894523621e+03
2.153211892630238708e+03
2.597884205717171426e+03
3.010851645675981217e+03
2.841650567916638920e+03
2.982939289622616798e+03
2.800441380008428496e+03
2.303163073056293342e+03
2.197140140884978337e+03
2.662707675671585093e+03
2.869121304207055346e+03
2.804357723398850339e+03
2.580891369661740100e+03
3.353939443105073224e+03
2.694498818784000832e+03
2.673451048046907090e+03
2.816974433872304417e+03
2.819208185080742624e+03
2.162532930339422364e+03
2.432007997509354936e+03
2.462348645432315152e+03
2.727127931535553671e+03
2.532975577549993432e+03
2.579772059510172312e+03
2.909297112227546677e+03
2.750445843254869942e+03
2.607876612386435227e+03
2.549162027615072475e+03
2.934621514284940531e+03
2.369960955713587737e+03
2.584482993312352846e+03
2.825661314803091045e+03
3.314604968693504361e+03
2.917797471624044647e+03
2.688629164933406173e+03
2.534513203188854277e+03
2.786251158917315479e+03
2.511261190730650014e+03
2.735470129586587973e+03
2.915314339154921981e+03
2.455572823672155209e+03
2.332158281518551576e+03
3.160880498868370523e+03
2.373296106384333143e+03
2.689282039904393969e+03
2.672669558022329056e+03
2.933325507526509682e+03
2.427349822910172861e+03
2.507875564263390061e+03
2.566693531743531821e+03
2.745390145166276398e+03
2.677189949829460602e+03
3.316828506172684229e+03
2.727947701580482772e+03
2.675038832035170344e+03
2.768559252128445678e+03
2.580484712980973200e+03
2.700002930147965799e+03
2.609880289995261137e+03
2.795484579141484573e+03
2.251269707342791207e+03
2.653008952253774623e+03
2.747970990957318463e+03
2.823657683795745470e+03
2.474395010322230974e+03
2.882029331945505419e+03
3.010897670809811643e+03
2.898675600766511707e+03
2.936875424644581472e+03
2.874765332078179199e+03
3.159783544336520208e+03
2.385982713921463073e+03
3.480620809121858201e+03
2.566158816564116933e+03
2.280388190836107242e+03
2.762840271107314948e+03
2.392072731630622002e+03
2.398188381157751792e+03
2.339762817905789689e+03
2.744451415711768732e+03
2.335350473654069901e+03
2.897342417268521785e+03
2.383531247656549567e+03
2.752122579037069045e+03
2.681645853359058037e+03
2.621587151479492150e+03
3.065061780004440152e+03
2.470593990129236317e+03
2.528692157472080453e+03
2.816780863719464833e+03
2.634926377063921791e+03
2.852659337844170295e+03
2.784544533347812830e+03
2.515533688459551286e+03
2.733515220001677335e+03
2.651021946058579942e+03
2.572331582464017629e+03
2.940875467783192107e+03
2.390043100252360091e+03
2.735900970393005991e+03
2.785546199953636460e+03
2.664916876369547481e+03
3.085696639147773567e+03
2.386055124411547240e+03
3.167800534741485535e+03
2.321762192370872526e+03
2.685850292551629082e+03
2.302247673889796260e+03
3.078659542166232313e+03
2.532063550736665547e+03
2.984418853013274202e+03
2.631811161698654359e+03
2.647396022861087204e+03
2.485337772880022385e+03
2.954928979989948857e+03
2.723814140374709496e+03
2.226280014719410246e+03
2.786420510331968217e+03
2.593758611461184955e+03
3.078258118095667669e+03
2.825153269939426991e+03
2.601975452877595671e+03
2.691562297779347318e+03
2.950992612603595262e+03
2.202901909364113180e+03
2.537093488039508884e+03
2.161687375029519444e+03
2.377768273303549449e+03
2.887207611017320232e+03
