3.095916716763636032e+03
2.000000000000000000e+03
2.581674408743363529e+03
2.359316541148585202e+03
2.360130500871608092e+03
2.626324679654378997e+03
2.529154194630041729e+03
3.067678457803873243e+03
3.359850682490714917e+03
2.902695196342927375e+03
2.252321098485617767e+03
2.482361281203845010e+03
2.951011819506442407e+03
2.327148936959360526e+03
2.256994147599556072e+03
2.771424107968729004e+03
2.982478104420749332e+03
3.257245186132874096e+03
2.457641686854224645e+03
2.636927566317760466e+03
2.489560040753600788e+03
2.681489787369695478e+03
2.839276849433394545e+03
2.341801565842310538e+03
2.217155915213079425e+03
2.428501302018435581e+03
2.601933819784594107e+03
2.656158002058847160e+03
2.497296493858458234e+03
2.828976450777213358e+03
2.801881698209495880e+03
2.962943018674975519e+03
2.885369094565790874e+03
2.477265100652647106e+03
2.584865977708391711e+03
3.048754923745284032e+03
2.634609813507325271e+03
2.875499867942462515e+03
2.834837859551193105e+03
2.630170856992536756e+03
2.774947868603122970e+03
2.967243257740812169e+03
2.401156681491965173e+03
2.824065693064988864e+03
2.936766560167473472e+03
2.613308122001809352e+03
2.748695127376883192e+03
2.569471872788948531e+03
2.693829300030261948e+03
2.747878633189536686e+03
2.834835217254861163e+03
2.719240990716102715e+03
2.626695696643554584e+03
3.185011112027363652e+03
2.824009677336641744e+03
2.829079575357100111e+03
2.209830193751181469e+03
2.763643938536553833e+03
2.791457093557351072e+03
2.832382241982035794e+03
2.913462280599831047e+03
2.266609173519302658e+03
2.769061922564626457e+03
2.684307786834419858e+03
2.618689320760726332e+03
2.481296472844658638e+03
2.647004933104605698e+03
2.929518643800524842e+03
2.949010549305559834e+03
2.609771142319956652e+03
2.556912256421948314e+03
2.908851693403909849e+03
2.874685941163659209e+03
2.942907780220204131e+03
3.342119189699600611e+03
2.840889283479687947e+03
2.554345121432588257e+03
2.748941031035951710e+03
2.986651658057088298e+03
2.860117994595158962e+03
2.919415189484507209e+03
2.964315508783992300e+03
2.245487991413705004e+03
2.743847618996697292e+03
2.804914466944555897e+03
2.933622278311082027e+03
2.627571669770301014e+03
2.483433216584918682e+03
2.642632667270914681e+03
2.652525851206850803e+03
2.414541011270897343e+03
2.422173475250030606e+03
3.074136247953197199e+03
2.644385819051592080e+03
2.572588850848881521e+03
2.718980654268863873e+03
2.944218515819658933e+03
2.251430009218996474e+03
2.521281156260449279e+03
2.372504366962480162e+03
2.608206709590906030e+03
2.585159160599846473e+03
2.690474574239809954e+03
3.247502784212840197e+03
2.808048586090619665e+03
2.674714818641843522e+03
2.458436868866725035e+03
2.517902188168815883e+03
2.601765213503024825e+03
2.695605561073259651e+03
2.490096788113552066e+03
2.734108758637890787e+03
2.806434332673688004e+03
2.681144687659756528e+03
2.937896893206668210e+03
2.544750544690456991e+03
2.680627051464852229e+03
2.962370135146892608e+03
2.635382822442442375e+03
2.849048273994767442e+03
3.010854340367430268e+03
2.641772677714115162e+03
2.920149339536057141e+03
2.971035081891741811e+03
2.315815414268210134e+03
2.922383299827442443e+03
2.444086981448510869e+03
2.618572061805466092e+03
2.599030035549364129e+03
2.441464808559182075e+03
2.724890659429531297e+03
2.716449410825562609e+03
2.987048237853991850e+03
2.192001402704472184e+03
2.564350803011077005e+03
2.548177128043050288e+03
3.032176973208485833e+03
2.720629465206032364e+03
2.838653614371400636e+03
2.160555322137350231e+03
2.792362222468491382e+03
2.711832269221610204e+03
2.295475506677439171e+03
2.614135979841179960e+03
3.161295889592624917e+03
2.730236783611441297e+03
2.896123265757243644e+03
2.701413056016976043e+03
2.498389694506365686e+03
2.751315919947818657e+03
2.565347483033372555e+03
2.152612849629929769e+03
2.274125951425364292e+03
2.770262400656016325e+03
2.477138735989864927e+03
2.561864098031781850e+03
3.001633565838498271e+03
2.743708559075274025e+03
2.394247079224289791e+03
2.502592245886120509e+03
2.645725864713287592e+03
2.366345079966083176e+03
2.618813821463193108e+03
2.490110554103384857e+03
2.799277382994489926e+03
2.841704148881290166e+03
2.586988075985459091e+03
2.566104152600679299e+03
2.722711291009838533e+03
2.889687801567848510e+03
2.388945057393505522e+03
2.522716141946661537e+03
3.387190926683637826e+03
2.312961738108351256e+03
2.788642976123126573e+03
2.768121236686327393e+03
2.806380115084682984e+03
2.843801965216699045e+03
2.623587789469538620e+03
2.984856129778980176e+03
2.598381299344852323e+03
2.930836653526981081e+03
2.827515823516897399e+03
2.710514305445251011e+03
2.607980765007649097e+03
3.163024429094373772e+03
2.588947759471989684e+03
2.901033420745449803e+03
2.896398149267576173e+03
3.053809587729963823e+03
2.233158500441717933e+03
2.661141786774606771e+03
2.784672491320792233e+03
3.007337099970523013e+03
3.083734571000775304e+03
2.465603485163615005e+03
2.582602943627112836e+03
2.528898703813054453e+03
2.836916320574478505e+03
2.814756361744929109e+03
2.514987242420971597e+03
2.346717605568598628e+03
2.403837054522236031e+03
2.713229845687107172e+03
2.389351872888274556e+03
2.451416641953088401e+03
2.864071535945221058e+03
2.864219193501210157e+03
2.818778610893382393e+03
2.765142525684470002e+03
2.700910984248356272e+03
2.535018972390678755e+03
2.352348871032289480e+03
2.843824048516009498e+03
2.634886283038823422e+03
2.424487726036587901e+03
2.886700490360694857e+03
2.787008227299332702e+03
2.487428661359517264e+03
2.478200969435592015e+03
2.835467694737235433e+03
2.922078765710565222e+03
2.572787720055710906e+03
2.148712472590630568e+03
2.856760372745672612e+03
2.855624710024750129e+03
2.773293306550807756e+03
2.348475715356522414e+03
2.844201794444942607e+03
2.531113448011430137e+03
2.396002988594474118e+03
2.782708310935993723e+03
2.828987778575642551e+03
2.547049106820532415e+03
2.508190328819994193e+03
3.043655498763488140e+03
2.645500287414968625e+03
2.352406947472284173e+03
2.998889433550208651e+03
2.612779407880501822e+03
2.591225337673650301e+03
2.466064604928960307e+03
2.645291396990603971e+03
2.622899454471204081e+03
2.686872739070765419e+03
2.915487364611236444e+03
2.226089174414066747e+03
2.762649572445763624e+03
2.713640216405095089e+03
2.954734356353568728e+03
2.715155922349334105e+03
2.323597075273473820e+03
2.492082703584675528e+03
2.287336080023918839e+03
2.737025365117232013e+03
2.615981363658475857e+03
