5.909924275999257565e+08
2.200000000000000000e+03
1.186425747921921313e+08
3.947825754088178873e+08
1.215201210469733458e+06
1.139142941833752906e+06
5.844183096507702430e+03
4.629249790721758269e+06
2.957202978699517553e+05
3.778787494693103363e+05
1.697934791363160548e+04
1.966486866128434194e+06
1.513347366738439086e+04
4.253995797550129282e+03
1.748411149978940561e+07
4.919719263621457815e+08
1.433017173954221471e+04
1.123337084927129326e+06
5.031694057418010780e+05
2.136438858544865623e+06
4.083465960668478627e+06
3.012391282403829337e+03
2.238153109953441191e+06
2.712921298914523795e+06
7.950102289092741907e+06
1.314818925514475675e+06
2.579707483891276752e+03
2.975603008256398607e+04
3.816848978987850387e+03
1.398701833316156080e+04
2.367034651266194880e+08
2.235058146808543243e+05
1.213564719199203537e+05
2.493041140027931426e+06
2.911591661920139450e+04
6.752307406556549482e+06
2.316552234742884684e+04
2.046160622801945359e+07
6.775417290013897419e+07
6.382372205833046436e+08
1.388429994825070316e+05
3.631747813252369087e+04
1.578647424578431761e+06
1.442732301798610133e+05
6.276323654573325257e+03
2.011280394730721787e+07
5.629087490569146350e+06
5.727373057001495361e+08
4.207516805946039385e+05
2.802131183406009313e+03
5.682695021984450519e+07
1.817314886244343128e+06
3.065988995167939720e+03
1.587120155766856624e+06
1.569911863307071291e+07
5.756802132704042643e+07
3.118163703878196429e+03
4.413719368055896484e+04
3.100914086227875487e+03
4.591257522688095272e+07
3.102172269096449600e+04
1.306441504278906541e+04
7.985027389592614491e+05
7.491089274734052597e+05
4.956297594893054338e+05
5.431252038532324135e+06
2.172078056846862601e+05
3.788236350164425403e+03
1.230843631373338634e+06
1.484808739584118121e+04
3.031981806535223732e+05
1.316694115419747308e+06
1.827372085720639676e+07
3.100042051717335653e+03
4.068239498795929831e+04
1.237757392362979054e+07
4.848465052734622359e+07
4.656734648345875321e+05
1.745974812904061377e+07
8.215508228901949769e+04
4.921848255446034074e+08
2.777031197808814613e+04
1.814003089731650054e+08
3.180275160882530145e+03
1.404323947631039846e+04
2.510437732560782135e+08
3.530439599186126590e+08
1.748750403244633344e+04
8.798329239265056094e+05
3.249265363333665391e+03
6.352059983408837318e+08
1.568775961947644282e+04
5.247345961443694830e+08
6.495986438236278627e+04
2.248199304361769173e+05
1.608489811084780609e+06
4.568845068211667240e+03
2.636294704347126186e+08
6.376483459451728777e+03
2.626995940942646030e+03
1.051902907887985706e+08
9.590884202795927195e+03
2.107754426347593777e+06
2.988738886295768225e+03
8.841589018011845837e+03
2.450336252303998663e+03
7.343954495036218759e+03
1.447431814264703309e+06
2.342500992466168012e+06
3.267449093219446391e+07
2.949945877898378058e+03
2.250963251580121219e+08
2.269329617674835026e+07
5.265546493552343454e+05
8.197853297014192503e+04
8.647532563885094225e+07
4.003680320354524156e+04
4.556623827675480425e+04
4.897590982818066329e+07
2.122221397798784892e+05
5.195796058251402574e+05
8.503697704375977628e+04
6.927174157923063831e+03
3.222873044009184014e+03
7.654072025349634886e+08
3.538244684970830567e+05
6.076425206675300375e+06
7.371291881207082421e+06
1.579945982190983603e+06
2.805475449896060582e+03
3.354272232670395635e+06
2.041377491289632022e+07
7.767653680830467492e+06
1.631743402780486271e+07
4.047873663630180955e+08
2.644482317012575095e+03
4.239210191800038330e+06
1.485772706043879443e+05
9.281908119208669662e+08
1.158486550171125236e+04
2.023144823994961753e+07
5.530158173374182297e+03
1.958736700586400926e+08
4.157764757527409820e+05
5.116019355967284180e+06
1.099465922236728482e+06
3.917519026786812901e+04
7.437556546263263561e+06
2.623177713269014021e+03
3.069661487726676569e+03
2.476963003058640879e+03
7.507713687555299699e+07
1.415503219912612811e+06
5.141312614213402267e+05
2.260057893163980842e+08
4.019864447716576513e+06
1.934163320701348493e+04
7.930472533751035371e+03
7.444650465019444935e+06
6.337114597564944066e+06
2.918108973988905922e+07
2.979800705890583247e+07
1.244633909859129562e+04
2.216765534780229500e+05
1.030311757617210533e+05
2.721989453478999621e+03
4.183687379621475469e+06
1.902683829836337268e+07
2.989426548142747924e+04
7.340428082806603052e+05
1.023383253565524578e+09
1.662966141794270277e+09
2.813981982685559160e+03
2.621210475100793246e+03
4.119405326934830518e+05
2.872011794823371929e+03
7.417554575647354068e+04
1.820066371036632045e+05
1.887164789523836970e+07
7.664365661152389366e+05
1.350062044532721862e+07
6.743067284246621057e+03
1.520554503247164539e+05
4.591619289595897135e+04
3.098242276240752108e+04
2.513731867089339175e+03
1.461691832017726265e+06
3.502998127861031890e+07
5.635406117089941290e+03
1.659981769607258320e+05
2.448729759920648765e+06
9.936250795758400345e+05
2.952487507281929084e+03
1.377295702934336849e+07
2.839280734099596430e+03
1.285875763058150560e+08
1.788007853493267670e+06
2.826722186915390921e+03
4.990034919241097668e+03
8.009372241123103304e+05
9.629754989792625606e+07
4.449637816352798790e+07
2.807354515960624667e+03
2.512566632518605911e+04
8.678138780379476884e+03
5.467177421155137708e+05
7.573583210478271358e+05
3.795103216144136968e+05
6.364909795845375396e+06
3.495452472874944306e+03
9.003485051513338462e+06
6.881340489471962428e+03
1.531876823447504826e+07
6.321891712469472550e+06
4.939905655978005528e+08
4.427335885472900420e+07
3.667361687279919861e+05
1.225812576138365082e+07
1.934919011385223363e+06
2.673495986560028905e+04
5.894328591605622321e+06
7.972790109673248371e+05
8.945841622754628956e+07
1.608170244608396024e+05
3.686666342944261269e+05
1.772903609194519231e+05
2.448507884175531939e+07
3.745606702507688897e+05
1.110935734192475379e+08
5.872383498699640768e+03
3.008111007815601188e+05
6.111788904496587813e+06
7.171471842457834631e+06
1.252746578321111156e+05
2.499753761006601962e+03
5.677196970426707994e+05
3.303311792617689935e+05
3.543962086880987627e+05
5.756141269479771145e+05
6.447290153046084015e+03
3.533940928732003667e+05
3.399495671649019641e+04
1.108044425591401011e+07
1.132673330718940735e+09
2.678763390100340985e+03
1.249026862193208560e+07
1.074986738259276899e+04
2.703940695916608092e+03
5.674483084048904479e+06
4.582676972238120079e+09
1.441919470053600526e+04
1.035787272275610827e+07
4.527818423782919126e+04
2.668110811080368876e+03
2.860953333110359381e+03
3.636393049864287674e+07
