1.305383084407467504e+04
2.200000000000000000e+03
5.315196898667007918e+05
1.169966347937914543e+07
1.354082594022084959e+05
1.596087442364467680e+08
2.808912146408337503e+04
6.558330095715531570e+03
2.719658362074092565e+03
1.059319551806171387e+08
1.755940748356565833e+06
3.373764749364623427e+07
3.184566403498465940e+07
5.090528950888996405e+03
1.347529066278079510e+09
3.549867242942085722e+05
1.871907199595339298e+08
7.542566735544589162e+07
5.077173690419074846e+05
1.508247344413147948e+04
3.039341088551184512e+05
2.292350612547356486e+08
1.375337261476847380e+04
5.865944250081509381e+03
4.977692497157449907e+03
3.013118048142950101e+03
1.213562877455375623e+06
2.965323167882894725e+07
5.838053555971209789e+03
8.121946169083636050e+03
2.776149610421355646e+03
3.188500765112700719e+03
5.310641052873740904e+06
3.777606602197370376e+05
1.959004440795662701e+08
1.174218276013036817e+07
2.972012798284467863e+03
6.643452015279522166e+06
2.305324288730132594e+03
3.303991125353427976e+07
1.953828905652555637e+06
4.515227943017479993e+04
2.248119354399654549e+06
1.155590981919918442e+06
7.109311709703828394e+07
5.483459073003711819e+04
2.385416783105727882e+04
2.056884578854444996e+07
5.868249061408650596e+04
2.050361354346586857e+06
1.426525409908849979e+05
3.663585845973038673e+07
6.938841374038279755e+05
3.140610825730347187e+03
7.511661002926815301e+06
4.186041461662614893e+03
8.321350673858237860e+04
5.484331864109847695e+06
1.312838567471915390e+06
3.724407210720590665e+05
1.120241054943522066e+07
8.943968566137362719e+08
8.803988628409986850e+05
1.069720280756162974e+05
1.703485569248443426e+04
6.793877315797010437e+06
1.232224391973555066e+04
3.470531228553486872e+05
4.820110186948356568e+04
2.640380000845638278e+03
3.140802490270323233e+03
5.524070049940817989e+06
3.097373827044036239e+07
1.699898183703512698e+07
2.980787674303427593e+03
2.941055009981067633e+04
2.891398875627443790e+08
1.236567778944712430e+08
2.135243088506318163e+05
7.299736475214896927e+03
1.019771851295304368e+05
1.977001114154768735e+07
7.059336217297163010e+08
4.697354900659399107e+06
3.370458875634014476e+03
2.744843696508255322e+06
9.167506344567095861e+06
2.559360497386300471e+06
2.150682667424938991e+05
5.687598535830329172e+06
4.407854809073308134e+05
6.148118873243042268e+06
3.183458334798005671e+04
2.313339369788937329e+05
2.759337017969068711e+03
4.598123770186598413e+06
3.818492796406671405e+06
1.200705154532050714e+07
2.163486256614402519e+05
1.083567341971886531e+07
6.659353646909845993e+05
1.800129704456360936e+08
4.554710363639906049e+06
2.294367880150828114e+03
2.634516696611457883e+04
4.349487686773264781e+06
6.721027298109590774e+05
5.017015900769960880e+07
3.396138761929939392e+03
4.564392658526988234e+05
2.765868613900647233e+03
2.804109585192388295e+03
8.501283099888887256e+06
3.704123862669134269e+03
1.135371619904542240e+04
7.197213181595131755e+07
8.874795631902826950e+06
6.804739336708490551e+07
4.861712522682908457e+03
3.615735320750133724e+03
1.741473449690525886e+05
1.738868628085923195e+08
4.012691673363346490e+04
6.313525489219051600e+08
1.649390842330245650e+05
1.343688679987303680e+06
2.374357068212934732e+08
7.747886808185624250e+04
6.186343510050148470e+05
1.984065473486043338e+05
1.309244525088825464e+09
4.169088870463982857e+03
2.012645732816458258e+04
9.966900503314754460e+05
1.881193054976506392e+06
1.589221840507163703e+08
5.749541645110381069e+03
3.978210699603653699e+07
1.202037358628891595e+07
2.586924586905765864e+03
1.031944082498774678e+08
1.810440364991641400e+04
2.718893227115910122e+03
2.546422523548797017e+03
2.915644733892663680e+03
2.606960636230920500e+03
3.513881029219549964e+04
7.747532264869585633e+06
3.557210355417313403e+05
8.642608886833758652e+07
2.820016510849362930e+03
1.759908929183733417e+06
3.278038745058605075e+07
1.213361174964355230e+08
1.336909629902924877e+06
3.821320763041105238e+03
7.073631077808599919e+06
1.259134085328430047e+04
3.583485973530858755e+06
8.162738120122732222e+07
4.864452364079571366e+08
2.273071237184777601e+03
4.529785624497852474e+07
1.158491004918664985e+05
2.674030649399194772e+03
3.450142168210301548e+07
1.428808278378788964e+05
2.853425353207953776e+03
1.263683483989082510e+06
8.801783985209737718e+07
8.729478447454027832e+06
1.405662387977690697e+08
7.457818254125109524e+04
2.902401213851225748e+03
1.060241736951361746e+08
3.821539589047733694e+07
2.684526848758233711e+07
8.449525083841890097e+07
2.756962935617850690e+03
2.456975081679693176e+03
8.369194556166151538e+06
5.095978575702968240e+07
2.971147601777643431e+05
6.946388886750496924e+06
3.013753141881053671e+04
8.919485315527650528e+03
1.476296061229240513e+04
1.767393304368776808e+04
8.859585460856924328e+03
4.859112167037714971e+05
1.154455042152161943e+06
1.954034317534708825e+05
1.318468984206230147e+06
9.161336394796118140e+06
2.443472972128212132e+04
2.620331762302302195e+03
6.679227450412004441e+07
1.864312810893128626e+06
4.276052003642439097e+07
2.077199131846098602e+07
3.099196380981339462e+04
2.725260791860336212e+03
7.113008741597509943e+05
2.650479601160503080e+03
3.301235092168495175e+05
1.575761906385361850e+08
1.325868558878664859e+06
6.055830009663572535e+06
3.154317741115935892e+07
5.370829854180763941e+05
3.660776351263737888e+05
7.988954066341260841e+03
1.889772527906013420e+05
2.579902005193702132e+07
2.952488482682175636e+08
2.865099540015398990e+06
5.941938351962254092e+04
4.684889088661906868e+07
1.130539769669906609e+07
3.169468075506641343e+07
4.680309261505199829e+05
4.436667206123835640e+05
2.247808822743174434e+08
7.632976305069295631e+04
6.256103260739015241e+03
3.843917116890165744e+03
2.004160977200637013e+07
5.001597453878705390e+06
2.037395508310771256e+05
4.746207988020993798e+04
2.375104531507442061e+03
1.662763059178651747e+04
1.080497789796841145e+08
1.437844972618290901e+09
4.642746932925757574e+04
5.737151486204378671e+03
1.855799692080220953e+07
9.688513402851450955e+05
5.606510642755286244e+04
3.428378535114205079e+03
6.894634076609081603e+03
2.535825911255515166e+03
1.670748220459632017e+07
1.003209819945515337e+05
1.005271809162030331e+04
1.049014470532899031e+04
1.480760007311242167e+06
3.563428621193244934e+09
5.709257900896314823e+04
2.190260077248655580e+04
1.268730303713979374e+05
2.180374391445400033e+04
8.203793622475302219e+07
6.461931793382942677e+06
7.738214677501416190e+03
1.009104139412352379e+04
