1.070836849619450513e+06
2.200000000000000000e+03
5.724324543671264546e+05
7.488959508930290212e+03
2.739640932542739392e+03
2.883806610142577483e+03
2.176029453184602608e+04
2.748155483715345326e+04
1.037944974750372603e+04
2.848546536207700228e+03
2.758314037526146876e+03
2.701506592875644856e+03
2.849138273920375013e+03
4.291850923251525819e+04
3.044690901948678857e+03
6.627686735590553144e+05
2.643669074205306359e+06
3.914828289448195696e+07
4.355652606076460332e+06
8.637094480335120170e+04
3.277081220334706083e+07
3.170511112699996233e+08
1.674950677544745849e+06
4.287986315550755826e+05
1.098263043838889599e+08
6.037204361639433354e+07
5.067374170774877071e+07
2.514617548096706625e+06
3.530623847810941515e+05
7.454792717643145472e+06
6.464641831128947437e+07
1.827194636525882408e+06
1.010312303305500597e+08
4.959971036026490037e+05
3.858772180026400747e+03
6.359721663712432928e+03
7.350238437406280718e+04
4.257997032227738760e+06
1.284512490140021546e+06
1.468166559153459501e+06
1.114507123049501097e+06
4.241737632401491515e+06
2.582347556537087257e+03
2.425556149677993264e+06
6.422227630584651977e+07
3.121567888200909272e+07
1.379875840705502487e+05
6.288116263687141472e+05
3.723487944709237490e+04
7.863368567964652181e+07
2.748182056167737581e+06
2.466177827263478655e+06
3.788741876734224148e+06
1.876387636561037898e+08
1.373292548698407225e+07
8.264380656173285388e+03
2.959836374729873569e+03
8.321000394547359943e+08
5.671934145239829086e+05
1.693608086827094958e+05
3.585955116881045979e+04
5.952247691896333545e+07
1.672337477848700015e+06
6.972447755327185392e+08
1.188550809348181784e+08
2.208218883134950884e+06
1.803353630309429136e+05
5.575286905172900856e+07
7.102015732806206506e+04
1.700711686888616823e+05
1.560191491384596564e+06
1.105478972929934040e+07
2.034479072612571181e+05
1.851670603043087944e+07
1.857970298985759728e+06
8.625803685988001525e+06
7.167823193133550882e+07
4.254190029012899846e+07
5.401713779739986174e+06
2.026936582906863838e+07
3.635617450259856880e+06
4.819639925517870113e+06
1.705688673529296182e+06
4.148896155928499647e+05
2.709573960896269909e+03
1.221083046177282557e+07
3.165830727090644723e+04
1.019757925558408350e+07
1.268631917404938955e+06
4.683035149416809872e+04
3.967935129720246550e+03
2.891954701773978741e+03
3.420160139563014731e+06
3.277301360948148158e+03
1.038183291097374968e+04
6.986260554723013192e+05
1.689651709926813783e+05
3.839913582553082705e+07
6.680018850261163607e+03
4.266157449445544742e+06
1.190234896189133171e+06
7.392928904430245161e+08
9.469402368389399722e+06
1.182294426076592207e+09
1.786974607853778871e+05
1.475339419507089853e+08
4.790969348562490777e+05
1.069341912414510548e+08
4.744332288945639506e+06
6.616000566984422207e+08
7.115738038515122753e+03
1.104526523214517147e+04
2.536807735966459586e+04
1.441572264240132245e+04
1.948926600188648736e+05
1.438042511947759800e+07
1.338418400380473351e+06
7.179628021222166717e+04
2.651854509642279481e+03
2.664454545085793143e+04
8.683901605073960673e+04
5.934695015776754190e+03
1.997520135286838631e+05
8.829712664264522027e+05
3.171568285078959889e+03
5.858711516712010962e+03
2.255707528541352451e+08
2.919838054034353234e+06
2.622479543767570704e+07
5.928079476811260683e+05
2.397320008865549971e+04
2.250121079014197458e+05
1.537477728598464513e+06
5.838471063091132045e+07
2.561449687030367932e+04
3.879395467997429892e+06
5.871718961789088249e+08
2.399620483358514775e+03
1.065982882116891706e+05
3.170771223070755241e+03
5.525534128697745473e+03
4.425648973684447265e+04
2.622153777719089248e+03
2.865587559286019768e+03
6.528636104568736482e+04
4.450350442887541652e+07
4.784313130567345979e+03
6.322639600266263005e+04
4.567246454686874524e+06
3.245945229207731783e+07
1.502944098358775955e+06
3.448986093360182643e+07
1.475894102348983055e+06
1.510440903688138584e+06
4.284684281637690961e+06
5.770138263506108522e+07
9.686648498971407535e+05
1.716853010639264062e+07
2.748724902633205522e+06
7.205595876233536983e+05
1.836247209360570181e+06
1.030769876663984847e+06
5.282654594464985654e+06
5.635154681713434911e+03
6.517743870517876348e+04
5.115957085233363323e+05
6.383280681223466672e+03
1.689445795960125688e+05
1.169550534394158749e+06
4.344742066693117522e+03
7.477391495487419888e+04
6.316193395292751957e+05
6.967537196280753706e+05
2.355436932594446116e+05
2.432941159972193185e+06
2.375294865263778320e+03
9.571459469597445428e+07
9.820464218516708612e+08
2.815059450943579577e+03
4.113270168714795709e+08
5.620104260875466280e+06
4.188245830946762115e+07
2.171958788347811424e+04
2.732052049845978036e+05
1.201691427750008181e+07
1.807440611815971136e+07
1.151134289670096950e+04
1.031520207770717144e+08
1.347908434768192237e+06
1.996721905381238461e+08
4.759646620654848448e+03
1.869507621123900712e+08
1.439577929659718275e+08
3.590086551776311353e+03
2.562038655991689861e+07
1.629651217286556363e+08
5.449490178546316922e+06
2.481181274017418909e+05
8.016327176376753487e+05
4.502471844643339864e+04
4.281252167863157578e+06
8.843364660892011598e+05
3.698024270111987717e+05
1.015152067922000715e+05
1.282748346475572288e+08
1.329856296740006842e+07
2.223080568626513414e+05
5.924187339803637266e+08
6.884358283157887636e+05
2.923616763233995698e+03
2.088024800038218265e+06
2.656301159908724912e+03
6.098692949973547366e+04
2.413165378314245118e+03
3.092765038083740976e+06
7.038815396860771580e+04
7.013797617443630588e+04
2.975883212723767883e+03
3.416325554675854801e+04
2.797264872140046464e+03
2.019123713287107239e+05
2.668267851538715149e+03
3.406838802812632821e+03
3.161021501341813200e+04
2.522608284066537635e+03
2.702810185230394080e+07
2.231959244123937935e+07
4.469917433130186796e+07
5.708629247925332747e+06
1.134039972347918712e+07
1.017506223292582901e+06
5.977869497191839218e+08
1.412601261592836976e+08
9.120098853942954540e+07
3.321921415471550426e+04
2.535460913153418526e+07
2.861959173996703466e+05
1.136296759520245250e+06
2.107387055507967671e+04
1.750033922343326360e+07
9.257686425381581648e+04
2.917962318945974403e+03
2.831671919800057367e+03
6.585059131456651725e+06
1.186679185785938520e+06
4.937163641575578367e+03
5.086298680414751172e+06
1.359295500694114016e+05
3.202714298175044358e+06
1.162867532060671831e+06
9.319745150044750422e+06
1.662515923911208473e+07
2.268396204864228202e+05
6.859533666043740232e+05
7.279038374636790832e+04
7.972364629579496384e+07
