1.106728605596430413e+07
2.200000000000000000e+03
2.225994063872305304e+07
1.284099271557564586e+08
6.995753766624447599e+04
3.649985355515668198e+04
2.434659849858869566e+05
2.575307801058284440e+03
5.423942243181882804e+04
5.014621979952565744e+05
6.981894168202072382e+06
3.501373329617746094e+03
1.727989177698199078e+07
2.633253634524695372e+03
1.058824617568239955e+04
3.267829747911419418e+03
8.857279852932240829e+03
2.595764460601923201e+04
7.994697982819865644e+07
4.782695161261682370e+04
1.041608474175979346e+08
7.113865243903617375e+04
7.740721026697874549e+03
1.661226952062949771e+06
8.333653178806687705e+06
5.567518463692752266e+04
4.586820025553289801e+06
1.975769157228984113e+05
1.040789182687363476e+08
4.029144158313758969e+08
6.087535699618268013e+08
8.694777433407530189e+06
3.383353504043765366e+06
9.038572838403320930e+03
1.892653177177517500e+04
2.971455288526419085e+06
6.193725758980177343e+06
7.588135740064163110e+04
6.078671111054793000e+05
6.729924478376227198e+05
2.261301289979315770e+05
4.543449780223933340e+04
2.029719761113460409e+06
2.785896272754833990e+04
2.779046342749973293e+06
9.277413677139550447e+06
1.120809621170307398e+08
6.388248770300476551e+08
8.918903032253683778e+05
6.492363565559144318e+07
3.091646034531948715e+07
2.395308546254750807e+06
3.222909893525077496e+06
1.380909664067129493e+08
1.840019722429001937e+06
8.470935532081995916e+03
2.323433414951494709e+07
4.074158223220410873e+05
1.778848064472743869e+07
1.373565496578680119e+06
4.234253912331051652e+03
2.630894570201176521e+03
3.922267913247205783e+06
3.345747962725205070e+03
3.087146457006981131e+06
7.983649752498531016e+05
3.140476880515917856e+03
6.201196317787609296e+05
5.152205945251082303e+05
1.076161447930035889e+08
8.921978580487394333e+07
1.770636016183038428e+07
3.128465469818819547e+05
7.313015215563093989e+03
1.370295996281829663e+07
3.343544816545409267e+05
3.775580329418406822e+06
2.544919417415291537e+06
4.311647898632624674e+03
2.704908389104051093e+04
5.986499261928479187e+06
4.504945928025178000e+04
3.229830003192483913e+06
2.362001884174798761e+04
2.415970849483817001e+05
8.874048548446769714e+08
8.815133442044736876e+04
8.462715214180842042e+06
5.086985753339752555e+05
2.677697126198667684e+04
4.425784087048195943e+04
2.723447778315257654e+07
1.380238160159934778e+05
5.308514133373590994e+03
5.743833787377738627e+05
3.472855117790114600e+05
2.831975502589610187e+03
7.098650559605849266e+09
3.221054451530355800e+04
1.046290006051476672e+07
1.162773180358024780e+06
1.763755242120791081e+04
4.884033113943917677e+06
1.430309032497541048e+07
1.032432243945776281e+04
3.476387728591043036e+06
8.463012559658909595e+03
2.480438477875027955e+08
5.520530311056885403e+05
4.269458351609215140e+07
2.172721358037197497e+05
1.680203098292850482e+05
1.906087096482831985e+05
4.756300688149084453e+04
5.751517984030406922e+06
1.691221611996032298e+05
2.778856602643904807e+03
6.655509693801639602e+06
9.015376428599229082e+06
2.754549197671102881e+08
3.439043632273205090e+06
5.359711610545425117e+07
6.935221796522958903e+05
2.505700499337611836e+05
6.932989725551683223e+05
2.827264306337717571e+05
6.011454064454311738e+05
2.993033848304651656e+03
5.630788531686431170e+07
1.971610569062280003e+06
1.886553537991814548e+06
1.224083639698364539e+06
9.218778892697952688e+04
1.565552110636207275e+06
6.703591374951816350e+07
3.243170206980025768e+07
3.663119792593963211e+03
2.627067856616527934e+03
2.218777114263118505e+08
2.697708773271901919e+03
1.143800956273201667e+07
5.376830590417979693e+04
1.077936035249740235e+05
1.363460162552095790e+04
1.602998320785796940e+08
7.094338805003358284e+05
7.082325713679671288e+06
2.916827700750201475e+06
3.771528117881480721e+05
3.087077340606027064e+03
1.192599503541215818e+05
8.999006988196702674e+06
2.706269661320250109e+07
4.992060780001203966e+03
8.374011047766915290e+05
1.407457715808198554e+05
4.297823703191008462e+03
3.450811812064361220e+03
6.275278138763813302e+06
6.724830881459094817e+05
2.408983703046202208e+04
5.182020430979491211e+06
2.239454994727299690e+09
2.463783010702525280e+04
2.889053216706473904e+03
2.005381158164393491e+04
1.437181305223076197e+05
3.065849074425919753e+03
3.106333909033181499e+03
3.005056204226226782e+03
1.303325031313445652e+04
7.994038939521396533e+06
1.311971663230732642e+07
4.287568960498283617e+06
6.603132803662589751e+06
6.705474676526772964e+04
1.030211047088396852e+06
9.516038395279053366e+05
1.104709816029703319e+08
2.783380470558211091e+05
7.082260455788696709e+04
1.547873505999998935e+07
3.350313612244834006e+07
3.942689642205235362e+07
4.342789917172281093e+03
1.145249935701267123e+08
4.855071146661196690e+04
2.047104898779996932e+08
8.309392064787673298e+05
2.537058406167835891e+08
2.821705592781351697e+03
3.165617633144705906e+04
2.161738956172558013e+06
3.521958152413164953e+03
1.833765572868423164e+07
7.368143977569926938e+04
2.191162093950808514e+06
3.057666226138376715e+03
2.142877856054830831e+06
2.931132731397710158e+05
3.598663399969785213e+08
2.621958939081704319e+08
3.360783008027603030e+08
2.044406844225216657e+06
6.482570205591890030e+06
7.094244494167603552e+06
1.719640762164881220e+06
3.704083500865212083e+07
1.606657288885570364e+06
2.275396664728140877e+03
2.642558680522089005e+08
2.802762819655928070e+03
2.849672014457016438e+07
2.378213561693157535e+06
8.270498337239299872e+03
1.325686982469154522e+07
4.949396591988034546e+06
3.890292057941239909e+05
3.779843615558860165e+03
1.049250377061430045e+05
4.065188983497135723e+03
4.426984108648250185e+03
3.852682313646750897e+07
3.280598095594915212e+05
8.965585410912237421e+03
2.274293144109838977e+03
3.732894086442501098e+07
9.232963629400511272e+05
1.769970297914966583e+09
2.070990210920102522e+07
2.955313079528454182e+03
1.073018588876653928e+06
2.784943673157608719e+05
3.528706683322392928e+04
6.202295822766773403e+06
2.774199131178920652e+03
1.396081914373211039e+05
1.385408309740026668e+07
8.717892261838240549e+06
2.967349586122392491e+07
3.639358498023821448e+04
4.329246634599820391e+04
2.791827199743114761e+03
1.044450856774325221e+05
4.652375857812532558e+03
2.123767351730325317e+05
4.219416112306407740e+03
3.519040272289565182e+05
6.110714661201569252e+05
4.148863424208134413e+07
8.366703621806566603e+06
1.919665783438734531e+09
9.224060292976591736e+06
1.407369694563139055e+05
2.662239074078976500e+03
2.962526734176192349e+03
