9.600614044975838624e+04
2.200000000000000000e+03
1.525389748826403916e+07
3.315134140976045746e+06
4.134290050737881660e+07
4.628446370101967659e+03
3.663911700187203288e+07
1.560341742494164791e+05
1.172122249300532602e+07
1.802791498603052646e+07
1.006699942553786784e+08
5.646115279060775647e+05
2.760603786010646261e+06
7.624365219873888418e+05
4.144794033218719959e+08
5.856749989004292488e+08
4.566276713666598880e+03
9.696782967545635998e+07
1.830230037239108642e+05
4.780729364885910400e+03
2.499962418443659044e+04
8.785861508144158870e+04
1.311884602056604635e+05
5.220986799662108751e+03
1.102992940861032839e+05
3.187810936429072637e+06
4.980048841496779460e+03
1.673746280203588685e+04
2.494717249519976031e+04
2.626508520699982345e+08
2.081737506418173143e+04
6.658257583831869997e+06
2.043955569270479027e+06
1.475838251071972627e+04
1.202331191663689213e+06
7.853051778262708336e+06
1.724403682390412781e+06
3.114168543729583621e+08
5.394412375488975085e+05
2.664039540934075415e+07
2.186597856332557742e+06
5.123387676934586489e+05
2.547843536459448561e+07
2.751360345496308873e+05
1.899784777055326049e+04
2.673510452091491061e+03
3.251675205647068651e+03
4.210730833625252853e+04
3.213693460163605865e+06
1.150161701782863960e+07
1.530870711915504886e+06
2.930321079095871653e+06
1.153800775766046427e+05
1.452906117700209841e+07
5.885756604598584585e+06
1.848747648983865380e+08
5.828300523168860309e+03
2.632242064845375353e+03
1.062540834885712899e+07
6.614104000778849004e+05
2.373419259315208546e+04
3.458263043135820772e+05
3.103783462869220879e+06
4.013241817873175023e+04
2.902512165991044640e+03
3.053690897097670131e+03
1.591966155687522405e+04
6.850534590890182881e+04
2.637636803212135874e+03
3.841913353790622950e+08
4.508537894488906750e+04
3.318283849078671075e+06
4.862155675370512530e+06
3.112106010996146593e+06
8.335800445364593543e+03
3.500938738465270580e+04
3.239922179918276925e+03
2.682496455070281172e+03
4.517074118252734479e+04
9.449742580794805690e+03
1.606077731500047445e+07
3.310253762484872714e+06
1.389501173537633615e+06
3.568581722897043917e+06
1.093220342842671525e+05
8.794160051958177937e+05
6.351056734243488312e+09
1.319679872643747926e+07
1.560514906392777571e+06
2.751454542981393388e+03
5.090371122833909988e+09
2.985965315791823741e+03
6.285773312402397394e+07
2.633684860761125037e+03
4.606216763366225496e+04
3.790230970584814996e+07
3.016931380843973784e+03
2.877784744497401789e+03
2.206918071752855321e+05
3.361030014368207753e+07
1.152071833270053752e+07
2.995835631934756748e+03
2.171508137904551253e+07
1.301142424616503995e+05
1.229245170022694161e+06
8.980770122758010402e+06
4.856712924214408547e+07
3.303801180659247562e+06
3.254082961005892685e+03
3.234049555506352335e+05
4.050654246178339235e+06
4.424656590323216319e+08
3.636810071220109612e+07
1.442941782307024368e+04
1.203123859475755394e+08
7.632909359457397833e+06
4.166652129570977297e+06
1.086708559911634075e+06
1.410756446271126624e+05
5.347954696556615090e+04
1.489963117815683072e+05
6.668234134523429908e+06
4.364221712799637316e+04
7.324406438828739920e+04
1.630009756506817937e+08
3.380415882634303067e+06
7.746770981638277881e+06
6.877911255085601006e+05
2.180154062977274895e+09
1.841887209121987107e+05
2.227167393119113922e+09
2.469451437585562871e+03
4.148543648601628095e+07
3.618780993553806184e+03
2.850795914876000024e+06
2.740713580491870289e+03
5.097761271250722930e+05
5.193145965620832285e+05
1.332486080435690098e+07
2.390190545882048355e+03
1.087468707253577933e+07
7.442926640326896450e+04
1.772390247255092487e+07
8.701072868608256977e+04
4.590216094467021321e+03
4.333893020272492322e+03
9.746202689321662486e+07
6.318130303374786675e+07
8.961052116429679096e+06
2.628019835849531740e+07
8.388965010802162578e+05
6.594696107318898430e+04
2.657529328880373214e+03
8.812454947017156519e+05
1.065594079515760532e+06
3.198860083888603840e+05
5.752473722009429475e+05
1.625903513462812873e+06
1.759048474026646931e+06
9.562013984934318811e+06
1.403504183535892889e+07
4.950335313805830083e+03
1.792441471638160292e+05
3.415815171079832129e+06
1.346979766877732240e+06
4.436001507415455417e+05
2.831613078221160918e+07
8.091332266916285269e+06
4.626524828734122566e+05
2.438522714538618675e+04
5.263109423919489861e+09
7.451674852313104784e+05
6.570619692383848429e+08
2.814975442691425087e+03
1.301632784811151028e+07
1.079388627739210054e+07
1.326133625290470663e+06
1.753278652703489352e+05
3.257271991576934306e+04
3.034108977960573156e+03
2.089010762216442163e+04
3.456043406834286451e+07
3.752323372529763728e+06
6.630582805783257936e+04
3.866238687257279526e+05
3.940514918327294290e+07
4.589142674886410823e+05
8.636856334674677055e+04
6.908464648232918989e+04
1.805667537799152487e+05
2.474563756471968190e+03
2.876489386220071538e+03
2.648645641540143515e+03
1.428415904067758471e+07
1.678335530810720846e+07
1.268630322189334947e+04
5.741874868254315516e+03
6.612769001977973858e+03
1.666001541058210656e+07
2.792875930844416097e+07
2.841092600260881227e+03
1.978156412784803892e+06
2.238129549761254489e+08
5.912786994729624689e+07
3.082554105272082612e+07
8.648115459286715835e+06
3.576472291751602315e+05
8.836643187483123620e+04
3.060876753136247316e+03
3.613557708687711511e+03
1.767767651453289390e+07
1.574086866546453166e+04
2.863745393999801308e+03
9.646251459937264025e+07
2.021043626555123329e+08
2.600322997580658921e+03
1.809864068057061732e+07
1.254067473335971236e+08
3.015919252440087199e+08
1.500946295602385362e+04
1.188250983945381013e+05
1.117714390625992382e+04
9.355112240694018081e+06
7.851727014662978945e+03
1.745369785588588193e+07
4.087616866063548950e+05
3.516079254390260758e+04
4.059012999161811895e+05
5.145351232181890373e+04
2.704522194755987130e+03
4.292689593686293847e+03
1.435350196692640602e+05
1.619563078053998528e+06
7.610706368163051593e+03
6.166612629221875686e+05
2.720747417773888446e+05
6.377031146248381447e+03
9.126089326762469485e+06
7.388041551902085303e+03
8.089601162318057381e+06
2.864417664348020917e+05
8.713497752432467678e+03
7.019193822784136534e+08
1.240333009587406963e+08
1.588153343676255830e+07
1.659620761900800513e+06
1.001321352169496380e+07
4.960759084819730371e+06
6.925038544955955331e+03
3.607839903541313251e+05
1.375766710457500443e+07
3.434580178556138890e+03
1.380700275881176094e+04
4.593801515305837616e+06
1.876311136709467974e+06
1.749808002688442469e+08
