1.776417018657914014e+05
2.200000000000000000e+03
1.121476343651783885e+06
1.158693651681118354e+05
2.456122455314091444e+08
2.132312878089007437e+08
1.488046120939959947e+05
2.604104407381481451e+03
8.056002942653312348e+06
2.637157711102946450e+03
1.518407542666820809e+06
1.097153871647437154e+04
3.149533416039007250e+06
6.025692738013296621e+05
9.039343679390416946e+04
8.149435196575348265e+06
5.762731985007623734e+03
4.753321446723689325e+06
4.279609380303811282e+06
5.905625452618360214e+03
1.105954198818783880e+04
1.192484378166473762e+05
7.469262091991838999e+06
1.390186236574950162e+05
1.264178808438373526e+05
1.821277556348674116e+05
3.832626391099333018e+07
2.306367408551791310e+08
6.444508044292789418e+05
3.435369142982357516e+03
1.267327950339692179e+06
1.745708226779333875e+07
2.910186035556314891e+03
3.795212203770753741e+07
7.328718733029267788e+08
3.645950673363627175e+03
8.783455278061814170e+03
8.870789421245924314e+04
1.332659543991260789e+07
5.179163525095690973e+06
5.100671582876583561e+06
5.102653584329889156e+06
4.795564203814949095e+07
6.763866917458574772e+08
9.929488996991611202e+04
1.557573331905073253e+06
4.240053073464410380e+06
1.132820937418708578e+07
3.030564548797864973e+03
8.347093201524070537e+03
1.366726587207874050e+06
4.422348169761366211e+06
3.434214176320555620e+06
6.736245244336333275e+08
3.103789092119713132e+03
2.521564015262478279e+03
3.011425469132288072e+03
1.641006449407015229e+06
6.762416804898964241e+06
2.989630978361193684e+03
2.574561459299933016e+08
8.548185795001264196e+05
9.373019754763739184e+06
4.186894129466892686e+06
1.767926435844977095e+04
8.162624463997845305e+04
2.608286102936695814e+08
8.523924831263269298e+05
4.003660561249466985e+07
2.699968634394080254e+03
2.364145556153956568e+05
3.087200487036062405e+07
9.092846464384973049e+06
8.136441063453776587e+04
2.510679888352467515e+03
6.508798447827472351e+06
3.756596763504320552e+04
2.598924174846618371e+03
3.300247833873081487e+06
2.929522009695858742e+03
8.438465921072757244e+07
3.071386498945591302e+04
1.230894094625634170e+05
1.041989505204131128e+05
7.114525620482374507e+03
3.301776414751928449e+08
6.987762135072314739e+07
2.154257701216345280e+07
3.991906919213281362e+05
3.328180259699622184e+03
4.468399054861508608e+08
2.677764054558863336e+03
5.164650974941574097e+09
8.082775349870596256e+04
3.011698763455264270e+03
1.010072959302590229e+07
3.605371448710845470e+03
3.307039071595003406e+03
7.347708857987759402e+05
1.712087742651426233e+06
7.433408885521289706e+07
2.553785155693971086e+06
8.889223673238813877e+08
8.533389660328550963e+04
9.911190431937211542e+03
2.782204150624976592e+03
2.643854089091074467e+07
2.160573840773490258e+06
1.834286778053510189e+08
5.363715505006328225e+06
5.117379373976707939e+03
1.468932348748106742e+05
2.775838259993387510e+03
2.891988815538808012e+03
1.061292487218622416e+08
4.928732912418536725e+05
1.566510521777335962e+05
1.423335010509439372e+07
3.483197902369151052e+03
1.058631319986346876e+06
6.174656630115114152e+07
3.158558039580197146e+04
2.938582380800971878e+05
3.364095121735915745e+04
5.998902971176616120e+04
2.555422578994053765e+03
1.376376978879808121e+04
2.486138754172309302e+06
3.144165422673488865e+04
2.265998425039311314e+03
6.590096045586237907e+08
1.260218760074728401e+06
1.742398557091637254e+08
6.386088622013294371e+05
1.222611361913380642e+04
2.198262774447109103e+08
8.960052642111046240e+06
3.084927303011557797e+03
8.217885044626523741e+05
3.007811967472785909e+03
2.895481083310863469e+05
2.929829709954105056e+04
3.536709499042877197e+09
1.049627025370008312e+06
9.890092463033906221e+08
5.000353172877558507e+06
2.854968695963337723e+03
4.618599512381792010e+04
3.006711624722397573e+03
2.652504568677288717e+03
2.683994624543166906e+07
3.222324098373173911e+04
3.366214376608126331e+05
4.239628997115169466e+07
1.604114633578586951e+07
5.132554486633231281e+05
1.393096594325810485e+07
2.613128901923169906e+03
2.568726676083389066e+03
1.619268624248971719e+04
3.533511480398906231e+09
1.227650665219423175e+07
1.066021154512343201e+05
3.892721896908125473e+03
2.493171904006126169e+03
7.971961241162737133e+04
3.147006323849688284e+06
5.735580966769539518e+05
1.026976343865056988e+06
1.721976174982658122e+05
1.736410151659643650e+07
1.242329035748741626e+04
7.689397018186845817e+05
3.050118640313550350e+04
3.481056084878889960e+05
4.538767948879301912e+03
6.449676615790782307e+03
4.751517300763945968e+03
1.769679860600455105e+07
1.032984667728647776e+07
3.743430248146115988e+07
3.554678533933455474e+05
6.016314969031137414e+06
1.874447827176884050e+06
1.589149475408807048e+05
7.964763380712406615e+03
1.563104667526125908e+06
2.793142299889633432e+05
3.736357373573642235e+03
6.544570612981595332e+03
3.009998467546035647e+08
1.556565035609205998e+07
4.002101195848585572e+06
7.821834288011639146e+05
4.616924707314848783e+05
1.832156604223900735e+08
3.436788288185198326e+03
2.654668312563475411e+03
7.208172845433538896e+04
6.146659762878754918e+03
8.897834831764517725e+07
3.492062667193748802e+07
4.763741229850064218e+07
3.129541699246858116e+03
7.180901660336280656e+03
1.012460927696017735e+07
5.585232990094412863e+07
1.980288645051258057e+07
1.156889155301875249e+07
5.546615722706490487e+04
4.754922532848745323e+04
3.420846613756484658e+03
1.270953328840899747e+06
2.688292208601703351e+03
4.401059600257087499e+06
2.624111379658062011e+07
2.817531083461047729e+03
2.706161723789095049e+03
1.994024781635019183e+07
9.680843023842808325e+05
3.810889795795505779e+04
6.507793517799789459e+07
3.538215870955349237e+04
3.387990052614610177e+05
6.101273496132222135e+03
4.802251701072668284e+07
2.240193079532857810e+05
1.120650399496768950e+05
1.960134442283334583e+07
2.561632943614540272e+05
4.877535994157153182e+06
2.469079427101658583e+08
3.165379696896045516e+03
2.941621732281171717e+03
1.879916100272178417e+06
1.114186922573771153e+05
8.589071646531952545e+06
8.500822705877493718e+03
8.060376209971179068e+07
8.951339598077774281e+04
3.795449210438510180e+08
2.848100868366655413e+04
1.635362431147031300e+07
6.653090794846647233e+07
2.682605933339232251e+03
1.561619801385821309e+06
5.596539217700351728e+05
2.717880968749283511e+03
1.924961179006153345e+07
1.155863703607734680e+09
1.072310488929215521e+08
4.846999482965819770e+05
2.791200192829277057e+03
3.264665721941050724e+05
1.678341232686887670e+05
7.164005607839900255e+08
