1.033480730263975263e+09
2.200000000000000000e+03
3.004292551011219530e+03
1.532577907412085369e+04
1.986709796347793308e+05
5.516186673108812101e+03
5.862918341112921553e+03
2.592065786525728527e+03
7.628128181160549866e+04
3.996496119885166168e+09
2.693774988866881813e+03
4.208529939387026388e+03
7.784806080959559418e+06
2.786665195453783781e+03
5.355171337358986493e+05
3.785342333576322562e+04
9.785768060964041069e+03
3.894551849475158378e+05
1.188897839023902893e+09
2.832621060651721564e+03
8.249510151244186563e+05
3.271183043431981350e+05
1.723258300653426945e+08
1.362143761480009882e+06
4.232886793143620016e+05
4.105560682006323077e+03
2.156849123055435419e+08
3.219181573213167954e+06
4.438885745807324420e+05
5.038525927226632833e+06
5.255907072040296043e+04
1.004282462911527604e+06
2.947584890691791770e+03
3.125749571930511738e+05
7.696023806195179350e+04
4.824691597369062714e+06
2.856463138983442605e+03
3.946169746362585283e+04
1.121861158508114459e+05
4.660107596321368217e+07
2.573977821155719084e+03
2.405143086261966091e+05
1.861656907869155645e+09
6.412086482691070996e+06
2.784073006353808069e+03
1.806035388895905344e+06
1.293439644238286564e+04
4.060768045132320822e+03
1.013953282528838515e+08
2.307137195402221289e+06
3.278328403139730653e+03
2.161007375688611344e+07
7.156685382215492609e+03
7.888167785584868398e+05
5.398231909934978830e+03
1.556368970446913270e+06
3.504278200483726263e+08
2.328167372396330833e+09
2.294072987826153985e+05
2.723190393712256569e+06
1.192320339541388821e+05
1.058058336617812049e+06
2.858339685953364096e+03
9.185014358694108669e+05
1.499954110822658404e+05
2.920487575364973964e+03
9.333455602307762206e+07
1.309140052017796226e+07
8.961122768883671379e+05
1.801420359810762852e+07
1.201272509640340693e+07
2.900383524488293006e+03
2.807891986451654884e+04
7.171257152554594213e+05
3.627834953079971671e+07
9.555018748239081353e+06
2.007451622189253569e+06
2.897177721363857017e+03
1.116754423593674786e+07
2.911099106832311023e+06
2.035535763646611869e+08
3.104157497188210487e+07
5.809367598901325255e+04
4.291591558680325397e+04
1.238732983905235451e+05
1.397180729930904508e+07
2.599318888592369622e+05
6.438914973286614259e+04
5.950145043823199719e+07
1.791515887874968175e+05
2.767183164207799109e+03
1.521221098862405051e+05
4.159479877909373026e+05
1.361680469765055022e+04
5.446878232179005863e+04
3.161289369724371682e+03
8.018672597925400734e+07
1.717928834422600985e+09
5.806195182830901103e+03
5.151252061762630008e+06
5.336737744958923577e+04
3.645217293637873232e+07
6.711218810782416724e+06
4.589615548711720854e+07
4.004568473197419080e+05
3.803812113475291408e+05
6.367535255259828773e+03
7.733524707046900690e+07
8.292847282701197400e+03
7.073341717885725666e+05
3.949019687639046424e+03
2.779707592727988493e+06
2.984201298197821870e+03
4.953509963826376043e+04
2.782574211114641666e+09
1.883156174994981382e+06
1.245975335666068167e+04
5.139253444283853605e+04
1.054989956907225132e+04
6.637356899704493117e+03
2.736761502154657137e+03
7.297963056885859929e+06
3.314421528100905567e+07
6.923512852764071431e+05
2.910519641601374678e+04
7.251226334226869512e+05
2.950193733785225777e+05
6.422402225889660185e+05
1.003127348559600487e+07
3.747448716244375646e+03
2.281078598377002403e+06
1.038889535745327157e+04
1.362805298511550063e+06
3.499303994930111337e+06
4.963639261304198205e+07
7.799471942873877287e+07
2.872967615297098291e+03
9.690175314788111791e+03
2.364065621303916487e+03
1.012829902587910765e+05
1.428653832878864523e+04
2.687000469928727398e+03
3.861878226938014268e+05
2.577460118877217174e+07
3.794563175928728306e+05
6.244434348100096686e+05
2.504838726082293317e+06
2.119137400509506464e+06
1.713384456875640899e+05
1.129952737845525026e+09
1.907618433880772500e+04
1.937951881070302989e+04
1.581463517292608134e+07
7.293420694062873954e+05
5.656069092877568619e+04
3.877749688351055956e+05
2.925931551448844075e+08
1.218260745771727292e+06
2.161938378072917461e+06
3.394281383647238727e+03
2.169915874738785787e+05
5.260819572337240243e+04
2.996997110607237741e+07
5.364703952165109513e+03
5.167541720079410006e+05
1.010478432443451881e+10
2.476458789439689099e+03
9.391325672212992504e+04
2.767662848294703053e+03
1.088303903984867502e+06
7.358542549442072414e+03
2.819867809927556664e+04
2.973097460720844683e+05
1.468751298151562363e+07
2.165044636671880289e+04
8.299101689290012291e+04
2.077704412454594858e+05
1.269454891747641523e+04
1.859850486017382238e+06
2.390405908668968379e+08
2.460039218493753287e+05
1.222347904634484798e+08
2.392598156088970602e+08
5.526222734356197119e+08
9.988297981054831325e+03
4.699370949468060397e+06
2.569250805908987331e+03
4.315223326138735501e+03
3.141996273187979568e+03
4.125602553071572185e+08
1.612709398745456128e+05
1.032883774205858237e+06
2.335773686731523871e+08
6.199474122146883747e+04
2.245989459948678850e+05
2.494481743869377300e+06
1.552811742317648232e+07
2.100635408975415304e+07
1.429729440234692447e+04
2.622275195388946304e+04
5.658266852298351377e+07
2.537544483475487596e+03
1.545762731704069078e+08
3.997312366478966396e+03
2.140843414225509041e+05
2.178789445751414299e+09
7.424142807698646720e+03
2.891767872553469148e+06
1.029824479291495634e+06
7.922351147205468442e+04
4.494563037732589692e+03
3.467635067532286030e+03
4.055993440054638995e+03
2.770158053457340429e+03
2.420328934521211386e+08
3.983382217395846510e+03
6.539006615133376326e+05
7.057291564611865033e+04
1.539680218596899807e+08
4.983514513876317069e+05
3.304517797472670281e+03
1.116787640112494046e+04
3.619188138460361864e+06
6.013293926231793165e+08
3.068745252468939725e+03
1.159520289805504121e+07
4.757711621231687786e+03
5.424255690181484533e+04
1.421471067480841279e+07
2.519322937998134512e+04
1.467151849832742882e+05
4.148898782379928511e+06
1.416743882025843253e+06
6.231029170798739651e+05
2.649464065365238581e+06
1.596665357384476960e+08
8.796181361225499131e+03
5.528191015387341380e+07
1.868366298746308088e+08
1.104703664807823181e+09
6.589349180629190414e+03
7.890905782947978005e+05
2.879318609767932685e+03
2.766888272185559345e+03
6.696367727919175195e+03
1.868702887615519390e+07
1.628334137234101945e+05
6.224596585910489375e+04
1.045359603445320245e+05
4.443842442586274046e+03
1.313568016223575250e+04
6.309353428826853815e+03
6.395133863944231272e+08
1.016004619139472395e+08
7.156266951805980170e+03
1.144058986069568782e+05
