5.309564707934218459e+05
2.200000000000000000e+03
2.535805599130643532e+05
8.591111785679644527e+03
2.595165533828262596e+03
3.079523791082809112e+03
2.542909137383705092e+04
2.973985002494372427e+07
3.270940105276023678e+04
6.078541265023943037e+06
3.329072768776059092e+03
2.199408128620914649e+06
8.823815635888696124e+04
1.137739784381516464e+07
1.102826343953585638e+04
2.835015609180878891e+04
3.324392651875859010e+05
1.004835093965163396e+05
2.829764288265696168e+08
2.428194245249403466e+05
7.231449304577734470e+08
1.506664187082783878e+08
4.070612348333679984e+04
2.458126941062896549e+03
9.600391090456504375e+06
2.414485063002834067e+03
9.881500982509864116e+03
2.792512193000640400e+04
2.777601704733691877e+05
2.710784346480193082e+06
8.444844088246208429e+07
4.621602623454490304e+07
5.211966192650226504e+07
2.915180372327103669e+03
8.068781914570719528e+04
1.145193502645624176e+04
5.344880129915166646e+07
1.872421505372397602e+08
3.785585353339597583e+07
7.784724191855750978e+05
4.808281043889384819e+03
5.426871376457591396e+03
6.206798390421527624e+08
3.116110290730928227e+03
3.237520970687634945e+08
1.442379950296755647e+06
2.743640452653366083e+03
5.541430985690040870e+03
1.759137606123858131e+04
2.560277207112781471e+05
2.440294094670908089e+04
1.506750656805395738e+04
7.369165214247237600e+04
3.248965514574480949e+03
3.293292212889487389e+06
1.012551316502678543e+08
1.694416160668429802e+05
9.912307450750716031e+06
1.424713893372913003e+08
1.280104679964593798e+07
5.601039345260896880e+03
6.902004598534051329e+05
4.256988666038390249e+07
3.014284910765702534e+03
2.260277785818281700e+03
3.011815588313961634e+05
1.866055048866177350e+07
1.585526145045498561e+04
2.197516827779364539e+05
2.551359921264187506e+03
2.332174917590253353e+08
6.208148353916952610e+08
4.656371909021904139e+04
9.513649526529797004e+04
5.711194215590346139e+05
2.680978844171077251e+09
5.476087685651971400e+07
4.949473885118547082e+07
1.325758204109080508e+07
4.972396066049852408e+06
2.884610816575082135e+05
1.760915691887313034e+06
3.217942284191551607e+03
2.666809265157236223e+04
7.831422723600581776e+03
2.877848380676998659e+03
6.061237832709484501e+05
8.238848462889253162e+06
7.823363269042929460e+04
1.080104271339682782e+04
1.319742110782869859e+05
2.799227859725968301e+03
8.461135285967579111e+06
2.828924976372111814e+03
7.941994471615938842e+07
8.494656373637695611e+07
2.534308631170147692e+03
1.456790534759247443e+06
5.848678599629260134e+05
1.755387541610760242e+07
1.414499948526895423e+04
1.555705319983194349e+06
1.006004724889552381e+04
2.331916624131617546e+09
6.422356594828645466e+05
1.401453808302481193e+05
1.014454293725882191e+06
4.543520676812447608e+06
3.364170377904035617e+06
8.178502326617018320e+06
7.651054771755840629e+06
3.143299552971528769e+08
2.078511917494498266e+04
8.794526588511975482e+06
3.604815462173781872e+09
4.504978079015346884e+04
2.390263651219314779e+05
3.910635134143549367e+05
2.173704549076341937e+04
9.299558655936639011e+07
2.722364852908855391e+04
4.465455226334863255e+03
1.962585464360141123e+04
3.217179308483438945e+03
5.650426276049177162e+06
8.062900970609963872e+06
9.246570421986761689e+07
1.532376616226217811e+04
3.342026138357600197e+06
1.388860970430856757e+07
1.757286001144696772e+07
7.665207914087363752e+05
6.889173378323108773e+04
2.856660096272129522e+03
2.131679185506159440e+06
2.470460493102051551e+05
3.258781116098029613e+08
1.213387222457706630e+08
5.931071708776397827e+03
8.682475469045829959e+05
2.029680622059505200e+06
2.926501237358638900e+04
7.642193960781862188e+03
7.613133493448250927e+06
2.909509090846874642e+03
2.433313115428656340e+08
3.088364854971280787e+06
1.221388176792783737e+08
2.740940898527912577e+04
6.908133406260077209e+03
2.435888652585668024e+06
5.112022844121883973e+05
1.664803367420501891e+05
2.705420458351699635e+06
6.040475823038797535e+04
4.252797267957422137e+08
7.035647987806724814e+03
3.557280121751625120e+04
1.352298495812596520e+06
6.841997251991416328e+06
2.673163991195317067e+03
5.233790827344925492e+05
1.467327748695531162e+06
2.751821238875853851e+03
1.593668012161242041e+04
2.998759422631466389e+07
1.006418362487212569e+07
1.101311113822738174e+06
1.762168294997637393e+06
3.124924269748652478e+03
3.032623557734405040e+05
3.782830876190660987e+06
2.774688057448189284e+03
5.122665906073523802e+05
6.623764572533335013e+04
2.928786007004588555e+03
1.355952609396818578e+08
1.861949660555906594e+07
1.547053730261979508e+05
8.013305121965751750e+05
2.802602791749366559e+06
3.830295806184070650e+06
3.933997684357323498e+07
2.189504339957383871e+08
3.139043906265156269e+08
9.830346694996955921e+04
1.646352422861767409e+05
6.022305145231384039e+07
5.591054008924107620e+03
5.798592813406257629e+08
3.134967184400110000e+03
1.166849874144449364e+06
2.266035969602924213e+07
2.701631013557063852e+03
1.900252045326573849e+08
9.940223371154756844e+07
2.128462940675127786e+06
5.758365979958522985e+03
5.647472838282593148e+04
3.184765014629760408e+05
1.566881066809448041e+07
3.203462312152091727e+03
3.126925710628020111e+06
1.477652308070678264e+07
1.189955321196648147e+05
4.144212428989874024e+04
3.267966434987898901e+04
2.861503497720283456e+06
3.100020462142211199e+08
5.259577363998427245e+03
1.493177209367073840e+06
3.214935120319646558e+03
1.437107179919290124e+06
1.220663320325422319e+04
6.195011906262753904e+07
4.760732152645345777e+05
8.257040174771794118e+06
2.525427941548663512e+03
9.390072460847288370e+07
2.167054225053090602e+07
2.770597396262166512e+03
2.558205148732976795e+03
9.263325208081699384e+04
2.293648669180677272e+06
2.045004706687600628e+04
1.125339670697783586e+06
1.252052615633376241e+08
1.328716567373312078e+07
1.126342605625972003e+08
2.790614118768688058e+03
2.858395433953699921e+03
2.938714144328479051e+03
1.152783825014159316e+06
3.521499504576020874e+06
3.355418316472064362e+03
4.130923530663860030e+06
5.785210656259098323e+05
1.578177358413338661e+05
1.004618512268825769e+09
3.031507411428394914e+08
1.029609683679782756e+04
3.333060631785594160e+04
1.079679525108852051e+07
3.292526681755416468e+07
1.815003174900934100e+07
2.827472645077114976e+03
7.685338476412761956e+06
2.689400811723350671e+03
3.911827530173011837e+03
3.546817535949017474e+04
6.465674702530980855e+07
1.104239768331373809e+06
8.166555210124117730e+04
2.919655111668371774e+03
4.964025946040999144e+07
1.123111627323400602e+07
