1.844782124625563920e+08
2.200000000000000000e+03
2.646050359121219572e+03
1.188461276395348395e+05
3.659843988023309037e+06
9.298488064530006051e+07
1.427971919066257000e+09
6.183202761884467676e+06
2.589759133162258193e+06
1.636443235819605738e+07
2.763940282167423368e+08
1.391441923489117622e+08
2.031655306815207296e+05
1.126648271671111979e+04
2.733581412874609214e+03
1.672194046397030354e+08
2.817044136039407931e+03
3.704520988566198412e+03
1.030817238356529560e+04
7.441886792350619799e+05
1.051524996224582754e+07
1.689718721494991623e+05
1.542952330628413474e+06
1.255085888759162190e+05
2.154993530792175443e+05
8.995027865288137197e+08
5.989593950904617668e+04
2.679153247846225440e+03
8.064504267833335325e+04
2.389558307353454438e+03
3.064259549941093428e+04
1.239730119749647129e+05
2.978508914431888610e+06
3.348188832518085255e+05
1.734928741268409940e+05
6.289205395551376569e+03
5.870970513916712953e+05
6.029331505747234914e+05
5.830479926009881310e+06
4.817328750374956144e+04
3.309758323642082360e+03
3.743799849959010317e+03
5.551250042524256743e+06
2.991507882116285145e+03
5.711825517017600127e+06
2.531177739652971551e+07
4.457693167709841509e+05
2.553580105184349231e+05
7.172409610069856280e+05
2.266313020353924930e+08
7.812679921409717645e+04
4.273728576044546813e+07
4.060822469476812330e+03
3.967138105594539866e+03
7.720255706743855029e+06
2.573476204943199083e+07
1.522239493266647623e+05
2.989393401251943942e+03
1.368394973524921108e+06
2.593202087803393230e+07
2.427615085084384307e+06
2.682545637078615651e+07
8.204219546644017100e+07
2.152823560698683560e+07
5.571401728735796642e+05
3.676248388624261715e+05
3.187474733115165691e+03
1.502189285077625886e+07
1.554786590830977075e+05
4.585739868721413612e+07
9.619962383567361394e+05
8.553190870028210338e+04
3.475624260286618490e+06
2.341939296772834041e+03
3.417563610782120122e+03
3.375901928502734336e+03
1.663969233932311181e+04
2.098146011007712409e+07
3.502232867487736257e+03
3.853665872275232687e+04
2.849347754847190902e+07
1.137434700817734897e+08
2.306507104739037156e+07
1.361153955966824666e+07
6.416718354334367177e+04
1.815795329744453728e+08
1.350058036180879863e+05
2.710260761209077828e+03
1.389296227387594618e+07
8.335608963894565403e+07
1.565070111206172151e+05
2.446348539423983311e+03
2.390982882214895189e+08
5.585964141299324110e+05
2.803574034617652615e+03
3.269375893379843235e+08
4.289206458085129270e+05
4.403233716817336244e+03
1.919269942871597013e+05
6.774580164436858613e+05
1.196597054615186006e+08
2.411926511839478016e+08
2.844372536117828451e+06
6.995948644733869514e+03
2.885402830318821967e+07
3.856592629365738869e+09
6.315807847029888762e+03
6.271847400752614340e+04
6.893215435487483046e+04
2.365351520802593441e+05
2.204870243184051651e+04
7.450853286949393805e+05
1.376953362270351499e+06
4.072882822809862773e+03
3.468227902944942798e+03
3.946765007576455537e+04
5.943374705730531423e+04
2.518358481815756857e+07
7.528579061986315537e+03
6.579625339114105701e+08
1.009061370872996864e+06
1.614435546823217883e+05
6.137417593129486704e+03
9.881378033741395921e+06
8.165080058068692684e+07
3.854644546310640872e+06
3.656510683784938301e+05
2.914948701277221517e+03
1.205278874682244532e+04
1.557943253712094738e+05
2.727065631974497137e+03
1.853890855501297629e+05
4.961346909542931244e+06
6.575337099553403445e+06
2.341937692582837190e+05
1.341078784480096772e+06
3.032708553616691753e+07
3.782002647732229889e+03
6.656730217386941149e+03
1.072975942361717171e+04
6.413930348912993213e+05
1.794312715290396707e+06
1.248745309473484308e+08
1.157945696055460023e+06
2.455701007174592523e+05
2.793049157749829192e+03
4.875530014628054574e+06
2.798099146224502847e+07
7.361124908701991662e+06
1.055056757956830561e+08
1.830330981474819407e+07
1.066924729789086990e+07
1.513545189590531299e+04
2.088538437651638389e+08
9.119184377797158959e+03
6.413178412059271336e+08
2.487582238242509902e+03
1.952925260757441400e+06
1.564340429529859452e+06
1.571892848176034400e+06
1.750925701000827849e+08
1.185477154072236270e+06
1.490333403003031760e+07
1.696036367582656384e+09
1.241497629925142610e+04
2.466435805584799498e+07
4.852517075342209864e+03
1.012908901179949753e+06
7.845319673063288792e+04
1.076981563151940890e+07
8.473555436297094822e+07
4.844861677436738973e+05
7.338703419899597764e+07
5.595905889455301804e+03
1.937902611694632843e+07
6.172464472821507603e+07
2.776278903355222610e+03
2.660229710173057318e+08
7.910498566862032021e+03
4.672527099416362034e+03
1.358688960280526988e+07
3.065858770062427084e+03
3.029234273562643011e+03
3.499619154846415768e+03
2.700200383269274880e+03
1.007193880263280298e+05
1.845297685461041750e+06
1.030478709245857201e+06
1.859984844292026758e+07
1.483384247917295806e+07
1.180783147356174886e+06
2.935690169785473245e+03
4.068129914586353302e+07
4.921433274945478439e+08
3.176954677843418722e+03
7.192822346933996305e+06
1.227291995493815280e+07
1.007170120277259848e+05
1.737489026436684653e+05
2.678703454566911660e+03
1.437741188485609746e+04
3.403753817765942949e+04
4.353604795359220007e+05
7.421074968391251750e+05
9.212691602350698709e+08
1.659097483606618345e+08
3.052988486896745599e+03
1.727722480958360434e+07
3.587931339403001475e+05
3.492334380129438068e+04
3.176277734728987142e+07
2.043254091194387001e+04
2.857970284007081318e+03
3.641440432923850494e+03
6.836254063848172128e+07
2.954671150489412830e+05
3.451930517844953101e+03
3.756157479089641478e+06
2.082893895559192242e+04
1.371533559739046497e+06
5.657147300923740864e+08
7.484840892313115299e+06
1.290328448594123870e+07
5.587355759988923091e+04
3.498691273274736106e+07
1.007523441523407528e+05
8.660142787951019272e+03
2.132263332479939345e+04
2.353993557315918679e+03
2.836096450532549247e+07
8.500965984612191096e+04
2.699876866361837983e+03
1.801290720481789904e+05
2.558276191149040187e+03
8.992554208174529776e+04
6.942023123294808902e+05
4.224729018243475002e+05
6.475116952009244822e+06
2.965974342984541636e+03
9.835363723535025492e+05
6.991433819630207494e+06
4.272385788416786119e+06
3.969748692118725181e+07
1.439572688061287627e+07
3.557567307278364152e+07
1.204788442289091349e+08
1.810745476322138216e+06
2.187347692972584337e+05
3.540048364616501494e+05
3.615998733496104479e+08
1.161597896451445371e+08
1.291903393076976528e+06
7.201563566584649379e+04
2.801311747625381127e+07
1.487130806593684065e+04
3.316336353100971792e+03
