6.639067514186717272e+08
2.200000000000000000e+03
2.821320308118889443e+03
2.993358281819874719e+03
1.745994926947320055e+05
2.648773934584728522e+03
2.566044719708986580e+07
1.356059579466436408e+05
2.190745951521329116e+05
1.660520190117197053e+05
2.953806352616667747e+07
1.789163983109797118e+05
4.482404232028824091e+08
2.741981967004330727e+03
3.653061874901639763e+06
5.431239074126241030e+05
4.213392688371687545e+05
4.828990792357338667e+08
6.636849376283373567e+04
2.321533433180106840e+03
1.196933255479029380e+06
9.561713170887969434e+06
1.659546639833415151e+08
7.358485069612714052e+08
4.285781711307794321e+05
3.064464340917263144e+03
8.110657248337675631e+07
7.248099482581597567e+07
3.682118922031484090e+03
5.019321502530214936e+07
1.629689642797410022e+06
5.693932082063458438e+03
5.920535718417129829e+04
1.301266330877757221e+08
8.344363946766210720e+05
2.651208815100661923e+03
3.638454461519935285e+05
2.146904361081966199e+06
2.898830955945136793e+03
4.471816955730502009e+08
9.074830316367036721e+04
5.429549157681239194e+03
1.096607380705337506e+06
1.796369228843775345e+06
3.774991692685980524e+03
1.002883903692419454e+07
6.492771989543178352e+05
3.011848115036858944e+05
2.874505913663918618e+06
1.797865235654855520e+07
2.772507607213151914e+03
3.035637937389268875e+08
2.444432230634817188e+03
4.745095168010048219e+05
3.269063511676946291e+04
4.221427487714109593e+05
4.093674767047230853e+05
4.996172878572450876e+08
1.245554931680032518e+06
1.043063276357101500e+08
1.210179760652026162e+06
4.294988926071096212e+07
6.336968126080156071e+04
3.024643051761583090e+08
1.079574677311991582e+04
1.922230990456089203e+05
1.840089029222826064e+08
1.528946755631053075e+07
1.767741746515688673e+07
1.079418050016429515e+04
1.323257952845857479e+06
1.113240178624344058e+06
1.370791868398977630e+07
4.656137084519636631e+07
1.572030242578393081e+05
2.654216302358257053e+03
8.617669701808009297e+06
1.386808398240967654e+04
1.311876895943706274e+09
5.110166845004243404e+07
3.651209593070109258e+04
2.942271001784127293e+03
1.482868961921281740e+07
3.890173414955625776e+05
2.763244829721224308e+07
2.562482989011127502e+05
1.384395582864262979e+05
3.081552787104776129e+06
1.269396876175006926e+08
2.715654836797998996e+03
2.349236710219887300e+03
3.096481035173221244e+03
1.945849013594342105e+05
4.138372527157137483e+03
1.482029608595256577e+05
5.038538848793336001e+03
5.957898775827645295e+04
8.507275326988751476e+04
7.384859434441246092e+06
1.946959428108088905e+06
1.846217760984457564e+05
2.456206879763270169e+07
1.879780939866570057e+06
8.880588435464283824e+07
3.128679180995119736e+06
6.761790204634120688e+06
7.106608210076449905e+05
3.376358303365124157e+05
3.460483119137083122e+03
3.374375411798076238e+05
5.121721934043588408e+04
8.226381645469205978e+03
3.026342625085198506e+03
3.784975585503018374e+04
2.783318077355530932e+03
2.057223250199834108e+08
6.253048174291497708e+04
1.488691647479353659e+07
3.399479534343032865e+05
1.116472602876508172e+05
2.161071639841983269e+05
1.556260376890691817e+08
5.111924080673958175e+06
1.367692333689957391e+06
4.060626771666785498e+04
1.088051603811730817e+07
3.713336063841945361e+03
2.138558235634084940e+08
4.725567254430583864e+07
1.416794350237278559e+05
6.915514981595462561e+07
1.665924261315817421e+05
8.832680754427095875e+06
1.308495846211885847e+07
4.892366086157563404e+04
1.351826531709353672e+06
1.911680045221777400e+05
4.947653586026824087e+03
3.076294115411319211e+07
1.415250505089103943e+06
3.375080618390424206e+03
1.030114501533952352e+04
7.418826721024903236e+05
6.671285384305104380e+05
2.921501973434643787e+03
7.193258265312637377e+03
2.347236084152930416e+06
2.861355775077077851e+03
4.342419480557549745e+07
5.284854588867839193e+05
1.121669484091858007e+07
2.759767809494810535e+03
1.089652733410139084e+08
1.140800559330893884e+04
2.187726221649855003e+07
1.618573275006572157e+07
5.610872957370535471e+06
2.307054988068045532e+03
3.273316885338469148e+08
1.105021948681967478e+05
7.923449248630774673e+05
1.397965995414545992e+06
7.427657052824791208e+03
2.934166754509954480e+05
9.278991118698939681e+04
1.789953061055076718e+08
3.439349522112302111e+03
8.319817507375947025e+04
4.572197209492854199e+03
3.175513271016510949e+07
2.492816704178965210e+03
1.122524644457414001e+07
9.377892982698854757e+04
2.365382569520578533e+07
3.022633257546298951e+07
3.241790596564584412e+06
2.379495879640962183e+07
2.350043190791034722e+05
4.089498136151827872e+07
1.144782585420422792e+09
4.978851240493653715e+07
1.743953070042693242e+07
2.711332342877429710e+03
3.880891481343239138e+04
4.662063897135848529e+05
3.952217606720302138e+05
2.582875303509746118e+03
1.172437531899521564e+05
1.109736457165905267e+04
2.584973970967234436e+03
3.208260074696800206e+06
8.218671825402433872e+08
3.281012711161569133e+07
4.004933088434425008e+04
3.116527787621510681e+06
1.404369762335163951e+08
2.690264225928659471e+03
6.711637030477324734e+05
7.797421661824607849e+07
2.306228539752893150e+07
2.811490029267161390e+03
4.544270278689407860e+03
6.032986508202715413e+03
4.225101626040838164e+04
3.777712115139590204e+07
2.075716414902867284e+06
3.253198510880731646e+03
4.993369101458934695e+07
8.817505595404154155e+04
9.172063527601610986e+04
6.319885578881619126e+07
1.410165132164473878e+06
8.571537321594863897e+04
7.629084082363371635e+03
8.387087796682120860e+07
3.588573501826616121e+05
1.069500065018690675e+08
2.372143044435380943e+04
1.125521832322991267e+07
4.728364002860632725e+06
1.160555927998106740e+07
1.715451029198379070e+07
1.963423180175042897e+07
3.596872119977215305e+06
2.896419904996655987e+03
1.814491526696054041e+08
9.222155244490628829e+05
1.554747449253900442e+06
6.769948416808747425e+03
2.368991227283114313e+03
5.781937640353476127e+03
5.306505437802570343e+09
3.031645493139206246e+07
1.899233085022603860e+06
1.286993579012336268e+05
1.103677618469115829e+10
1.638486306992033124e+07
8.652684384867478907e+07
3.851448569276525632e+03
2.795971317262398545e+06
2.125942460040586302e+05
1.455049981896674074e+07
3.169791656256832721e+04
2.774927751157300081e+05
2.733986040137292093e+03
2.396464288618148130e+05
6.954938979458137415e+06
3.158929675251941010e+07
1.884885959345774900e+05
2.309483761904340237e+06
1.722543146323496185e+05
2.972279521965673666e+03
1.045208905075681861e+06
3.456266020036609471e+07
1.013975324707656517e+06
9.856516755868286127e+05
