1.866060780196699314e+06
2.200000000000000000e+03
1.099174085065814666e+06
6.439012072074204683e+06
1.649828329459865391e+07
8.358490809251103550e+06
3.934125913274342660e+06
3.032114304106026793e+03
4.168133677879379988e+08
3.894312495996993675e+04
1.787263391177810030e+06
3.861013773434875766e+05
9.990441665617333725e+06
8.545723071745544439e+05
1.971998354791836391e+04
4.366907444453409880e+03
7.176047262279404094e+05
6.688884371428351849e+07
4.634587189999434486e+03
1.814717367515556049e+06
2.333527311891421676e+06
2.415508481248284170e+03
3.011961229150265717e+04
8.042282437167449098e+04
9.242888401120035269e+03
3.069560911699869856e+07
5.722861157008649781e+06
6.210746961625516633e+03
2.477464747583079934e+08
1.047807426655745506e+09
1.249919372394096805e+06
2.861335555632303112e+03
3.294777332135204077e+08
9.469416314470155630e+05
8.084172628261719365e+05
2.228834911376440141e+05
1.606781125956138782e+07
1.294018505178633612e+06
5.399519001042172022e+04
5.083360960102876276e+07
2.947935225611212663e+06
1.339495366913738661e+07
1.741665322742438584e+05
2.746569744388273684e+05
2.773257682121484777e+03
9.936013613282921724e+05
8.338184266788441455e+05
3.706588654137469828e+06
1.922468844432694614e+08
7.242206620760621130e+07
2.592248219432031270e+06
2.691161383534642027e+03
2.815790060186522896e+05
6.105789460686162710e+08
3.783093659267486655e+05
3.167370741666856247e+03
1.141463278790516593e+07
2.002549121821159869e+07
4.562322908187621215e+04
7.848150185412999243e+06
1.212144271118769393e+04
3.892529393720181193e+06
1.058861107201506943e+08
4.968460647510519266e+03
6.071315177959498018e+07
3.340743278027196066e+05
2.809223237402871746e+03
6.753341546562771313e+06
4.744124945259415545e+06
2.578877876912021637e+09
3.055142549037048411e+03
1.749234995117951621e+04
2.971789774740366265e+06
2.472697076876782012e+04
5.380163340777519159e+06
2.139921726423890144e+07
2.743519242988936639e+03
3.171718796484037489e+07
7.689054621374465059e+05
1.977321591123283433e+05
3.089457626200406626e+07
4.383553639990559532e+03
4.188862588235718757e+07
1.902139099244375393e+04
1.262086595913432539e+07
2.247935055944255367e+07
2.610579433914709371e+05
2.952427414674873944e+04
2.275848040782342141e+05
8.860843958666257095e+03
2.691227343099349673e+04
1.994522238686686847e+06
1.069241136858318448e+08
2.753584418423080024e+03
3.493749435602915764e+04
7.217857976686077192e+06
2.021376091720337514e+06
1.795807859764990330e+09
1.533880097405178822e+05
9.208653868847748527e+03
1.365397441159500886e+04
3.340496117608598070e+03
9.280173393757315353e+05
1.264090366750376374e+08
8.581036218777832109e+05
1.465895714034567773e+07
1.263660900874822168e+06
3.292095059737343690e+05
3.487854418289199937e+06
5.204381886760360794e+04
3.680534056615934969e+04
5.466295730494375675e+03
1.707306263579018787e+07
5.388365020503533015e+04
3.075512792499324496e+04
1.566620696806851588e+07
7.819675102201093687e+05
5.909056899109261576e+05
1.011949882183717191e+07
3.095428110027140974e+03
7.748053922440853119e+08
4.230390196051389724e+07
1.240909428532927996e+05
3.362615573678218061e+04
3.778084219019080774e+04
7.211943054917558096e+06
7.999458122158697248e+07
3.534445063849019334e+03
6.052141231109173298e+08
3.532634124739198387e+07
3.405285244708080310e+06
2.573561455963891603e+03
9.663684126439979672e+07
1.455140902384983143e+06
2.008781343622757413e+05
1.606566886758549325e+07
5.514290618718614802e+06
3.489717290517117362e+03
4.265910758538296446e+06
5.282687946299058240e+03
6.168687432703634113e+04
1.438321923757809236e+04
1.253312029711541072e+04
2.099450036961369682e+06
5.251725621393017471e+07
1.363066368352745660e+06
8.241430335182168521e+06
3.061560243061599522e+03
3.733945659567493749e+03
3.567923798635917306e+08
1.565679390528075164e+06
2.143052779911860824e+06
1.239241061409125626e+08
1.174180976818082854e+06
1.154998952062862736e+04
1.922677562668183446e+07
5.437058014443437755e+07
2.821916925591307227e+06
4.223284947399077937e+06
1.285599219546461944e+06
3.651727454226128012e+07
9.587655844069297018e+03
5.378192777595267296e+08
3.512262814955621434e+04
1.459855457393078250e+05
2.340177246672571823e+07
2.505560683046018239e+05
8.975853506322811882e+03
2.296594432890450989e+05
2.897974154166242897e+03
2.262817599570202674e+03
5.353875707007022575e+06
2.931314836831917763e+08
2.615110844076378271e+07
4.043160140692054410e+05
1.521023625637737277e+05
3.849353064455105050e+04
5.872906226959225933e+03
2.527595478171934839e+06
3.633332371698147035e+05
2.194699895592344925e+07
5.354950808880795538e+07
5.867439525272839091e+04
4.728217109594907379e+04
2.378398439666611375e+04
1.578834115652958155e+09
1.149057436804884201e+05
1.070695453983040170e+04
7.897318559278981760e+06
9.641168765235679224e+06
8.448786188820007737e+03
1.020203909532538091e+04
1.622903049735546665e+04
6.369976485144468397e+07
8.530763719682596624e+07
2.531791460521187219e+03
3.436698953496129834e+05
1.520523395179914078e+06
2.729424440066377429e+03
1.833972716047043912e+06
4.710620658483291627e+05
5.326480180300604701e+08
2.528539903391932603e+05
1.936983653426631063e+05
1.326431132063431898e+06
2.459291410732940676e+03
2.456593248933992982e+03
6.733910957289680839e+07
1.223503488936111033e+08
4.732622004171122171e+03
4.296786248856164093e+03
4.096524573510731898e+03
2.197494767496272107e+04
9.621594655241392320e+04
3.843268574062989559e+06
1.398096165837045060e+06
1.435003002277567387e+08
2.505580081976946816e+07
3.025335391245716437e+03
6.120786472444301471e+05
2.006663714653697237e+07
6.099724392485798895e+07
1.856539076985698193e+07
7.468296838812353963e+04
8.941768147898402065e+06
5.205246529081173241e+06
2.741703925510667432e+03
6.816765752253041603e+06
5.134379763982515037e+07
1.499570617784355581e+08
2.440796217251076814e+04
1.456860919604632363e+05
2.598235442848775128e+05
2.398498625147165512e+03
1.501730906042873859e+06
4.570521319505616702e+04
2.099890702836235985e+06
3.573117747672999859e+09
3.977116492964548524e+04
5.370068552058537025e+05
1.897971524572949784e+04
6.010536249934235821e+05
5.927355401186449308e+04
3.116491124682172085e+03
2.926884294988622144e+07
3.096359537241278216e+07
9.161506228745929548e+04
1.262608887766140047e+06
1.621112758316430882e+04
2.954188512546343190e+03
1.832313552880258262e+08
3.042601472455763072e+07
1.517632049458799362e+08
8.834793474915777915e+04
2.385222451618530158e+03
2.875886746049470275e+03
