5.751939576790422507e+03
2.200000000000000000e+03
5.519226690836092457e+06
3.487511670781725645e+07
2.524918585602223873e+06
1.289275750968290307e+07
1.824126285992031395e+08
4.053895210582013078e+03
4.905010256161508005e+04
1.270640980002478324e+07
3.984600853389634751e+06
1.522921295744692441e+06
2.529586013750034326e+05
2.787170401723943087e+03
1.190584255248703295e+06
9.509863067142036743e+04
6.360204471024692757e+05
5.685305562740052491e+07
3.016272648288359051e+03
3.215519069202144165e+06
1.123860513761697710e+07
3.331391795304041589e+05
3.423031106924418418e+04
1.004083786204082519e+08
3.115187456119864713e+06
3.404183698357852791e+03
1.116566638191380352e+08
4.620666936927319318e+07
3.208559064805938306e+03
5.792721903222498484e+06
2.824317922993353477e+03
9.396406528810466826e+07
1.433895044378878782e+06
2.246037931933330372e+07
5.564442890142593533e+07
2.527678687587472145e+06
1.250287911796032451e+07
5.868505772199434432e+03
2.764139529156154022e+06
5.039439974703745916e+06
3.078020320855519176e+08
2.684111676425781567e+06
8.386141883567564946e+03
5.095127900531579740e+06
8.917583360797896603e+03
2.803524404756515651e+03
3.461732559703087807e+07
1.100148089963975828e+06
2.486735754180243930e+03
4.280687599901527166e+06
3.047177962231097354e+03
1.112943551888561808e+06
8.387004174153679982e+06
6.283515819150744937e+04
5.071508353262406672e+03
1.349725499587923102e+07
4.908143475544983521e+06
2.739959210639490720e+03
2.916524261394996756e+03
4.768010281201311201e+07
8.750053545559223858e+04
4.294241649540538900e+06
4.258038987373087555e+07
4.374522091964681447e+07
3.295374389513427559e+03
3.857096706641954825e+03
1.247329402766289189e+07
3.110230168930227757e+09
6.899152788916001555e+03
1.012742273661330924e+06
6.756576790524225544e+03
6.095801084866719320e+05
8.763263453029203811e+04
1.770174319832262583e+06
7.331833283174139069e+03
2.783056470252774656e+06
3.005393260342535086e+03
1.179571081554247576e+04
2.772981337320766412e+06
7.451000094063044526e+06
2.232088732167112466e+05
4.490261646590333839e+03
1.810388676357652545e+08
3.932701890672487025e+03
2.866988342084460965e+04
8.717528099109866162e+03
1.197848850772058219e+07
3.108105007992298342e+05
2.467122171112280048e+05
3.341967183253823350e+03
1.620489563490837812e+09
4.443067002443545498e+05
1.822228464137349367e+09
3.467556964980853809e+04
3.055627668450336903e+07
1.320069245913568375e+04
1.266830185600710392e+05
3.888293966640461236e+06
2.952897925521235447e+05
9.353316268547563255e+07
4.297246771380327118e+03
3.224668666173149632e+03
3.150405932861180305e+08
8.792733098011324182e+05
6.575415088714551530e+03
2.646092527609193439e+03
2.535348290495956917e+03
5.197602227550236421e+03
2.732246978272993118e+06
3.961323619130453561e+06
1.222440922310607311e+04
1.568048042804876864e+08
4.705032625152540393e+06
2.063092455211397100e+04
1.988356074631734937e+07
3.605176827813832460e+03
2.314405872291214473e+05
2.413590722368494426e+03
7.008906604175132513e+08
1.338701627874339698e+06
1.990717755245363340e+06
7.335195748805521289e+05
2.220574072081779480e+09
1.790278031617813103e+05
6.884795214808602817e+06
3.067730193285018231e+03
6.117799720995614678e+07
2.917294621542881941e+03
1.211234278530020453e+07
9.528599366585121970e+03
2.284638345452166162e+06
4.954476602550373354e+04
5.239069761926557869e+06
6.336151895428563876e+03
1.324548396696952879e+08
1.328643685218782127e+08
1.034019730439999257e+05
2.408738145630868094e+05
2.007581552480968833e+08
1.418378264124216912e+04
1.868982674067380428e+08
1.738409796462746453e+05
2.256721601377442712e+05
8.368314129576145206e+04
4.930716197045680019e+03
2.486040062600220608e+03
4.429444819169872062e+03
1.816510909287786810e+06
5.092004885268298494e+03
4.750082748080403358e+07
8.171128604526314139e+07
6.144213345022963040e+03
6.580555061333904741e+05
3.172289538275685045e+05
2.093315477776087937e+04
3.417795883839157224e+07
4.439331687471474652e+03
3.878760589243965569e+03
4.813639814445622265e+06
5.827473793596270494e+06
3.813097729555654805e+05
1.005568000285282615e+05
3.953772834232042432e+08
4.567780512488384265e+05
2.212497556986964773e+06
1.446443332340674400e+08
2.264859327886346355e+07
6.380444645450095413e+05
8.546875518684498093e+04
6.181591156608586607e+04
7.019145885752268368e+05
1.568402104217110202e+06
1.568186605226306058e+07
4.297767046928702257e+03
1.988370999571383372e+07
4.518542414026383085e+03
2.653139980679829932e+03
5.512435685860662488e+03
1.457974215889438987e+07
4.898149091619085521e+05
1.780860154965563197e+04
3.987959167502043303e+06
4.441121368652057718e+05
1.726425872105977323e+05
7.586753245783283375e+06
2.937755518430194115e+03
2.848829833191440627e+07
1.553722926903326297e+06
2.768373630544447806e+05
8.291220102787876502e+06
1.657346848123111995e+06
1.599423409289333038e+07
7.599834211734298617e+06
3.512673859394608880e+05
4.884426854585208639e+04
1.131890978483021492e+06
1.345372610032523698e+04
3.438935449278422311e+03
2.975315698502165833e+04
4.133605231083917618e+09
2.906316515444703782e+03
3.662087262355825515e+05
1.050962657579104183e+06
8.185512152888296545e+07
2.884039501724828824e+03
1.148531022088283487e+07
2.674021988157899614e+04
3.476546797416648269e+07
7.331144467282415368e+06
1.355286767717959265e+04
2.271171342536086142e+08
2.797511305293593905e+05
3.220063792409893940e+05
3.768674298166700173e+06
3.078379441498382948e+06
2.562965403968280043e+03
1.021778263824103342e+05
4.287346984618626535e+06
8.320518730388183030e+04
3.012143281255825059e+03
2.776982925165911183e+03
7.873701038773654545e+03
3.702068173438055515e+09
1.378880028256619908e+07
2.481138691283983462e+03
2.527133865374190209e+05
2.221029512716619865e+04
1.495913470148921013e+08
6.123594371331738075e+05
6.866570372146235968e+03
1.912128827799491584e+06
2.787026922136039138e+08
1.171443589625254390e+04
1.763181308468591596e+05
1.196826317596156732e+05
5.451670244733940363e+08
2.221500277951816097e+06
6.419174662607394857e+05
1.228089160951455124e+06
5.953833968015699647e+05
7.194562549742080271e+07
2.606318430170324064e+03
2.642040515009201467e+08
2.674117977241038461e+05
1.320314862426233049e+04
9.160219880547021748e+05
6.871671855566834100e+06
1.304928710470928112e+06
1.123290672881469800e+04
4.266764534892002121e+05
1.582064120563842058e+08
7.810713745265937177e+03
2.845365092689755256e+05
1.869068873632349714e+05
5.884168788936245441e+07
9.005361598767947406e+06
