2.369645495157904224e+05
2.200000000000000000e+03
3.598076854728723411e+05
3.196296076959511629e+04
9.397277655049717578e+04
3.054682717108894849e+03
1.249917800422782078e+07
7.567434058688567579e+07
6.114974200953226537e+06
1.259998600997765735e+07
5.325708334180390229e+05
2.419380171587804332e+06
1.625423728850022517e+07
3.831410078327223891e+05
3.974551724165843334e+05
3.875629876013596004e+03
4.543969690330456495e+08
7.305366109154467285e+07
9.105715474008020014e+06
3.183709840340646356e+07
2.455249703859127313e+07
4.875480410926243349e+04
2.018664476848393911e+06
1.806649928830321733e+04
3.237030005561259259e+03
1.198548496334473566e+04
3.711171771072688513e+06
4.129220985880692751e+03
3.003249750034172833e+07
1.401669788022375703e+08
8.295528786775994377e+03
8.582697235917437865e+03
4.942231547627205849e+08
7.746135489080353182e+03
3.984735119226204604e+07
1.845428167615212733e+06
3.057073060580249503e+07
5.111651808607477695e+07
6.607751653903357685e+06
1.534432710467293626e+06
3.875521739370727300e+04
2.737133383898320972e+03
9.124805857410673343e+04
9.279094189079316493e+03
2.088819089488768484e+06
8.290019390785387717e+06
2.395297568990429398e+06
7.846014709181152284e+05
1.748254190001675161e+05
1.565815215148493298e+05
1.837739895762912784e+04
2.699549601718446866e+03
2.999591437451388174e+03
2.581873387255066540e+06
5.200811881723764600e+03
1.725282448648240328e+09
1.037153961214896175e+06
5.779531317432029173e+06
2.966851225651346340e+03
3.302203270010940741e+03
6.072180130631484644e+03
3.777721115170535088e+09
4.372683804426978895e+04
2.170847065771093476e+05
2.838472422077400097e+03
2.767436426411121339e+07
1.653505789303087071e+07
3.693633557875260711e+07
2.728307026533629745e+07
3.052609894561412744e+06
2.912843518107530599e+03
6.050378862189701758e+05
7.963951240028372407e+07
4.058346909937715973e+05
7.441674107649719715e+07
6.856158930411160691e+05
7.778671083661236480e+03
4.649120907018333091e+05
2.222887028750648797e+08
1.022339996661396697e+06
1.539851378889455460e+07
1.216566881622211258e+04
1.319584859569270723e+07
1.188731745959607884e+06
1.959126169577025576e+04
1.475204786193136897e+04
5.867165611575956427e+04
3.143635146186293241e+03
3.787358218882680521e+05
2.088267634441759437e+05
2.192651213786739111e+07
1.665047778028166795e+04
3.186157809760353528e+06
2.696859166414706579e+03
6.512194030229414813e+06
1.818292977733909130e+09
9.357445216476375237e+06
1.143642965534130635e+05
2.668409491524212171e+03
2.432480624384091049e+07
5.178669565555858426e+06
2.083471072858668049e+05
2.506751877154016256e+03
1.671940889012191910e+06
1.102412907360580750e+06
2.982108433072837215e+03
3.506104416478612274e+07
2.972027193455395263e+03
7.183843974113409640e+05
6.226205084759139456e+06
2.333457111695136875e+07
3.518989134247234821e+09
2.873352668460031418e+04
1.255947388052588096e+06
4.046660654367296956e+03
4.509143841606977396e+06
2.248624005082754418e+06
6.741454705930850469e+06
2.235916425512516289e+05
2.555515673353062884e+05
2.475162882315789349e+06
2.495592862806413323e+05
2.069667009766912670e+05
6.176297266209376603e+07
8.388579937174566090e+06
4.389619446717227402e+04
1.786133573699271679e+08
8.496393019462491793e+03
2.388151749532500748e+06
2.472974834572461987e+03
1.423999729358822107e+08
6.870679812655177557e+03
2.817335403979166294e+05
8.795270146402934915e+04
1.438373437068540261e+04
1.254226224655045196e+07
1.470020814626871645e+08
7.527740521160544455e+07
2.394115567882968462e+05
2.754217571453605196e+05
2.612708744599100649e+08
3.705504999838113690e+03
2.097243100519331172e+06
1.818991089385375381e+04
1.594187969034148380e+07
1.015936666683287360e+07
5.665954372630976140e+07
4.312159372679702756e+03
2.994938187011508644e+07
1.183016685464013135e+06
4.152212248664887249e+07
1.973253675200876605e+05
7.408427738720574416e+06
4.046070766508118140e+03
7.684614483957249831e+03
3.732763448668984231e+06
1.255656721062455326e+08
2.273338268752049771e+05
1.415129704341066099e+04
4.282136951282026619e+07
4.557664251353961416e+06
5.706277326617196377e+04
1.022268679971396364e+07
6.752783830935968086e+06
2.393258814029967652e+03
4.212507949998012930e+07
3.079135397246834822e+06
3.569884782427707250e+04
3.015486744311204347e+03
7.406382836714149744e+04
6.959213500651494542e+04
1.678282484709262790e+05
3.955066728398815030e+05
6.917669754530279897e+06
5.342703049787208438e+06
3.617282698985185125e+05
6.718180020652506500e+05
4.744463141241842823e+04
2.977261018486766843e+05
8.084595462124717887e+05
2.931138511268387549e+06
1.079160756577749103e+08
2.385981986356316156e+03
5.515688939877079800e+06
5.635253886880843163e+09
7.835842669445800781e+07
3.356875033555669943e+05
9.854406603193256306e+05
1.734680845459374541e+04
4.198089843613466655e+04
3.648527494787360411e+03
4.104809990641206969e+05
7.217720718060124454e+03
1.127215706259702129e+05
2.398824180662483268e+05
2.337101340631488338e+07
6.171251198445513248e+08
1.251649792804061668e+06
2.961028489299199358e+07
2.255242854182461798e+08
1.654604361845630920e+05
3.237158278438827438e+03
5.495074328792131273e+05
5.716049750009737909e+07
1.604030842919050519e+04
1.316643608457183473e+04
1.078845733857429332e+04
1.281734122465401655e+06
2.343762705021614432e+08
7.220546517092049180e+04
2.747033019068415797e+03
2.394350045363779645e+04
2.828137113780184336e+03
2.278679397379990667e+07
9.240806224710201845e+06
2.294529255593520793e+04
1.285082218140647747e+05
6.904438168215944643e+03
1.092058606273062062e+06
9.969251078834000230e+07
6.108214759918125346e+05
4.696430580651261698e+04
4.546850902241300792e+06
4.381513057578847511e+05
2.345403205562675744e+07
2.383709310286958814e+08
6.922518740615182323e+05
4.582679714150325954e+07
3.146584529863923308e+04
9.004995027493323505e+03
6.623888489287627635e+03
1.528033981602694621e+04
3.608983302473433432e+05
4.542737709427379305e+05
3.887107308206261951e+04
1.512134731629256010e+09
2.983745222062736502e+03
2.682126654468581080e+07
7.657733066620244063e+04
3.491775643032046501e+05
8.551422629701679572e+06
2.399960534885980596e+05
1.425479865708517097e+07
1.182715939586418495e+07
1.065437743286796147e+06
1.843114497330715880e+07
2.105497425151027739e+06
2.350436175824300051e+08
1.368418322501346302e+04
2.390525937308782432e+03
2.566135533934603631e+08
6.683818139800500649e+04
1.923115823952531791e+05
2.966481732798224584e+03
4.716229519386505708e+06
7.407318227478091605e+06
