2.807033889421920776e+08
2.200000000000000000e+03
1.789848806571870577e+06
3.950021827894861053e+04
8.636644059006643947e+05
1.038118011963592023e+08
3.867299006727233529e+07
6.796526824470409192e+06
3.616127521245837212e+06
5.041101983058379265e+05
5.391598601726898924e+06
8.295387668032071088e+04
8.531005978134453297e+06
7.646450865853184368e+05
9.763942284418101190e+04
2.754513297448451049e+05
8.170431904817239229e+03
2.361805481782118604e+07
1.828245743666130900e+08
1.544139199910677224e+07
4.561549330941968365e+05
3.376581080590776764e+03
2.701826088369490662e+03
9.443037045297110453e+05
2.655410604656470776e+09
1.497715279405272668e+04
5.041054628573343507e+03
1.473471171864758362e+05
3.285486572169609135e+05
9.692923637976157665e+07
1.862338323353913799e+07
7.550325993418202270e+05
3.576783128372259853e+03
2.319577130410735208e+03
8.271985169619581103e+07
1.266170605850789249e+08
2.318276213859821483e+07
5.605592637993115932e+04
8.772470948136411607e+03
7.437953739541888353e+04
1.591204954171179295e+09
4.167717261633026600e+07
5.125574159306305647e+07
2.893300580688502174e+06
1.307055382406129502e+05
7.279415224550655694e+03
2.263232922151972616e+03
7.992562243127863621e+04
9.613740827284112573e+06
3.750999752680645883e+07
4.442539078992608935e+06
1.507188849604733055e+06
6.625097605396317318e+06
4.560086467369130813e+06
3.272381371216371283e+07
1.939572891988121264e+05
3.511145629262727653e+03
4.459583995857885107e+06
5.760838590627821395e+05
6.187796613053960027e+04
5.998380725611578782e+03
4.932191909006269270e+03
7.776205081254955439e+04
4.248032342302699544e+04
7.661199076296061685e+04
5.384547021545217372e+06
2.400088051581680309e+06
2.294150591229715428e+04
4.915767391504902393e+06
9.970713902156239375e+06
2.477129819285203666e+03
9.254599460679371841e+05
2.009274300599282607e+06
9.291284879540890688e+05
2.214273324006055832e+09
2.340883835760035738e+07
4.213648738148883240e+03
1.616469106875948273e+04
2.952448444753266522e+05
1.034765295359422266e+07
6.083067733296238657e+03
8.149573977181856753e+05
1.123192934218245064e+05
3.438858416656236630e+06
1.650663666235693963e+06
5.576454647188751958e+06
5.088890048295434564e+06
1.162767417391006747e+05
4.812868761851010277e+03
1.659373757465574658e+06
5.269473435405373311e+04
2.251146474213937381e+03
7.926153886682661250e+06
6.704369516968846438e+04
1.032265081254952704e+06
2.012084481039598584e+06
6.711108307842069735e+03
3.032605840143553905e+03
3.490127747977820400e+04
7.844416922069774591e+04
6.189163888612159528e+06
8.648695309420920967e+04
5.767357272813782401e+03
6.148341429316773266e+07
1.159375090101549625e+08
4.422357501248055996e+03
2.149090716503370088e+06
7.951703137591460836e+04
5.994307907538359053e+06
1.328122324116820246e+08
2.726038573814511437e+03
1.622905203570859507e+06
2.072162670636638403e+09
2.930144928326585796e+05
1.280076804424353410e+06
1.800228956571035960e+05
3.057370869100914206e+03
2.085307741799134237e+04
3.871797090797012788e+04
3.102754391984620015e+05
1.102406923724136686e+04
9.616428435213214252e+05
8.876989437930794954e+08
1.620886930466357172e+08
4.585996494331186637e+06
5.169225266884522716e+04
2.774476199671481550e+07
6.148065367950564541e+04
1.193644664416922569e+09
9.121370852945927531e+06
6.110682931324866331e+03
6.046490556508721056e+03
2.302520688286102813e+04
1.215926350204561651e+07
1.631900822189885937e+07
7.612913197778895847e+04
2.418593137438000485e+04
1.321341648625662201e+05
3.910997664883431047e+07
5.246082406208102475e+04
1.443356668340106495e+07
7.542691800471341703e+05
1.096196434727235028e+05
2.202497496075378731e+07
3.672623552381073750e+03
4.438639514172549752e+03
9.202998144463170320e+05
2.446098215422260182e+03
1.346818331650830223e+05
4.154001066959688812e+07
5.539858468071804236e+04
4.399741540938412771e+06
7.187649639519260963e+05
2.025133439898748184e+05
6.896105128582943976e+07
2.949544421415001270e+05
2.952031382672183961e+07
3.412151124092345685e+07
4.209471931772890384e+05
4.181030519867604226e+07
2.398291487382098785e+04
2.725231334126090587e+03
8.366749471793427801e+03
3.521388693437508773e+06
5.874485821305230638e+04
5.777789415377579862e+05
1.710523217019013828e+04
4.816330076356209815e+06
1.848789925820465432e+05
1.492089824175723697e+04
4.091167951561414450e+07
3.137631566539217602e+03
6.294923491806329489e+08
4.812203158070141077e+07
2.156519855220735371e+08
2.589899746482456394e+05
6.378894832695880723e+03
1.299262885855795443e+08
7.188743816048432200e+04
2.827760542286665179e+06
3.607111616785500050e+09
4.257757956494465470e+05
2.789752873210851249e+03
3.891353545750549063e+06
2.783053869579421371e+04
1.612313943413287052e+05
1.938634042254647065e+05
1.239873342527517490e+07
2.991885140674251033e+03
2.574022893828011001e+04
3.255730462610111758e+07
4.496048908742240630e+06
6.746599975948636711e+04
1.189568144313702583e+08
1.414203945316417608e+06
2.098689078374430537e+06
1.322564756366907805e+07
2.750976148957886733e+06
1.887040691517007304e+06
6.039191149670133018e+04
5.086986809146499581e+03
5.912457690199147910e+07
1.078393610706491563e+04
5.200455952567625791e+05
1.529373669813726097e+06
2.940823416367566679e+06
2.869293678704225458e+05
2.504260658404817060e+07
6.430331398767885985e+05
3.769303599905012379e+04
6.980423198295266628e+08
2.234150880563781539e+05
2.211150702661178540e+06
1.132985602822127379e+07
1.438787577843144350e+07
7.641927910886581242e+07
4.188835427587606013e+07
1.825888491892187670e+07
2.389812747809614521e+05
2.978644739498159197e+03
7.662060975580473430e+06
3.956591258745649611e+03
3.453996093096901197e+06
1.775016651942817122e+07
2.531165193786256947e+06
3.768345871696654358e+05
9.215099948328709602e+07
3.231182145428318996e+06
2.906841659268909552e+03
2.963242465143522622e+03
4.778392120487961173e+07
7.755014886726212502e+07
6.092703357107288204e+06
3.157603894946986202e+03
1.163320797798038402e+05
2.786476030605975211e+03
6.443405521510485560e+05
1.554322339321739227e+07
1.034733470391377956e+08
1.985175763813398313e+06
2.514516920218162340e+03
2.601187648672953856e+03
3.008787886069947945e+03
1.271495034157636401e+05
4.578254966551669873e+06
1.931018603226084411e+08
6.210727900546413366e+03
7.924827260018767789e+06
2.891224823725458009e+03
1.593577493548196217e+05
8.078000440517589450e+06
5.331474906897711335e+05
1.034697319488487410e+05
4.140072968244976437e+03
1.184405383223255165e+07
2.951049799447857309e+06
