2.699645128449738877e+03
2.200000000000000000e+03
5.735432499694792205e+04
5.706505745251037879e+05
9.632366394383331062e+05
9.112994304221807397e+04
2.834226375320073203e+03
1.146249568971332349e+07
1.245591578305496369e+05
1.080478723458092136e+05
3.581033430419526994e+06
7.064386062823042448e+04
4.458847168657988732e+03
3.535540213740040781e+05
1.384463204126965320e+04
3.793132699944844097e+07
9.181268744832633063e+06
1.282552956482373993e+05
1.149827375228653550e+08
1.760869960426248014e+08
1.010539439017609460e+06
2.574931570641736471e+03
6.163553280977434042e+03
6.158013095126489643e+05
3.665216809312411398e+07
2.181813482704259157e+08
5.514466077172647929e+05
4.075850483643359621e+04
3.897307843701822094e+03
2.913018462646140506e+03
6.023824585866880417e+08
2.754480652272027135e+08
7.560223585804222384e+05
2.314368862811485596e+05
3.493902588749594870e+05
1.222014029908394295e+05
2.655842930369117312e+03
4.315916906916640073e+03
6.126349511899813078e+06
9.158623180967758596e+07
2.529920557212811254e+05
5.231534243829146028e+06
3.309476744493283704e+07
8.670670669432347495e+03
2.697202959432469015e+03
5.820382987231755396e+05
2.845243524833900665e+03
2.616639995229092538e+08
3.556970912939813388e+03
1.980165469151887670e+07
3.243831244836235419e+06
2.255787221248151909e+05
1.799905820519785048e+05
1.000677506228393689e+07
9.804647647427421808e+07
5.829742414237833023e+08
4.019079924235198268e+04
2.832347234417036361e+03
4.596635359822738171e+07
2.334048449853266648e+05
9.208027516459854087e+04
1.733905595587902889e+07
1.371090392395742005e+06
3.662390888894291129e+04
2.610950138921030797e+06
1.010396296547262907e+09
2.737729254081794352e+03
6.885041514842773722e+03
2.768741185212799337e+03
2.979608037429942633e+05
9.730444036162492121e+05
1.205036241520299673e+09
3.907524831475060637e+04
1.677429775598798733e+04
3.247261112458055466e+07
4.693219153456841111e+08
5.172825683758548621e+03
3.841010338083279785e+05
2.982096119234239450e+05
5.742183926160697592e+04
8.674269543413212523e+05
1.175311011697528374e+04
8.537843901782482862e+06
2.855275027410890325e+05
2.700077184146436139e+03
1.458582612997409888e+06
1.430933188402910018e+06
2.071917711699576350e+06
4.699210753103227034e+03
2.437891753793633143e+03
2.276246819457243383e+07
1.512971584406138209e+04
1.315751256628098898e+07
4.639038047432206440e+03
2.437077189528754388e+03
3.011842951476199925e+07
7.969276636399561539e+04
3.021086214012080745e+03
1.107112719968157180e+05
2.268298267230356038e+08
7.346540824723085098e+04
5.696620606828868389e+07
1.626388125013419631e+04
1.259499419643666806e+04
2.668303114137434477e+03
1.330319389416287839e+08
1.850953035924468131e+05
1.274537991709825397e+07
2.351979399285256659e+04
8.586989219379381835e+07
9.226295574367176741e+05
6.313586893813537598e+09
5.383687358120603021e+05
4.832503547352130525e+06
1.690875679191766307e+07
1.199150685734685612e+04
6.152951283666903328e+04
4.482154345262904826e+03
1.282872823959755624e+05
2.100470530342124104e+08
1.803440561445219791e+05
1.066965971537311561e+06
2.705034911106783966e+03
1.840345424277330935e+07
1.329418162606281112e+05
6.346930257578872988e+04
3.170945940538681149e+08
4.668345081192911603e+06
6.143940186899177206e+03
6.797604323549789842e+05
1.526559637879136205e+07
3.154956222316592187e+07
4.424082931377722882e+06
1.005246564950031415e+07
2.884564229397867166e+03
3.738586420624548919e+05
6.781237506882128073e+05
1.739748632739225286e+05
1.364075576555504203e+08
9.025107714113709517e+05
2.674698975658617201e+03
2.362060048574501649e+07
1.733484141582641285e+06
3.790457921749411523e+07
5.068730435578304343e+06
9.682990621046906745e+04
1.876454485677307239e+06
3.950800207081342936e+08
5.276588521720404970e+05
7.499491812186560594e+06
2.036566781834458379e+04
2.061295591387704946e+06
3.765936867688090540e+06
2.645313210802926123e+07
9.949971229407681676e+03
4.661446416335217691e+03
2.786407690179322344e+03
9.391837125707605155e+05
5.607267031889521604e+03
4.738798518246479034e+08
3.492603683410343248e+06
5.436665330106825422e+03
2.943734453358485098e+03
2.295779314094200963e+05
3.883886922785028000e+05
3.390007575089830160e+07
1.096065362187967985e+05
8.785974444973631762e+04
4.280971827737343847e+05
2.718970222026931879e+03
1.811525074714525938e+08
2.936397905746626202e+06
4.098651827390972758e+05
7.690329106793130632e+04
6.332817929819934761e+03
4.380887699591764063e+07
4.126749726554156950e+03
8.593084955297858715e+08
1.736489905705262674e+06
1.041012239074977697e+05
1.420678670282098949e+08
6.971840571760139428e+06
1.334566392618928570e+06
1.857572392633553445e+08
3.792319071773309588e+03
7.353662023098208010e+05
1.627532263575379737e+07
5.476977409415584564e+09
8.546569681211874922e+03
6.105181577103124857e+08
1.121917027113062068e+04
3.183857685264950760e+03
6.083330429364262382e+05
4.192238602928446926e+04
2.663616743546986072e+03
5.962805567853299435e+05
1.881516021599256620e+07
4.224100368472156333e+03
6.111138715144053102e+06
2.588892371367381141e+07
2.460941420609279722e+07
3.290696422028354573e+04
2.127832571410924569e+07
1.108815613420670331e+08
1.069462289992843419e+08
2.647159585215772040e+03
4.889935143980465946e+05
2.290363128775871883e+05
2.500578492450380054e+03
3.483260848733963030e+03
1.297528720652317405e+08
1.766912821837262891e+04
2.024166667010095553e+05
1.938689504556816973e+04
1.775221582966403663e+07
4.041749569066594355e+06
2.737134492560669059e+03
7.108800990308744076e+03
2.479467542159833480e+06
1.297422595000864193e+07
3.318503763773276471e+06
1.243452756674253382e+07
2.895166313766186249e+03
1.044350459646282019e+06
6.786090018020996358e+05
5.293970995158220467e+04
9.676540630396355689e+07
5.787793875850769281e+08
9.388021233304006979e+06
3.861293817780872434e+07
4.210468092725037422e+03
2.599619029649587446e+03
6.387946807967699133e+05
8.779999629246310797e+05
1.220169866426540830e+05
3.039859949610418698e+04
9.212650739548183046e+05
3.660271258193799440e+04
2.099075598643190693e+06
1.265240537642605156e+08
1.010753374710394628e+07
7.020869192102337365e+03
6.320656378027869016e+07
1.146334593159403838e+07
2.646935938297548091e+03
8.725068803444755031e+04
1.091682413029375857e+04
2.639483286746229976e+07
1.496569461292178137e+06
3.171635692450533388e+05
2.660162233201314848e+03
6.202718482935291104e+04
2.965883286900729217e+03
4.943931745444690023e+03
8.349434782927253764e+03
2.803467876720573753e+06
