4.343445856346499568e+03
2.200000000000000000e+03
4.996311667302477956e+08
1.412944454855873883e+08
2.716726377521614631e+04
2.423765976896748907e+04
4.506771810072576627e+05
8.700319993831841566e+04
1.096083520921966759e+06
1.744558282973940298e+07
1.445264428902419517e+06
2.676300677048539910e+03
1.409404841014288664e+08
6.599386557068654838e+03
5.129409211801529862e+06
4.009894323969932646e+07
3.440872957205491140e+06
5.677918846207136085e+03
3.132985866461230908e+05
2.628013756947076763e+04
1.866727087393724173e+07
2.555972621304104850e+07
1.381997943461522162e+08
2.241066564847527843e+04
9.941043432825775817e+05
4.517975999362032861e+07
1.550860749491017079e+06
3.667071476547075235e+03
4.510756911718638986e+07
7.325577447316776670e+04
6.333828808714339975e+05
2.845193999248814634e+03
1.221249678340113163e+08
5.016827152964930865e+05
5.069268202361871954e+05
6.408704908308763988e+06
4.281073323017099028e+03
9.989456849261293188e+06
2.715706874643380615e+03
3.319086523869717717e+08
5.349306849756530937e+03
3.087590981613099211e+04
2.695250467711771762e+03
3.228659582508610129e+03
3.136355853285627290e+03
2.313932702178347245e+04
4.960374455743759754e+05
3.194599787578632589e+06
7.375346381360591295e+03
5.741577080688828230e+07
9.423068859083845615e+08
3.962100180978843570e+07
4.545505842121414753e+04
9.701626253509212285e+06
4.746837528917928226e+06
2.604411392367536791e+03
4.476346995670160651e+07
2.606326492077014744e+08
3.097787556334010787e+03
6.861855040901934444e+03
3.283038420718228735e+03
3.166527318370623048e+06
9.105783863339446485e+07
8.335472773270381987e+07
9.152479140148769319e+07
1.616321811162215890e+05
1.027470571620445000e+06
3.569494337365710526e+05
1.514336014476071857e+07
2.778529264578950242e+05
4.652118816729540413e+04
1.622910871470706297e+04
1.853028361886525818e+04
1.911148675397981788e+04
6.513096284855804697e+03
2.214669151418727051e+04
1.434830470023103617e+07
4.133266486092870831e+08
2.644043467721846327e+07
7.330768034879475832e+06
4.617235699442209303e+07
3.584196958110160267e+03
2.813848601288437749e+03
4.669009445196416891e+03
4.733133451058273204e+05
3.016217092703196104e+05
3.063613527805068716e+07
5.121311056907080638e+04
6.024094716920856627e+03
1.920277373674450064e+04
3.881321951849458694e+09
2.142733518436495680e+06
3.957526925156483799e+07
3.019302090651598519e+03
3.324713755302784193e+03
2.440656908352482424e+05
1.900772377453728346e+06
5.239053067205873489e+09
1.551272312903989106e+07
2.729700505066522601e+04
2.009674909987380030e+06
2.797730271144910902e+07
5.921303337495025247e+07
7.301718956199048087e+06
2.677652416789305789e+04
1.765261603486784175e+07
4.697107809769242257e+07
4.370594273646635413e+08
3.009134333575307392e+05
1.097759264800876845e+06
1.891178279269757331e+04
1.601518955237794580e+04
2.092003681214437893e+04
2.815810011917837983e+03
3.022663338144424415e+03
2.215171199358332087e+05
3.514705546051533929e+03
5.957768094622721037e+03
5.777997688203116923e+03
4.377258224771695095e+05
2.001336519032814249e+05
2.042115517233467102e+08
2.138221401771825913e+04
2.597374946025804966e+05
2.064118272873614449e+06
7.580823959732355434e+04
1.750211199983712751e+06
1.785481375621084357e+06
1.921855514280034113e+05
5.570302462255649516e+03
1.018211495599225163e+08
5.811292219345252306e+03
8.776273004279473098e+05
5.203217518339641174e+03
9.302424681330697611e+06
5.485358094037487717e+03
1.408210810939354124e+06
8.597056500856470317e+06
2.714457942153363092e+03
3.222050988585277992e+03
3.079099409346192842e+05
2.490598151328298263e+06
1.309532181052910164e+07
2.712981156712365191e+03
9.925904654445704818e+07
1.178247888804528676e+07
8.619223392575533580e+03
1.972988899921632037e+04
5.005701207126658119e+03
4.235727739437943092e+04
3.952355045860362053e+07
4.121839035570744425e+07
7.904878459164340049e+06
2.977691423795134760e+05
7.681997817293120623e+08
4.439250991433907300e+07
7.693403217226904631e+07
3.231699835029960013e+03
2.161379067859658226e+07
1.950175931010026019e+06
2.594197846089371978e+03
8.044207965689775301e+04
4.658003945528262295e+06
8.818967809103996842e+03
2.068774387788587715e+06
1.399790804722158646e+05
1.054204842295869291e+08
3.331611664679632522e+05
1.046117759669641782e+04
1.403055372602931457e+05
1.860635903658153415e+08
2.329211877157413401e+06
6.892646576346206712e+05
3.506168447241706599e+04
6.046882828171205707e+06
2.881005294129537418e+06
4.368194724606248783e+05
1.884957719408646459e+06
1.369570275063487934e+06
8.911276706482088193e+05
8.365806803487171419e+04
3.074314430397283286e+05
4.370930635162559338e+04
9.355587469387141988e+06
2.421880020909915766e+04
1.096312253378727473e+07
7.235993652312605642e+06
2.231396579169585020e+05
3.314968076959275058e+05
1.178756695751016617e+10
1.138458197822840157e+04
8.235184287630763138e+05
3.066488877136369050e+07
1.762610071030155086e+04
3.242280103210974485e+07
1.648244945653505623e+08
1.264904023473396897e+08
3.998401560198712832e+04
9.540616174481712282e+06
2.847831329913251568e+06
4.789523614162881970e+08
9.973812638622514205e+05
2.357278824008096126e+04
9.780343446794489864e+03
3.795364032200243400e+03
2.681272464157817012e+03
1.458477701901459992e+08
6.031930337481118040e+05
5.601425722038876265e+07
2.762635107851288922e+03
7.498854361705688643e+04
7.831488885727309935e+03
2.469865186716157041e+03
2.220985298780971169e+08
5.348995133418945625e+04
1.415802848377283663e+06
3.004937282117275754e+05
8.478225662545971572e+06
8.167141259312753100e+05
1.584845973799735075e+05
1.203562900219027688e+04
2.860864512704857771e+04
1.489328566240466665e+06
3.787191567474027397e+04
3.749246501070458180e+03
4.462343850002541876e+04
1.002201847752575850e+05
2.187435476513288449e+05
6.264087434003929049e+07
1.739041501896305561e+09
8.266901577779819490e+03
7.152555998423901387e+06
2.766480957060747187e+03
5.482105759293690324e+07
1.445166788787030382e+06
1.405230831968301907e+07
4.211831274992471444e+05
7.408535583550248994e+05
2.679415150240995899e+03
1.167617940531302243e+07
1.053645711983957517e+04
1.165535811302478978e+05
6.332103571803451329e+07
1.476151771433619224e+07
8.471714557844634401e+05
4.169705447177831549e+06
2.644548793470021710e+07
7.179390476241577417e+05
2.696275975009572903e+03
5.007068416215760633e+06
4.745713255630003288e+06
3.077611226575310156e+07
2.357722508356301486e+08
3.816468477274564975e+03
2.797158215079755792e+03
3.456273827213841081e+08
