1.430565293945769736e+04
2.500000000000000000e+03
4.102406686950216681e+03
4.102412368510796114e+03
6.229892240441981812e+03
6.284873390029511938e+03
1.219838362185869300e+04
6.013337225357385250e+03
4.476140597251781401e+03
5.099920033572479952e+03
8.506772836616239147e+03
4.604351987411384471e+03
8.548175842585267674e+03
5.779963570595287820e+03
5.371300419429184331e+03
7.759996506691467403e+03
6.452333099778012183e+03
5.890900121435947767e+03
5.700188970974542826e+03
3.287150640551623837e+03
3.959213020355517074e+03
3.194578867777408504e+03
5.840421265965484054e+03
3.640790523458822463e+03
3.315344926451721221e+03
5.594170048342354676e+03
4.775004727735908091e+03
7.983847195478253525e+03
6.120060182928832546e+03
1.014510101852745720e+04
4.688447848626612540e+03
4.105106223332310947e+03
4.517563079747265874e+03
3.947234037299410829e+03
1.212829228758084173e+04
3.847907925966154380e+03
5.701094627974875038e+03
4.518389706449817822e+03
4.616645739792788845e+03
4.859938421241098695e+03
3.835784312539124130e+03
4.286729907286509842e+03
5.735646307956693818e+03
6.638862568213842678e+03
5.011662678113887523e+03
4.045063204372962900e+03
2.895523718886840925e+03
6.005283869611790578e+03
6.723027685554383424e+03
9.725101785772771109e+03
3.832998426234765248e+03
3.058032239602227492e+03
3.840813819083193266e+03
6.939539798874170629e+03
7.828185369645191713e+03
9.732644304626875964e+03
4.408299157318519065e+03
4.801373181812368784e+03
4.418077901332333568e+03
9.065998651475416409e+03
6.095934713518661738e+03
1.825590606060069695e+04
6.354084264482250546e+03
6.690124730726708549e+03
5.494932775733725975e+03
8.031306917208694358e+03
6.489565828249292281e+03
4.594437167117779609e+03
5.749547503112529739e+03
9.908792684702519182e+03
4.941147436986943831e+03
1.020400001562393663e+04
6.003976874207830406e+03
3.606805653355982940e+03
6.953942727219811786e+03
3.370327039501006311e+03
6.676126665544079515e+03
3.578896456087964452e+03
6.651799812607585409e+03
3.773916735816515484e+03
3.050308927573762048e+03
4.858241067926783217e+03
6.765834724788267522e+03
6.067208620106363014e+03
5.183749110623528395e+03
4.571960204931819135e+03
4.462759164291284833e+03
3.044798512335522901e+03
7.279568064239263549e+03
6.117850565499238655e+03
3.362880679685662017e+03
3.097445768116951513e+03
4.586209489708391629e+03
2.969947214141636778e+03
6.420382312626788917e+03
1.552291117100314659e+04
4.172098457062351372e+03
8.801914425393562851e+03
3.353704710548058301e+03
7.232741714059810874e+03
6.006727222243896904e+03
6.877811590274283844e+03
4.969016954394794084e+03
6.262124418105239783e+03
5.992946138174297630e+03
8.669527217096383538e+03
7.278044133011853773e+03
3.586869423810396256e+03
4.647726202187647687e+03
3.782208657958665754e+03
5.618624233593022836e+03
7.626502996556312610e+03
3.808891029220339988e+03
5.374545087150078871e+03
4.531395483082758801e+03
1.032283037058321861e+04
3.742408839458236798e+03
1.053043904500980716e+04
2.801652825978811507e+03
1.059670002943829968e+04
5.741455556739210806e+03
4.470148290610355616e+03
5.083980651943653356e+03
7.683372163346813068e+03
5.989486977169054626e+03
3.908606171803502548e+03
8.045960178563146656e+03
6.348027198655929169e+03
6.392282041863689301e+03
4.739585585151182386e+03
6.575362136245919828e+03
3.996139613830379403e+03
4.305820754025467977e+03
4.181917150786634920e+03
3.607559796041964546e+03
1.077115125744644138e+04
4.537596422510042430e+03
4.628073795754195089e+03
5.470495814274210716e+03
3.796062898212846903e+03
7.409691589828214092e+03
3.606504515934689152e+03
7.289988579577599921e+03
4.144184089854245940e+03
5.866137319817034040e+03
5.446166940531900764e+03
9.925816808353982196e+03
9.310946984517820965e+03
7.630557925137543862e+03
9.235076236038754359e+03
3.737745429430316108e+03
3.537206699823092094e+03
1.587821216355328033e+04
5.636560657146164885e+03
4.481087954961647483e+03
6.521563568639306141e+03
3.824750812030880752e+03
3.682465188674916135e+03
6.974408983932727097e+03
4.149668437849305519e+03
1.397915655810346652e+04
5.045115236237129466e+03
8.689764515149190629e+03
1.066990605208262787e+04
3.573408419232064716e+03
1.133237609998962944e+04
4.265810123011831820e+03
6.229038338513053532e+03
4.709093892737780152e+03
7.088599193839280815e+03
8.399547162840379315e+03
3.837358169792486478e+03
6.882441093736433686e+03
4.544961646921197826e+03
5.506929500579548403e+03
5.733793383158636971e+03
3.617669702134163344e+03
4.125041076699197220e+03
3.190691205968256781e+03
5.265686705635803264e+03
4.373761626156941020e+03
8.551180697310675896e+03
3.225082906601836385e+03
4.748428009222266155e+03
7.265533552771045834e+03
9.105200523836138018e+03
3.083234592053196593e+03
4.340401453666925590e+03
4.037309579744231996e+03
4.463102509729539634e+03
8.253425543319724966e+03
5.509396571631261395e+03
6.210143016025341240e+03
6.833590412344986362e+03
5.302149725522851440e+03
5.731911321572002635e+03
1.176667558896841001e+04
3.783920306090737540e+03
6.322120303128509477e+03
3.388308290559624766e+03
3.606224267582623725e+03
4.745570996200365698e+03
7.816793396912567914e+03
5.804749105495222466e+03
8.226369854011514690e+03
5.042592318774773048e+03
2.835283383035070983e+03
5.799833200924732409e+03
8.453438410434817342e+03
3.033735733119147881e+03
7.598033069935297135e+03
2.786312372504929954e+03
5.052089872243409445e+03
3.239685855955488478e+03
1.039912208398959228e+04
3.434449513008042686e+03
4.589038147587310959e+03
7.719395108084887397e+03
7.605197014398335341e+03
9.430376653293351410e+03
5.112682676858259583e+03
6.245139470038062427e+03
6.695392412594479538e+03
6.118224598167422300e+03
7.479129749804724270e+03
6.308481639158381768e+03
8.142262235473858709e+03
4.061042663011796321e+03
4.851365413342949978e+03
7.070827148542251052e+03
3.977251107386875447e+03
6.865628410057422116e+03
4.509408856971893329e+03
7.226206420635261566e+03
4.369125355750617018e+03
7.480553803472130312e+03
4.440032374276147493e+03
8.672565414898326708e+03
3.269663980553711554e+03
1.013959616223818739e+04
3.986459202781931708e+03
5.645469594771680022e+03
3.337667003658350495e+03
4.799885926351820672e+03
4.606892806146234761e+03
2.918615995371350436e+03
7.833354978494325223e+03
6.517277622537265415e+03
3.426341429885198522e+03
3.594393895242602412e+03
1.637667476282863390e+04
5.568274107167271723e+03
6.645068643502116174e+03
5.970101381746227162e+03
4.123499435323206853e+03
4.189825181727667768e+03
