1.533642203987927860e+04
2.500000000000000000e+03
3.488042962520530182e+03
3.488034688351615387e+03
3.331894793363234839e+03
6.147755148005524461e+03
3.158217672906287135e+03
6.007335140027063972e+03
3.813078984853435031e+03
6.988215292397775556e+03
4.394709018027640923e+03
6.023986832556113768e+03
3.386744298706783866e+03
3.351623456521553635e+03
4.131891344796580597e+03
3.271870938137488338e+03
5.144329478061908958e+03
9.645299528766681760e+03
9.549184049486671938e+03
6.733962825446800707e+03
9.550285319899105161e+03
6.398407098866218803e+03
3.309373614974938391e+03
4.686549308657502479e+03
1.253991829174751001e+04
4.394298787181349326e+03
5.143483348313695387e+03
9.562840785816770222e+03
4.380357444472436327e+03
1.171426210112718582e+04
4.427621087061172148e+03
6.328391722737000237e+03
6.497736591454042355e+03
6.447396785306555103e+03
7.901069512318075795e+03
7.171504032377871226e+03
6.695844134866958484e+03
9.818619072601839434e+03
4.291963078567439879e+03
4.529378601814199101e+03
9.361612525628088406e+03
3.895544527398049468e+03
7.115613065532565088e+03
4.688336700722746173e+03
7.140216707592780040e+03
8.142655028460092581e+03
4.671430761804305803e+03
5.177078229757500594e+03
6.791101039087373465e+03
4.748428838112804442e+03
4.646382669053693462e+03
5.053785197756456910e+03
3.951300539956060220e+03
7.656695651992633429e+03
4.319753861879322358e+03
1.028761893433145087e+04
4.202952319252597590e+03
6.794638020861302721e+03
3.408523397301615660e+03
5.167102689056146119e+03
4.177902474109224386e+03
5.826275076300918045e+03
2.975806699691774156e+03
4.253795501693005463e+03
5.463321607689338634e+03
8.674493893915478111e+03
9.230591659673584218e+03
7.791132249664794472e+03
6.026706195043509979e+03
3.963485990828794002e+03
2.852250974841627340e+03
2.973330199115282539e+03
4.573763539509156544e+03
3.614944684090381088e+03
9.933108778670035463e+03
8.805552463118139713e+03
5.048252984044300320e+03
9.605812414373665888e+03
6.631621668473864702e+03
3.100117581695420085e+03
3.617916532074019869e+03
5.260301903673345805e+03
5.509128327926991915e+03
4.663551432661442959e+03
3.938299770486823036e+03
9.602955189786944175e+03
5.711372378904541620e+03
3.915485093765259080e+03
6.904728807040377433e+03
6.985789214988178173e+03
7.991127131796056347e+03
2.664664507664957455e+03
7.450141641468074340e+03
3.289840042524817363e+03
3.709808380931177453e+03
4.450443443172232037e+03
5.645036913787796948e+03
8.277230994935369381e+03
6.415405407438522161e+03
4.110837636774012935e+03
3.432113166965153596e+03
6.759951910690922887e+03
3.360953215673759587e+03
6.182337609948874160e+03
8.954068335910007590e+03
4.281998234887701983e+03
4.119954056738535655e+03
6.102330276107137252e+03
8.037970761511665842e+03
7.724895526710776721e+03
5.485891223486045419e+03
1.198745695045557113e+04
7.438555868785649182e+03
3.031713977511821668e+03
5.799681022927306913e+03
5.654388697398960176e+03
3.989987636337923959e+03
1.154207237720766716e+04
4.204114634983607175e+03
4.309176956159649308e+03
6.715165757622716228e+03
4.970207549971320987e+03
9.588986493625050571e+03
8.069812724292863095e+03
7.390383064101941272e+03
5.852440650865419229e+03
4.226295848742071030e+03
2.884919025670708379e+03
9.002487066573828997e+03
4.085205719476624836e+03
3.039759895286460960e+03
4.006136410291817356e+03
7.565149992819152430e+03
6.723778258725829801e+03
6.771526750677830023e+03
6.730965625669480687e+03
8.557955041660245115e+03
9.891872136270852934e+03
4.970202649481911067e+03
3.076451080973999524e+03
5.133316197089678099e+03
6.088290954416692330e+03
6.786188479548704890e+03
6.684359568077002223e+03
4.674428457865250493e+03
3.469272969435796767e+03
6.693841766864817146e+03
2.957886513304516029e+03
3.769081893476283767e+03
7.124316650597947046e+03
7.852582395287886357e+03
5.465384082485923500e+03
3.380588146714089362e+03
4.725209227108172854e+03
4.512285562857621699e+03
3.007145648368683396e+03
8.335137477359541663e+03
6.776278140334495220e+03
5.240185262870661973e+03
3.759153621054571431e+03
4.121217597609801487e+03
3.257447203763103516e+03
3.060104679963216313e+03
3.156826210846124013e+03
3.183987023422870152e+03
8.623406672349152359e+03
4.754685814532232143e+03
3.712044672253058707e+03
3.080954140302289488e+03
3.737767589910194147e+03
4.974890832293469430e+03
6.814200030036341559e+03
9.131992330883196701e+03
5.510876986311102883e+03
3.892716512728911766e+03
3.811507350753091032e+03
6.150791622305703640e+03
1.087556729953042850e+04
3.931300009019433219e+03
5.756235963148488736e+03
1.186314755954989596e+04
6.763380932176517490e+03
4.096656584971617121e+03
6.968458920942577606e+03
1.286516402578850466e+04
8.113467869021931619e+03
5.781562487820714523e+03
4.739932030162463889e+03
3.661974012397385195e+03
1.360790051289328585e+04
7.953387696103333838e+03
6.151558944165856701e+03
8.477831527833619475e+03
3.084192982903520715e+03
5.096238463223166036e+03
4.112785465335624394e+03
1.399932629795245157e+04
4.661055737335402227e+03
3.031695376292365836e+03
8.250901868380229644e+03
4.295983762581134215e+03
1.013721502934957425e+04
4.428128868828151099e+03
6.634704254450691224e+03
3.837609405681211683e+03
6.770463136732099883e+03
4.543542114480183045e+03
6.444118257436762178e+03
1.560934734293243855e+04
4.020521080673146571e+03
3.235785412613316112e+03
3.577114084340874342e+03
3.145039686636725492e+03
6.326315404651417339e+03
8.934020250836387277e+03
6.477727798475549207e+03
4.737028138596228928e+03
5.234784826783534299e+03
3.373996063863370637e+03
5.122481333404590259e+03
8.962277509439842106e+03
5.225295918647880171e+03
9.601404675819989279e+03
7.557833177384479313e+03
4.651913183096423381e+03
1.027281035484624590e+04
3.362750111524095701e+03
5.340182644165441161e+03
6.200298161928312766e+03
5.830695115997169523e+03
5.769461229454485874e+03
1.284147192793175600e+04
6.385644340964997355e+03
5.439403654944148002e+03
3.208513269605666665e+03
1.203819154681092914e+04
4.329498713034123284e+03
4.125895090017775146e+03
1.001590806009753760e+04
4.297258243441132436e+03
1.059641514757495861e+04
3.076495128761970136e+03
9.924557928266824092e+03
4.508396001372924729e+03
5.308601689505079776e+03
6.484734944486250242e+03
4.142003583359248296e+03
3.108138400665129666e+03
3.722297587444937562e+03
5.816512508485956459e+03
3.246371239918333686e+03
4.430493818240085602e+03
6.833600831073679728e+03
4.436722545375203481e+03
4.743918249238027784e+03
4.924145804033446439e+03
