1.224410160977664418e+04
2.500000000000000000e+03
8.017266588913435953e+03
8.017292137479233133e+03
3.780564285066538559e+03
4.073291285682343187e+03
8.434565566087185289e+03
4.840449551821801833e+03
3.580098625342151990e+03
4.180516759540430940e+03
7.381092144769813785e+03
3.672975249547049771e+03
4.884429440238780444e+03
4.337450880551238697e+03
8.235481400119551836e+03
1.424434679605715064e+04
4.219816428888257178e+03
6.796537845839894544e+03
4.774026189091824563e+03
3.584414491997063124e+03
6.092580386013089992e+03
3.689665429486612993e+03
4.335585243099471882e+03
3.835019080485321865e+03
8.927402688388105162e+03
7.449848182832610291e+03
4.731442558017090050e+03
3.857316600977273993e+03
4.323080549382004392e+03
3.341294453441853875e+03
1.086016121352879418e+04
4.796655887511410583e+03
6.686659896719016615e+03
3.382175215891533298e+03
5.737417107069828489e+03
4.707011106768781247e+03
5.752518022783093329e+03
3.544460210403727615e+03
3.128465309987195269e+03
6.765371980310766958e+03
7.585805197462027536e+03
6.022775259683380682e+03
5.272919313196266557e+03
4.667572566999940136e+03
7.027372389708846640e+03
4.217965900888465512e+03
3.908525484416296877e+03
5.260487780924668186e+03
5.835573015472818952e+03
6.807970205419641388e+03
7.458982140684572187e+03
4.899583128341903830e+03
4.040232717489164770e+03
4.491812970559722089e+03
1.018160102581927276e+04
7.419495774664093915e+03
3.478642418539351638e+03
4.939254115360905416e+03
5.759648330082301072e+03
1.009464633319826680e+04
5.084942450528546033e+03
8.403331090291252622e+03
6.773371678833020269e+03
1.015692890723195342e+04
1.100174750335135650e+04
8.010749031910395388e+03
6.146549489452242597e+03
3.805880554222751471e+03
4.494887753599065036e+03
5.212561442398826330e+03
6.194515240278486090e+03
8.256315901829468203e+03
3.363739782149369603e+03
4.003074116394505381e+03
4.906620924133196240e+03
6.326275961284606637e+03
5.355516143385815667e+03
4.996123591596947335e+03
3.878245526801509641e+03
3.199843057859000965e+03
4.685935211349786186e+03
3.110955372449370316e+03
3.276856951334710175e+03
4.568952826302145695e+03
3.711984658862114429e+03
6.301458043813277072e+03
9.785983509084202524e+03
5.219494888297445868e+03
4.459412613663223965e+03
9.694719176907874498e+03
1.201995628555252915e+04
4.502773021441034871e+03
7.087867443600658589e+03
2.984959087359663499e+03
6.167635529464835599e+03
7.673012184630223601e+03
5.406899025198899835e+03
6.536775711739443068e+03
5.518395299307518144e+03
6.174530011814649697e+03
3.970103221225928792e+03
7.167494444927643599e+03
9.532818102158094916e+03
3.116035080354868114e+03
4.468180303566546172e+03
1.034720866660399042e+04
4.036449327121972601e+03
6.749545848143774492e+03
6.904138905711820371e+03
5.316437467366053170e+03
4.822754156110904660e+03
9.502154324134942726e+03
7.416445662497734702e+03
5.986689254794143380e+03
8.684820527156534808e+03
6.407788557870566365e+03
3.696931402744115076e+03
7.676838691817973086e+03
3.430904871857706894e+03
1.410421095048428288e+04
5.504902276087981591e+03
4.138755972358995677e+03
4.357010462961291523e+03
6.018523440398411367e+03
4.683556369858593825e+03
4.582769430411774010e+03
6.655706349396274163e+03
6.387882118317809727e+03
5.284073105744078021e+03
5.495279972008020195e+03
1.218556964110591434e+04
3.015106281479873360e+03
3.489559759755240975e+03
5.187934744671996668e+03
4.367873019329288582e+03
5.313956788830237201e+03
5.485088438396021957e+03
4.358153674108188170e+03
5.421071344860125464e+03
3.834951502940504270e+03
7.687550494276129939e+03
7.440761439831000644e+03
5.313536266103114031e+03
3.669209958102229393e+03
4.676909646394712581e+03
3.283262889343920506e+03
6.836955390297302984e+03
1.726292487050958880e+04
5.653315921405297559e+03
7.255224850319187681e+03
6.881185291538739875e+03
7.167615990600524128e+03
6.759909204672356282e+03
5.909819519013717581e+03
5.892203510462059057e+03
6.121903041730836776e+03
4.580388463116685671e+03
3.290516794162696897e+03
5.877287889738628110e+03
6.530431185629364336e+03
6.597303835670553781e+03
4.208029819215001226e+03
8.428990851531751105e+03
8.182651037275846647e+03
2.655083125298278446e+03
1.030807376746816772e+04
9.389916807538029389e+03
1.054331548361644491e+04
3.846926065809460397e+03
4.222893625240717483e+03
1.699396723650914646e+04
3.821486354877341000e+03
6.532189193954586699e+03
3.567863820401949852e+03
3.612147190377068910e+03
5.738184266012252920e+03
3.783760639633067967e+03
7.651655116705071123e+03
4.056155615074840171e+03
3.441853804640312319e+03
6.077783981293172474e+03
3.233258871436429672e+03
3.557467613310414890e+03
4.725442974760968355e+03
3.404679135639235938e+03
5.429890453642135981e+03
3.183110329930315856e+03
1.053864084254165937e+04
6.297196313816499242e+03
1.009990603452833966e+04
4.502749915453965514e+03
4.346908049535101782e+03
7.578449836924592091e+03
4.031270943080698089e+03
3.427833528937871961e+03
5.117607377640466439e+03
1.044611185089999344e+04
5.488641726557531001e+03
5.444797206906859174e+03
5.405716482218525925e+03
4.039428803320301540e+03
6.089929237536384790e+03
1.147255431239523932e+04
5.773594054014389258e+03
1.071735789673938780e+04
2.997632779093267345e+03
6.993624136311262191e+03
3.368787973894559855e+03
5.302088455450046240e+03
3.313830970040021384e+03
8.956899323210058355e+03
3.382543417977359240e+03
6.155142668574540949e+03
6.874088526272063973e+03
6.145680695855295198e+03
6.061036236073840882e+03
4.798119741135284130e+03
7.806831687839290680e+03
6.867937513786069758e+03
8.656612140996066955e+03
5.287693053146827879e+03
5.550269741711911593e+03
4.907916940929695556e+03
6.328280290510791019e+03
4.023732261187843505e+03
5.027746421556745190e+03
6.725722301664294719e+03
4.978854025096299665e+03
6.569292405773791870e+03
1.109079426817607055e+04
3.437387495616225351e+03
5.336287881030821154e+03
7.023693967618599345e+03
6.203864194354123356e+03
4.642732746795750245e+03
4.187592153356842573e+03
4.264278283984185691e+03
3.147883886927335880e+03
5.443955069836416442e+03
8.292306653967185412e+03
6.215409981538685315e+03
4.894454012131344825e+03
4.067414513345035175e+03
7.438236067421271400e+03
3.276261060596439165e+03
6.765153282045360356e+03
3.698329545540356321e+03
5.272072175331466497e+03
3.153089841210332452e+03
5.213127683327538762e+03
7.070442008308396908e+03
6.089152623149074316e+03
5.694118870145474830e+03
5.306969159564764595e+03
5.531366287499100508e+03
1.127305234238933917e+04
