5.015894860711492584e+03
2.500000000000000000e+03
3.924844215830455596e+03
3.924859737068786217e+03
3.360343971380229959e+03
8.126899065041458925e+03
4.008336446868330313e+03
3.511712514154524797e+03
6.437187294663137436e+03
3.561632262206708219e+03
5.750944108345491259e+03
6.228889137542944809e+03
1.391589724717146237e+04
3.634700565305608052e+03
1.157513470199075164e+04
5.585924571170568015e+03
8.174332137772864371e+03
9.537382606520768604e+03
6.070716618102082066e+03
3.127611912797313835e+03
6.125697633885418327e+03
8.836771948788915324e+03
3.169315602933476384e+03
3.476551007601359743e+03
3.138453339221072383e+03
8.024761684221087307e+03
4.743202649236303841e+03
7.171536416777491468e+03
4.974112936090743460e+03
6.159604254198036870e+03
4.409177704134925989e+03
5.680292669365913753e+03
1.161940798824643934e+04
3.077921505082598742e+03
1.279825255849925270e+04
5.788142668095155386e+03
5.748187692676599909e+03
4.712143698806507018e+03
4.279363730146688795e+03
8.910126874771538496e+03
6.111546835398009534e+03
3.980273133024206800e+03
5.958185491030313642e+03
4.686969791790430463e+03
8.620220594200005507e+03
3.142583069238351527e+03
3.311694451012710942e+03
7.042044767835017410e+03
6.964262200832105918e+03
9.660397709062570357e+03
6.694526399394498185e+03
6.286531321965949246e+03
3.399433208442169416e+03
9.305130835913616465e+03
4.613653913998760800e+03
3.573791585689416934e+03
3.669509679480928753e+03
7.339024330213460416e+03
5.217321257765344853e+03
3.109696538836182299e+03
6.333960840439462118e+03
1.314719914894419344e+04
3.922718047758571629e+03
6.574193597975190642e+03
6.784937840609423802e+03
5.267712090937826360e+03
6.371893884981916926e+03
4.638788919337792322e+03
5.324061112307765143e+03
5.568053363271027592e+03
3.071084657551914461e+03
1.044088954043845843e+04
5.043088613806573449e+03
5.326017276885284446e+03
4.114301366759119446e+03
4.425400366236416630e+03
1.024050278033654286e+04
1.119697588781341256e+04
5.243317404482984784e+03
4.675158009585051332e+03
3.965797089221653550e+03
4.515956839984683938e+03
1.466477484956591434e+04
4.566077612034701815e+03
5.524628351707204274e+03
8.678439604801311361e+03
5.476921094703361632e+03
5.665239260868353085e+03
3.101379902263056465e+03
6.666139691171018058e+03
3.929888290340475123e+03
4.117199804294219575e+03
3.767485357415836461e+03
4.074157928582197655e+03
2.969878498557717649e+03
4.855208424149158418e+03
5.181621972423483385e+03
9.383315756259169575e+03
3.841999712909826030e+03
6.266581092979455207e+03
4.320916728931208127e+03
8.202547221397797330e+03
4.426579900276565240e+03
2.962777161041753970e+03
6.022218075011312976e+03
8.313542446358867892e+03
5.029864003892806977e+03
1.001634180867446776e+04
7.052984139054466141e+03
6.093258599215359936e+03
3.138726293861945123e+03
3.220842989082329495e+03
4.903972566498034212e+03
2.871177121347662251e+03
5.602730066676585921e+03
9.717896133127671419e+03
5.828976271396391894e+03
6.776603044432058596e+03
3.666594545699133960e+03
4.879949375107687956e+03
7.315000698601170370e+03
7.869847083305083288e+03
7.178872539522834813e+03
1.019783717763126697e+04
4.819218247209915717e+03
4.572637676386337262e+03
9.062689435895321367e+03
5.633848311390531308e+03
7.076621441610554029e+03
3.988058650029051023e+03
1.505375841278314329e+04
4.239995461523080849e+03
4.813926887065572373e+03
5.225030609058268055e+03
5.577478111274002913e+03
9.197470379851532925e+03
4.748614850371608554e+03
6.169121821092094251e+03
7.738377472967798894e+03
2.624458638852122931e+03
7.400302917418187462e+03
3.188674003760504092e+03
4.534443704751913174e+03
4.378193860820495502e+03
6.811872523398221347e+03
6.149976733377725395e+03
3.203517000044671477e+03
7.451358512418658393e+03
3.627682936005199736e+03
1.327960670013535491e+04
5.077325461757538505e+03
5.881899543239633203e+03
9.393465127079693048e+03
7.914349997811135836e+03
6.489170001266269537e+03
3.208754135552252592e+03
6.097445983538357723e+03
5.197300168208217656e+03
3.353935811291310984e+03
4.785648441422466021e+03
1.335118840254049064e+04
2.899382076347762450e+03
3.377738124235355826e+03
2.891086839942745428e+03
4.117393509903531594e+03
4.647981266335410510e+03
3.736643158731546919e+03
4.267265154962511588e+03
5.054082887927042066e+03
7.476659173615194959e+03
5.753723410092037739e+03
9.194508248713145804e+03
8.929495462768674770e+03
4.385943863659009367e+03
1.117774034152462627e+04
4.930079021771997759e+03
6.273775095626668190e+03
8.310420715883474259e+03
4.202715308855093099e+03
3.480569462944589759e+03
6.338459614786007478e+03
9.147177917759610864e+03
3.314216242771367433e+03
5.426684247137018247e+03
3.527652436053187557e+03
7.641761244163239098e+03
3.182026762487244923e+03
4.516483668909146218e+03
5.216731542591765901e+03
6.092379739099590552e+03
6.785689259521917847e+03
6.772669560579214703e+03
5.641595463519455734e+03
5.707866750496781606e+03
3.491693341705591592e+03
6.031251010141470033e+03
7.490128200152690624e+03
6.102334278371284199e+03
6.570995424117156290e+03
3.218776912493416603e+03
5.214980743647434792e+03
1.026801710464378266e+04
3.616636745312760922e+03
5.571329298559251583e+03
5.057219267794631378e+03
5.384451323947341734e+03
6.076777502264218128e+03
5.881811110562821341e+03
1.111771325007653650e+04
3.829313855032666652e+03
3.564994853916540251e+03
3.590122631159393677e+03
2.818260872483899220e+03
4.409678146407817621e+03
1.013846599887376033e+04
8.026755832210983499e+03
5.634748992299683778e+03
6.849766918800280109e+03
6.747982038085257955e+03
9.806391400175041781e+03
5.038645536544527204e+03
4.765956588226524218e+03
1.141330208830780066e+04
4.882646846812096555e+03
3.561861410387537944e+03
5.830316143333256150e+03
6.817365781067418538e+03
2.760993127840125453e+03
6.312191251376201762e+03
7.914680627742770412e+03
3.762128173205444909e+03
1.109797900102643507e+04
8.535127511926331863e+03
1.114064001002502300e+04
3.813557354212725841e+03
5.441192803502404786e+03
3.827187575998083503e+03
6.466172656386954259e+03
6.145017316829285846e+03
3.781275796330794037e+03
7.158792789953247848e+03
3.375744978898782847e+03
5.419281817705799767e+03
4.192321687502566419e+03
5.674914545241213091e+03
6.568728512332848368e+03
6.133845970537673566e+03
1.488053199009426680e+04
3.860407856143493063e+03
3.692369274158792905e+03
5.751019294555148008e+03
5.133927962782175200e+03
7.905748175986187562e+03
3.197936036259701268e+03
3.485624818387489540e+03
5.028969623263707035e+03
