9.841666987127542598e+03
2.500000000000000000e+03
5.112902985644653199e+03
5.112909028976429909e+03
3.075930483515759988e+03
3.315110794480280219e+03
4.741703529105909183e+03
5.782304108319463921e+03
4.579121730223670056e+03
5.362979995396028244e+03
4.482233402714944532e+03
3.848985677769181166e+03
3.988499258512181768e+03
3.990072174619027464e+03
5.984578147242963496e+03
9.131090259892800532e+03
3.179299120174940981e+03
6.533492794870405305e+03
5.223191708276792269e+03
3.864976909515085936e+03
6.317542241105549692e+03
1.123287075216383528e+04
7.676279939605921754e+03
5.232701136954552567e+03
7.785507497269687519e+03
7.863189225056173200e+03
8.228288848912152389e+03
5.100328046853502201e+03
3.927066799848288611e+03
4.365439090987723830e+03
6.631147834384746602e+03
3.696735287050545594e+03
6.333971414739655302e+03
3.511778366100033963e+03
3.955148218476785132e+03
4.056244398963218828e+03
2.801890084446291439e+03
7.162477498262427616e+03
4.851562907356062169e+03
4.230291307378267447e+03
3.454749812837125319e+03
5.126464303590616510e+03
3.958176830648736541e+03
4.442168951230753919e+03
7.606875540959556929e+03
3.467247705086970200e+03
3.946251966862510017e+03
5.406497402385488385e+03
7.204507787981747242e+03
9.178780313566861878e+03
8.455230685225691559e+03
4.277323255888033600e+03
4.833817575111877886e+03
1.072069557932567477e+04
6.298865067574733985e+03
9.276319211740930768e+03
4.993080802789650988e+03
1.393169918913041693e+04
4.839753410881447962e+03
1.209653000171464919e+04
3.540122512992518750e+03
9.251930850185661257e+03
6.152953996838960848e+03
1.195017189615693496e+04
8.713537026102703749e+03
6.958879332315081228e+03
4.514434276476024024e+03
8.100683291073366490e+03
5.541093055048240785e+03
7.939188944292935048e+03
5.070994366106197049e+03
6.506705148813507549e+03
7.238068388892123039e+03
5.827935213111018129e+03
9.399040627017118823e+03
5.928467640678205498e+03
7.868862478540660959e+03
9.639434377526298704e+03
4.713317902345094808e+03
6.425808383243428580e+03
4.427548744569521659e+03
3.876531579340741246e+03
3.739155613431216352e+03
3.217580614700455953e+03
4.115251564620570207e+03
3.781643800418413775e+03
8.280306697291445744e+03
4.165805253452332181e+03
3.737192343344122492e+03
4.243238718575404164e+03
7.160630962065483800e+03
2.778532194120213262e+03
4.506321942037145163e+03
3.333581438342420824e+03
4.892251354515336061e+03
5.981749861028236410e+03
4.797553606375098752e+03
7.149815273976758363e+03
4.892505888839525142e+03
7.302543972711528113e+03
4.476417115146321521e+03
1.220538855271473039e+04
7.444908517951680551e+03
1.153764063493561844e+04
4.217494505709077202e+03
9.120376264420527150e+03
4.354579914553589333e+03
7.376812091501383293e+03
3.960844520460015246e+03
1.107996732719830288e+04
3.844004292420920137e+03
8.682694709999024781e+03
5.215661687333689770e+03
4.633328351231098168e+03
6.633431687603968385e+03
5.490334529511823348e+03
4.935893597189302454e+03
9.559551435208453768e+03
4.839990990262550440e+03
4.555053692759644036e+03
6.077973929674593819e+03
3.719901071247506479e+03
6.226468941698244635e+03
5.338077678121216195e+03
6.772409654821922231e+03
4.452357715401604764e+03
6.045828886012806834e+03
4.598409293780850930e+03
7.141019638784767267e+03
3.351499909869244220e+03
4.786805638818268562e+03
4.216841665378004109e+03
3.257621269894839770e+03
4.144628041207835849e+03
4.297751774293615199e+03
4.473509886357320283e+03
4.837141173062935195e+03
4.960486710349064197e+03
6.282854020897766532e+03
4.428990541078766000e+03
2.749418781906338609e+03
3.329116935990613001e+03
3.434285338597481314e+03
2.968545468471074400e+03
6.098248251940378395e+03
7.258699156416154437e+03
8.075284375661422018e+03
8.385443705145768035e+03
5.226624332856380533e+03
1.363514972191183733e+04
5.307334506201800650e+03
7.402245685557604702e+03
4.033053595828662765e+03
5.323597194277102972e+03
7.654920089283406014e+03
7.275258583702194301e+03
8.587385469634278707e+03
6.141364825688335259e+03
8.913435890505692441e+03
6.347662909979130745e+03
5.734684860842264243e+03
3.844442226574569759e+03
7.147489597058474828e+03
5.646242165868949996e+03
4.468863395161795779e+03
1.066609721883267957e+04
5.753399229730072875e+03
7.448975234473047749e+03
5.531465937058651434e+03
3.879185578965092191e+03
9.848864900432210561e+03
4.471693403183603550e+03
5.188227888540899585e+03
6.551166915881811292e+03
3.959403151698320471e+03
3.590206040968406342e+03
7.500320924825506154e+03
1.356055567143084045e+04
3.432345534133041838e+03
1.189487679387157186e+04
2.953530964393074555e+03
6.691047973753761653e+03
3.284438453990495873e+03
5.347905534804274794e+03
3.859253812386111349e+03
6.118771133716424629e+03
2.795711148999573197e+03
9.190375677825910316e+03
3.783605747062622868e+03
1.102189983486927849e+04
4.852989823233237985e+03
8.864297294196940129e+03
7.971409858018080740e+03
4.808791779953491641e+03
6.556234442592856794e+03
8.486957778305908505e+03
8.099050021955413285e+03
4.783880985664038235e+03
4.205435630808855421e+03
7.633214283108953168e+03
6.739949670383871307e+03
4.297428505088019847e+03
7.140407366910309975e+03
4.810221181482984321e+03
7.344970121637092234e+03
6.372625180050037670e+03
4.803387777435189491e+03
9.729758898057296392e+03
9.497272963726465605e+03
3.666761340829504661e+03
3.987554666324835125e+03
3.791651615245979428e+03
3.636659735244435979e+03
4.451396927112273261e+03
4.293032226895034910e+03
3.343943434849642927e+03
4.533592094891960187e+03
8.241932633874337625e+03
4.373450687217960876e+03
2.890574984267044783e+03
5.576651010828214567e+03
5.064341795360849574e+03
3.552848375253181075e+03
6.378967841788718943e+03
6.562879723249541712e+03
7.896128367321502083e+03
4.380330038978229823e+03
8.804668680011533070e+03
5.459298091329104864e+03
7.564634609944581825e+03
3.773557361567733096e+03
1.085096117831435004e+04
1.114527183106072334e+04
9.646534317475519856e+03
4.565315736626100261e+03
7.998142316554552053e+03
5.600904338261464545e+03
8.366162350633312599e+03
2.814691724083711051e+03
1.500109866452533242e+04
4.556647682032677039e+03
4.696910955935210950e+03
3.500658778018761950e+03
7.546796347182478712e+03
3.412875802133077741e+03
4.442568146524861731e+03
5.654366493514646208e+03
4.392379073689871802e+03
4.000088991283462747e+03
3.632702674864910477e+03
8.571949038584270966e+03
2.692405626792475232e+03
4.604367540948192982e+03
4.317429536788767109e+03
4.962308222915468832e+03
9.355603986114652798e+03
