1.463329697693203707e+04
2.500000000000000000e+03
5.801904064147252939e+03
5.801877124520741745e+03
3.458447966673752489e+03
5.497666540252583218e+03
4.459042770681146976e+03
5.065686848331450165e+03
3.130739683138289365e+03
4.723050485015673985e+03
3.765285756905669587e+03
4.303869469590312292e+03
7.709243343826498858e+03
6.073797980453925447e+03
1.128197906605496973e+04
1.215156123369006491e+04
4.813724475360557335e+03
2.990370082178534176e+03
4.188539840932680818e+03
3.743647709302449130e+03
3.712494745419502578e+03
4.912813822995298324e+03
3.500496276799522093e+03
4.929023309182792218e+03
4.943459084476618955e+03
4.705482201618247927e+03
7.522009366042306283e+03
7.958424221758890781e+03
3.694512157914414274e+03
5.199049511222356159e+03
5.706769802115417406e+03
9.406998364518070957e+03
5.918030307893046484e+03
4.775923519318050239e+03
1.038317247734757620e+04
5.745377680979157049e+03
3.046889354971603098e+03
4.690976370616662280e+03
4.394546873255122591e+03
9.132629694125535025e+03
3.258281580569302605e+03
4.332790989622974848e+03
7.051694020499764520e+03
3.767922303635470598e+03
7.065519701722990249e+03
3.332501748170246174e+03
2.764279451227509981e+03
3.796575327866580665e+03
7.147158121400834716e+03
6.450635058782663691e+03
5.690876651952088650e+03
7.376569629668165362e+03
3.994359911892672244e+03
6.710150788753250708e+03
9.542735554786762805e+03
7.296320225390836640e+03
5.412378000095214702e+03
3.878079358945083186e+03
4.528948225906268817e+03
8.613408612541526963e+03
4.660568303935961922e+03
9.542108232840737401e+03
5.760358481429852873e+03
1.164486418548262009e+04
5.431489136353298818e+03
4.957566406365156581e+03
9.092781689617957454e+03
8.920625243547809077e+03
5.096967299258989442e+03
7.842646287544365805e+03
5.376387707263888842e+03
1.829878478178793375e+04
3.808257566802466954e+03
3.111577842311199220e+03
6.660778677139041065e+03
4.599336626383261319e+03
8.988808220454950060e+03
3.668336115224998139e+03
6.665838494609148256e+03
7.113985948632231157e+03
3.240355224772039492e+03
4.317966623210969374e+03
6.888496181961669208e+03
3.167133553053878131e+03
3.353618408783623636e+03
5.591323238651237261e+03
8.588474012292343104e+03
5.603026635157668352e+03
3.892355982626888817e+03
8.476312259695383545e+03
6.558039896841547488e+03
3.614362719621518409e+03
7.535984753627872124e+03
3.209753163100220263e+03
3.722204219660231502e+03
3.319530746404681850e+03
3.873934033817727141e+03
5.117572410958233377e+03
4.139096870500660771e+03
5.393379333195161053e+03
3.754664024767545925e+03
5.052121864877239204e+03
4.609733827454061611e+03
4.226460198137750922e+03
6.732066541094892273e+03
4.266787180297387749e+03
3.824631108821797625e+03
6.708840917153062037e+03
3.537293160131298464e+03
4.919362311981423773e+03
4.710452447984487662e+03
7.928168854342440682e+03
5.049383327423344781e+03
4.463800613631568922e+03
5.331880687485343515e+03
7.907316086008147067e+03
3.190041887933876751e+03
1.167213258677554768e+04
4.739799753933082684e+03
1.088001635017717126e+04
3.994313229851677079e+03
3.635235421439732818e+03
1.089582675322373143e+04
7.714959343240113412e+03
8.769326470160851386e+03
4.967312354287872040e+03
1.360123180963259074e+04
9.087723672307391098e+03
8.890784819778677047e+03
3.701633372973488804e+03
1.511301975718002541e+04
3.760030085212405083e+03
3.756217645554276714e+03
3.446758581174252868e+03
5.436102956248831106e+03
5.837571531130788571e+03
4.413398728880909403e+03
5.455524840139943080e+03
5.530372598299662059e+03
2.943987420596704396e+03
4.342498124948661825e+03
3.258116822118288837e+03
3.892862711812223097e+03
5.010449798960856242e+03
5.129665553297078077e+03
4.233415920951114458e+03
6.587593994645544626e+03
1.530259514086667332e+04
4.716441881605320305e+03
8.145227070003884364e+03
5.970390720572044302e+03
5.469213438737724573e+03
1.141533541653364591e+04
2.981503595023066737e+03
8.476898092120638466e+03
6.280950792191270921e+03
5.617229077461741326e+03
4.753940139471558723e+03
5.267154324750837986e+03
6.584037179089563324e+03
8.306294024646507751e+03
3.360030091343264758e+03
5.249849913221671159e+03
5.544714603568400889e+03
3.159790931881995220e+03
1.370724848728764482e+04
6.381481750837745494e+03
8.227961211067246040e+03
6.133535649947336424e+03
5.158048998402760844e+03
1.561675152716446792e+04
5.145978216772813539e+03
7.788159723063004094e+03
3.780515795472103491e+03
8.160108832127134519e+03
3.748089571408190750e+03
4.831039554388111355e+03
5.737818205975983801e+03
4.374209886862022358e+03
3.757130554108858632e+03
3.996687963456077341e+03
3.258902231062651936e+03
2.969642991616851759e+03
4.278573274574569041e+03
3.223980228965737297e+03
3.473273194321676328e+03
4.816563386867795998e+03
7.999060885291714840e+03
4.102463148937443293e+03
3.071535835178578054e+03
7.701838747260416312e+03
1.231228209746321227e+04
4.144897732428210475e+03
3.227367111229073998e+03
3.650146274037138028e+03
5.096918635680204716e+03
8.246666735074242752e+03
4.471553730468007416e+03
4.446826157700746990e+03
6.459056872478842706e+03
3.251041715184650457e+03
3.740222623595883306e+03
7.065059528470753321e+03
8.021432947558019805e+03
4.466040062034994662e+03
4.317684788147953441e+03
3.636854540516534144e+03
4.417221737333896272e+03
8.107978254975534583e+03
2.809618958721270246e+03
8.234516620213358692e+03
4.201514927887603335e+03
4.585149928363120125e+03
4.524509659362284765e+03
9.621306571700701170e+03
7.138354226004632437e+03
5.829459232193560638e+03
1.110546939279419894e+04
1.027821658535489041e+04
1.210840292143977786e+04
2.871306704228449689e+03
3.861894677809733366e+03
7.999916699281895490e+03
9.027467301183818563e+03
6.771099638835856240e+03
3.594145406943642683e+03
1.153618946393748956e+04
7.641872008486978302e+03
4.170180576841272341e+03
5.027523747120702865e+03
6.621297944281073796e+03
1.493534295718156864e+04
6.805541531011038387e+03
8.592484500028305774e+03
5.991199492431205726e+03
7.508345642183107884e+03
3.189517746997792074e+03
3.889403070803808987e+03
4.108336898965044384e+03
1.087684130866837222e+04
3.723998504860986031e+03
3.743805314314761290e+03
6.495800921931237099e+03
4.886710719968594276e+03
4.705190573107212913e+03
5.708030772847963817e+03
3.692662309508708404e+03
7.176007950042656375e+03
3.720362460194084633e+03
6.299819572073162817e+03
4.602959182894604965e+03
4.902117214438800147e+03
5.829921614209328254e+03
3.873938386142069703e+03
4.293236775908442723e+03
4.047595121850551550e+03
