9.994134931610367858e+03
2.500000000000000000e+03
4.261127923808169726e+03
4.261150864499726595e+03
5.345149347652579308e+03
7.576754925588578772e+03
6.640455838585515266e+03
9.557533429999832151e+03
4.861058381375087265e+03
3.307710742919156019e+03
4.609283826155053248e+03
3.136757447809334735e+03
7.458964021153683461e+03
3.921078896189570514e+03
8.572209979682867925e+03
8.901991965896815600e+03
8.657588871512685728e+03
5.706627279343092596e+03
5.287927542964193890e+03
5.969260417070743642e+03
2.881472037807288416e+03
9.586145042473781359e+03
5.945057026238859180e+03
7.238582432038237130e+03
3.086954760067335428e+03
5.712725680354577889e+03
6.306187885682279557e+03
3.748332246766435674e+03
6.411363091575766703e+03
5.706411756993253221e+03
4.423821035677468899e+03
4.201613287068612408e+03
1.239260560491327487e+04
6.796869349116081139e+03
6.796755542674400203e+03
4.836567124291830623e+03
2.804194192041944916e+03
7.910206622700703520e+03
5.269284121908664019e+03
5.668489018660920920e+03
3.633891954286371856e+03
3.334179004768699997e+03
4.079528557929843373e+03
6.175598790168602136e+03
9.570763159592286684e+03
3.051552111357785634e+03
5.392461733836678832e+03
5.173906181532769551e+03
5.038640127352058698e+03
6.941582609572524234e+03
5.227235952895710398e+03
6.493532407474852334e+03
6.598868122031626626e+03
5.413245610789408602e+03
4.707631275824125623e+03
7.043938041323122889e+03
4.958366072260883811e+03
4.576663080068149611e+03
3.770713992975524889e+03
3.967344888523026839e+03
3.091491284356022334e+03
4.818673904323622992e+03
1.497808385553327571e+04
1.084907763944330145e+04
5.106488038239642265e+03
3.834779564966396720e+03
4.397616536319947045e+03
9.982140434168875800e+03
5.437843586422057342e+03
8.550411028241687745e+03
3.825999477932723948e+03
4.142357461263109144e+03
6.039042735862327390e+03
6.786903956711325009e+03
9.591591215383728922e+03
5.169584385228172323e+03
8.423015748106203318e+03
5.097776015407250270e+03
4.627233349362108129e+03
1.052531055889917116e+04
3.673820491618147571e+03
2.722373181196159749e+03
4.120935950100032642e+03
3.122827754281948728e+03
3.504630886351189474e+03
3.555684416267193683e+03
8.928923470815843757e+03
6.782359533100524459e+03
3.713937107987413583e+03
8.587543507076725291e+03
5.186695086980988890e+03
6.005599909769297483e+03
1.387709271956799785e+04
4.303885088866032675e+03
5.615750356782028575e+03
7.616238763669376567e+03
4.534180092945150136e+03
4.645313232084863557e+03
4.411558239844874151e+03
5.540659070218169290e+03
3.383389468798257440e+03
4.907288651663706332e+03
1.099896926030969735e+04
1.062527402031623205e+04
6.930790270175593832e+03
4.355523189886714135e+03
6.703038330881983711e+03
6.365342191592375457e+03
2.841210314191080670e+03
1.009286657010411363e+04
4.005230808188947321e+03
7.257183853759676822e+03
2.885542035244393446e+03
3.239532975830325086e+03
3.499352264696474776e+03
3.959021065979994091e+03
4.314834074306105322e+03
7.002804369752423554e+03
4.886629789317351424e+03
5.250332975446727687e+03
6.111167059815763423e+03
1.172853975756672662e+04
8.586923628485987138e+03
6.021196905516891093e+03
5.814615005231081341e+03
5.728798037012357781e+03
4.721831240457006061e+03
5.546810131527653539e+03
1.255044265876081590e+04
4.084008042826283145e+03
8.668377953434604933e+03
4.678181797590330461e+03
5.069399931009841566e+03
3.516439032944022983e+03
3.098211496437113055e+03
5.535223286416544397e+03
3.800183891186101846e+03
6.143554700419649635e+03
9.801951331551019393e+03
3.645155333170731865e+03
5.135276704339919888e+03
4.425858306556639036e+03
3.251522136005963148e+03
5.351442683722971196e+03
5.090378792104344939e+03
2.850531630237721401e+03
7.315361923879076130e+03
7.744332744455707143e+03
4.040788601666512477e+03
5.611556897034832218e+03
5.706398116444125662e+03
4.025756388011887339e+03
6.538153906528198604e+03
4.711103652200365104e+03
9.072834589618036262e+03
1.431166697221137110e+04
5.513482153355293121e+03
5.025652735035227124e+03
5.323020431048518731e+03
9.430300663319210798e+03
4.191651971490995493e+03
2.714538535626713838e+03
1.710657467718376574e+04
5.529879579938758980e+03
3.136404934861081983e+03
6.747589166786994610e+03
3.584497513737643658e+03
3.253565154790645920e+03
3.958095949376916906e+03
4.789738066356732816e+03
6.983866493000057744e+03
4.133393328902722715e+03
8.379775048159193830e+03
6.381527920023520892e+03
8.726270823589326028e+03
5.097172665013992628e+03
9.674804764308799349e+03
4.931633511237814673e+03
6.012524157889491107e+03
5.409113275380070263e+03
3.592874248351867664e+03
5.224454592775546189e+03
3.754844976751369359e+03
5.295190237763208643e+03
5.445250953359898631e+03
5.872019066533724981e+03
8.154306275062908753e+03
5.341779664145142306e+03
5.336509195309989082e+03
9.320015869852713877e+03
3.583026488587977383e+03
9.580318516406096023e+03
6.084374259393070133e+03
4.672930999768104812e+03
8.712268414423164359e+03
7.788833044361427710e+03
4.836769960480734881e+03
5.530853622719026134e+03
6.840703522919584429e+03
8.837583136007287976e+03
3.066303915477661121e+03
2.975230598459370412e+03
8.126991435074079163e+03
5.978736386295149714e+03
3.721871903244985333e+03
3.711422976279730392e+03
3.652848629766857357e+03
6.697176786577907478e+03
8.763053732304513687e+03
3.728944795140471797e+03
9.417523856933252318e+03
4.218478064783965237e+03
3.623656758535416884e+03
8.009465179062915922e+03
3.082758118680042571e+03
6.176309851943015019e+03
6.663964911187402322e+03
1.089929311981075443e+04
3.796065083846993730e+03
4.067555702831121835e+03
3.185711820711588189e+03
4.606727326766093938e+03
3.082065061693190728e+03
5.980038511744925927e+03
7.322248547632400914e+03
4.541696157333958581e+03
5.017402417910385338e+03
8.010163126658088004e+03
6.353665372672930062e+03
7.630653167979879981e+03
4.887709071704235612e+03
9.481465098855333054e+03
6.663074559883243637e+03
7.980430722665500070e+03
5.499427576052534278e+03
8.305986605178039099e+03
5.341055247933960345e+03
3.381465800337266955e+03
3.136166338554486174e+03
4.326933216887744493e+03
5.782615824585731389e+03
3.527254424301253948e+03
5.087459719782978937e+03
7.481557762025984630e+03
3.995063731802813436e+03
1.104963051200825794e+04
3.785761350134314398e+03
1.372782214585580368e+04
4.069460808832157909e+03
3.877552677821449379e+03
1.014227760113192016e+04
7.855780998186507531e+03
2.983087576477969833e+03
3.539500347949459865e+03
6.336168103880980198e+03
4.253341468179364711e+03
