1.106034468627680690e+04
2.500000000000000000e+03
9.392862072201349292e+03
9.392847770118518383e+03
3.846385258493479341e+03
3.337144729631758310e+03
1.365525743962351044e+04
1.046743595642624859e+04
5.350812202957371483e+03
5.373241457080834152e+03
5.829878264546157880e+03
4.737965423209259825e+03
5.527515345368324233e+03
5.044304756673766860e+03
5.297990231524301635e+03
1.004001994803739217e+04
3.186977525789865467e+03
6.575167552372090540e+03
3.032770677622077528e+03
3.239503634390402567e+03
3.540492960148724706e+03
4.872101300006506790e+03
3.185130358180299027e+03
6.125203045412956271e+03
7.195936976526470062e+03
1.042814839839831257e+04
3.077292644944726817e+03
5.139390067848029503e+03
4.141650066680394048e+03
3.948114322883043315e+03
3.796280743223936042e+03
1.067539025626148032e+04
5.750692587198798719e+03
3.895340237560514197e+03
8.288363898187946688e+03
6.240792188731002170e+03
3.052984129029719952e+03
4.529234807821019785e+03
5.619247580702775849e+03
6.863594273142571183e+03
8.472718006582861562e+03
4.253842692485756743e+03
3.249930033112533238e+03
6.594778511299152342e+03
5.505458750025209156e+03
5.217539098370527427e+03
3.524180657931291535e+03
3.435145213334406435e+03
4.514584748503641094e+03
5.222952625513337807e+03
7.603515161371787144e+03
8.715367818767821518e+03
4.479368065257913258e+03
5.822079432246426222e+03
9.667672929215201293e+03
7.427876630370476960e+03
3.035724784119961896e+03
4.122132659964551749e+03
6.304168336407627066e+03
9.664068316566950671e+03
3.293890021317515675e+03
3.981614133282397688e+03
7.385414996470827646e+03
5.052323062151132945e+03
6.358212932181774704e+03
4.496445178777442379e+03
3.092385417075196074e+03
6.472139103766448898e+03
3.240753877538102643e+03
8.472823347166493477e+03
3.810789328449311142e+03
7.942799330471280882e+03
9.527752082348719341e+03
5.739315488410305079e+03
1.191957533259643787e+04
4.183246779732286086e+03
6.143531067056203028e+03
3.623759861075395293e+03
5.068687108947886372e+03
9.197718375426213242e+03
8.702471318954016169e+03
8.175819522538214187e+03
4.084113780155174481e+03
3.654207913305610418e+03
3.766819658532682297e+03
8.016768286415410330e+03
6.925885331381741707e+03
5.293408422773834900e+03
3.033256988058447860e+03
3.860262844382271396e+03
1.158275158480168830e+04
4.232608938995752396e+03
7.789317725570553193e+03
3.048665645571597906e+03
8.862689543444661467e+03
8.245643984086571436e+03
3.585805067391147077e+03
6.474653714919824779e+03
7.245650283922943345e+03
5.914112179488214679e+03
9.517829440635883657e+03
5.154875501178816194e+03
3.985980080701294355e+03
4.202045524355749876e+03
5.603174179631940206e+03
7.331041385563599761e+03
4.421122918193660553e+03
4.077010323102766961e+03
3.693115984952197778e+03
4.609080967776490070e+03
3.594358897197040278e+03
6.000922157135471934e+03
9.749380372711269956e+03
4.229564014383258836e+03
5.849486048658951404e+03
2.779676782636591724e+03
5.401016836300635987e+03
4.143043176893148484e+03
4.725192153191446778e+03
5.797717695355867363e+03
4.414171295495991217e+03
6.926125085510873760e+03
9.779057299491125377e+03
8.760574883729113935e+03
1.233575468415339128e+04
3.938636073651015067e+03
9.199834136342007696e+03
4.188136402574118620e+03
5.132531963404194357e+03
3.515266217998451793e+03
8.676629468460978387e+03
5.306161735829305144e+03
5.002827223029116794e+03
8.854762670636457187e+03
5.991649975300884762e+03
4.103330695954448856e+03
8.662731067024804361e+03
5.927543595324358648e+03
5.347979748056184690e+03
3.819695539374626151e+03
5.669851829625609753e+03
4.114980776897122269e+03
2.940827650125255786e+03
2.765091308879756070e+03
3.545289525841806153e+03
4.232444232576905051e+03
6.189217570107787651e+03
6.896117596313230933e+03
4.920526900793913228e+03
7.215299709913833794e+03
3.998313513170973238e+03
6.226757842112694561e+03
4.528208511232228375e+03
4.719134275478675590e+03
9.944268760544560791e+03
1.042486325322293487e+04
7.019488973305333275e+03
5.999501663488746999e+03
8.800846515260338492e+03
9.661674806724164227e+03
5.876531461559330637e+03
2.799304527154522475e+03
6.253895542489402942e+03
1.080330606031196476e+04
3.418227457111257536e+03
4.147059474699404745e+03
1.057011491910162840e+04
8.361354402335055056e+03
7.567571419803987737e+03
3.095111460903330226e+03
1.567066250600720741e+04
4.568204361620564669e+03
9.222230796014853695e+03
4.618096296026704294e+03
1.416236823297017690e+04
5.859165015719098847e+03
4.461719735491964457e+03
1.146399609747595059e+04
3.380613694323365507e+03
5.469784458912112314e+03
5.466212890328890353e+03
4.143631661490047009e+03
3.226402581978493799e+03
3.900526434699429956e+03
3.091907425061307094e+03
5.332953875621917177e+03
3.484500070883186709e+03
4.054848387446666493e+03
5.537897306394409497e+03
3.635957796014035011e+03
4.399790615437996166e+03
5.879509726852519634e+03
3.594377602493285849e+03
6.107149184279194742e+03
4.071125997180154172e+03
9.271956566646693318e+03
6.405185668813575830e+03
3.761215988023387126e+03
4.285018460005328052e+03
9.393351762471214897e+03
3.097143818332681803e+03
4.854371288152055968e+03
3.970046752921742154e+03
4.274717713518492019e+03
8.736420671111600313e+03
8.307216707244768259e+03
5.561380336924220501e+03
2.999545999788617337e+03
9.448079022364556295e+03
4.132020937806777511e+03
1.211191962724062978e+04
4.850483537106560107e+03
5.505419817362078902e+03
9.498428409162601383e+03
3.899096187125796405e+03
6.766123192930893310e+03
3.265252407413825949e+03
5.928375844995412990e+03
5.562681944893374748e+03
5.689972859106796932e+03
6.166148738246775793e+03
4.130203215573232228e+03
6.403234375841921064e+03
5.168785166121580005e+03
9.227856923996801925e+03
6.286582298374791208e+03
6.688130678769187398e+03
5.470964280734408021e+03
5.552743215229311318e+03
6.661556572770118692e+03
7.414813820526205745e+03
6.187617831487355943e+03
4.856758363171271412e+03
3.992987157974882393e+03
4.034724687661739154e+03
4.088602318178787755e+03
6.207177955568678044e+03
5.462798040319084976e+03
2.837859358048075137e+03
5.880244363051571781e+03
2.950054357960250854e+03
3.332393389273731373e+03
4.753527059261987233e+03
5.585187535478611608e+03
6.923117499753138873e+03
6.975322961588166436e+03
3.459982852505777828e+03
6.499842321512543094e+03
4.051175887397410406e+03
1.045492376767607493e+04
9.224157649942791977e+03
4.949971451895284190e+03
4.002754279421747015e+03
3.865191845540085524e+03
1.217558671656902879e+04
6.091211538550588557e+03
