2.053929610914861041e+04
2.500000000000000000e+03
4.824031969444433344e+03
4.824007630182999492e+03
8.336648746347334964e+03
1.202233849832391388e+04
4.873157987562641210e+03
3.866708708133606251e+03
5.030215161712143527e+03
7.067955149385978075e+03
6.677661270588929256e+03
5.091476351360341141e+03
1.077869334309250735e+04
5.031066195292078191e+03
3.773691474364903115e+03
5.623740255045101549e+03
3.662882946544148581e+03
7.057612407062294551e+03
4.828345976427106507e+03
4.093010942615798285e+03
4.031514221005791114e+03
3.671524428989098396e+03
3.023409814833753899e+03
3.257429279652177684e+03
4.171546609666675067e+03
4.041618373562529996e+03
6.529837653879400023e+03
1.005415748026476285e+04
4.659655850054682560e+03
4.392927309760430944e+03
3.663407121159300004e+03
4.801966638957631403e+03
5.586624020884980382e+03
8.620740534478780319e+03
1.070325092000695986e+04
3.210961954878812321e+03
5.665665383209649008e+03
7.090260737282079390e+03
3.498100147817883681e+03
4.498257994231800694e+03
5.469251403254918841e+03
5.132479999876721195e+03
6.596757562535518446e+03
1.205931720438889897e+04
3.564840658563581201e+03
5.537229303746576988e+03
3.865843039776037585e+03
4.892499070225853757e+03
6.388313187267425747e+03
3.556930994543592533e+03
6.103801034717225775e+03
6.774092272095624139e+03
4.709957159340272483e+03
1.617670858569568736e+04
2.992648290181676202e+03
4.489504568999351250e+03
5.682056175532835368e+03
7.535050695884651759e+03
3.722205824775102883e+03
4.440335033702041983e+03
7.943729813080230088e+03
4.273576294063652313e+03
4.724693906263742974e+03
5.139600651529827701e+03
4.131966075584726241e+03
4.427367684441602250e+03
9.597455078228817001e+03
6.162048816622894265e+03
6.480411957818047085e+03
4.489519681912829583e+03
3.419977797974102032e+03
6.402953096609851855e+03
5.229351680660425700e+03
4.552936309396991419e+03
4.790302306279221739e+03
6.046863661939625672e+03
3.513596892280035718e+03
4.138824752443516445e+03
3.335746113671079002e+03
3.054387852545048190e+03
7.569160621864257337e+03
3.384685226547216189e+03
5.676787441718330228e+03
6.186020430088310604e+03
4.858491704697591558e+03
1.398121581119960319e+04
7.410666312648696476e+03
3.464476903063175541e+03
1.058904469808192880e+04
6.570708615351273693e+03
1.132381184393295007e+04
3.580019769696619733e+03
1.765081324491453415e+04
4.124682074613097939e+03
3.090982219497606820e+03
7.191681001181077590e+03
6.336004288713798815e+03
5.605949274535541917e+03
6.124511814718367532e+03
3.701107738386235724e+03
6.664772134888036817e+03
3.796779354497232816e+03
1.019587494197046544e+04
3.007550273194488909e+03
5.546238346429339799e+03
3.807779203955153207e+03
5.985425033478488331e+03
1.005700518477818696e+04
8.239501090847643354e+03
8.044854410273678695e+03
4.016167201278689845e+03
5.892826136044992381e+03
4.081343475179334291e+03
4.071538319236668030e+03
7.741857747245186147e+03
6.680622075912913715e+03
3.305292432805509634e+03
7.270796682401251019e+03
3.677088830944905567e+03
4.996445290228082740e+03
7.038231366558358786e+03
8.335849999795636904e+03
4.599856323474254168e+03
3.891223649680812741e+03
4.600269219964911827e+03
9.080685410451958887e+03
3.725404773480788663e+03
4.598109282083790276e+03
6.052163510303533258e+03
3.802325346590516347e+03
4.459043506739441000e+03
3.356746020747158127e+03
1.051019632141232069e+04
3.956824764173269614e+03
3.594410735841800488e+03
1.012177464337325182e+04
5.397952904586905788e+03
4.310580897904981612e+03
5.336868971284731742e+03
3.216857620672278244e+03
7.027178210097808005e+03
4.679571908284011442e+03
1.557268965555812065e+04
5.148585127078915320e+03
1.195245293222481632e+04
6.549222116122356056e+03
3.146498791578956570e+03
2.949714515291913813e+03
4.356750669932343044e+03
4.655172877696577416e+03
6.738116946088408440e+03
6.417208707633833910e+03
3.898236695399237760e+03
7.713834215633247368e+03
6.087182699050280462e+03
4.789156185268338959e+03
6.293126215557334035e+03
7.075475367874108088e+03
5.656317941591945782e+03
3.824200237302470214e+03
1.590457887355404637e+04
6.121893668466223971e+03
3.249551608863136607e+03
3.690994936833721113e+03
4.128009442181490158e+03
1.235505071423561094e+04
5.172088303919482314e+03
4.466460940050583304e+03
6.265956058951544037e+03
7.714118617835953046e+03
5.883080845846253396e+03
5.915723420556460042e+03
5.147614811867876597e+03
4.082615662684194376e+03
4.803503312172250844e+03
6.206220722638439838e+03
4.784093460651709393e+03
3.409767472713986990e+03
3.104519998671638859e+03
3.446888884537945614e+03
7.911960978979223000e+03
4.035655808457956937e+03
3.764400579048366126e+03
3.719515830390623705e+03
5.585411662489692389e+03
6.889586375847784439e+03
4.379041284838676802e+03
3.730621236590176522e+03
3.346336240096524307e+03
7.181053885218452706e+03
8.155273257927255145e+03
8.837208085045631378e+03
5.498100707377304389e+03
4.974025103574706009e+03
3.690742469850946691e+03
1.018754376298279749e+04
6.849087831048558655e+03
5.794815451263604700e+03
5.559929461777423967e+03
5.123920889337079643e+03
7.479556049650342175e+03
8.726590721729102370e+03
3.494308582058417869e+03
3.688239924096023060e+03
3.713034390366384741e+03
5.627365764131710421e+03
8.536303424233445185e+03
5.226318786411203291e+03
7.303585709511628011e+03
3.830120428884703870e+03
5.247164041755992002e+03
3.070321840356425128e+03
3.753009002895115827e+03
5.784390281012811101e+03
1.115954710750480444e+04
7.070724179281993202e+03
8.784641458555770441e+03
2.970094222010557132e+03
6.140222889645336181e+03
4.529407249044435048e+03
8.521860446483147825e+03
8.047326492184078234e+03
4.893174524881878824e+03
6.567390180778846116e+03
4.131978217175619648e+03
8.126019300229667351e+03
5.021562581515683632e+03
3.910615850840891653e+03
4.073569957769589564e+03
4.656827301781914684e+03
5.102347827476882230e+03
1.177464620153465694e+04
3.292064403967623093e+03
2.927719073218277117e+03
3.221282782388957912e+03
4.999068595451826695e+03
5.482257083652901201e+03
4.201407306894525391e+03
6.984512308322389799e+03
4.722633898295786821e+03
1.418956397732599726e+04
3.579237776251428841e+03
5.363963632405811950e+03
8.327204684496789923e+03
2.873380528831974061e+03
7.044361845932395227e+03
7.777106118572475680e+03
4.669924952586110521e+03
4.727224823377739995e+03
1.422559201702996870e+04
8.311628623475195127e+03
3.695226427991854962e+03
7.198321919024258023e+03
7.326639077719926718e+03
3.096140658555492337e+03
1.096632477945311257e+04
