9.959497917125176173e+03
2.500000000000000000e+03
4.369607002107422886e+03
4.369566397746750226e+03
6.396320409449059298e+03
7.830971664355405665e+03
6.091984546701560248e+03
3.295667493201854086e+03
4.198660361462213586e+03
6.166649465741617860e+03
6.929969810473571670e+03
4.507356887883423951e+03
1.143090558021983634e+04
4.483264285642341747e+03
7.705762685726399468e+03
3.579855814845810073e+03
4.314088704865928776e+03
4.659864390745808123e+03
4.654105044540631752e+03
4.141858857443417946e+03
7.501271762558730188e+03
3.936426625073098421e+03
5.677006743795218426e+03
5.371848315374674712e+03
6.019330469119411646e+03
4.040104560735198447e+03
3.061100738393613028e+03
4.862581698139968466e+03
7.749630804708556752e+03
1.517189751624324890e+04
5.856033222199780539e+03
7.282947841030263589e+03
4.864626422334670679e+03
3.646722443614337863e+03
8.294572357212455245e+03
4.796770316534531958e+03
6.507441590414839993e+03
6.889092206967361562e+03
4.883183069652101040e+03
4.303886032207814424e+03
6.124768400493214358e+03
4.971900681169659947e+03
7.079209164116140528e+03
5.279086797204040522e+03
7.562078872371139369e+03
8.578551461932382153e+03
3.301082667883776139e+03
9.070813561371574906e+03
5.723457081106433179e+03
4.327071614464357481e+03
4.822657730789531342e+03
1.447948592793404896e+04
7.101914228625644682e+03
1.490706338415241589e+04
5.763061121476506742e+03
6.463613649940649339e+03
5.246901633531904736e+03
8.774809475796388142e+03
5.185540136058403732e+03
3.688265047811214117e+03
5.074656185521851512e+03
3.711136828512438115e+03
5.617272705820383635e+03
3.753773175036258635e+03
2.938937075998844648e+03
3.829319972119878003e+03
6.088547312775339378e+03
4.000621806831890353e+03
1.118554940515147791e+04
7.190415184152753682e+03
4.605751317949132499e+03
1.332291742833152784e+04
3.615640001117661996e+03
4.000245136745636046e+03
7.570986708100690521e+03
7.223349530181807495e+03
3.596566422375133698e+03
3.921705038001208322e+03
9.919848550676357263e+03
5.016580521950922048e+03
6.356532318908247362e+03
4.343712326678371028e+03
7.260829773328007832e+03
4.058722487860363799e+03
3.100982538461550575e+03
1.402917378727997857e+04
7.189634239693453310e+03
4.372714175821868594e+03
6.388814157465250901e+03
3.227745999420782482e+03
2.870152673572160438e+03
4.256091821619516850e+03
7.778824380309279150e+03
3.455303016988154923e+03
3.942121101317554803e+03
4.241680514571606182e+03
5.446773390877746351e+03
8.070738236503706503e+03
2.994922730845481965e+03
3.691409222748646698e+03
4.378157336972603844e+03
3.559163307540678488e+03
5.123097358477322814e+03
7.247415344947207814e+03
3.025373379154284521e+03
4.165411801802059927e+03
4.364257026873832729e+03
1.414926458341377838e+04
7.399375783279997449e+03
1.155504874893825581e+04
3.371740443230125038e+03
5.469012690761044723e+03
3.041568851036523483e+03
3.920703066639156532e+03
4.924706256339841275e+03
4.908011486026805869e+03
4.733739293183551126e+03
8.695918619285643217e+03
4.527018544199190728e+03
8.831405804173287834e+03
3.999563271688601617e+03
7.036830345013911938e+03
7.653458952148633216e+03
6.448897015690746230e+03
3.969931862498578084e+03
6.347543690927824173e+03
9.280651833899170015e+03
4.144021035239948105e+03
1.524608791688217025e+04
7.443512621602829313e+03
4.456785338465411769e+03
4.592083872448783950e+03
3.442965463273741989e+03
5.301510123216045940e+03
4.288982876667668279e+03
4.406672352894438518e+03
7.834080119987354010e+03
3.460393629492237778e+03
1.377401887454826829e+04
3.595155982232411134e+03
3.319974743359117383e+03
3.288159785039039889e+03
4.388752048343932984e+03
5.435009103452973250e+03
1.115694994668925756e+04
6.969663065812331297e+03
6.204867778750362049e+03
5.775835661876474660e+03
3.574103544873901228e+03
4.659968532910959766e+03
5.952225624120997054e+03
5.328418167547370103e+03
7.665577568528614393e+03
3.272248403939543550e+03
4.588582055060636776e+03
4.754131234592810870e+03
5.836456629781719130e+03
5.779205266735916666e+03
3.544358333581995794e+03
8.284312192809600674e+03
7.898018348954603425e+03
4.521307769623794229e+03
5.609608163129096283e+03
4.667757984072066392e+03
4.337932321494549797e+03
6.268274519272996258e+03
3.406164132236168371e+03
3.521037784779294270e+03
5.571419104626611443e+03
4.675904128584113096e+03
3.753647776197450185e+03
4.420196233776979170e+03
4.139396612976227516e+03
5.674990947597281775e+03
9.803695780460122478e+03
7.261131907509272423e+03
6.647428159305456575e+03
1.106735153478720349e+04
4.430393381276689070e+03
4.782714945604789136e+03
5.849827573928134370e+03
6.150620170641615914e+03
3.950998118431927651e+03
4.538387777333977283e+03
6.028364467768314171e+03
9.379798451698017743e+03
5.203060615731655162e+03
8.194702544789188323e+03
2.815818060159095239e+03
5.331078609578613396e+03
5.491211506474616726e+03
4.314358269219144859e+03
3.550033029109597919e+03
3.571377417445467472e+03
5.686914009120519040e+03
7.422989105711110824e+03
5.648598251765566602e+03
4.206578574003070571e+03
6.633645462219954425e+03
3.542831337258818621e+03
9.406497290213166707e+03
9.579990090906660043e+03
5.591621671657630031e+03
5.841341359963791547e+03
4.772833606970147230e+03
3.477753833463460069e+03
6.485993654970501666e+03
6.501411883288604258e+03
3.687788094108123005e+03
4.315397466952135801e+03
1.751239181652750631e+04
3.968111322656473021e+03
3.211885022471843968e+03
2.787290029866716850e+03
8.700094154647751566e+03
8.478582648869854893e+03
9.122082344582398946e+03
7.489951342312607267e+03
6.053730073231448841e+03
4.956277920169653953e+03
3.577319556897768962e+03
4.546401829761694898e+03
6.668948864004749339e+03
5.561354774253596588e+03
4.734178635903408576e+03
8.887931615816931298e+03
1.180215699680398757e+04
6.951138558186028604e+03
3.108679194243595703e+03
3.848759710699453080e+03
4.147077930123796250e+03
1.114447983383287101e+04
1.046902144122593381e+04
3.406935793432929586e+03
3.609712518111665759e+03
9.761039375198441121e+03
3.665003485905174784e+03
6.474051979036295961e+03
5.498516104270675896e+03
1.238317683810860399e+04
1.081123409270849697e+04
3.426315789186603070e+03
3.596107796078449610e+03
5.082418136077601048e+03
2.833728396414018334e+03
5.522336123395240065e+03
8.090148867106884609e+03
9.353238612773082423e+03
3.795860953761962264e+03
7.872983173424373490e+03
6.281515114254257242e+03
5.816877746805023889e+03
5.024367523319137945e+03
6.120660664413327140e+03
2.959647070327824622e+03
3.974538026929168609e+03
