1.858671862409320602e+04
2.500000000000000000e+03
3.789682076472374774e+03
3.789624714020801548e+03
3.486325666201803870e+03
4.262605646819043614e+03
5.183191358942156512e+03
5.259130826557504406e+03
4.772652827237332531e+03
1.772764000414077600e+04
5.430330930315512887e+03
3.896622971212512766e+03
7.263209332843953234e+03
2.717271462669117682e+03
6.294012685569401583e+03
3.927816689718147700e+03
7.229837733761610252e+03
6.205291925027713660e+03
1.231084463802573191e+04
4.880597134672309039e+03
4.649249381230409199e+03
3.587649098386752485e+03
8.054534383848193102e+03
6.789472897923780693e+03
4.471693335960289915e+03
4.856791063478767683e+03
7.741565598070770648e+03
6.939145560327519888e+03
4.950264810181559369e+03
5.558726198700254827e+03
5.512259165106963337e+03
6.426853747134045989e+03
4.374242644364632724e+03
4.743078121446198566e+03
1.055243697342882115e+04
6.413946625050011789e+03
4.416184050334589301e+03
4.229862436662077016e+03
4.467445962315793622e+03
4.367860997311307074e+03
4.267240486929641520e+03
4.579954837315041004e+03
1.261514658335060813e+04
7.571418461468544592e+03
3.489788892808891887e+03
4.511818187817571925e+03
3.603343543064940604e+03
1.018063409052703719e+04
1.111518136943398349e+04
3.936891793515030713e+03
3.723157169704406897e+03
7.679123486233826043e+03
3.294244262236785289e+03
6.208934081913960654e+03
2.847124705167446336e+03
4.376318088883390374e+03
1.011802289251112961e+04
1.028300968903859030e+04
5.023192389678313702e+03
6.019630237694393145e+03
3.586236833627446686e+03
7.522068021114891053e+03
3.375581911236781252e+03
4.663137049689343257e+03
5.301585150583943687e+03
8.712854773240538634e+03
6.745369695243759452e+03
7.311833989106044100e+03
4.106770597712396011e+03
5.975008360641631043e+03
4.802194050012605658e+03
3.286544025224187862e+03
3.346678241665782025e+03
3.465797931244347637e+03
6.736513003813493924e+03
6.448312487087101545e+03
4.244643921026186945e+03
4.203884846297599324e+03
3.800315887024859876e+03
4.285520474977295635e+03
1.060672909556652485e+04
5.921680348684694764e+03
6.411963942264264915e+03
5.599364457239333206e+03
3.594152750925426062e+03
5.331001133793868576e+03
3.824097104313591444e+03
4.053303501580898228e+03
8.411011749065231925e+03
4.819981445272800556e+03
6.974658657894090538e+03
3.917658739681998668e+03
5.484038029260680560e+03
3.421712533158928636e+03
8.544823177951677280e+03
8.528929342139224900e+03
8.429813472392961557e+03
1.369989281605894939e+04
4.663584130375932546e+03
6.502468178491608342e+03
4.321214139159507795e+03
3.074955523268192792e+03
4.672098358712778463e+03
6.360752270409507219e+03
5.801492589141846111e+03
5.778214907955488343e+03
1.031109459013585547e+04
8.398232624450502044e+03
4.912120902976839716e+03
8.435934575135939667e+03
5.608465895298202668e+03
6.252773596184542839e+03
5.249756340714500766e+03
5.188014708877949488e+03
1.535597500217901325e+04
8.311614857076379849e+03
5.871912326975973883e+03
3.553757578703500258e+03
4.700703909435760579e+03
3.721155520511289069e+03
4.712732934357102749e+03
6.913563740308487468e+03
6.056460629895705097e+03
6.498155024604728169e+03
3.059324966773421693e+03
4.091262747514700550e+03
4.862703181817249970e+03
4.123971592927272468e+03
6.937028832657351813e+03
2.844755669619321907e+03
4.616652919061990360e+03
4.431160408526935498e+03
4.424039879113324787e+03
6.692148103186294065e+03
6.402736740316417126e+03
1.129832346187144867e+04
3.550930277143951116e+03
5.107720009729297090e+03
1.229777722072458891e+04
4.905656800302158445e+03
6.910639493058750304e+03
3.702283840019588297e+03
4.423905905106804312e+03
7.505965089206829362e+03
5.410247544790874599e+03
3.938358572366368662e+03
3.839135192074354109e+03
6.443981587273729019e+03
6.112781098614437724e+03
1.728164945172514854e+04
4.353764754803087271e+03
4.188873921645970768e+03
3.523592078146519270e+03
4.352299484595801005e+03
3.234725064287878922e+03
4.359874436263339703e+03
9.755670366259068032e+03
5.786650707552131280e+03
4.696660600143684860e+03
5.073190427776194156e+03
7.365311780598962287e+03
2.824403302982894274e+03
6.380258664261846207e+03
3.456275246663489270e+03
3.830968856450539533e+03
2.245006409722399985e+04
5.018919946749299015e+03
6.505554440504757622e+03
2.900696146697111544e+03
3.397589805363055348e+03
3.316007640003338565e+03
3.986329332310428072e+03
7.086845931460292377e+03
4.588829300677098217e+03
4.751699273589805671e+03
5.522681817507651431e+03
4.570504122721420572e+03
6.648971414014110451e+03
5.406634051677344360e+03
4.029271128487404894e+03
4.441355147073473745e+03
1.053681451600870787e+04
6.928510363450037403e+03
1.230656137967872382e+04
6.349044522558497192e+03
6.948549967672330240e+03
5.204805969947388803e+03
5.478458183243026724e+03
4.695648066780934641e+03
1.197170863995923719e+04
5.222647537921980074e+03
5.929139305496894849e+03
4.202298772061158161e+03
3.805158144399669254e+03
5.314110051427587678e+03
5.879386491585112708e+03
1.174642121251857498e+04
5.924610836090198973e+03
7.632274618976663078e+03
5.116799566807610972e+03
7.862279986863468366e+03
5.005406629282124413e+03
8.030100267040618746e+03
3.468577533655966363e+03
6.449091138653318012e+03
1.248062139431104333e+04
5.162825499246224354e+03
7.034244716495307330e+03
5.241472612446363200e+03
3.977036186752877711e+03
6.217257528603671744e+03
4.304258398431393289e+03
3.647651921285147637e+03
5.463897222301568945e+03
1.082489019144026679e+04
3.586296570570860240e+03
4.849316097629143769e+03
4.621234555870000804e+03
7.463808835883700340e+03
3.430881979669267821e+03
5.448019454989047517e+03
4.743251806310712709e+03
5.615127350544730689e+03
1.157476125884066278e+04
4.144296140895532517e+03
4.243019735436259907e+03
3.387694191275018966e+03
3.557253759147603887e+03
6.084261438836902016e+03
5.431167221793534736e+03
3.683557827778848150e+03
4.621513244700203359e+03
9.144265478961471672e+03
4.330511323725111652e+03
3.857922894920255203e+03
3.543005992739275825e+03
3.408057099463469058e+03
5.750503786959956415e+03
7.766606149378889313e+03
1.328401473838381571e+04
5.988123909334814016e+03
3.640866015271710694e+03
4.884935444321266914e+03
2.861831237579286153e+03
4.037060717096895132e+03
6.320582097579585934e+03
7.415759486387751167e+03
9.131576151643323101e+03
3.307686057418598466e+03
2.963991033015274297e+03
6.614091633038962755e+03
4.347064276514802259e+03
1.278922936407181442e+04
6.546099131247697187e+03
5.845447783534767041e+03
6.518866926909080576e+03
