7.876606032540101296e+03
2.500000000000000000e+03
6.201419834723263193e+03
6.201443895354497727e+03
4.723243001965635813e+03
5.607027158197928657e+03
6.330399666916939168e+03
4.850281652876666158e+03
6.264723331860730468e+03
4.718350661140058037e+03
6.945666679608948471e+03
5.048539970338337298e+03
8.514818202355752874e+03
4.720478978525177808e+03
7.161595548873001462e+03
3.171785687527945811e+03
1.339197250585606889e+04
5.991888127488635291e+03
9.279182924251537770e+03
6.137966664815487093e+03
6.587252096330292261e+03
3.881149676298002760e+03
3.863150213757068741e+03
4.858237193760880473e+03
4.434625178399063770e+03
7.671638180390246816e+03
4.287326856112743371e+03
5.015687166248424546e+03
6.651755592505706772e+03
5.914504344913249952e+03
3.522472358822582464e+03
3.909704145680374040e+03
2.299022842438476800e+04
3.803506865854718853e+03
1.117992245660353910e+04
7.809076626500903330e+03
3.430383160337726622e+03
4.369631865831000141e+03
4.370610638612211005e+03
7.054057727456877728e+03
4.380052448362808718e+03
5.716973319879676637e+03
4.741996907427308543e+03
7.058985297743343835e+03
3.263658217921461528e+03
7.655906491701770392e+03
4.639543077000138510e+03
8.585968599256177185e+03
4.632813479164318778e+03
4.080258733019482861e+03
5.601253600646641644e+03
3.273464517991708362e+03
3.807689750624388580e+03
8.522237839946985332e+03
3.880925515824056674e+03
3.687307756670447816e+03
5.840619901150869737e+03
6.737271238036813884e+03
4.149802521477349728e+03
3.924968827087976933e+03
3.842208210292298190e+03
5.716141563524926823e+03
5.314796044959688516e+03
4.097041589109883716e+03
5.539505065602613286e+03
3.427965357500177561e+03
2.884049845777907649e+03
8.263111641865574711e+03
5.234310451335360995e+03
6.013386562782756300e+03
3.650957649282849161e+03
7.879928007798248473e+03
6.840299943385805818e+03
4.470890895276982519e+03
8.101402034333296797e+03
6.625414770262244019e+03
5.738039575975046318e+03
6.055766980977798084e+03
7.385516088117623440e+03
5.502971086210315661e+03
8.976680750805075149e+03
6.273493524596392490e+03
1.582280673054308318e+04
4.792349441767921235e+03
3.525774032927487497e+03
4.023647690683403198e+03
5.196005866108307600e+03
3.741763246781741145e+03
3.924444360780527859e+03
6.663186977266750546e+03
1.570629608960746555e+04
5.105811834381295739e+03
7.899538804971960417e+03
3.520134670671603089e+03
5.293689792276722983e+03
9.346845676274328071e+03
8.363193966701799582e+03
6.926869952184677459e+03
6.624025570422165401e+03
6.413596190400452542e+03
3.650214233733498986e+03
2.745791019317560767e+03
3.430381784257189793e+03
6.574259994698731134e+03
7.594169666078825685e+03
5.339898474661577893e+03
8.464925116393436838e+03
6.278590100075280134e+03
3.608594590651670387e+03
6.349382062246511850e+03
3.057122254667673133e+03
7.401565834728622576e+03
5.649161410041239833e+03
3.310607977963010399e+03
3.995836738697703368e+03
5.338381914881967532e+03
3.876382198702170172e+03
4.867632090501781022e+03
7.861147564621314814e+03
7.279808612466722479e+03
5.645744642634152115e+03
6.765982040960487211e+03
6.215922770786341061e+03
7.147729008998759127e+03
3.925869709229546061e+03
4.228286361296474752e+03
1.236437441129040235e+04
2.853653859754373116e+03
3.764704236866398787e+03
3.197347590488120659e+03
1.044427638878476318e+04
3.446049180023975623e+03
4.789250304454721118e+03
1.142577929184531604e+04
7.261956587771317572e+03
9.594615130936745118e+03
1.189370813566481047e+04
3.968816229525808922e+03
1.053712585286769900e+04
2.772072419387466653e+03
9.456275542903695168e+03
4.789539432271330952e+03
1.024030795122512609e+04
5.242592680668305547e+03
9.390725753792874457e+03
5.047099156887371464e+03
3.808453504119353056e+03
6.505383634969664854e+03
3.311027631012506390e+03
5.781832628050525273e+03
4.848197407914436553e+03
4.909574045259343620e+03
5.390967889312506486e+03
4.224547063884869203e+03
3.967649283001350341e+03
6.085836352828446252e+03
9.444204335137825183e+03
3.905945954676946712e+03
4.193242044706326851e+03
6.160063006584901814e+03
5.568267715142465022e+03
4.756302744804888789e+03
7.936817774259793623e+03
4.929164989160342884e+03
2.816308817414951591e+03
5.020071626068669502e+03
7.065305613795675526e+03
3.735709067728988884e+03
4.258476736794660610e+03
4.587892037887020706e+03
3.857744264345608826e+03
6.378420365864211817e+03
6.417725085327811939e+03
6.806122570889288909e+03
7.428193188005948286e+03
4.958380555413481488e+03
3.207108017680358898e+03
3.490221550716816637e+03
4.379691925802285368e+03
3.731664192183232444e+03
6.516828623302792039e+03
1.047892386317949240e+04
3.776940091542170194e+03
8.522700575303313599e+03
9.627954699807603902e+03
5.128926732504314714e+03
5.997683483108874498e+03
3.479562792633226309e+03
7.875076690085219525e+03
8.363135686549127058e+03
5.371643385949735602e+03
6.477299533941344635e+03
4.134953528104910220e+03
3.960397781935756939e+03
3.862584515815051418e+03
4.977493767260998538e+03
9.158188146771879474e+03
7.163213901839210848e+03
6.870899067107628980e+03
1.182929954018865101e+04
6.083579384098506125e+03
4.015064354677588653e+03
4.287418049175424130e+03
3.103873855491830000e+03
3.448783295559439011e+03
5.109271042511933047e+03
6.469037247302069773e+03
9.914649377096466196e+03
6.695890957498318130e+03
3.775219451369834132e+03
5.764543417946307272e+03
4.324876511010712420e+03
3.644955598540629126e+03
8.711727907610033071e+03
8.432934678739726223e+03
4.691438512174810967e+03
4.021669084488008593e+03
5.437756986554902142e+03
4.007844586979273572e+03
1.020341830207292696e+04
5.437052698144028909e+03
4.504841822235375730e+03
1.001357373957904747e+04
3.891807230820273617e+03
5.478943916293515940e+03
5.346910349745492567e+03
7.000234287267764557e+03
5.354182420945209742e+03
4.497597061909058539e+03
6.265578312700524293e+03
3.596642054894563444e+03
3.675243336643083239e+03
2.782050190047837532e+03
4.814457230076441192e+03
3.701783173758879002e+03
1.130997104215608306e+04
3.097270869515480626e+03
8.339950742856133729e+03
4.210402620868763734e+03
3.423493738513462631e+03
4.359403629875543629e+03
3.021271644608536917e+03
8.383526098399450348e+03
3.838933955677428457e+03
7.187411005766863127e+03
1.409649550872919463e+04
7.734453104159662871e+03
1.241244851376934093e+04
3.904622394666798755e+03
4.163455639687690564e+03
1.134306602152121923e+04
5.105292076404290128e+03
5.629456025417402998e+03
3.123090338246875945e+03
6.025279688174686271e+03
1.155820700528554516e+04
