9.930936059011368343e+03
2.500000000000000000e+03
3.168232882897141735e+03
3.168216433747086739e+03
4.523084847709204041e+03
6.169753911810772479e+03
8.575229085868973925e+03
3.245298818041719642e+03
6.377517915128003551e+03
4.190680935172468708e+03
5.038594854281089283e+03
8.235004447032819371e+03
9.651065858224215845e+03
3.701218739145774634e+03
9.845339096838482874e+03
6.746279190604798714e+03
6.073830667925239140e+03
5.744392027013949701e+03
5.131118274562134502e+03
3.197906784556397724e+03
3.688057538659538295e+03
4.386641027419169404e+03
1.057536765725943405e+04
4.186570856517643733e+03
4.366249834359308807e+03
1.017089304160841129e+04
5.461620554432015524e+03
4.791771871109371205e+03
5.470678436180656718e+03
1.057780246820867978e+04
4.215671689720299582e+03
7.777555976585539611e+03
1.188326673220212069e+04
3.088768790319550135e+03
7.316452950593784408e+03
6.861149746200536356e+03
4.323994155270406736e+03
4.924505934498883107e+03
6.681367425459663536e+03
8.094829010069001015e+03
5.048547991604569688e+03
3.855562396618337061e+03
5.073886548096323168e+03
3.634649840331150699e+03
5.700359614002731178e+03
3.942770417977312718e+03
2.914752650893231475e+03
3.847949494143068478e+03
5.249712383175970899e+03
1.252600864900486158e+04
5.697792526509354502e+03
6.259125273496283626e+03
3.999533023295043677e+03
5.295706472445516738e+03
3.912846842652751548e+03
1.122542306778631064e+04
3.229618969315054983e+03
8.001926756175388618e+03
4.039250411528865698e+03
7.974609961287853366e+03
4.646219872175674027e+03
8.526055657110584434e+03
7.515904538977101765e+03
3.198674520524458785e+03
7.030719919704573840e+03
2.750005627773864944e+03
6.123905535614440851e+03
5.724529263961228025e+03
7.519418265032389172e+03
1.023422193708674604e+04
4.295105574016333776e+03
5.564276045923520542e+03
7.170013909599815634e+03
4.416681219274034447e+03
5.555433255468403331e+03
3.034429722218034840e+03
3.803561093853249076e+03
3.685502247967373478e+03
7.258763828292521794e+03
4.901391046805047154e+03
7.294956667482101693e+03
4.656371352067453699e+03
1.090993518581880562e+04
3.758140763618593155e+03
5.004115584679106178e+03
8.424992158811397530e+03
1.150102992015752898e+04
7.450435906937671461e+03
4.228009007875597490e+03
6.917069763037133271e+03
7.290688865694918604e+03
3.957604968361185911e+03
9.397585569118600688e+03
3.725687028426933011e+03
3.137142790402027458e+03
6.493902434010215075e+03
5.517249404514860544e+03
3.925871270353129603e+03
3.865284947169334828e+03
7.004733939783046480e+03
7.284616425059196445e+03
1.040941170123894699e+04
4.230197252168838531e+03
3.654043763299346210e+03
8.806375269822900009e+03
9.252360482285735998e+03
3.791317561056670456e+03
8.849876741693980875e+03
4.571495920720183676e+03
3.326873637140125084e+03
4.628828085793533319e+03
8.489995125581690445e+03
5.517920528701424701e+03
3.402698807142463920e+03
5.050566165195303256e+03
4.440525359156120430e+03
3.349232653612366448e+03
6.846724589900025421e+03
4.753172482719675827e+03
3.446479278468274060e+03
4.459046219966021454e+03
7.666465444540423960e+03
8.774461447267069161e+03
8.437055437823646571e+03
7.796534509257999161e+03
3.245220625219706562e+03
6.728310314231884149e+03
5.698186011265389425e+03
1.228321319692873476e+04
3.703247412847299074e+03
1.368399201306393297e+04
6.096749034480476439e+03
4.611931599719275255e+03
5.543598357837848198e+03
5.904016751316306909e+03
5.479278526696109111e+03
4.509746276882422535e+03
4.511736721464862057e+03
7.191888700205438909e+03
3.040892173373543301e+03
4.136704713988865478e+03
4.138233118548179846e+03
3.583970307933524509e+03
5.215251365473407532e+03
3.856643344146709751e+03
3.192361378604521178e+03
9.153989783241217083e+03
1.029715623593760029e+04
5.097366652514531779e+03
8.750542414320880198e+03
3.607028048153593772e+03
5.738269734105715543e+03
8.573863121643351406e+03
6.880189614123266438e+03
3.282211881371447362e+03
5.509742349924319569e+03
9.507689783235544382e+03
3.243421120301146402e+03
5.867240008079866129e+03
3.919401990378457413e+03
7.895476553191098901e+03
3.041289114600122957e+03
5.415273076353402757e+03
7.457518935383265671e+03
4.386239875247847522e+03
8.632292388858049890e+03
3.661786960585396628e+03
4.038431077913633089e+03
3.578036963785575153e+03
8.296568514914159095e+03
7.668653896138652271e+03
4.943128897165488524e+03
1.411446343149392123e+04
5.311586250197237860e+03
1.284526638647675281e+04
4.068929246031126240e+03
4.711375590046207435e+03
4.176119592451352219e+03
3.564147053577635234e+03
8.186499950997404994e+03
4.284572798243154466e+03
6.367372240802922533e+03
3.397935955550080507e+03
4.798807322662205479e+03
3.877556062435703552e+03
8.568825114289422345e+03
5.905355324368738366e+03
4.595340244482968956e+03
5.915956759223763584e+03
8.051634890079120851e+03
5.396224772993880833e+03
8.812940566959914577e+03
1.162969818694474816e+04
1.004564211343924217e+04
4.551084811632512356e+03
3.346071877360983308e+03
3.489841294545464280e+03
5.523572710051023932e+03
3.818172544083747198e+03
5.514829651550800008e+03
2.998266887098924599e+03
5.960234516758136124e+03
7.565804557786548685e+03
1.032180924030656388e+04
7.337744332723141270e+03
6.288261332139236401e+03
4.077790213795731233e+03
4.162676010512486755e+03
3.699924026736939595e+03
3.375056014856121237e+03
4.632262227543427798e+03
3.379101076015601393e+03
3.626035523423467112e+03
4.891685200328182873e+03
5.000272481277959741e+03
6.026982814040839003e+03
5.094821164992339618e+03
9.882523822527346056e+03
5.471453436697346660e+03
6.720586071531509333e+03
5.547338552199727019e+03
3.862927046324158709e+03
1.067231017402808175e+04
3.813270532015871140e+03
5.401387197543910588e+03
8.231274169785996492e+03
3.848193179072109615e+03
3.575931035878877992e+03
4.001564242258154991e+03
8.717272826457810879e+03
4.376583120306880119e+03
1.453043184874832514e+04
3.705820411859106116e+03
3.630227850234635298e+03
3.379163472340158933e+03
7.588718195552150974e+03
3.972154760931344754e+03
1.010255267042584455e+04
4.174864064523442721e+03
8.529696006624615620e+03
6.453925223586547872e+03
6.112016573708402575e+03
8.800211866982710490e+03
6.139894974122169515e+03
5.975026495716567297e+03
1.044151936128866873e+04
3.881512360085383079e+03
9.022134366212276291e+03
4.853479345338280837e+03
4.878002600738457659e+03
6.700258339939997313e+03
5.507189745843372293e+03
4.483625504883488247e+03
4.390772660469429866e+03
3.915553431260545949e+03
5.258155459059062196e+03
