2.292317945359220539e+04
2.500000000000000000e+03
4.281232420053601345e+03
4.281218499357104520e+03
5.237684001948124205e+03
5.515920300789789508e+03
2.830673871171400606e+03
3.627666667146369036e+03
1.283494366202379024e+04
7.485406329568162619e+03
6.359112505643886834e+03
4.943696763918836950e+03
6.568717162811985872e+03
4.339751155099047537e+03
4.336790659605776455e+03
3.471130791665318156e+03
6.939408769539995774e+03
1.100556657591461772e+04
5.247666932579063541e+03
5.438319264891749299e+03
4.877948772967201876e+03
3.694368068219958786e+03
3.282717636991457312e+03
3.254791649663537100e+03
6.648123709364814204e+03
1.300343718583712507e+04
4.612298325315306101e+03
3.264282329237603790e+03
3.160059078878030959e+03
3.523896500968427063e+03
6.282760519622053835e+03
8.652373072299462365e+03
1.473170565892599734e+04
4.196725865550928575e+03
6.290051545458030887e+03
4.301132529582460847e+03
9.633033479804540548e+03
5.041619101282477459e+03
3.198021986594603732e+03
3.204612700024444166e+03
4.070109464335841494e+03
4.264317487062927285e+03
5.703730597737107018e+03
3.694949536888660987e+03
8.287920970157709235e+03
5.233058745655413986e+03
6.613578697049109905e+03
3.331396089454664434e+03
1.044920701109673792e+04
5.256215426332237257e+03
8.375407600075985101e+03
3.351614451559645659e+03
4.784406502206544246e+03
5.145206775880867099e+03
2.869221486542573984e+03
3.468715200859122433e+03
4.680701716005194612e+03
6.247759369026620334e+03
4.847349177341713585e+03
6.971909750320373860e+03
4.546387523691832939e+03
1.681396317004400771e+04
4.643738114749015040e+03
7.304399919895405219e+03
1.360897703202103366e+04
8.620650570781210263e+03
3.814396569734884906e+03
4.729791345371726493e+03
3.343352206924171696e+03
3.938821502526126096e+03
7.225405206675166482e+03
6.405742865172986058e+03
8.028730340053016334e+03
5.707536559416366799e+03
6.516205091406736756e+03
3.340674103771178125e+03
4.180804384298355217e+03
7.373994915299437707e+03
5.454845730180983082e+03
4.169999257953531014e+03
1.361670113213477634e+04
4.886132014818815151e+03
8.491221810327686399e+03
4.153249678149193642e+03
6.087016169789967535e+03
5.572059800750051181e+03
2.906268272901076216e+03
4.595400633783838202e+03
4.715681231883825603e+03
1.132929124051980216e+04
4.943476075671993385e+03
4.214126320197930909e+03
5.437719102073722752e+03
3.193604508892726244e+03
3.894561454291175323e+03
4.120181974738857207e+03
7.749959367671692235e+03
3.321951900483540157e+03
9.230338128324825448e+03
3.912986096150155390e+03
7.146095121836003273e+03
6.580797173626649965e+03
3.910574192326443608e+03
3.125821841814093204e+03
6.099390091834981831e+03
8.116550745736250974e+03
5.013459242502070992e+03
5.388887743353777296e+03
3.949658811858831541e+03
5.663117243087271163e+03
3.581661075881775105e+03
3.619136033028697966e+03
5.385070364127182074e+03
4.369415082854327011e+03
4.599087370104019101e+03
4.768680552765885295e+03
4.946346723318398290e+03
9.465418434179842734e+03
3.024929932175374688e+03
1.082130658672243226e+04
1.130712223327878928e+04
7.718600719328270316e+03
5.885243416832843650e+03
5.846827954076002243e+03
6.467820058973657069e+03
7.117238246986399645e+03
4.893320860042143067e+03
4.089056984483498582e+03
3.285250399556608954e+03
4.071858640839754116e+03
6.741225819105908158e+03
3.383227969829820722e+03
1.005371995218378470e+04
1.051352183109960606e+04
4.125723232290693886e+03
3.824053092466971066e+03
7.083488790198880451e+03
3.020981941061050748e+03
2.895437935514294622e+03
3.540616263934085964e+03
1.395040790503247263e+04
5.617982056629971339e+03
6.524534908933480438e+03
4.819905842246839711e+03
3.921619543292963044e+03
3.781078303225491254e+03
2.912595941847463109e+03
7.244509005579808218e+03
3.694751040175051912e+03
2.169996826109795074e+04
5.311957024581437508e+03
7.064785151803568624e+03
6.150775305154785201e+03
4.348382770744994559e+03
4.668092833206218529e+03
4.301799848033928356e+03
7.612111505536448021e+03
8.541759215897531249e+03
4.729597339841406210e+03
4.983122688469999048e+03
1.940996410182310137e+04
4.475651281088134056e+03
5.465908137913067549e+03
3.054026852204561692e+03
3.229210477617503329e+03
9.405038356210388883e+03
4.593789621054783311e+03
5.786984125377546661e+03
6.699872602887147877e+03
4.974705899682824565e+03
2.964108711796509851e+03
4.501388494215741957e+03
8.372671433568888460e+03
7.102512491242126998e+03
6.955526423506665196e+03
4.777354159291120595e+03
2.807845718135329662e+03
1.089566792446403088e+04
4.243079204828240108e+03
4.459054036764604461e+03
4.427452164323181933e+03
5.090468146575833998e+03
3.472174828552597319e+03
6.076452499361713308e+03
6.350795291619386262e+03
8.569081364527255573e+03
3.659561033468183268e+03
5.079925276051366382e+03
7.333999898824780757e+03
7.366543505360725248e+03
4.382472131873773833e+03
5.751780660266168525e+03
3.825173398613055269e+03
4.163083738792975055e+03
3.817916837949354885e+03
4.264415024544156040e+03
9.068992695652421389e+03
7.918242017301522537e+03
4.604885326554318453e+03
6.523251937866065418e+03
3.995056691735057484e+03
3.993267727242211095e+03
7.337903577652682543e+03
4.133645293791318181e+03
6.874420606068144480e+03
7.323146964376848700e+03
4.636851624242296566e+03
5.478254983155688024e+03
5.988018986017767929e+03
3.227638760375929451e+03
4.492084798673768091e+03
3.506291667081030937e+03
5.522195432891512610e+03
1.043036154595563312e+04
4.361871625316074642e+03
5.315908890047159730e+03
5.811016606808039796e+03
4.504657165808785066e+03
3.984896908805616931e+03
1.041251662464956644e+04
1.508648872246466453e+04
9.665998551776927343e+03
3.951634591834303137e+03
5.590114146793022883e+03
4.131218398142756087e+03
9.095210686155423900e+03
5.571970893847930711e+03
3.340755143931227849e+03
7.433601541218780767e+03
1.412009710705912221e+04
4.456426295144464348e+03
4.961663998684790386e+03
8.914389818211466263e+03
5.207314511560009123e+03
4.883381501364890937e+03
7.463230598264098262e+03
4.747970950480226747e+03
4.502106123374611343e+03
4.902436723560998871e+03
5.764477298515677830e+03
5.811528481400064265e+03
4.648995959547666644e+03
3.824765895488122624e+03
3.110653707805654449e+03
5.069064669285668970e+03
9.601962516915686138e+03
4.406134541987498778e+03
7.758585681725772702e+03
6.685940511888018591e+03
7.522311820259748856e+03
3.720962175555126123e+03
6.626725913298872001e+03
3.486324943188861198e+03
3.291452392962079557e+03
3.921140026761926947e+03
5.972776758377687656e+03
