6.120344346053394474e+03
2.500000000000000000e+03
4.644216192100912849e+03
4.644242413948712056e+03
3.714016851988039889e+03
5.002382059723238854e+03
4.520292508312253631e+03
3.131538559658252780e+03
6.321336223993467684e+03
4.263140946473493386e+03
1.106385811457705131e+04
4.445928533276814051e+03
7.292287395422713416e+03
5.044785189417807487e+03
5.999129321988730226e+03
4.068295189797061539e+03
1.326672112392878262e+04
8.552988863467802730e+03
6.537739216482349548e+03
3.550762944617844369e+03
1.000054039931872103e+04
5.394444704176284176e+03
6.124881726142248226e+03
3.975311166407410383e+03
6.756953478526575054e+03
9.666386626058292677e+03
3.193416214992146251e+03
2.953216359896043286e+03
4.683436311510606174e+03
5.944893640464020791e+03
7.239307653074833070e+03
6.277429251646104603e+03
2.243378920034851035e+04
6.271599842865140999e+03
6.436156207751489092e+03
5.140279912080586655e+03
2.958277914714765302e+03
3.810662853215891118e+03
3.719607326080454186e+03
4.214865318552080680e+03
7.341240884176133477e+03
4.024216807787571270e+03
2.796680926454876044e+03
3.025954858184933528e+03
3.933058495969502474e+03
6.728165225544968052e+03
4.601102542676757366e+03
1.366166621896123615e+04
4.733613096918747033e+03
1.037909462437841648e+04
7.358359776124941163e+03
5.225404732838881500e+03
3.096415038211106548e+03
1.001257573198760838e+04
2.717195988227376802e+03
3.665456739932586061e+03
4.940749123193108971e+03
6.028209492979925017e+03
8.940439708331505244e+03
3.135351627864657530e+03
2.961923652638038220e+03
4.925358671449172107e+03
4.559255374568533625e+03
4.050028760076047547e+03
9.041310240721471928e+03
4.708190656436159770e+03
3.562556272802030435e+03
3.535118014039702302e+03
3.220435588265768274e+03
7.759748455872721024e+03
4.853684797240845000e+03
5.638464744235534454e+03
7.478653517036591438e+03
6.754046186357960323e+03
5.447483915569760939e+03
3.436511578581827962e+03
5.495550369242211673e+03
1.086458059444669379e+04
5.371962778059603806e+03
4.549010838232035894e+03
6.089128817311155217e+03
5.567388924916833275e+03
1.329943128637469636e+04
6.847993021093532661e+03
4.570404597722427752e+03
5.527482836906907323e+03
3.136557572431308472e+03
3.282114723337041141e+03
2.804076353143877895e+03
4.561945722561145885e+03
8.499283234319016628e+03
4.675278138690593551e+03
1.409741072274221551e+04
3.249428451643852441e+03
4.108798442434284880e+03
8.263808727164052470e+03
6.323470142288217176e+03
8.888576520685817741e+03
7.745072086707926246e+03
8.429694285233259507e+03
2.928867729530781617e+03
7.107164205535069414e+03
3.814794014020424129e+03
5.133213696421024906e+03
5.808166738660594092e+03
1.068746499784631851e+04
9.130014237826617318e+03
7.760290283066075062e+03
4.528931476798656149e+03
8.956400443076170632e+03
4.586415982909715240e+03
4.846380598253366770e+03
1.007932458517315172e+04
4.458827034472005835e+03
5.221871029558031296e+03
6.997084943411297900e+03
4.246570609497101032e+03
4.262049643593674773e+03
4.200305791278933611e+03
8.395931511234433856e+03
7.963229450091113904e+03
1.054692863435418258e+04
2.881235189945276488e+03
5.689956713927056626e+03
3.750619343456900424e+03
3.402994134879878857e+03
3.314871707563425844e+03
3.569342370501221012e+03
4.102982630172051358e+03
2.693362977776364005e+03
5.056881240254545446e+03
4.983123375234937157e+03
8.677336593567779346e+03
9.902437639609957841e+03
4.925057432563248767e+03
5.587336944565583508e+03
1.115494079579433310e+04
4.280438124822638201e+03
1.628332182671056216e+04
3.793067445825562118e+03
6.923757168358463787e+03
7.157318392743139157e+03
3.655669293802568973e+03
3.305115773219697985e+03
6.797045133062071727e+03
6.322882390710568870e+03
4.235244086508359032e+03
5.888546742846342568e+03
4.636395084555271751e+03
5.777509800270916458e+03
5.488043630786583890e+03
6.133035645348146318e+03
4.814612389926725882e+03
6.501491660202782441e+03
4.629082221179905900e+03
3.903483283491109887e+03
4.880318905458520931e+03
4.688132882198994594e+03
3.937035091128008389e+03
8.615930692789441309e+03
3.831521920947319813e+03
3.961757087258050888e+03
4.464902649962647047e+03
4.844958306816090953e+03
4.552711801719531650e+03
4.408933327080194431e+03
4.090603752791506849e+03
4.097278983540342779e+03
5.446606031332335078e+03
3.390697432371606283e+03
4.395335403481842150e+03
7.102612256332045035e+03
7.035848845487851577e+03
6.233540456332849317e+03
5.825030440988874943e+03
9.632968078387992136e+03
3.053393620786595420e+03
7.245712547041849575e+03
5.326527996949345834e+03
4.059811732828750792e+03
6.678406027467022795e+03
1.235154289217343103e+04
3.899435951853770348e+03
6.438530392884145840e+03
9.512494439089936350e+03
5.394789913451542816e+03
7.409638574066008005e+03
6.689045700828868576e+03
6.804033768971772588e+03
1.835474216301098568e+04
3.186091605843428169e+03
4.345609390652372895e+03
9.509158587776189961e+03
5.709818947224585827e+03
3.679242290299811430e+03
4.271422408175309101e+03
6.443988133174052564e+03
6.379430378336377544e+03
7.948211122721096217e+03
9.718131065314790249e+03
7.385835244114126908e+03
6.764293163054261640e+03
5.019208376342656265e+03
3.992657669658685336e+03
6.822558815396798309e+03
3.628264340902738240e+03
4.893879808068291823e+03
8.705684502436164621e+03
7.709212971731720245e+03
3.482560279811547844e+03
7.602939839700929042e+03
3.126248803007814331e+03
4.741709475353583002e+03
1.188102595957144149e+04
6.973915589520440335e+03
3.673316439161196286e+03
3.616177271784941240e+03
4.769978695637573765e+03
3.707414720977740217e+03
5.033961942702430861e+03
6.593704650338305328e+03
5.345227222748881104e+03
6.290733147388346879e+03
3.753878637293536940e+03
5.260918695270230273e+03
3.282369553041827658e+03
4.208219270565370607e+03
4.947007558148042335e+03
8.183327296438033954e+03
1.115302021108037661e+04
3.442479391215962551e+03
3.992594298719286598e+03
4.056470872925557160e+03
4.977992187874882802e+03
4.177313116551736130e+03
7.281102704123087278e+03
5.516081045171202277e+03
9.072741412622555799e+03
3.160770028659819673e+03
6.076613541714224993e+03
5.653704330132069117e+03
3.334287292699204500e+03
4.417195937082137789e+03
3.041673855676537187e+03
7.321763245851243482e+03
1.000425375279954096e+04
7.978862776259960810e+03
1.528667235188849554e+04
3.850911589880947759e+03
6.069083799788796568e+03
6.318458954514673678e+03
6.370359219444895643e+03
4.753932652741343190e+03
3.139823955676239621e+03
3.355973162138828229e+03
7.855755476873233420e+03
