1.582515783403875503e+04
2.500000000000000000e+03
7.002815522611600500e+03
7.002804591912200522e+03
6.769219017231549515e+03
3.842475775694219465e+03
6.375383350289577720e+03
3.561765515293367571e+03
5.328755592696873464e+03
7.101726998738173279e+03
6.635426386384224315e+03
9.004425023022940877e+03
4.730564957089212839e+03
7.525539164849506051e+03
4.374654832261813681e+03
5.985140435751774021e+03
5.904296300194154355e+03
1.267519302513953880e+04
3.187231915487058359e+03
3.482190625362703486e+03
8.856016399753079895e+03
5.032347178277679632e+03
4.321399786726383354e+03
4.467154827491051037e+03
6.539913133792853841e+03
3.281955562752656533e+03
4.314071772844476072e+03
3.781590064709206672e+03
3.254447514972169756e+03
1.397060949640974832e+04
2.908336215520488622e+03
5.155764643857198280e+03
3.926677107533179878e+03
4.118680710284754241e+03
3.382213394050654188e+03
3.819620801460755501e+03
9.252588687973187916e+03
7.718466831573779928e+03
4.396931091369899150e+03
4.995205707074022939e+03
1.129761067714937781e+04
5.298692624070370584e+03
5.199214173367146941e+03
4.963952131596086474e+03
6.288162738798062492e+03
5.622154813737844052e+03
3.236499641222873834e+03
3.322542495791833517e+03
7.562338112761269258e+03
6.027967507044247213e+03
6.637607529276291643e+03
7.620390075169036209e+03
4.976899529789379812e+03
6.148283085262715758e+03
6.833957297637640295e+03
5.574742361929457729e+03
4.940757037424265945e+03
5.095426734168904659e+03
7.264663694888115970e+03
7.619921253958167654e+03
3.224315719490632546e+03
9.453261510179931065e+03
3.160060138167493733e+03
7.410657405296843535e+03
4.436235385128070448e+03
3.551092680502493295e+03
7.999004245547509527e+03
8.500529811268446792e+03
3.139716587207917655e+03
5.853738251073024912e+03
3.407402570780287533e+03
9.195198923222294979e+03
9.258086487105807464e+03
7.826203301716359420e+03
8.110616838124331480e+03
5.478078203885263974e+03
4.113238925482512059e+03
3.410615787070742044e+03
7.754060497333015519e+03
5.933029557815738372e+03
4.100055201037435836e+03
5.715629997276439099e+03
5.477741762453865704e+03
4.893993013120273645e+03
4.191910386139039474e+03
6.375280881536829838e+03
7.391870628187267357e+03
6.260830765417626026e+03
6.261800009124066491e+03
4.036993628832930881e+03
1.260548483456057875e+04
3.680033390903603959e+03
4.208769442564669589e+03
3.275001337616859018e+03
3.971367265508593846e+03
4.962222060424457595e+03
4.824654729645271800e+03
3.917771632904429680e+03
5.306646258233285153e+03
7.402862268187286645e+03
4.532132915648636299e+03
4.789466719212765383e+03
3.358749304931268853e+03
7.638892310387553152e+03
3.692112987009358676e+03
4.258651516416548475e+03
6.485799405211364501e+03
4.257279184742352300e+03
8.448055054313146684e+03
5.055565481416590046e+03
5.401471979360892874e+03
6.582495745904936484e+03
1.085663125062148720e+04
3.869775778177816392e+03
6.402297661869006333e+03
7.264622529078734260e+03
4.932031767555634360e+03
3.065131537316844970e+03
4.957330618183696060e+03
1.127101279785826409e+04
3.689260713954016410e+03
8.298758698111223566e+03
1.556569154051491569e+04
5.152102146704991355e+03
6.033768397331286906e+03
4.181252796329589728e+03
4.984990038514461048e+03
6.037569698322086879e+03
1.011888450881030440e+04
7.160596129497898801e+03
5.378565250025423666e+03
3.700310913091664588e+03
3.336483102189623423e+03
6.486286432048671486e+03
4.242459776141477960e+03
3.027083969768797488e+03
6.597585905068411193e+03
3.902344536270045410e+03
5.051058797141775358e+03
2.844806409301139865e+03
1.214312658858294344e+04
6.287325007066117905e+03
4.702157178701502744e+03
4.145027077281282800e+03
3.484564557272332422e+03
5.348583888051382928e+03
4.312072794404388333e+03
5.051467469382316267e+03
3.848377435921761844e+03
1.226440775766766819e+04
6.114276956886076732e+03
6.529676247897393296e+03
9.588312310122750205e+03
4.215199568012480086e+03
5.917928941771873724e+03
3.018574545203622165e+03
6.564151566227198600e+03
5.932460219767133822e+03
7.681172352245164802e+03
9.946806292684541404e+03
6.751035672525656082e+03
3.930036650297033702e+03
3.550452465005231261e+03
7.507665523756429138e+03
3.435327865288612884e+03
1.011235358859445114e+04
5.965549752994233131e+03
6.424979218811724422e+03
8.232002434245290715e+03
4.164611295262443491e+03
8.482583083498680935e+03
4.400572677561402088e+03
1.092991364568723293e+04
4.415217017456475332e+03
1.166218828839113485e+04
6.590021116836524925e+03
5.938735927400346554e+03
8.033703109380132446e+03
4.183191021081837789e+03
4.717121821211675524e+03
7.542514503340218653e+03
9.567548776159632325e+03
3.004012927260970173e+03
2.967323797185080366e+03
9.293694370412618809e+03
5.542095393869748477e+03
4.986648819117965104e+03
3.040740558311939822e+03
3.183147643514598712e+03
4.795161519012336612e+03
3.284104974936775761e+03
5.719304759455113526e+03
6.513713933907331011e+03
5.556966838482141611e+03
7.169810291152682112e+03
3.142387849907960117e+03
4.620844183760858868e+03
5.791059461038267727e+03
4.790441225186255906e+03
1.036672787379871443e+04
3.039166391768052563e+03
1.035668298758481433e+04
3.971773366889938188e+03
8.134338934771862114e+03
4.098447293607571737e+03
5.206762442032091712e+03
4.447315710558606952e+03
3.660722281155417477e+03
3.355946555502881893e+03
3.019633120004691136e+03
1.451385384769972552e+04
3.705750671146873628e+03
5.287415387313396423e+03
1.142661463609918610e+04
6.396036489369536866e+03
8.107894258830283434e+03
5.537132478999260456e+03
3.326792808551792859e+03
6.065761740476286832e+03
4.299911894402454891e+03
5.656572623143690180e+03
4.042889976998527345e+03
8.173672475947224484e+03
1.023833274201146196e+04
5.902760727725133620e+03
3.939494823065298078e+03
9.613648406702995999e+03
5.434880707307545890e+03
3.685669259605262596e+03
4.556657160782942810e+03
5.483960120911640843e+03
1.199186525959156279e+04
3.623908083898601944e+03
4.080473408562866553e+03
4.179624961581908792e+03
1.210005215518312798e+04
7.051972465687773365e+03
7.645786370244042701e+03
5.541309794558641443e+03
7.713956285816399941e+03
7.423862969759877160e+03
4.278689974725901266e+03
1.001643450473844132e+04
4.765803142714898968e+03
4.917902076373426098e+03
3.593774367484812501e+03
3.413283855608580325e+03
8.708531417510279425e+03
3.425442785751779866e+03
4.792904450171451572e+03
3.022736923854163706e+03
4.745881392396599949e+03
3.798143281997439772e+03
5.094953343052506170e+03
4.934723666393619169e+03
7.662988376464534667e+03
