1.090810145896374524e+04
2.500000000000000000e+03
3.352209834419582421e+03
3.352246467379644855e+03
5.018228763290008828e+03
4.291230053204608339e+03
5.433679078241473690e+03
7.547618908244236081e+03
4.659033843734006041e+03
5.453706563451798502e+03
6.230723438341586188e+03
3.552746809849115834e+03
9.272626502590126620e+03
4.492656659659873185e+03
3.132031040298104017e+03
4.371090608149839682e+03
8.993501339602629741e+03
1.193556087729907449e+04
9.603609429172887758e+03
6.393510935806017187e+03
1.001067609663324583e+04
3.776391469542319101e+03
3.172251933333449415e+03
6.144440531674902559e+03
5.722880117033399074e+03
5.567761377922550309e+03
4.544180789157757317e+03
4.047933081408710677e+03
4.315502459242507939e+03
1.144130472823122182e+04
6.819020087689889806e+03
3.781648428192678693e+03
1.245588774131748323e+04
4.709268983835861036e+03
9.818858724470930611e+03
5.262701668577615237e+03
8.938865828113503085e+03
8.475956040617258623e+03
3.384855779081063247e+03
5.070422042057845829e+03
5.276201498003480992e+03
3.970597482154460067e+03
6.500388246981843622e+03
3.598910233235834767e+03
4.102264483245940028e+03
6.215045370284496130e+03
4.673893524524836721e+03
6.930361292423724990e+03
3.586327238481827408e+03
3.299105122029731319e+03
3.420136120856349407e+03
4.731002728789984758e+03
4.076452979117028462e+03
6.941215940214433431e+03
6.611158168561781167e+03
1.203314711131707554e+04
5.006124920423275398e+03
5.660342090237463708e+03
4.952823799686429993e+03
3.659866252747800445e+03
4.598188167234983666e+03
1.657117984139735927e+04
3.169620988304674484e+03
6.187523059397068209e+03
4.009501001530981739e+03
7.248854244158201254e+03
8.517033124860152384e+03
5.038125181500151484e+03
4.755890948031153130e+03
5.289807165464083482e+03
4.259123761827124326e+03
1.210088567999666338e+04
6.512760761765999632e+03
4.146736255433682345e+03
1.216250898009684170e+04
6.979865393970148943e+03
3.143595812819815364e+03
5.350195696129540920e+03
1.313782070507091339e+04
4.873396096466185554e+03
3.581183432259166239e+03
4.105523484424869821e+03
4.163580335775108324e+03
4.045950187463996372e+03
4.590285419542419731e+03
3.508667899804858280e+03
4.308068111957602014e+03
2.722510790936301419e+03
4.745989475039133140e+03
5.003902936095590121e+03
8.351362338140006614e+03
2.899169072007553950e+03
7.051592319119436070e+03
3.722659757474515573e+03
5.787507212296987746e+03
1.294915273945244007e+04
4.848911875748042803e+03
3.872408913670293259e+03
4.503380379885877119e+03
6.024636174631120412e+03
5.835161410304122910e+03
4.389005074233364212e+03
3.287453330577179258e+03
4.161699806665689721e+03
4.480834579843786742e+03
3.997057703402588686e+03
7.672322195239505163e+03
3.826398341873024037e+03
5.585138295555416335e+03
9.599297324040764579e+03
6.287248689223160909e+03
1.585003577425938965e+04
3.224945937477119514e+03
4.318980536399215453e+03
6.129093988926435486e+03
6.682771590196207399e+03
2.867468183061395848e+03
4.191828639616369401e+03
4.457708880926591519e+03
1.256240705568097292e+04
3.789054308387275796e+03
5.527560654147840069e+03
8.604832444677460444e+03
9.006463116459997764e+03
5.534221192037735818e+03
5.372291638690598120e+03
6.506224662120685934e+03
5.661094671521794226e+03
5.753347623077202115e+03
5.980742741363832465e+03
5.849150655191871920e+03
3.603370475132383490e+03
5.699550406481323080e+03
5.186652498284614012e+03
4.294965799766857344e+03
5.762272736282662663e+03
9.424534449886778020e+03
8.377173717305715400e+03
9.033635908956366620e+03
3.718703484135603503e+03
1.020926283474497359e+04
4.448752280725257151e+03
4.960552056156835533e+03
5.794427396193881577e+03
4.361303784089579494e+03
5.861880107694156322e+03
7.318887715117869448e+03
5.500439999586546037e+03
6.563604257425319702e+03
4.793817248506438773e+03
7.190489334392605087e+03
3.036006810121567469e+03
8.867970192496013624e+03
3.673032204771111992e+03
5.013806788926577610e+03
3.043648973780816959e+03
4.974923335151650463e+03
6.468714129606869392e+03
4.364232031012177686e+03
9.599424992227082839e+03
8.481420379566396150e+03
3.794747555073803596e+03
3.158030638321741662e+03
4.687411209708277966e+03
3.294580039293346090e+03
8.360976134082384306e+03
3.351766736683624003e+03
4.064682531357854259e+03
4.387131090579801821e+03
4.576927429615034271e+03
6.463632952144324918e+03
3.349283227834688205e+03
3.674806780415167850e+03
6.567227216308504467e+03
4.940428830887817639e+03
6.192914938424830325e+03
3.748118331996177403e+03
8.930779936061193439e+03
7.115335279001796152e+03
4.959637885829588413e+03
6.874054073038582828e+03
9.054792956141693139e+03
4.037863241505268434e+03
7.280729657077636148e+03
1.578924466522538933e+04
1.009917806603546887e+04
5.471241541630392931e+03
8.607284661448275074e+03
3.798435839783574920e+03
7.875526485946260436e+03
4.290548356710140979e+03
4.104979861861802419e+03
3.633027123574344841e+03
3.908177854959544675e+03
4.729156225018212353e+03
6.243692138069199245e+03
1.154587888195893174e+04
4.667884575562840837e+03
8.401453315350936464e+03
8.491305232598553630e+03
4.566443610600550528e+03
4.956829638354785857e+03
5.994067219957601992e+03
5.768494534439081690e+03
5.228976140111283712e+03
3.538181014436025634e+03
3.286300514185919383e+03
2.965338562288429785e+03
1.006328300155225224e+04
2.827126029300422488e+03
1.281492318212425562e+04
4.089931103322652234e+03
4.028455107203621992e+03
7.249776001826106040e+03
5.207518691438393034e+03
6.650439644608668459e+03
5.512928042109959279e+03
3.155079503450570883e+03
6.024363808336517650e+03
1.152451944127136812e+04
5.155074406782811820e+03
3.211108035592219949e+03
4.882781819674393773e+03
8.063537576536561573e+03
5.899558949010777724e+03
1.196819034846033537e+04
1.212313684951937830e+04
7.776613524867098931e+03
3.988267125749793195e+03
4.710220830123054839e+03
4.641669325665751785e+03
7.296849001180497908e+03
3.906657835426552083e+03
3.777327413781390078e+03
4.439822663383843064e+03
1.958900603044055606e+04
2.820241955618110296e+03
4.073634284376397318e+03
7.671772969284041210e+03
5.790424463871767330e+03
6.258389485194373265e+03
3.648542391705324007e+03
7.190484882713275510e+03
4.888601611975318519e+03
4.410862547112657921e+03
5.662658005639535986e+03
5.689345300716189740e+03
9.357212806062552772e+03
4.293066518263085527e+03
3.705754433877304109e+03
9.294444940712313837e+03
2.788772640490766207e+03
4.028228771522565694e+03
3.584907617491925521e+03
3.977255366553176827e+03
5.558499014829876614e+03
