6.176783254309420954e+03
2.500000000000000000e+03
1.051614668673924825e+04
1.051612204313548500e+04
3.820364077671150426e+03
5.944655097997974735e+03
8.920486765685593127e+03
5.354801248398212920e+03
4.177007065774852890e+03
5.942217287620927891e+03
4.455451286858444291e+03
4.530615211201909915e+03
6.012744560349967287e+03
3.019860610626293692e+03
3.798383629211158222e+03
6.393527842806167428e+03
8.932904500975366318e+03
5.716608447880982567e+03
5.256014477202919807e+03
6.507971625828083234e+03
6.827689307888401345e+03
4.454673150059418731e+03
9.925962192014419998e+03
4.059345175739316801e+03
5.306164733301219712e+03
9.549612723123758769e+03
4.197332246774713894e+03
3.962716406681263379e+03
5.066830634426162760e+03
5.615353476255724672e+03
3.612238559631250610e+03
5.943393607469100971e+03
1.483822276662954209e+04
4.753760441427995829e+03
4.299701213259771066e+03
3.118622296261477459e+03
3.835763711465471715e+03
4.176444891852157525e+03
5.870927532116195835e+03
1.572046174393602632e+04
6.827481378748423595e+03
5.425026379416221971e+03
6.757082743007230420e+03
5.601166148333062665e+03
3.964549396649833398e+03
6.549781172578716905e+03
4.260813653718360001e+03
3.148393097678284903e+03
5.162730437007884575e+03
6.049267555632184667e+03
6.796932662231053655e+03
6.849998628974528401e+03
3.922156446343669813e+03
3.362877306284544829e+03
1.176865329571418442e+04
5.538105742101960459e+03
4.428372943690676038e+03
5.818369823756355800e+03
4.108798067245359562e+03
7.496747261195956526e+03
3.345579803468124283e+03
4.308013108811306665e+03
7.454094042256789180e+03
3.985086439796727973e+03
8.735349208803301735e+03
3.266460222602899194e+03
3.743481457277670870e+03
6.687512743482082442e+03
5.901550979607976842e+03
5.243606702142715221e+03
3.451767371109458509e+03
7.372055278281906794e+03
5.496257400274251268e+03
5.300780611780845902e+03
7.801914276329876884e+03
4.948484614288031480e+03
5.842672906781130223e+03
7.678474420271975760e+03
6.879831697681551304e+03
5.810719945422002638e+03
6.625923322843230380e+03
6.124468998948074841e+03
4.904213187744637253e+03
3.493269668168954013e+03
4.192949711880908580e+03
6.545324292836756285e+03
3.525256951440391276e+03
3.512200683370733714e+03
5.832498970130761336e+03
6.268932402685934903e+03
2.164900994069760782e+04
5.775690157737588379e+03
8.265535111846578729e+03
3.119955077854775482e+03
3.312206621708215152e+03
4.469866573494336080e+03
6.926253294469877801e+03
1.308868559913198078e+04
6.490182333467169883e+03
4.276967239697949481e+03
5.944028252118546334e+03
6.873624889181277467e+03
3.614514198816610588e+03
4.342549359843357706e+03
6.798386170086287166e+03
9.392891055127653090e+03
7.455738011647846179e+03
5.769388852678193871e+03
4.798429725830672396e+03
4.141214742289086644e+03
3.361630760784428276e+03
9.178951616700092927e+03
4.594865065493328075e+03
3.034014101906015640e+03
3.105037963810626934e+03
5.110740926563456014e+03
4.438272379888191608e+03
4.404272978200411671e+03
4.056543923944615017e+03
8.128354368651245750e+03
5.941948699904996829e+03
8.628048117489035576e+03
4.105533712840986482e+03
3.822192560033508471e+03
6.526080141071477556e+03
2.779623581513480985e+03
1.348743831928450527e+04
5.926550356459342765e+03
3.132217977251549200e+03
4.974453261465483592e+03
5.497296708090512766e+03
5.159644318852795550e+03
4.258179416307100837e+03
1.009727784181970310e+04
4.758457155804373542e+03
3.301578042659798484e+03
6.934856126990650409e+03
6.055983578276177468e+03
3.392415449876873936e+03
3.692576727913687591e+03
9.621653363696928864e+03
6.117131035638703906e+03
8.389006404074390957e+03
7.243167392967866363e+03
4.124342192022592826e+03
3.352184257441133468e+03
4.322603225269755058e+03
6.660801089452705128e+03
4.694798555230157945e+03
3.928512353024224012e+03
3.510529943654779345e+03
4.217109205038819709e+03
9.507908967070412473e+03
3.897184890747664213e+03
1.043205880554900432e+04
7.866669877859956614e+03
4.425925030042741128e+03
3.438629485960032980e+03
8.784525180935987009e+03
1.257193858077286495e+04
3.948754828330204873e+03
3.828942534243324189e+03
7.605509627820149944e+03
8.519408110770578787e+03
2.762400961917236145e+03
5.102369626479011458e+03
7.341705497679758082e+03
3.703439382009949895e+03
3.334957700149255288e+03
4.982714435178859276e+03
1.176190186591361271e+04
6.273897759397670598e+03
3.535664001244577776e+03
5.666510248949683955e+03
6.386902428007590061e+03
5.950283670121087198e+03
3.115852922879995276e+03
5.886120854840213724e+03
3.616480059808041915e+03
6.068058127235009124e+03
7.230227246527632815e+03
7.520878158063583214e+03
2.963187100460534111e+03
5.440949168280409140e+03
6.036788987738093056e+03
4.198205890469651422e+03
1.045255819484651875e+04
4.302026606075337440e+03
8.995892479333619121e+03
1.411269831641563360e+04
4.281482883543700154e+03
4.657310383769077816e+03
1.140046618923504138e+04
4.751742778530800024e+03
3.284833641175640878e+03
6.634019991735250187e+03
4.607099910402095702e+03
5.641409364548500889e+03
6.994240604119502677e+03
1.441003043921377321e+04
3.991278212156523296e+03
5.647807764937870161e+03
3.081336996319737864e+03
2.717257654297035970e+03
8.358012932831970829e+03
6.176101312695509478e+03
5.014554713674293453e+03
4.552663877347462403e+03
9.614173230584669000e+03
3.657065088997258954e+03
9.434569493095612415e+03
3.418415905692713295e+03
2.916505256133656985e+03
1.135204630855171672e+04
7.295423288900238731e+03
7.269702076458997908e+03
3.289246013251703516e+03
5.771727622518863427e+03
4.682622831447537465e+03
5.507655440092359640e+03
4.399905613917822848e+03
4.405738790978684847e+03
6.582400109889113082e+03
3.537249315230220418e+03
4.570109196232131580e+03
4.115012481574600315e+03
8.123000010416723853e+03
9.050736852895197444e+03
5.745967434343011519e+03
1.185887578731180656e+04
3.897616101584590979e+03
5.446007875366837652e+03
3.888234214210704522e+03
4.676389990338535426e+03
2.778374697884631132e+03
8.849218573896712769e+03
4.178506341106165564e+03
6.295329412330020205e+03
2.969210600136735593e+03
5.309679386396565860e+03
5.687535991284185911e+03
4.539491852270964955e+03
1.265640641138323008e+04
4.156957210478786692e+03
5.918834668335506649e+03
6.144759924122236043e+03
3.464132175672420090e+03
8.899004020763775770e+03
3.440029263000932588e+03
5.555233341340246625e+03
3.658305687730793125e+03
5.888752411137811578e+03
8.662272520145990711e+03
5.773331307189863765e+03
4.208709340435789272e+03
1.097407004472930203e+04
