6.492400187930456013e+03
2.500000000000000000e+03
3.713986258169013581e+03
3.714004806207847651e+03
3.914474367470044854e+03
4.323106052048702622e+03
4.242281549425886624e+03
4.895712982556198767e+03
8.927924800291617430e+03
7.787375974174692601e+03
4.228893629414496900e+03
3.680646792153118895e+03
1.272609086223517625e+04
5.860634361670705403e+03
8.633288883312983671e+03
7.506153640028359405e+03
4.870943748495536965e+03
1.060504913808709352e+04
6.744282218027326962e+03
2.839930461768820351e+03
4.178320405907985332e+03
4.940044753418744222e+03
9.752999081465615745e+03
4.561379255226297573e+03
5.557664690792464171e+03
7.747422646216675275e+03
3.261200197025377747e+03
4.035812218969179412e+03
5.247922350912720503e+03
7.738531521084923952e+03
5.683542907826147712e+03
8.272727568850335956e+03
1.061431901476759413e+04
3.633650438556783683e+03
6.421545940002113639e+03
5.459816361366962155e+03
8.240692491093395802e+03
8.198701563549167986e+03
4.181266321256469382e+03
8.180218824669710557e+03
7.984218527678448481e+03
3.801301185837822231e+03
5.317976978115801103e+03
4.723050352847660179e+03
6.047074373580793690e+03
4.134827356627807603e+03
3.426650853823589387e+03
4.522784926567790535e+03
4.959616788723948957e+03
7.782253035304633158e+03
6.414197330266836616e+03
1.113568008918801206e+04
3.650862896146254570e+03
1.370235789031324384e+04
3.511717342303753867e+03
6.103142029463229846e+03
3.928364024591675388e+03
4.947216185452703940e+03
4.349725954099766568e+03
4.942474287823781196e+03
4.286099245010806044e+03
3.750885863094664273e+03
5.095254049664074046e+03
4.532064853306730583e+03
3.407590410481609979e+03
3.261271159249725315e+03
3.302905919543660730e+03
3.037519019209837552e+03
4.993112702023990096e+03
1.011091694119395106e+04
7.392360656594946704e+03
9.943386694700422595e+03
7.412599883308201242e+03
4.799802500332299132e+03
5.000036138124129138e+03
5.847662098467539181e+03
5.135795084288723956e+03
5.165305215795831828e+03
7.958782788750880172e+03
7.372081593515786153e+03
8.137438463655506894e+03
7.126776368247347818e+03
4.834605816720717485e+03
3.894908223120985895e+03
7.567224491294638938e+03
1.020184836810107663e+04
7.987453886354040151e+03
6.918902158706938280e+03
3.693416858129497996e+03
5.994202260791193112e+03
7.596793432653601485e+03
4.057909755226219659e+03
6.285971050047541212e+03
3.403757395350456136e+03
4.091225968966006803e+03
5.391465755460939363e+03
3.428180294931805292e+03
5.651649629192373141e+03
2.943171173893382729e+03
5.834651592542273647e+03
4.817792006131168819e+03
5.074325443298688697e+03
4.128874077668001519e+03
1.060676694094839331e+04
5.081172220654225384e+03
5.649032692189729460e+03
9.974709220748389271e+03
1.032505879373412790e+04
7.331649562345961385e+03
5.462769652337638036e+03
4.219449479990390500e+03
5.940103274484979011e+03
1.020983463029696577e+04
2.873624249008442348e+03
6.204509097399694838e+03
4.140565117740387905e+03
5.908398548797292278e+03
6.869041303653983050e+03
3.696643259257119553e+03
5.791389033250980901e+03
6.115997513140029696e+03
8.172790442586856443e+03
4.095750365322900961e+03
5.601049220568759665e+03
1.027233827466062394e+04
5.999085917973898177e+03
5.401203755981365248e+03
4.931325514757378187e+03
1.446988003678671157e+04
4.152613672940618926e+03
1.315957287840625395e+04
3.827145736368224789e+03
6.371640507141017224e+03
3.130752662796493951e+03
4.765853191635674193e+03
2.875781961295964720e+03
6.362621606583294124e+03
4.515778353852426335e+03
7.333011387664061658e+03
3.003126151154603122e+03
1.076583896233529049e+04
5.871676759840874183e+03
3.077936581549300172e+03
3.174216636921104509e+03
7.717240839196228990e+03
4.819122699187707440e+03
5.803523582695948789e+03
1.091383502505219440e+04
3.845695833865153418e+03
1.081102652898230735e+04
4.788226251771960960e+03
5.630803681096471337e+03
4.171827829064666730e+03
4.553480811663007444e+03
6.395948338686346688e+03
6.379412641418088242e+03
7.871844432079228682e+03
5.862892078638286876e+03
3.362110198162171855e+03
4.665312303485100529e+03
5.437503619988692662e+03
3.301725621783927636e+03
4.636935557693681403e+03
3.678402179053792224e+03
4.349764428382039114e+03
2.833534359903128916e+03
3.287057973866755674e+03
3.944126934002124017e+03
8.844606014708886505e+03
7.234717449928054521e+03
9.205967226759334153e+03
3.476874673653841455e+03
1.191679403841347448e+04
5.700541470066056718e+03
1.032473438101161446e+04
4.731931462430064130e+03
5.700770798137482416e+03
4.409743506601672379e+03
5.131634451102160710e+03
5.655821212482356714e+03
3.884513391213197337e+03
4.979411751587506842e+03
5.301193367632675290e+03
8.983843204541684827e+03
6.650741150974314223e+03
7.517051592893914858e+03
4.381759251378720364e+03
5.822647262855060944e+03
4.196616777216220726e+03
1.176707561773503403e+04
4.380413869002211868e+03
6.975421759660915995e+03
9.742434777889966426e+03
4.724244466159893818e+03
9.166405213113888749e+03
6.198696167115979733e+03
3.662599898683823994e+03
3.966032303513161423e+03
4.563095580004841395e+03
3.881628945652959374e+03
5.420384469624241319e+03
1.166953299028753645e+04
7.890270267019540370e+03
7.070774854623621650e+03
4.355214674346249922e+03
6.258231587315396609e+03
4.522202647291454014e+03
5.883319479565748225e+03
6.770753868490421155e+03
3.973103975421718133e+03
4.777968779306770557e+03
3.943549172168567566e+03
4.455409957647852934e+03
1.265539548853119049e+04
4.842945044185259576e+03
4.279353204135612032e+03
9.420516755458014813e+03
6.956157920874388765e+03
6.593910654441104271e+03
7.532726703469203130e+03
3.980296700780721039e+03
4.901131172237012834e+03
5.968293517272370082e+03
3.240170605740306655e+03
8.062575467634194865e+03
4.813153132981737144e+03
5.565405499859238262e+03
3.990354255155228202e+03
7.609846472042426285e+03
4.207588169131549876e+03
3.512911393955886524e+03
6.493951397770289077e+03
5.396264535601098942e+03
4.476217797277731734e+03
4.746629011370781882e+03
6.601346028770687553e+03
3.287052967675211221e+03
5.358306436929120537e+03
7.038704096771620243e+03
9.149142263370709770e+03
1.152432833085776838e+04
7.016475887421313018e+03
6.785825585165911434e+03
4.331868071086279997e+03
8.036358338046857170e+03
7.823474789522309038e+03
5.074190009004207241e+03
8.732211531942224610e+03
3.294592368231346882e+03
5.742928626546210580e+03
4.324765400560399939e+03
6.532371217914614135e+03
3.037718459402790359e+03
3.395547149852034181e+03
3.753727286929586171e+03
4.839066297231020144e+03
