9.384780863017591400e+03
2.176376408240310866e+03
5.675330811015537620e+03
5.812492970845218224e+03
6.205585127864167589e+03
6.095413708043715815e+03
5.859609907716051566e+03
5.969805866569074169e+03
5.609017944935492778e+03
5.501018339351196119e+03
5.825920045218351333e+03
5.472130310469791766e+03
6.289897848098657050e+03
4.912365666486372902e+03
5.410344128830084628e+03
5.088227994464742551e+03
5.732053919962541841e+03
5.779010263643170219e+03
5.878497652422817737e+03
5.516519057159388467e+03
5.083028785680186957e+03
6.120590360047595823e+03
6.319107372193895571e+03
4.884416628529313130e+03
4.979418646027627801e+03
6.224418822737342452e+03
6.003369421404810964e+03
5.695276455008547600e+03
4.960805184070776704e+03
6.382492536556349478e+03
5.728122725115210415e+03
5.723700616364978487e+03
5.372449842474990874e+03
6.010637267071844690e+03
6.368529332134552533e+03
5.448038964007530012e+03
6.033110676021214204e+03
5.604997650199677992e+03
5.276996113178379346e+03
6.037264785217855206e+03
6.372034111842956008e+03
5.025159746148568047e+03
6.095460885718967802e+03
4.607108440085138682e+03
5.988698933810640483e+03
5.264152938018359237e+03
6.248610638080604076e+03
5.143100947191306659e+03
5.963372519789201760e+03
5.714725854619824531e+03
4.984995954758924199e+03
5.692314102571224794e+03
5.120061005143118564e+03
6.662048530951281464e+03
5.519754200303398648e+03
5.790660413248676377e+03
5.804753991686960944e+03
5.392660055340421422e+03
5.886531694863616394e+03
5.627752170316740376e+03
4.462690329508766808e+03
6.384405644786595076e+03
6.660226819264691585e+03
4.649222893181785366e+03
5.494538737585732633e+03
5.452011176516388332e+03
4.351332761586979359e+03
7.146710553149349835e+03
5.639862545142802446e+03
5.411350835988109793e+03
6.236982118380690736e+03
5.040314547798099738e+03
5.335726934103867279e+03
5.869321426339403843e+03
5.905134751776641679e+03
6.177625188075096048e+03
5.371197313471128837e+03
5.201146139349441910e+03
6.124313413190244319e+03
5.448059435953700813e+03
4.887189861180222579e+03
6.417731948249367633e+03
6.154785786685950370e+03
5.790679028346637097e+03
4.517867693470364429e+03
6.345148554039372357e+03
6.312743265699259609e+03
4.846211428117331707e+03
5.339791713944703588e+03
5.291924096022999947e+03
6.750754536248446129e+03
4.861138791757667605e+03
5.762429718367297937e+03
4.860694081039216144e+03
6.475834587820569141e+03
5.279057177378649612e+03
5.103037167236338973e+03
6.451275443650237321e+03
4.834990030439039401e+03
6.413425622876486159e+03
6.302081871609128939e+03
5.296485086963249159e+03
5.686800438353157006e+03
5.660150253619961404e+03
5.980911792506070924e+03
5.547242449437696450e+03
5.436014976412830038e+03
5.125629334347572694e+03
6.727705726219885946e+03
4.700230934531154162e+03
5.170637380655068227e+03
6.027437151447393262e+03
5.492119396106241766e+03
6.170354039006312632e+03
5.250935601032134400e+03
5.863313227084483515e+03
6.039847233661505015e+03
5.487812789991197860e+03
5.287687452988756377e+03
5.449942028439201749e+03
4.913852054816469717e+03
6.623443455001823168e+03
5.853095550363418624e+03
6.051804320957786331e+03
5.870243252577545718e+03
4.970479761009314643e+03
4.601714582637101557e+03
6.558101779099021769e+03
6.110181104455306922e+03
4.885434863659611437e+03
6.431328099458148245e+03
4.841802971944124693e+03
5.736406468076902456e+03
5.663188494914035800e+03
5.481490901397868583e+03
5.836539402168863489e+03
5.637506093884260736e+03
5.550106232050119615e+03
6.236658052639959351e+03
5.262734928160268282e+03
5.980958830969698283e+03
5.207203857511456590e+03
5.231812242220363260e+03
6.377109307593344965e+03
5.779625971265551925e+03
5.123697519650703725e+03
6.035241957019447909e+03
5.568045750927391964e+03
4.963009632381049414e+03
6.189914889108994430e+03
5.596433306954717409e+03
5.596877765778276625e+03
5.513655127440237266e+03
5.773425486314194131e+03
4.863943970243812146e+03
5.766720263515745501e+03
5.405332165149097818e+03
6.578101500992251204e+03
6.054155608508935074e+03
5.582721936995048054e+03
6.446035751489544054e+03
4.802696169032621583e+03
5.213342754526514909e+03
4.759262733938419842e+03
6.582928854245419643e+03
5.258383735985860767e+03
5.764566817790045206e+03
5.814650911185645782e+03
6.155045154637778978e+03
5.094430244705558835e+03
5.136536563183795806e+03
5.159882927444930829e+03
5.940843036659569407e+03
5.738560510457469718e+03
5.434746077252295436e+03
6.567450303598385290e+03
6.370368090864668375e+03
5.364461648910306394e+03
5.135131838830461675e+03
5.802612182733093505e+03
4.950019987833084997e+03
6.063801299307328918e+03
5.530904153739196772e+03
5.922908239005042560e+03
6.193156753035244947e+03
5.627799945928150009e+03
4.888609072992612710e+03
6.635164279522005017e+03
5.271671272520898128e+03
5.714711847835633307e+03
5.500881274640739321e+03
5.793013664647931364e+03
6.237362624799074183e+03
5.314733019255609179e+03
5.407199046110488780e+03
6.142767961655770705e+03
5.907366994203805007e+03
5.009612004722497659e+03
6.052373539827610330e+03
5.293284849652029152e+03
5.076341667410208174e+03
5.855113445286197930e+03
4.839162784019740684e+03
6.421199915911399330e+03
5.799244747253776040e+03
5.455990112558263718e+03
5.699573641418938678e+03
5.587269548596776986e+03
5.605049645450930257e+03
5.263596682854251412e+03
6.360916885770597219e+03
5.210236830081333210e+03
5.607816635319873058e+03
5.681564978975200574e+03
6.136079813659314823e+03
5.437781781139751729e+03
5.819951043469681281e+03
5.746008289170574244e+03
5.436673851699077204e+03
5.356774147940484909e+03
5.719695783952076454e+03
5.522771957455092888e+03
5.076229028046586791e+03
6.236635251784693537e+03
6.239143469162079782e+03
5.331905460616372693e+03
6.036590185825303706e+03
5.590549244913675466e+03
6.442412992448038494e+03
5.183246026774820166e+03
5.405624686521788135e+03
5.463022433544667365e+03
5.199011896911079930e+03
6.290502057673311356e+03
5.769402757575961914e+03
5.411740393691564350e+03
5.359343817813214628e+03
5.652713502233862528e+03
5.403183612179834199e+03
5.985229358217387926e+03
5.948247841215504195e+03
5.053878169503668687e+03
5.841375007713357263e+03
5.403965302505641375e+03
5.860161470138191362e+03
5.607361772685382675e+03
6.355226050549791580e+03
5.299287060703040879e+03
5.355196082820672018e+03
5.900932853841030010e+03
6.162953217854801551e+03
5.237007164919642491e+03
6.264437762935420324e+03
4.946938688384962006e+03
4.593620676304337394e+03
6.615745787121283684e+03
