2.042481566677662613e+03
4.736614270344995248e+02
1.235165608605356510e+03
1.265017257481016713e+03
1.350568907161050674e+03
1.326591459265093590e+03
1.275271676464439906e+03
1.299254464977553653e+03
1.220733432875415474e+03
1.197228653506123464e+03
1.267939494270754267e+03
1.190941531052318169e+03
1.368918528684341481e+03
1.069115674519063077e+03
1.177494532244726997e+03
1.107389936690097556e+03
1.247510692216786993e+03
1.257730160077161372e+03
1.279382360662907104e+03
1.200602193160977322e+03
1.106258393156075272e+03
1.332070846411065531e+03
1.375275620598021760e+03
1.063032911834787456e+03
1.083708926796643937e+03
1.354667828081247990e+03
1.306559157869671253e+03
1.239506531508711078e+03
1.079657936848786903e+03
1.389070618233109826e+03
1.246655116244594183e+03
1.245692698928726259e+03
1.169247309161694375e+03
1.308140914654517928e+03
1.386031699364406222e+03
1.185698347243996977e+03
1.313031974359532342e+03
1.219858465413695740e+03
1.148472984709723960e+03
1.313936064884814414e+03
1.386794471351751099e+03
1.093663911915661174e+03
1.326601726903034887e+03
1.002680211920611555e+03
1.303366307559937923e+03
1.145677826367207444e+03
1.359932877699806113e+03
1.119332356666555597e+03
1.297854326561779317e+03
1.243739452955553361e+03
1.084922759111070491e+03
1.238861812112962980e+03
1.114317998034465518e+03
1.449912525331438928e+03
1.201306282082567805e+03
1.260265671152550794e+03
1.263332964314627361e+03
1.173645812210278109e+03
1.281130870706002497e+03
1.224810705490056080e+03
9.712493950425058529e+02
1.389486982594981328e+03
1.449516052297707574e+03
1.011845902137159896e+03
1.195818448264408744e+03
1.186562850203276639e+03
9.470137966721060820e+02
1.555393224439630558e+03
1.227446378896695023e+03
1.177713629615600439e+03
1.357402074106041255e+03
1.096962167193821188e+03
1.161255022019606031e+03
1.277385268466444813e+03
1.285179596124668478e+03
1.344483771827774945e+03
1.168974711704230003e+03
1.131965175349029550e+03
1.332881122913694071e+03
1.185702802710064816e+03
1.063636471646387463e+03
1.396740040658004773e+03
1.339513058391608183e+03
1.260269722498554529e+03
9.832580663619968391e+02
1.380943161979140996e+03
1.373890551474576341e+03
1.054718022149914532e+03
1.162139671114634666e+03
1.151721875678289052e+03
1.469218291051237657e+03
1.057966778356319537e+03
1.254121609319744266e+03
1.057869992564706536e+03
1.409385362059930230e+03
1.148921549859857578e+03
1.110612970114663085e+03
1.404040367862041876e+03
1.052275823632462789e+03
1.395802822163230303e+03
1.371570230816904996e+03
1.152714518986344501e+03
1.237661831240246784e+03
1.231861747907389372e+03
1.301671532497648059e+03
1.207288759774539585e+03
1.183081474950589154e+03
1.115529876065854296e+03
1.464202002412820548e+03
1.022947171919491211e+03
1.125325321082316577e+03
1.311797201856128595e+03
1.195291908492464700e+03
1.342901296098365265e+03
1.142801236327549304e+03
1.276077658155003292e+03
1.314498102871640413e+03
1.194354628897628118e+03
1.150799822683302637e+03
1.186112525697242290e+03
1.069439168568573905e+03
1.441510607677966163e+03
1.273853907098728087e+03
1.317100415141929943e+03
1.277585892554163820e+03
1.081763488949660996e+03
1.001506305510679567e+03
1.427289799486991797e+03
1.329805400581225513e+03
1.063254518126349694e+03
1.399699074931370660e+03
1.053758576148701422e+03
1.248457970519969422e+03
1.232522983574885984e+03
1.192978747978623687e+03
1.270250666064531970e+03
1.226933526404069198e+03
1.207912026666140264e+03
1.357331545202756388e+03
1.145369214047027299e+03
1.301681769837899765e+03
1.133283562838587386e+03
1.138639273631124070e+03
1.387899024981585853e+03
1.257864161231533899e+03
1.115109440472718688e+03
1.313495821327920794e+03
1.211816341232108016e+03
1.080137707778353160e+03
1.347158473367225497e+03
1.217994541954655006e+03
1.218091272924457826e+03
1.199978894253415547e+03
1.256514702314755368e+03
1.058577290784134448e+03
1.255055393443701632e+03
1.176403740293301553e+03
1.431642491776971156e+03
1.317612143817460719e+03
1.215010431744167363e+03
1.402900013621544531e+03
1.045247463822871623e+03
1.134619617902206301e+03
1.035794713476085917e+03
1.432693105550414884e+03
1.144422230847417268e+03
1.254586722596317486e+03
1.265486906525746463e+03
1.339569506620749507e+03
1.108739779800309179e+03
1.117903699617697839e+03
1.122984747257309664e+03
1.292951063004461275e+03
1.248926771221910940e+03
1.182805314730846703e+03
1.429324390304218923e+03
1.386431882476473220e+03
1.167508777559830605e+03
1.117597978723430288e+03
1.262866826066811882e+03
1.077310672183791439e+03
1.319711409206941426e+03
1.203732931643632810e+03
1.289047775954273675e+03
1.347864024984007074e+03
1.224821103261412190e+03
1.063945345557065593e+03
1.444061500275051003e+03
1.147314098951266033e+03
1.243736404552086469e+03
1.197198823065899433e+03
1.260777827235350514e+03
1.357484886625256422e+03
1.156685955920370361e+03
1.176810043861437862e+03
1.336897527304204004e+03
1.285665416100263656e+03
1.090280138151549181e+03
1.317224298593871026e+03
1.152018026887853466e+03
1.104803024511885724e+03
1.274293076989152496e+03
1.053183971877506565e+03
1.397494800958423639e+03
1.262133945353466061e+03
1.187428816456420236e+03
1.240441761021249931e+03
1.216000163204551427e+03
1.219869781537512154e+03
1.145556764305594925e+03
1.384374944496855505e+03
1.133943651833379363e+03
1.220471982684772911e+03
1.236522398212598318e+03
1.335441934552773319e+03
1.183465998163153245e+03
1.266640414812099380e+03
1.250547688210410570e+03
1.183224871013485199e+03
1.165835687984926153e+03
1.244821096650486879e+03
1.201963059629642430e+03
1.104778509946523400e+03
1.357326582878407635e+03
1.357872465391095830e+03
1.160423325545315947e+03
1.313789246664518259e+03
1.216713948573580637e+03
1.402111564890477439e+03
1.128069437077804423e+03
1.176467403954744441e+03
1.188959314205418423e+03
1.131500683859798073e+03
1.369050027430732371e+03
1.255639205122491376e+03
1.177798412035145020e+03
1.166394944873723944e+03
1.230243230880324063e+03
1.175936134293885516e+03
1.302611197313161711e+03
1.294562627198778046e+03
1.099914121822851030e+03
1.271303075847191394e+03
1.176106259532249169e+03
1.275391717208761520e+03
1.220372987454103395e+03
1.383136404545080950e+03
1.153324333940723591e+03
1.165492241615183502e+03
1.284265104970978655e+03
1.341290598842789677e+03
1.139769884351658220e+03
1.363377455814235645e+03
1.076640065441229581e+03
9.997447668313660643e+02
1.439835305400598600e+03
