2.346195215754397395e+03
5.440941020600776028e+02
1.418832702753884178e+03
1.453123242711304329e+03
1.551396281966041670e+03
1.523853427010928726e+03
1.464902476929012664e+03
1.492451466642268315e+03
1.402254486233872967e+03
1.375254584837798802e+03
1.456480011304587606e+03
1.368032577617447714e+03
1.572474462024664263e+03
1.228091416621592998e+03
1.352586032207520930e+03
1.272056998616185638e+03
1.433013479990635233e+03
1.444752565910792327e+03
1.469624413105704434e+03
1.379129764289846889e+03
1.270757196420046512e+03
1.530147590011898728e+03
1.579776843048473665e+03
1.221104157132328055e+03
1.244854661506906723e+03
1.556104705684335386e+03
1.500842355351202514e+03
1.423819113752136673e+03
1.240201296017693949e+03
1.595623134139087142e+03
1.432030681278802376e+03
1.430925154091244394e+03
1.343112460618747491e+03
1.502659316767960945e+03
1.592132333033637906e+03
1.362009741001882276e+03
1.508277669005303324e+03
1.401249412549919271e+03
1.319249028294594609e+03
1.509316196304463574e+03
1.593008527960738775e+03
1.256289936537141784e+03
1.523865221429741723e+03
1.151777110021284670e+03
1.497174733452659893e+03
1.316038234504589582e+03
1.562152659520150792e+03
1.285775236797826437e+03
1.490843129947300213e+03
1.428681463654955905e+03
1.246248988689730822e+03
1.423078525642806198e+03
1.280015251285779414e+03
1.665512132737820366e+03
1.379938550075849435e+03
1.447665103312169094e+03
1.451188497921740009e+03
1.348165013835105356e+03
1.471632923715903871e+03
1.406938042579185094e+03
1.115672582377191475e+03
1.596101411196648542e+03
1.665056704816172669e+03
1.162305723295446114e+03
1.373634684396432931e+03
1.363002794129096856e+03
1.087833190396744612e+03
1.786677638287337231e+03
1.409965636285700384e+03
1.352837708997027221e+03
1.559245529595172457e+03
1.260078636949524707e+03
1.333931733525966820e+03
1.467330356584850733e+03
1.476283687944160192e+03
1.544406297018773785e+03
1.342799328367781982e+03
1.300286534837360250e+03
1.531078353297560852e+03
1.362014858988424976e+03
1.221797465295055645e+03
1.604432987062341681e+03
1.538696446671487365e+03
1.447669757086659047e+03
1.129466923367590880e+03
1.586287138509842862e+03
1.578185816424814675e+03
1.211552857029332927e+03
1.334947928486175670e+03
1.322981024005749759e+03
1.687688634062111305e+03
1.215284697939416674e+03
1.440607429591824257e+03
1.215173520259803809e+03
1.618958646955142058e+03
1.319764294344662176e+03
1.275759291809084516e+03
1.612818860912559103e+03
1.208747507609759850e+03
1.603356405719121312e+03
1.575520467902282007e+03
1.324121271740812062e+03
1.421700109588289024e+03
1.415037563404990124e+03
1.495227948126517504e+03
1.386810612359423885e+03
1.359003744103207282e+03
1.281407333586892946e+03
1.681926431554971259e+03
1.175057733632788313e+03
1.292659345163767057e+03
1.506859287861848088e+03
1.373029849026560441e+03
1.542588509751577931e+03
1.312733900258033373e+03
1.465828306771120651e+03
1.509961808415376254e+03
1.371953197497799238e+03
1.321921863247188867e+03
1.362485507109800210e+03
1.228463013704117202e+03
1.655860863750455565e+03
1.463273887590854429e+03
1.512951080239446583e+03
1.467560813144386429e+03
1.242619940252328433e+03
1.150428645659275162e+03
1.639525444774755215e+03
1.527545276113826503e+03
1.221358715914902632e+03
1.607832024864536834e+03
1.210450742986030946e+03
1.434101617019225387e+03
1.415797123728508723e+03
1.370372725349466918e+03
1.459134850542215645e+03
1.409376523471065184e+03
1.387526558012529676e+03
1.559164513159989610e+03
1.315683732040066843e+03
1.495239707742424343e+03
1.301800964377863920e+03
1.307953060555090815e+03
1.594277326898336014e+03
1.444906492816387754e+03
1.280924379912675704e+03
1.508810489254861750e+03
1.392011437731847991e+03
1.240752408095262126e+03
1.547478722277248380e+03
1.399108326738679125e+03
1.399219441444568929e+03
1.378413781860059089e+03
1.443356371578548305e+03
1.215985992560952809e+03
1.441680065878936148e+03
1.351333041287274227e+03
1.644525375248062574e+03
1.513538902127233541e+03
1.395680484248761786e+03
1.611508937872385786e+03
1.200674042258155168e+03
1.303335688631628500e+03
1.189815683484604733e+03
1.645732213561354683e+03
1.314595933996464964e+03
1.441141704447511074e+03
1.453662727796411446e+03
1.538761288659444517e+03
1.273607561176389481e+03
1.284134140795948724e+03
1.289970731861232480e+03
1.485210759164892124e+03
1.434640127614367202e+03
1.358686519313073632e+03
1.641862575899596095e+03
1.592592022716166866e+03
1.341115412227576371e+03
1.283782959707615419e+03
1.450653045683273149e+03
1.237504996958271022e+03
1.515950324826832230e+03
1.382726038434798966e+03
1.480727059751260413e+03
1.548289188258811009e+03
1.406949986482037275e+03
1.222152268248152950e+03
1.658791069880501027e+03
1.317917818130224532e+03
1.428677961958908099e+03
1.375220318660184603e+03
1.448253416161982841e+03
1.559340656199768318e+03
1.328683254813902067e+03
1.351799761527621968e+03
1.535691990413942449e+03
1.476841748550951024e+03
1.252403001180624187e+03
1.513093384956902355e+03
1.323321212413007061e+03
1.269085416852551816e+03
1.463778361321549255e+03
1.209790696004934944e+03
1.605299978977849605e+03
1.449811186813444010e+03
1.363997528139565929e+03
1.424893410354734669e+03
1.396817387149194019e+03
1.401262411362732337e+03
1.315899170713562853e+03
1.590229221442649077e+03
1.302559207520333075e+03
1.401954158829968037e+03
1.420391244743800144e+03
1.534019953414828478e+03
1.359445445284937932e+03
1.454987760867420320e+03
1.436502072292643334e+03
1.359168462924769074e+03
1.339193536985121000e+03
1.429923945988018886e+03
1.380692989363772995e+03
1.269057257011646470e+03
1.559158812946173157e+03
1.559785867290519718e+03
1.332976365154093173e+03
1.509147546456325699e+03
1.397637311228418639e+03
1.610603248112009396e+03
1.295811506693704814e+03
1.351406171630446806e+03
1.365755608386166841e+03
1.299752974227769755e+03
1.572625514418327612e+03
1.442350689393990251e+03
1.352935098422890860e+03
1.339835954453303657e+03
1.413178375558465405e+03
1.350795903044958322e+03
1.496307339554346754e+03
1.487061960303875821e+03
1.263469542375917172e+03
1.460343751928339088e+03
1.350991325626410344e+03
1.465040367534547840e+03
1.401840443171345441e+03
1.588806512637447668e+03
1.324821765175759992e+03
1.338799020705167777e+03
1.475233213460257275e+03
1.540738304463700160e+03
1.309251791229910395e+03
1.566109440733854854e+03
1.236734672096240274e+03
1.148405169076084348e+03
1.653936446780320694e+03
