7.622810745264178877e+03
1.767766952966369217e+03
4.609801051361748250e+03
4.721211344372803069e+03
5.040501390900287333e+03
4.951014391141156011e+03
4.759482189255103549e+03
4.848989120902243485e+03
4.555938266978982028e+03
4.468215328537608912e+03
4.732117517708434207e+03
4.444750957852679676e+03
5.108984599954063924e+03
3.990080784381652393e+03
4.394564983754125933e+03
4.132925381710870170e+03
4.655874532532728153e+03
4.694014935211445845e+03
4.774823805154939691e+03
4.480805823722554123e+03
4.128702311916457802e+03
4.971464187063534155e+03
5.132710105896846471e+03
3.967379111325179565e+03
4.044544727696862992e+03
5.055799104693265690e+03
4.876251198747804665e+03
4.626001948491938492e+03
4.029425898617924759e+03
5.184194857543683611e+03
4.652681410097440676e+03
4.649089541668115999e+03
4.363785258853991763e+03
4.882154523807201258e+03
5.172853211291267144e+03
4.425182703957259037e+03
4.900408604080619625e+03
4.552672772945757970e+03
4.286252738491679338e+03
4.903782789230316666e+03
5.175699977008118367e+03
4.081698045882067163e+03
4.951052711320933668e+03
3.742134870732192667e+03
4.864335060043726116e+03
4.275820838691130120e+03
5.075448964678036646e+03
4.177496069058163812e+03
4.843763619563701468e+03
4.641799769933888456e+03
4.049074910079076290e+03
4.623595770625872319e+03
4.158781820917613913e+03
5.411264883906717841e+03
4.483433576493832334e+03
4.703477797146427292e+03
4.714925340006157967e+03
4.380201052684808019e+03
4.781349475379905016e+03
4.571155186438778401e+03
3.624830914339294395e+03
5.185748784288189199e+03
5.409785194223813960e+03
3.776342436181175799e+03
4.462952256476176444e+03
4.428409143086415497e+03
3.534380462942419854e+03
5.804932772859957367e+03
4.580991867412019019e+03
4.395382684055661230e+03
5.066003671685706649e+03
4.094007569838202471e+03
4.333956988528376314e+03
4.767370393529178727e+03
4.796459852937061441e+03
5.017790862804637072e+03
4.362767889169099362e+03
4.224643415485566948e+03
4.974488245900412039e+03
4.425199332344594950e+03
3.969631676191534552e+03
5.212818154137520651e+03
4.999239504294961989e+03
4.703492917304353796e+03
3.669648860441722263e+03
5.153862118254783127e+03
5.127540845145911589e+03
3.936346845737277818e+03
4.337258615694756372e+03
4.298378028329987501e+03
5.483316549280528307e+03
3.948471632625421080e+03
4.680547347578225526e+03
3.948110415278673827e+03
5.260012162363852440e+03
4.287926842827392647e+03
4.144954167782651894e+03
5.240063938659041924e+03
3.927232238582618720e+03
5.209320331033908587e+03
5.118881102247705712e+03
4.302082704150963764e+03
4.619117283652042715e+03
4.597470607239168203e+03
4.858009935858324752e+03
4.505760972724802741e+03
4.415416191219706889e+03
4.163304709657631975e+03
5.464595098101670374e+03
3.817773840000638756e+03
4.199862603126208342e+03
4.895800270149748030e+03
4.460987140561856904e+03
5.011884854549254669e+03
4.265085025050620970e+03
4.762490219286584761e+03
4.905880389167137764e+03
4.457489089424749181e+03
4.294936804872917492e+03
4.426728472602305374e+03
3.991288106864689780e+03
5.379907818455255438e+03
4.754190886884706742e+03
4.915592561976983234e+03
4.768119149100134564e+03
4.037284096919985132e+03
3.737753697094420204e+03
5.326833885621272202e+03
4.963009244264413610e+03
3.968206175249818443e+03
5.223861660538074830e+03
3.932766066646358468e+03
4.659409900168873719e+03
4.599938426010988223e+03
4.452354120265320489e+03
4.740743115839250095e+03
4.579077834230371991e+03
4.508087087014387180e+03
5.065740448511221075e+03
4.274669056785839530e+03
4.858048142963126338e+03
4.229563811579114372e+03
4.249552031029380487e+03
5.179822316918349316e+03
4.694515045203180307e+03
4.161735588540784192e+03
4.902139742178743290e+03
4.522658504211929539e+03
4.031216467040587304e+03
5.027773201919922940e+03
4.545716364621821413e+03
4.546077377366338624e+03
4.478479589945178304e+03
4.689478686442868820e+03
3.950750145572998917e+03
4.684032353156726458e+03
4.390494004243793825e+03
5.343078707655506150e+03
4.917502400924925496e+03
4.534579271514753600e+03
5.235807986145350696e+03
3.901001472267659210e+03
4.234550145390579928e+03
3.865722560530410647e+03
5.346999736903450867e+03
4.271134790515170607e+03
4.682283211705603208e+03
4.722964136585509550e+03
4.999450176535372520e+03
4.137963174331774098e+03
4.172164132417460678e+03
4.191127272734773214e+03
4.825463992902990867e+03
4.661159526254342381e+03
4.414385524835827709e+03
5.334427247048274694e+03
5.174346747476124619e+03
4.357296829488518597e+03
4.171023141695245613e+03
4.713185650550842183e+03
4.020665597128687295e+03
4.925337136390433443e+03
4.492490152891319667e+03
4.810896410529937384e+03
5.030406413662680279e+03
4.571193992293633528e+03
3.970784434387084730e+03
5.389428086259043994e+03
4.281927623907426096e+03
4.641788392889864554e+03
4.468103997398084175e+03
4.705389231234700674e+03
5.066312738935866946e+03
4.316904630883979735e+03
4.392010382778395979e+03
4.989477997115208382e+03
4.798272997197773293e+03
4.069069355650814032e+03
4.916054911368049034e+03
4.299483303726016857e+03
4.123270684076949692e+03
4.755829926871329008e+03
3.930621567677947041e+03
5.215635019181492680e+03
4.710450443013191943e+03
4.431641043421377617e+03
4.629492348451369253e+03
4.538273079935954229e+03
4.552715006213186825e+03
4.275369019101098274e+03
5.166669983490010964e+03
4.232027350817079423e+03
4.554962500364928928e+03
4.614864769226272074e+03
4.984045532877901678e+03
4.416851282593042924e+03
4.727269181734222911e+03
4.667209002361591956e+03
4.415951364249860490e+03
4.351052638403791207e+03
4.645836606943731567e+03
4.485884756971917341e+03
4.123179192483924453e+03
5.065721928461892276e+03
5.067759234037256647e+03
4.330852987530546670e+03
4.903234844257136501e+03
4.540937021128675951e+03
5.232865391432465913e+03
4.210104006151784233e+03
4.390731605429747106e+03
4.437353062994529864e+03
4.222909871950602792e+03
5.109475370628978453e+03
4.686211215385348623e+03
4.395699103233811002e+03
4.353139858915760669e+03
4.591430088104703827e+03
4.388748836945811490e+03
4.861516888953767193e+03
4.831478563148098146e+03
4.105024654071820805e+03
4.744670848030598791e+03
4.389383766786157139e+03
4.759930197154226335e+03
4.554593037100051333e+03
5.162047588944642484e+03
4.304358614035637402e+03
4.349770851228616266e+03
4.793046851269616127e+03
5.005873519833935461e+03
4.253771619440754876e+03
5.088304584768790846e+03
4.018162804268058153e+03
3.731179402279749866e+03
5.373655369272932148e+03
