1.444252566246298557e+03
3.349292070425916563e+02
8.733939777332564063e+02
8.945022810828356796e+02
9.549964327132835251e+02
9.380418167105051452e+02
9.017532502831421652e+02
9.187116426725277734e+02
8.631888884073393911e+02
8.465684995250192060e+02
8.965686145330919317e+02
8.421228326037833085e+02
9.679715745246090819e+02
7.559789433252592517e+02
8.326143685603282165e+02
7.830429336513094540e+02
8.821232700692139588e+02
8.893495250934025762e+02
9.046599429551947651e+02
8.489539522915681573e+02
7.822428115451945132e+02
9.419163285181683705e+02
9.724667173253985766e+02
7.516777805828594410e+02
7.662979309703026729e+02
9.578948074915025472e+02
9.238768405510294315e+02
8.764634737548265093e+02
7.634334485076544752e+02
9.822212536996216841e+02
8.815182864974560744e+02
8.808377546870746073e+02
8.267827011923575355e+02
9.249953114997821331e+02
9.800724135600856926e+02
8.384153417779119764e+02
9.284538129843861043e+02
8.625701929818396820e+02
8.120930354977998604e+02
9.290931015256197725e+02
9.806117748048363865e+02
7.733371684545709286e+02
9.380490770269202585e+02
7.090019772106288656e+02
9.216191544457033160e+02
8.101165600793162866e+02
9.616177597800684680e+02
7.914874998004405597e+02
9.177215953041339844e+02
8.794566012141185638e+02
7.671562400310569956e+02
8.760075882981305995e+02
7.879418128083883630e+02
1.025242978789172184e+03
8.494518183425831239e+02
8.911424021685841126e+02
8.933113059633756166e+02
8.298929125250808738e+02
9.058963262636402760e+02
8.660719555218978485e+02
6.867770334578876827e+02
9.825156677633456184e+02
1.024962630018463187e+03
7.154830989170054636e+02
8.455713338357379598e+02
8.390266376827744352e+02
6.696398775040644296e+02
1.099829096412872332e+03
8.679356580607252454e+02
8.327692937970130060e+02
9.598282113970660703e+02
7.756693871278422421e+02
8.211313007569968931e+02
9.032477855204215302e+02
9.087592074623413509e+02
9.506935922546864504e+02
8.265899456816504198e+02
8.004202515563180214e+02
9.424892805278130936e+02
8.384184922681818080e+02
7.521045618184934938e+02
9.876443543040492159e+02
9.471787670766378824e+02
8.911452669028162745e+02
6.952684463809401905e+02
9.764742742686432848e+02
9.714873255557981793e+02
7.457982657018676491e+02
8.217568421310621716e+02
8.143903483330078643e+02
1.038894216645640654e+03
7.480954832458385226e+02
8.867978943825771694e+02
7.480270453562666262e+02
9.965859468176340670e+02
8.124102189572632824e+02
7.853219624418106832e+02
9.928064651749044742e+02
7.440713705691738369e+02
9.869816407509407554e+02
9.698466110842316539e+02
8.150922531474334392e+02
8.751590736857388038e+02
8.710577954296281860e+02
9.204207675065722469e+02
8.536820688868735942e+02
8.365649336337440900e+02
7.887987399823545047e+02
1.035347164933026988e+03
7.233328820598732136e+02
7.957251655782348507e+02
9.275806969740067416e+02
8.451990139924319010e+02
9.495746129353576634e+02
8.080825037555802055e+02
9.023231654020516999e+02
9.294905223973886450e+02
8.445362572350552455e+02
8.137383584076395664e+02
8.387082101708230084e+02
7.562076881613417072e+02
1.019301925841430602e+03
9.007507359504888882e+02
9.313306350504755073e+02
9.033896481733170276e+02
7.649222986763239760e+02
7.081719000276875704e+02
1.009246295935639523e+03
9.403144164094777580e+02
7.518344798943767273e+02
9.897367075045095817e+02
7.451198349282276467e+02
8.827930969810652186e+02
8.715253596540774197e+02
8.435633625071219512e+02
8.982028597809592156e+02
8.675730165854411098e+02
8.541227851324134690e+02
9.597783399312838810e+02
8.098983382149592671e+02
9.204280063992856640e+02
8.013524922904159666e+02
8.051395517098925438e+02
9.813928121666767765e+02
8.894442782183461986e+02
7.885014471233960194e+02
9.287818023211665377e+02
8.568835524378947639e+02
7.637726977853669723e+02
9.525848918508819452e+02
8.612522000643393767e+02
8.613205991890376936e+02
8.485132134073249972e+02
8.884900666673595424e+02
7.485271807235451433e+02
8.874581794687917409e+02
8.318430621746115321e+02
1.012324114170302209e+03
9.316924818670709101e+02
8.591421154986953752e+02
9.920001129584939008e+02
7.391015696871929777e+02
8.022972258859394969e+02
7.324174658161172147e+02
1.013067010293912404e+03
8.092287199728451697e+02
8.871267791344620264e+02
8.948343731071419143e+02
9.472186820022496931e+02
7.839974168680779485e+02
7.904772867132032843e+02
7.940701299547047256e+02
9.142544643928094956e+02
8.831245891364329736e+02
8.363696588696702747e+02
1.010684968899440719e+03
9.803553857523445458e+02
8.255533737073726570e+02
7.902611093957162893e+02
8.929816964473748158e+02
7.617736817457965799e+02
9.331768866594828751e+02
8.511677187027755735e+02
9.114944236507042206e+02
9.530837921835853876e+02
8.660793078565329779e+02
7.523229686552655266e+02
1.021105679294907873e+03
8.112735795193736976e+02
8.794544456673553441e+02
8.465474062184509876e+02
8.915045512077576859e+02
9.598867686909703707e+02
8.179004831345378079e+02
8.321303621828610630e+02
9.453293073083301579e+02
9.091027340615206640e+02
7.709444790799661860e+02
9.314182338794197449e+02
8.145997588615475706e+02
7.812137105077617889e+02
9.010612759581009641e+02
7.447135283515669926e+02
9.881780504306456123e+02
8.924634715251671651e+02
8.396389682926509295e+02
8.771247808851085210e+02
8.598419613258867003e+02
8.625781946897270700e+02
8.100309562746056145e+02
9.789009109584767430e+02
8.018192456948198696e+02
8.630040152045934292e+02
8.743533728651806314e+02
9.443000478031475495e+02
8.368368326048716881e+02
8.956500266385768327e+02
8.842707505307415659e+02
8.366663299622132399e+02
8.243703207234252659e+02
8.802214388056337384e+02
8.499162301998507019e+02
7.811963760923562177e+02
9.597748310380864041e+02
9.601608282645393047e+02
8.205432025401374858e+02
9.289892853664465520e+02
8.603466838006389708e+02
9.914425955141383611e+02
7.976655486070068264e+02
8.318880791813329552e+02
8.407211936295583428e+02
8.000918064744789717e+02
9.680645581798996773e+02
8.878709966657999075e+02
8.328292440207983418e+02
8.247657750619192711e+02
8.699133310643244386e+02
8.315124148015008814e+02
9.210852108696644791e+02
9.153940123629282652e+02
7.777567342637842103e+02
8.989470258748646074e+02
8.316327115111988633e+02
9.018381319074707108e+02
8.629340150056818857e+02
9.780251309598064609e+02
8.155234574369438860e+02
8.241274674664061877e+02
9.081125645662320949e+02
9.484356779835017051e+02
8.059390142172644573e+02
9.640534443231084651e+02
7.612994911706216499e+02
7.069263040822226003e+02
1.018117308240566672e+03
