1.524562149052835775e+04
3.535533905932738435e+03
9.219602102723496500e+03
9.442422688745606138e+03
1.008100278180057467e+04
9.902028782282312022e+03
9.518964378510207098e+03
9.697978241804486970e+03
9.111876533957964057e+03
8.936430657075217823e+03
9.464235035416868413e+03
8.889501915705359352e+03
1.021796919990812785e+04
7.980161568763304786e+03
8.789129967508251866e+03
8.265850763421740339e+03
9.311749065065456307e+03
9.388029870422891690e+03
9.549647610309879383e+03
8.961611647445108247e+03
8.257404623832915604e+03
9.942928374127068309e+03
1.026542021179369294e+04
7.934758222650359130e+03
8.089089455393725984e+03
1.011159820938653138e+04
9.752502397495609330e+03
9.252003896983876984e+03
8.058851797235849517e+03
1.036838971508736722e+04
9.305362820194881351e+03
9.298179083336231997e+03
8.727570517707983527e+03
9.764309047614402516e+03
1.034570642258253429e+04
8.850365407914518073e+03
9.800817208161239250e+03
9.105345545891515940e+03
8.572505476983358676e+03
9.807565578460633333e+03
1.035139995401623673e+04
8.163396091764134326e+03
9.902105422641867335e+03
7.484269741464385334e+03
9.728670120087452233e+03
8.551641677382260241e+03
1.015089792935607329e+04
8.354992138116327624e+03
9.687527239127402936e+03
9.283599539867776912e+03
8.098149820158152579e+03
9.247191541251744638e+03
8.317563641835227827e+03
1.082252976781343568e+04
8.966867152987664667e+03
9.406955594292854585e+03
9.429850680012315934e+03
8.760402105369616038e+03
9.562698950759810032e+03
9.142310372877556802e+03
7.249661828678588790e+03
1.037149756857637840e+04
1.081957038844762792e+04
7.552684872362351598e+03
8.925904512952352889e+03
8.856818286172830994e+03
7.068760925884839708e+03
1.160986554571991473e+04
9.161983734824038038e+03
8.790765368111322459e+03
1.013200734337141330e+04
8.188015139676404942e+03
8.667913977056752628e+03
9.534740787058357455e+03
9.592919705874122883e+03
1.003558172560927414e+04
8.725535778338198725e+03
8.449286830971133895e+03
9.948976491800824078e+03
8.850398664689189900e+03
7.939263352383069105e+03
1.042563630827504130e+04
9.998479008589923978e+03
9.406985834608707592e+03
7.339297720883444526e+03
1.030772423650956625e+04
1.025508169029182318e+04
7.872693691474555635e+03
8.674517231389512744e+03
8.596756056659975002e+03
1.096663309856105661e+04
7.896943265250842160e+03
9.361094695156451053e+03
7.896220830557347654e+03
1.052002432472770488e+04
8.575853685654785295e+03
8.289908335565303787e+03
1.048012787731808385e+04
7.854464477165237440e+03
1.041864066206781717e+04
1.023776220449541142e+04
8.604165408301927528e+03
9.238234567304085431e+03
9.194941214478336406e+03
9.716019871716649504e+03
9.011521945449605482e+03
8.830832382439413777e+03
8.326609419315263949e+03
1.092919019620334075e+04
7.635547680001277513e+03
8.399725206252416683e+03
9.791600540299496060e+03
8.921974281123713808e+03
1.002376970909850934e+04
8.530170050101241941e+03
9.524980438573169522e+03
9.811760778334275528e+03
8.914978178849498363e+03
8.589873609745834983e+03
8.853456945204610747e+03
7.982576213729379560e+03
1.075981563691051088e+04
9.508381773769413485e+03
9.831185123953966468e+03
9.536238298200269128e+03
8.074568193839970263e+03
7.475507394188840408e+03
1.065366777124254440e+04
9.926018488528827220e+03
7.936412350499636887e+03
1.044772332107614966e+04
7.865532133292716935e+03
9.318819800337747438e+03
9.199876852021976447e+03
8.904708240530640978e+03
9.481486231678500189e+03
9.158155668460743982e+03
9.016174174028774360e+03
1.013148089702244215e+04
8.549338113571679060e+03
9.716096285926252676e+03
8.459127623158228744e+03
8.499104062058760974e+03
1.035964463383669863e+04
9.389030090406360614e+03
8.323471177081568385e+03
9.804279484357486581e+03
9.045317008423859079e+03
8.062432934081174608e+03
1.005554640383984588e+04
9.091432729243642825e+03
9.092154754732677247e+03
8.956959179890356609e+03
9.378957372885737641e+03
7.901500291145997835e+03
9.368064706313452916e+03
8.780988008487587649e+03
1.068615741531101230e+04
9.835004801849850992e+03
9.069158543029507200e+03
1.047161597229070139e+04
7.802002944535318420e+03
8.469100290781159856e+03
7.731445121060821293e+03
1.069399947380690173e+04
8.542269581030341215e+03
9.364566423411206415e+03
9.445928273171019100e+03
9.998900353070745041e+03
8.275926348663548197e+03
8.344328264834921356e+03
8.382254545469546429e+03
9.650927985805981734e+03
9.322319052508684763e+03
8.828771049671655419e+03
1.066885449409654939e+04
1.034869349495224924e+04
8.714593658977037194e+03
8.342046283390491226e+03
9.426371301101684367e+03
8.041331194257374591e+03
9.850674272780866886e+03
8.984980305782639334e+03
9.621792821059874768e+03
1.006081282732536056e+04
9.142387984587267056e+03
7.941568868774169459e+03
1.077885617251808799e+04
8.563855247814852191e+03
9.283576785779729107e+03
8.936207994796168350e+03
9.410778462469401347e+03
1.013262547787173389e+04
8.633809261767959470e+03
8.784020765556791957e+03
9.978955994230416763e+03
9.596545994395546586e+03
8.138138711301628064e+03
9.832109822736098067e+03
8.598966607452033713e+03
8.246541368153899384e+03
9.511659853742658015e+03
7.861243135355894083e+03
1.043127003836298536e+04
9.420900886026383887e+03
8.863282086842755234e+03
9.258984696902738506e+03
9.076546159871908458e+03
9.105430012426373651e+03
8.550738038202196549e+03
1.033333996698002193e+04
8.464054701634158846e+03
9.109925000729857857e+03
9.229729538452544148e+03
9.968091065755803356e+03
8.833702565186085849e+03
9.454538363468445823e+03
9.334418004723183913e+03
8.831902728499720979e+03
8.702105276807582413e+03
9.291673213887463135e+03
8.971769513943834681e+03
8.246358384967848906e+03
1.013144385692378455e+04
1.013551846807451329e+04
8.661705975061093341e+03
9.806469688514273003e+03
9.081874042257351903e+03
1.046573078286493183e+04
8.420208012303568466e+03
8.781463210859494211e+03
8.874706125989059728e+03
8.445819743901205584e+03
1.021895074125795691e+04
9.372422430770697247e+03
8.791398206467622003e+03
8.706279717831521339e+03
9.182860176209407655e+03
8.777497673891622981e+03
9.723033777907534386e+03
9.662957126296196293e+03
8.210049308143641611e+03
9.489341696061197581e+03
8.778767533572314278e+03
9.519860394308452669e+03
9.109186074200102667e+03
1.032409517788928497e+04
8.608717228071274803e+03
8.699541702457232532e+03
9.586093702539232254e+03
1.001174703966787092e+04
8.507543238881509751e+03
1.017660916953758169e+04
8.036325608536116306e+03
7.462358804559499731e+03
1.074731073854586430e+04
