1.020263873305645575e+04
6.577882590334492079e+02
1.999210156997956119e+03
1.649993608300194182e+03
1.488607412927499581e+03
5.557996596430206409e+03
1.782540912166433600e+03
1.834406369284203492e+03
1.996308522786659978e+03
3.869274002796452351e+03
2.300117502227129989e+03
1.793508460223924658e+03
3.572552243981355787e+03
2.222037759679949431e+03
1.966896623933675983e+03
2.556059393469671704e+03
1.147538314038798035e+03
2.293942082064963870e+03
4.261928995006796868e+03
1.440527503115335549e+03
2.989743667177415318e+03
1.810620278700072049e+03
1.989225931140423654e+03
1.639585602220883857e+03
2.036761539728251819e+03
4.746040599367716823e+03
2.069091272020039014e+03
1.977562692099880451e+03
1.550522825962123534e+03
1.638328126664421688e+03
2.989926244886426502e+03
2.609416285776679615e+03
3.932490037477688929e+03
1.404067675780517220e+03
2.395114583399507865e+03
1.267910271601047270e+03
2.304640442624761818e+03
1.335850915028940790e+03
3.981762443156697373e+03
3.916074127150874119e+03
2.101291064653316880e+03
1.409456507100418321e+03
6.276523301984733735e+03
3.905630235377297140e+03
3.095389387322988568e+03
1.758240578449662280e+03
1.300130207250979993e+03
1.684003154092119530e+03
2.301868468158330415e+03
5.674842058710189121e+03
2.083157083675693684e+03
2.153948998797461627e+03
1.037239534673333083e+03
2.750375718611427601e+03
1.945219945262189867e+03
3.272918367269190185e+03
1.570795417215581438e+03
3.354325657718970433e+03
2.402651896599403244e+03
3.065160708643282305e+03
1.564199005159948683e+03
8.145129859526090513e+03
1.370154549823773095e+03
1.952028032230802410e+03
1.645548865622758512e+03
2.538295234219498980e+03
2.314246093279893557e+03
3.991065245987058461e+03
1.651733125270209712e+03
1.737433265796555361e+03
1.816056942935959569e+03
2.786740649329304688e+03
2.840557537539963050e+03
1.614094523189761048e+03
1.795005150035545967e+03
2.779646409692309135e+03
2.143640163728295192e+03
2.273235573542658585e+03
3.500957905307980127e+03
2.772919947730036256e+03
2.077541150724942781e+03
2.807909410321140058e+03
2.939815807301172299e+03
1.902887450381026156e+03
1.770618667403000018e+03
2.822724008258912363e+03
2.266109158962265155e+03
2.579378665204359095e+03
3.067456528307899589e+03
1.643618902424942235e+03
6.774353015287665585e+03
1.028210402204571892e+03
3.866081762161177721e+03
1.339620415005225823e+03
1.413872055289644322e+03
3.940027677403144935e+03
1.551292980768716689e+03
1.882641677801269225e+03
1.866270632219582012e+03
3.319948828825220062e+03
1.759747584719164024e+03
3.334023872908131580e+03
1.309377868309456062e+03
6.518250011746206837e+03
3.404603661317486058e+03
5.493498015205596857e+03
2.443531402988061927e+03
2.360805248803708309e+03
1.941455322535905452e+03
3.085664183615783259e+03
1.149365051384541175e+03
3.806941532455598008e+03
4.092468091312504839e+03
1.814523621076489462e+03
5.606293412088006335e+03
2.011055878548717828e+03
1.704124418262829295e+03
1.625416268267536907e+03
2.133480956381865781e+03
1.351363090042646490e+03
2.702554511390313564e+03
3.152696318032640647e+03
2.213318170338437540e+03
1.503294106289552019e+03
4.491891152242305907e+03
1.260590560642173841e+03
8.717644522821759892e+03
1.831670251125138748e+03
4.440541841519074296e+03
1.029239622080569461e+03
7.046210505147030744e+03
1.490192629938072287e+03
2.777030995946117400e+03
2.271634195825713959e+03
2.274217693674270322e+03
2.379658292044706741e+03
3.635695920549436323e+03
1.333648050372875559e+03
7.019164675630500824e+03
1.224853697808555125e+03
5.924647957130616305e+03
1.596758664675484852e+03
3.381863778881705002e+03
1.869481104443303138e+03
1.590123589510893908e+03
2.136011905570543604e+03
1.244834296101653990e+03
2.510036080288394714e+03
1.454113437991940373e+03
1.102278983738680836e+04
2.546974645370806229e+03
2.360321897052558143e+03
2.257230534012287535e+03
5.749366435703945172e+03
1.665950668546416637e+03
4.916209047206203650e+03
1.834774688057163758e+03
1.692460965829606494e+03
1.952911330902675672e+03
1.637424143905448773e+03
5.465672550357082400e+03
1.485995082385260275e+03
1.471562979373595908e+03
2.323126653449888181e+03
1.177172763503762098e+03
4.561920051590212097e+03
2.943644910054136290e+03
1.502158509648522340e+03
1.941233540251344039e+03
1.769837633790927612e+03
2.722598926335921988e+03
1.892234820302889148e+03
5.169306944954157188e+03
1.786976495912847213e+03
3.653503692681082612e+03
1.390235954882923579e+03
2.321411377130618348e+03
2.982333093150878540e+03
2.078735296123295939e+03
3.056736508125160071e+03
3.182024747208349254e+03
3.222161564386805367e+03
1.558532131060943357e+03
2.635858492367826329e+03
2.153911735823152412e+03
1.397344051650017263e+03
2.899427455233271758e+03
2.408017882398854454e+03
1.762402434871113655e+03
3.156475732066504861e+03
1.417701067848714956e+03
4.515383717490593881e+03
4.771637043635026203e+03
8.344901041326393170e+03
1.379910709687306735e+03
2.984213810052815916e+03
3.775049030846972073e+03
1.496240731862450957e+03
1.919283097186774285e+03
2.581892765371977475e+03
1.294015552991287223e+03
2.020230379979954932e+03
1.879632173787912052e+03
2.736716258627277512e+03
2.225509151006545380e+03
4.508515380674207336e+03
1.677500983112927997e+03
4.166765715171003649e+03
3.907282371835499816e+03
1.220417974924108421e+03
3.777241487402982330e+03
1.083512042116952671e+03
1.406729808408797226e+03
2.739520678906545982e+03
8.242988070363126099e+03
1.518828448464221765e+03
2.198312648365375935e+03
1.386753086068756375e+03
3.754891332932723799e+03
2.277500133431520226e+03
2.017390435976416484e+03
2.426878143540239762e+03
2.649750807710151548e+03
1.418570963405281873e+03
2.108282505554735053e+03
1.593963299941052128e+03
2.204441742340061410e+03
1.715959427269140861e+03
2.815671971516228496e+03
3.536117109197341961e+03
1.257339639714389932e+03
4.266680346012649352e+03
3.010436906742756037e+03
1.359407763874085958e+03
1.293461890840831529e+03
2.625778424404578345e+03
1.181053735310881621e+03
2.224661422889095775e+03
3.128512500574357091e+03
1.896620762261471327e+03
2.646275918295314113e+03
1.541758656033456646e+03
4.399393883730596826e+03
2.483810087740550898e+03
2.355717403060472407e+03
4.834419827333357716e+03
1.583626097912906744e+03
1.717028446714951087e+03
1.324781168787870683e+03
5.777640391103652291e+03
1.770424100751198921e+03
2.374957602316829252e+03
2.280833813956666745e+03
1.179546605023538859e+03
3.369857968102370251e+03
2.704198092714184895e+03
