6.731231259512965153e+03
4.339784057040829452e+02
1.318986808728161350e+03
1.088589809438409020e+03
9.821146286965039280e+02
3.666910238519239101e+03
1.176038417439969862e+03
1.210256857921344590e+03
1.317072444080174137e+03
2.552768827818909813e+03
1.517511619947943927e+03
1.183274300651790554e+03
2.357005473791426539e+03
1.465998200966885861e+03
1.297667827476491766e+03
1.686370295044298473e+03
7.570929416445918605e+02
1.513437362069781557e+03
2.811824512031919312e+03
9.503937180233050412e+02
1.972495210011880999e+03
1.194563890575283722e+03
1.312399676227182681e+03
1.081723086259897855e+03
1.343761482014704143e+03
3.131219057857515054e+03
1.365091150770795821e+03
1.304704808137566488e+03
1.022963567345482602e+03
1.080893461787720071e+03
1.972615666377566640e+03
1.721572715790975963e+03
2.594475856743702479e+03
9.263392027264517310e+02
1.580186320001587546e+03
8.365088167638953109e+02
1.520495647765258582e+03
8.813329249969482362e+02
2.626983521281833873e+03
2.583645394974317242e+03
1.386335091323224333e+03
9.298945055046668813e+02
4.140961074559631015e+03
2.576754996067072170e+03
2.042195391747572558e+03
1.160006176153119213e+03
8.577660467512350806e+02
1.111027741795528300e+03
1.518666826646800246e+03
3.743999494427415357e+03
1.374371125646334804e+03
1.421076371657302843e+03
6.843228856839292575e+02
1.814571259152730818e+03
1.283366552983337670e+03
2.159320838462800566e+03
1.036338489610884153e+03
2.213029620334336414e+03
1.585159092198205144e+03
2.022251901422530409e+03
1.031986480665821546e+03
5.373781641958594264e+03
9.039648837369710463e+02
1.287858215289494638e+03
1.085657372876295995e+03
1.674650320714882355e+03
1.526833013779042403e+03
2.633121082245344951e+03
1.089737462639838668e+03
1.146278469329269456e+03
1.198150751309018460e+03
1.838563166031204673e+03
1.874069070894776587e+03
1.064905246042046201e+03
1.184261747674994240e+03
1.833882713370237298e+03
1.414275076944993771e+03
1.499776161169947500e+03
2.309770825668390444e+03
1.829444903484871475e+03
1.370665991668891820e+03
1.852529339826198111e+03
1.939555106974549290e+03
1.255437522044113393e+03
1.168172669300209236e+03
1.862303329413103256e+03
1.495074480962809275e+03
1.701755276807989958e+03
2.023766577527115714e+03
1.084384072022786313e+03
4.469406197020141008e+03
6.783658798239557655e+02
2.550662734433242349e+03
8.838198675161314668e+02
9.328076808877081021e+02
2.599448844498801009e+03
1.023471680025392402e+03
1.242080293504764313e+03
1.231279431428434464e+03
2.190349371498041364e+03
1.161000429500215205e+03
2.199635437503980938e+03
8.638672277126379413e+02
4.300441227447315214e+03
2.246200732077390967e+03
3.624357044439488618e+03
1.612129508232367925e+03
1.557550600795331775e+03
1.280882828249133809e+03
2.035779150134804922e+03
7.582981388338979514e+02
2.511644733962522878e+03
2.700022010536248217e+03
1.197139136147352474e+03
3.698774253682042399e+03
1.326802070375682888e+03
1.124302825419529654e+03
1.072374812138985817e+03
1.407572499714596006e+03
8.915671438188874163e+02
1.783021028537246139e+03
2.080003865954322464e+03
1.460245417409478023e+03
9.918042327336659127e+02
2.963542954857246514e+03
8.316796085064929684e+02
5.751500455584650808e+03
1.208451693143496868e+03
2.929665044001226761e+03
6.790449117081075201e+02
4.648765251256289048e+03
9.831604818893752054e+02
1.832157183806215244e+03
1.498719645887125580e+03
1.500424118811442895e+03
1.569988970644651999e+03
2.398664764164860571e+03
8.798795763269282588e+02
4.630921658256050250e+03
8.081020718989102534e+02
3.908809923989157141e+03
1.053467844817232617e+03
2.231198004695361760e+03
1.233397553176692782e+03
1.049090327733107415e+03
1.409242303452708256e+03
8.212843506537698204e+02
1.656006232132961941e+03
9.593570922957677567e+02
7.272329194609477781e+03
1.680376596552382580e+03
1.557231707565667421e+03
1.489216773033668915e+03
3.793167246921756941e+03
1.099117543052194151e+03
3.243488364400928731e+03
1.210499857688648262e+03
1.116607816543249328e+03
1.288440975082050727e+03
1.080297055586886700e+03
3.605999083945214807e+03
9.803911332884847525e+02
9.708694962419943977e+02
1.532691998477243487e+03
7.766443868948015279e+02
3.009744798193386941e+03
1.942081372661398518e+03
9.910550183580230623e+02
1.280736506509659876e+03
1.167657379285354637e+03
1.796245410581018632e+03
1.248409407214793873e+03
3.410470703540135673e+03
1.178964811361114016e+03
2.410413512265334248e+03
9.172136701544628750e+02
1.531560338141024658e+03
1.967606054486189123e+03
1.371453833818761723e+03
2.016694001809730935e+03
2.099353413108267887e+03
2.125833836998376682e+03
1.028247738064325858e+03
1.739018066178630534e+03
1.421051787262612606e+03
9.219032651118226340e+02
1.912908731946211446e+03
1.588699322553940647e+03
1.162751977388922342e+03
2.082497349312207461e+03
9.353338870687794042e+02
2.979042267701978744e+03
3.148106413206701291e+03
5.505581469323568854e+03
9.104015487963197302e+02
1.968846864901204754e+03
2.490603529879062989e+03
9.871507410565643568e+02
1.266254614875324933e+03
1.703413964337813923e+03
8.537318794175822632e+02
1.332854983983640068e+03
1.240094761328200548e+03
1.805559376399745133e+03
1.468288465125302082e+03
2.974510855320440896e+03
1.106737908773407753e+03
2.749040161752707718e+03
2.577844999630209259e+03
8.051755861808983354e+02
2.492050011763903967e+03
7.148513554955061409e+02
9.280955552577228218e+02
1.807409603771558295e+03
5.438343983625368310e+03
1.002053076427730730e+03
1.450345464935112432e+03
9.149158336782239758e+02
2.477304408948652963e+03
1.502589721424606296e+03
1.330981319694229569e+03
1.601142454441590871e+03
1.748183576175205189e+03
9.359078041029974884e+02
1.390947722111785424e+03
1.051623591876942783e+03
1.454389158927846438e+03
1.132111019423477956e+03
1.857650720278586959e+03
2.332967249502635241e+03
8.295348005657390331e+02
2.814959234651460065e+03
1.986147656664873693e+03
8.968746491989734295e+02
8.533665986238713685e+02
1.732367701469313488e+03
7.792048733952919974e+02
1.467729173146722133e+03
2.064048496729876206e+03
1.251303049770063808e+03
1.745891004139235747e+03
1.017181371569365751e+03
2.902517516094203984e+03
1.638703529815586535e+03
1.554193874441835760e+03
3.189527603081846792e+03
1.044803581951244951e+03
1.132816309231236346e+03
8.740296161292779971e+02
3.811821100831133208e+03
1.168044303182097110e+03
1.566887672003640546e+03
1.504789130337066581e+03
7.782105382269348866e+02
2.223277123546074108e+03
1.784105387816669690e+03
