8.287117760082053792e+03
5.342900896949154230e+02
1.623863240841315928e+03
1.340211262314304577e+03
1.209124938384017923e+03
4.514496054390237077e+03
1.447873127510215681e+03
1.490000969342235976e+03
1.621506381499841382e+03
3.142827080930302145e+03
1.868275953084905495e+03
1.456781544702065048e+03
2.901814121281703137e+03
1.804855495094079970e+03
1.597616496175117845e+03
2.076165367574606989e+03
9.320907454886081496e+02
1.863259953259679378e+03
3.461762039294393617e+03
1.170071916422496088e+03
2.428426458155735418e+03
1.470680660265328697e+03
1.615753529462773258e+03
1.331757334435094663e+03
1.654364441450488584e+03
3.854982850040412814e+03
1.680624343978048501e+03
1.606280035602816270e+03
1.259415880992777147e+03
1.330735946900998670e+03
2.428574757337401024e+03
2.119504631213095763e+03
3.194174456588275916e+03
1.140457334299055219e+03
1.945437559914017129e+03
1.029863156472636092e+03
1.871949722261458419e+03
1.085048106906927160e+03
3.234196086175286837e+03
3.180840594086951114e+03
1.706778702706602417e+03
1.144834425452204414e+03
5.098121092822852006e+03
3.172357517966578143e+03
2.514237447508757214e+03
1.428135123216512056e+03
1.056033876414737733e+03
1.367835597382783135e+03
1.869698179358461175e+03
4.609404061130504488e+03
1.692049333202049638e+03
1.749550235902352824e+03
8.425002976338414555e+02
2.233999268322135322e+03
1.580009561979159116e+03
2.658435786892737724e+03
1.275882341818748955e+03
2.724559053641439732e+03
1.951559760622719750e+03
2.489684130812483090e+03
1.270524390319208123e+03
6.615901247032795254e+03
1.112911316472758926e+03
1.585539446934016269e+03
1.336601009423370670e+03
2.061736386654400576e+03
1.879751935024650038e+03
3.241752310067076905e+03
1.341624189141702118e+03
1.411234333652292435e+03
1.475096603819112488e+03
2.263536770441060071e+03
2.307249666854602765e+03
1.311052144406358821e+03
1.457997234588156516e+03
2.257774457295584853e+03
1.741176859913781072e+03
1.846441042092266116e+03
2.843661448128713801e+03
2.252310872447729707e+03
1.687487778205026189e+03
2.280731147284570397e+03
2.387872434326318398e+03
1.545624891568195835e+03
1.438189255631171363e+03
2.292764339960579946e+03
1.840652594771913300e+03
2.095106501922388816e+03
2.491548915836670403e+03
1.335033392191065104e+03
5.502484470430496913e+03
8.351663631490722537e+02
3.140234175824554768e+03
1.088109892295729651e+03
1.148420965050129553e+03
3.200296922680597618e+03
1.260041441079997867e+03
1.529180214274204900e+03
1.515882793269622425e+03
2.696636391993362849e+03
1.429359192670238599e+03
2.708068880278527558e+03
1.063545311270175262e+03
5.294464192089917560e+03
2.765397482548341486e+03
4.462106927228969653e+03
1.984764237648767448e+03
1.917569720671191135e+03
1.576951738148357435e+03
2.506338127492527292e+03
9.335745172752014014e+02
3.092197382525139346e+03
3.324117014180011665e+03
1.473851159464372586e+03
4.553725258644659334e+03
1.633484956557490705e+03
1.384179142423158964e+03
1.320248258976716670e+03
1.732925019401563986e+03
1.097647908234506986e+03
2.195156378160137592e+03
2.560785139305492976e+03
1.797772987756194652e+03
1.221054240261894165e+03
3.648549352580185314e+03
1.023917703705656209e+03
7.080927654243785582e+03
1.487778550810821798e+03
3.606840751893999368e+03
8.360023494597287481e+02
5.723301368036157328e+03
1.210412534699600201e+03
2.255650081212777422e+03
1.845140319204206435e+03
1.847238771522677325e+03
1.932883150222299719e+03
2.953102723888869605e+03
1.083258824811189925e+03
5.701333328199913012e+03
9.948903512307954315e+02
4.812309500746418962e+03
1.296971051785245436e+03
2.746926958547019240e+03
1.518490507026775049e+03
1.291581696082802637e+03
1.734980788945123550e+03
1.011119640074996255e+03
2.038782821154861267e+03
1.181107124582757933e+03
8.953287459948594915e+03
2.068786259161010548e+03
1.917177117053036454e+03
1.833440910379945990e+03
4.669936664930638472e+03
1.353172422738099613e+03
3.993202579581444297e+03
1.490300137148195745e+03
1.374705475234486812e+03
1.586256908396943572e+03
1.330001684738758286e+03
4.439505626726037917e+03
1.207003066641009582e+03
1.195280556385324871e+03
1.886965191303713709e+03
9.561613980812228419e+02
3.705430493889711670e+03
2.390982632213307625e+03
1.220131849168923736e+03
1.576771594956253239e+03
1.437554859208130665e+03
2.211437502233266969e+03
1.536972267259732462e+03
4.198781953539944880e+03
1.451475941037479060e+03
2.967567129476565242e+03
1.129222485854254046e+03
1.885571954002973825e+03
2.422407201644305587e+03
1.688457725666436090e+03
2.482841553754253255e+03
2.584607226184826686e+03
2.617208452120139555e+03
1.265921458252441880e+03
2.140982376881701384e+03
1.749519968962174516e+03
1.134996054486857929e+03
2.355066898574286824e+03
1.955918295447137552e+03
1.431515601068126443e+03
2.563854977411321670e+03
1.151531089676912870e+03
3.667631244999662613e+03
3.875773623234733805e+03
6.778165868173009585e+03
1.120835780701148451e+03
2.423934818454772085e+03
3.066292621667737876e+03
1.215325119981083617e+03
1.558942294975975074e+03
2.097148585808216467e+03
1.051067233839412438e+03
1.640936967330386778e+03
1.526735737427511822e+03
2.222904339217077904e+03
1.807675141017797841e+03
3.662052421961570417e+03
1.362554193423417018e+03
3.384465437202651628e+03
3.173699469763860634e+03
9.912874246883313845e+02
3.068073449759264349e+03
8.800852526903332773e+02
1.142619657905793702e+03
2.225182236309303335e+03
6.695386813288310805e+03
1.233672046919087506e+03
1.785584716574999220e+03
1.126393517313752227e+03
3.049919483231864433e+03
1.849904941081398420e+03
1.638630216007995159e+03
1.971237587755132154e+03
2.152266443309441456e+03
1.152237664427314030e+03
1.712457517332762109e+03
1.294700510081012681e+03
1.790563087843430139e+03
1.393792156849433240e+03
2.287036306217142737e+03
2.872219595741825287e+03
1.021277135391699176e+03
3.465621335534827267e+03
2.445234591581056975e+03
1.104182213831998070e+03
1.050617520430932927e+03
2.132794817523119491e+03
9.593137267317467831e+02
1.806986571822940732e+03
2.541141775621960733e+03
1.540534759125870323e+03
2.149443956055166836e+03
1.252297162966144469e+03
3.573418224575143086e+03
2.017480695861054301e+03
1.913437105773956773e+03
3.926769089743618224e+03
1.286304092962033110e+03
1.394660470456044095e+03
1.076056678995562606e+03
4.692902252958519966e+03
1.438031218401994693e+03
1.929065003726303985e+03
1.852612731076634873e+03
9.580895565442315274e+02
2.737175209971305321e+03
2.196491381029058630e+03
