1.346246251902593212e+04
8.679568114081660042e+02
2.637973617456323154e+03
2.177179618876818495e+03
1.964229257393008083e+03
7.333820477038479112e+03
2.352076834879940179e+03
2.420513715842689635e+03
2.634144888160348728e+03
5.105537655637820535e+03
3.035023239895888764e+03
2.366548601303581563e+03
4.714010947582853987e+03
2.931996401933772631e+03
2.595335654952983987e+03
3.372740590088597855e+03
1.514185883289183948e+03
3.026874724139564023e+03
5.623649024063839533e+03
1.900787436046610537e+03
3.944990420023762908e+03
2.389127781150567898e+03
2.624799352454365817e+03
2.163446172519796164e+03
2.687522964029408740e+03
6.262438115715031017e+03
2.730182301541592096e+03
2.609409616275133430e+03
2.045927134690965659e+03
2.161786923575440596e+03
3.945231332755134190e+03
3.443145431581952380e+03
5.188951713487406778e+03
1.852678405452903689e+03
3.160372640003175547e+03
1.673017633527790849e+03
3.040991295530518073e+03
1.762665849993896927e+03
5.253967042563668656e+03
5.167290789948635393e+03
2.772670182646449121e+03
1.859789011009333990e+03
8.281922149119263850e+03
5.153509992134145250e+03
4.084390783495146025e+03
2.320012352306238881e+03
1.715532093502470616e+03
2.222055483591057055e+03
3.037333653293600946e+03
7.487998988854831623e+03
2.748742251292670062e+03
2.842152743314606141e+03
1.368645771367858742e+03
3.629142518305462545e+03
2.566733105966675794e+03
4.318641676925602042e+03
2.072676979221768761e+03
4.426059240668673738e+03
3.170318184396410743e+03
4.044503802845061728e+03
2.063972961331643546e+03
1.074756328391719035e+04
1.807929767473942320e+03
2.575716430578989730e+03
2.171314745752592444e+03
3.349300641429765619e+03
3.053666027558085261e+03
5.266242164490690811e+03
2.179474925279677791e+03
2.292556938658539366e+03
2.396301502618037375e+03
3.677126332062409801e+03
3.748138141789553629e+03
2.129810492084092402e+03
2.368523495349988934e+03
3.667765426740475505e+03
2.828550153889987996e+03
2.999552322339895454e+03
4.619541651336780888e+03
3.658889806969743404e+03
2.741331983337784095e+03
3.705058679652397132e+03
3.879110213949099034e+03
2.510875044088227241e+03
2.336345338600418927e+03
3.724606658826207422e+03
2.990148961925619005e+03
3.403510553615980825e+03
4.047533155054231884e+03
2.168768144045573081e+03
8.938812394040283834e+03
1.356731759647911758e+03
5.101325468866485608e+03
1.767639735032263161e+03
1.865615361775416659e+03
5.198897688997602927e+03
2.046943360050785031e+03
2.484160587009529081e+03
2.462558862856869382e+03
4.380698742996083638e+03
2.322000859000430864e+03
4.399270875007962786e+03
1.727734455425276337e+03
8.600882454894632247e+03
4.492401464154782843e+03
7.248714088878978146e+03
3.224259016464736760e+03
3.115101201590664459e+03
2.561765656498268072e+03
4.071558300269610754e+03
1.516596277667796130e+03
5.023289467925046665e+03
5.400044021072497344e+03
2.394278272294705403e+03
7.397548507364085708e+03
2.653604140751366231e+03
2.248605650839059763e+03
2.144749624277972089e+03
2.815144999429192467e+03
1.783134287637775287e+03
3.566042057074493187e+03
4.160007731908645837e+03
2.920490834818956500e+03
1.983608465467332280e+03
5.927085909714493937e+03
1.663359217012986164e+03
1.150300091116930525e+04
2.416903386286994191e+03
5.859330088002454431e+03
1.358089823416215495e+03
9.297530502512578096e+03
1.966320963778750638e+03
3.664314367612431397e+03
2.997439291774251615e+03
3.000848237622886245e+03
3.139977941289304908e+03
4.797329528329722052e+03
1.759759152653856745e+03
9.261843316512102319e+03
1.616204143797820734e+03
7.817619847978315192e+03
2.106935689634465689e+03
4.462396009390723520e+03
2.466795106353386018e+03
2.098180655466215285e+03
2.818484606905416967e+03
1.642568701307539868e+03
3.312012464265924336e+03
1.918714184591535741e+03
1.454465838921895738e+04
3.360753193104765614e+03
3.114463415131335296e+03
2.978433546067338284e+03
7.586334493843514792e+03
2.198235086104388756e+03
6.486976728801858371e+03
2.420999715377296980e+03
2.233215633086498656e+03
2.576881950164101909e+03
2.160594111173773854e+03
7.211998167890430523e+03
1.960782266576969960e+03
1.941738992483989250e+03
3.065383996954487429e+03
1.553288773789603283e+03
6.019489596386774792e+03
3.884162745322797946e+03
1.982110036716046352e+03
2.561473013019320206e+03
2.335314758570709728e+03
3.592490821162037719e+03
2.496818814429588201e+03
6.820941407080272256e+03
2.357929622722228487e+03
4.820827024530669405e+03
1.834427340308925977e+03
3.063120676282049772e+03
3.935212108972379156e+03
2.742907667637523900e+03
4.033388003619462324e+03
4.198706826216536683e+03
4.251667673996754274e+03
2.056495476128652172e+03
3.478036132357261522e+03
2.842103574525225667e+03
1.843806530223645495e+03
3.825817463892423802e+03
3.177398645107881748e+03
2.325503954777845138e+03
4.164994698624415832e+03
1.870667774137559263e+03
5.958084535403958398e+03
6.296212826413403491e+03
1.101116293864713953e+04
1.820803097592639915e+03
3.937693729802409962e+03
4.981207059758126888e+03
1.974301482113128941e+03
2.532509229750650320e+03
3.406827928675628300e+03
1.707463758835164754e+03
2.665709967967280591e+03
2.480189522656401550e+03
3.611118752799491176e+03
2.936576930250604619e+03
5.949021710640882702e+03
2.213475817546815961e+03
5.498080323505416345e+03
5.155689999260419427e+03
1.610351172361796898e+03
4.984100023527808844e+03
1.429702710991012509e+03
1.856191110515445871e+03
3.614819207543117500e+03
1.087668796725073844e+04
2.004106152855461914e+03
2.900690929870225318e+03
1.829831667356448179e+03
4.954608817897306835e+03
3.005179442849213046e+03
2.661962639388459593e+03
3.202284908883182197e+03
3.496367152350410834e+03
1.871815608205995204e+03
2.781895444223571303e+03
2.103247183753886020e+03
2.908778317855693331e+03
2.264222038846956366e+03
3.715301440557174828e+03
4.665934499005271391e+03
1.659069601131478521e+03
5.629918469302921039e+03
3.972295313329748296e+03
1.793749298397947314e+03
1.706733197247742964e+03
3.464735402938627431e+03
1.558409746790584450e+03
2.935458346293445175e+03
4.128096993459753321e+03
2.502606099540128071e+03
3.491782008278471949e+03
2.034362743138731730e+03
5.805035032188408877e+03
3.277407059631173524e+03
3.108387748883671975e+03
6.379055206163694493e+03
2.089607163902490356e+03
2.265632618462473147e+03
1.748059232258556221e+03
7.623642201662268235e+03
2.336088606364194675e+03
3.133775344007281547e+03
3.009578260674133617e+03
1.556421076453870228e+03
4.446554247092149126e+03
3.568210775633339836e+03
