4.081055493222582299e+04
2.631153036133796832e+03
7.996840627991824476e+03
6.599974433200776730e+03
5.954429651709998325e+03
2.223198638572082564e+04
7.130163648665734399e+03
7.337625477136813970e+03
7.985234091146639912e+03
1.547709601118580940e+04
9.200470008908519958e+03
7.174033840895698631e+03
1.429020897592542315e+04
8.888151038719797725e+03
7.867586495734703931e+03
1.022423757387868682e+04
4.590153256155192139e+03
9.175768328259855480e+03
1.704771598002718747e+04
5.762110012461342194e+03
1.195897466870966127e+04
7.242481114800288196e+03
7.956903724561694617e+03
6.558342408883535427e+03
8.147046158913007275e+03
1.898416239747086729e+04
8.276365088080156056e+03
7.910250768399521803e+03
6.202091303848494135e+03
6.553312506657686754e+03
1.195970497954570601e+04
1.043766514310671846e+04
1.572996014991075572e+04
5.616270703122068880e+03
9.580458333598031459e+03
5.071641086404189082e+03
9.218561770499047270e+03
5.343403660115763159e+03
1.592704977262678949e+04
1.566429650860349648e+04
8.405164258613267521e+03
5.637826028401673284e+03
2.510609320793893494e+04
1.562252094150918856e+04
1.238155754929195427e+04
7.032962313798649120e+03
5.200520829003919971e+03
6.736012616368478120e+03
9.207473872633321662e+03
2.269936823484075649e+04
8.332628334702774737e+03
8.615795995189846508e+03
4.148958138693332330e+03
1.100150287444571040e+04
7.780879781048759469e+03
1.309167346907676074e+04
6.283181668862325751e+03
1.341730263087588173e+04
9.610607586397612977e+03
1.226064283457312922e+04
6.256796020639794733e+03
3.258051943810436205e+04
5.480618199295092381e+03
7.808112128923209639e+03
6.582195462491034050e+03
1.015318093687799592e+04
9.256984373119574229e+03
1.596426098394823384e+04
6.606932501080838847e+03
6.949733063186221443e+03
7.264227771743838275e+03
1.114696259731721875e+04
1.136223015015985220e+04
6.456378092759044193e+03
7.180020600142183866e+03
1.111858563876923654e+04
8.574560654913180770e+03
9.092942294170634341e+03
1.400383162123192051e+04
1.109167979092014502e+04
8.310164602899771126e+03
1.123163764128456023e+04
1.175926322920468920e+04
7.611549801524104623e+03
7.082474669612000071e+03
1.129089603303564945e+04
9.064436635849060622e+03
1.031751466081743638e+04
1.226982611323159836e+04
6.574475609699768938e+03
2.709741206115066234e+04
4.112841608818287568e+03
1.546432704864471089e+04
5.358481660020903291e+03
5.655488221158577289e+03
1.576011070961257974e+04
6.205171923074866754e+03
7.530566711205076899e+03
7.465082528878328048e+03
1.327979531530088025e+04
7.038990338876656097e+03
1.333609549163252632e+04
5.237511473237824248e+03
2.607300004698482735e+04
1.361841464526994423e+04
2.197399206082238743e+04
9.774125611952247709e+03
9.443220995214833238e+03
7.765821290143621809e+03
1.234265673446313303e+04
4.597460205538164701e+03
1.522776612982239203e+04
1.636987236525001936e+04
7.258094484305957849e+03
2.242517364835202534e+04
8.044223514194871314e+03
6.816497673051317179e+03
6.501665073070147628e+03
8.533923825527463123e+03
5.405452360170585962e+03
1.081021804556125426e+04
1.261078527213056259e+04
8.853272681353750158e+03
6.013176425158208076e+03
1.796756460896922363e+04
5.042362242568695365e+03
3.487057809128703957e+04
7.326681004500554991e+03
1.776216736607629718e+04
4.116958488322277844e+03
2.818484202058812298e+04
5.960770519752289147e+03
1.110812398378446960e+04
9.086536783302855838e+03
9.096870774697081288e+03
9.518633168178826963e+03
1.454278368219774529e+04
5.334592201491502237e+03
2.807665870252200330e+04
4.899414791234220502e+03
2.369859182852246522e+04
6.387034658701939406e+03
1.352745511552682001e+04
7.477924417773212554e+03
6.360494358043575630e+03
8.544047622282174416e+03
4.979337184406615961e+03
1.004014432115357886e+04
5.816453751967761491e+03
4.409115934954723343e+04
1.018789858148322492e+04
9.441287588210232570e+03
9.028922136049150140e+03
2.299746574281578069e+04
6.663802674185666547e+03
1.966483618882481460e+04
7.339098752228655030e+03
6.769843863318425974e+03
7.811645323610702690e+03
6.549696575621795091e+03
2.186269020142832960e+04
5.943980329541041101e+03
5.886251917494383633e+03
9.292506613799552724e+03
4.708691054015048394e+03
1.824768020636084839e+04
1.177457964021654516e+04
6.008634038594089361e+03
7.764934161005376154e+03
7.079350535163710447e+03
1.089039570534368795e+04
7.568939281211556590e+03
2.067722777981662875e+04
7.147905983651388851e+03
1.461401477072433045e+04
5.560943819531694317e+03
9.285645508522473392e+03
1.192933237260351416e+04
8.314941184493183755e+03
1.222694603250064029e+04
1.272809898883339702e+04
1.288864625754722147e+04
6.234128524243773427e+03
1.054343396947130532e+04
8.615646943292609649e+03
5.589376206600069054e+03
1.159770982093308703e+04
9.632071529595417815e+03
7.049609739484454622e+03
1.262590292826601944e+04
5.670804271394859825e+03
1.806153486996237552e+04
1.908654817454010481e+04
3.337960416530557268e+04
5.519642838749226939e+03
1.193685524021126366e+04
1.510019612338788829e+04
5.984962927449803828e+03
7.677132388747097139e+03
1.032757106148790990e+04
5.176062211965148890e+03
8.080921519919819730e+03
7.518528695151648208e+03
1.094686503450911005e+04
8.902036604026181521e+03
1.803406152269682934e+04
6.710003932451711989e+03
1.666706286068401459e+04
1.562912948734199927e+04
4.881671899696433684e+03
1.510896594961192932e+04
4.334048168467810683e+03
5.626919233635188903e+03
1.095808271562618393e+04
3.297195228145250439e+04
6.075313793856887060e+03
8.793250593461503740e+03
5.547012344275025498e+03
1.501956533173089520e+04
9.110000533726080903e+03
8.069561743905665935e+03
9.707512574160959048e+03
1.059900323084060619e+04
5.674283853621127491e+03
8.433130022218940212e+03
6.375853199764208512e+03
8.817766969360245639e+03
6.863837709076563442e+03
1.126268788606491398e+04
1.414446843678936784e+04
5.029358558857559728e+03
1.706672138405059741e+04
1.204174762697102415e+04
5.437631055496343834e+03
5.173847563363326117e+03
1.050311369761831338e+04
4.724214941243526482e+03
8.898645691556383099e+03
1.251405000229742836e+04
7.586483049045885309e+03
1.058510367318125645e+04
6.167034624133826583e+03
1.759757553492238731e+04
9.935240350962203593e+03
9.422869612241889627e+03
1.933767930933343087e+04
6.334504391651626975e+03
6.868113786859804350e+03
5.299124675151482734e+03
2.311056156441460917e+04
7.081696403004795684e+03
9.499830409267317009e+03
9.123335255826666980e+03
4.718186420094155437e+03
1.347943187240948100e+04
1.081679237085673958e+04
