1.632422197289032920e+05
1.052461214453518733e+04
3.198736251196729791e+04
2.639989773280310692e+04
2.381771860683999330e+04
8.892794554288330255e+04
2.852065459466293760e+04
2.935050190854725588e+04
3.194093636458655965e+04
6.190838404474323761e+04
3.680188003563407983e+04
2.869613536358279453e+04
5.716083590370169259e+04
3.555260415487919090e+04
3.147034598293881572e+04
4.089695029551474727e+04
1.836061302462076856e+04
3.670307331303942192e+04
6.819086392010874988e+04
2.304844004984536878e+04
4.783589867483864509e+04
2.896992445920115279e+04
3.182761489824677847e+04
2.623336963553414171e+04
3.258818463565202910e+04
7.593664958988346916e+04
3.310546035232062422e+04
3.164100307359808721e+04
2.480836521539397654e+04
2.621325002663074702e+04
4.783881991818282404e+04
4.175066057242687384e+04
6.291984059964302287e+04
2.246508281248827552e+04
3.832183333439212583e+04
2.028656434561675633e+04
3.687424708199618908e+04
2.137361464046305264e+04
6.370819909050715796e+04
6.265718603441398591e+04
3.362065703445307008e+04
2.255130411360669314e+04
1.004243728317557398e+05
6.249008376603675424e+04
4.952623019716781710e+04
2.813184925519459648e+04
2.080208331601567988e+04
2.694405046547391248e+04
3.682989549053328665e+04
9.079747293936302594e+04
3.333051333881109895e+04
3.446318398075938603e+04
1.659583255477332932e+04
4.400601149778284162e+04
3.112351912419503788e+04
5.236669387630704296e+04
2.513272667544930300e+04
5.366921052350352693e+04
3.844243034559045191e+04
4.904257133829251688e+04
2.502718408255917893e+04
1.303220777524174482e+05
2.192247279718036953e+04
3.123244851569283855e+04
2.632878184996413620e+04
4.061272374751198367e+04
3.702793749247829692e+04
6.385704393579293537e+04
2.642773000432335539e+04
2.779893225274488577e+04
2.905691108697535310e+04
4.458785038926887501e+04
4.544892060063940880e+04
2.582551237103617677e+04
2.872008240056873547e+04
4.447434255507694616e+04
3.429824261965272308e+04
3.637176917668253736e+04
5.601532648492768203e+04
4.436671916368058010e+04
3.324065841159908450e+04
4.492655056513824093e+04
4.703705291681875678e+04
3.044619920609641849e+04
2.832989867844800028e+04
4.516358413214259781e+04
3.625774654339624249e+04
4.127005864326974552e+04
4.907930445292639342e+04
2.629790243879907575e+04
1.083896482446026494e+05
1.645136643527315027e+04
6.185730819457884354e+04
2.143392664008361317e+04
2.262195288463430916e+04
6.304044283845031896e+04
2.482068769229946702e+04
3.012226684482030760e+04
2.986033011551331219e+04
5.311918126120352099e+04
2.815596135550662439e+04
5.334438196653010527e+04
2.095004589295129699e+04
1.042920001879393094e+05
5.447365858107977692e+04
8.789596824328954972e+04
3.909650244780899084e+04
3.777288398085933295e+04
3.106328516057448724e+04
4.937062693785253214e+04
1.838984082215265880e+04
6.091106451928956812e+04
6.547948946100007743e+04
2.903237793722383140e+04
8.970069459340810135e+04
3.217689405677948525e+04
2.726599069220526872e+04
2.600666029228059051e+04
3.413569530210985249e+04
2.162180944068234385e+04
4.324087218224501703e+04
5.044314108852225036e+04
3.541309072541500063e+04
2.405270570063283230e+04
7.187025843587689451e+04
2.016944897027478146e+04
1.394823123651481583e+05
2.930672401800221996e+04
7.104866946430518874e+04
1.646783395328911138e+04
1.127393680823524919e+05
2.384308207900915659e+04
4.443249593513787840e+04
3.634614713321142335e+04
3.638748309878832515e+04
3.807453267271530785e+04
5.817113472879098117e+04
2.133836880596600895e+04
1.123066348100880132e+05
1.959765916493688201e+04
9.479436731408986088e+04
2.554813863480775763e+04
5.410982046210728004e+04
2.991169767109285021e+04
2.544197743217430252e+04
3.417619048912869766e+04
1.991734873762646384e+04
4.016057728461431543e+04
2.326581500787104596e+04
1.763646373981889337e+05
4.075159432593289966e+04
3.776515035284093028e+04
3.611568854419660056e+04
9.198986297126312274e+04
2.665521069674266619e+04
7.865934475529925840e+04
2.935639500891462012e+04
2.707937545327370390e+04
3.124658129444281076e+04
2.619878630248718036e+04
8.745076080571331840e+04
2.377592131816416440e+04
2.354500766997753453e+04
3.717002645519821090e+04
1.883476421606019358e+04
7.299072082544339355e+04
4.709831856086618063e+04
2.403453615437635744e+04
3.105973664402150462e+04
2.831740214065484179e+04
4.356158282137475180e+04
3.027575712484622636e+04
8.270891111926651502e+04
2.859162393460555541e+04
5.845605908289732179e+04
2.224377527812677727e+04
3.714258203408989357e+04
4.771732949041405664e+04
3.325976473797273502e+04
4.890778413000256114e+04
5.091239595533358806e+04
5.155458503018888587e+04
2.493651409697509371e+04
4.217373587788522127e+04
3.446258777317043860e+04
2.235750482640027622e+04
4.639083928373234812e+04
3.852828611838167126e+04
2.819843895793781849e+04
5.050361171306407778e+04
2.268321708557943930e+04
7.224613947984950210e+04
7.634619269816041924e+04
1.335184166612222907e+05
2.207857135499690776e+04
4.774742096084505465e+04
6.040078449355155317e+04
2.393985170979921531e+04
3.070852955498838855e+04
4.131028424595163960e+04
2.070424884786059556e+04
3.232368607967927892e+04
3.007411478060659283e+04
4.378746013803644018e+04
3.560814641610472609e+04
7.213624609078731737e+04
2.684001572980684796e+04
6.666825144273605838e+04
6.251651794936799706e+04
1.952668759878573474e+04
6.043586379844771727e+04
1.733619267387124273e+04
2.250767693454075561e+04
4.383233086250473571e+04
1.318878091258100176e+05
2.430125517542754824e+04
3.517300237384601496e+04
2.218804937710010199e+04
6.007826132692358078e+04
3.644000213490432361e+04
3.227824697562266374e+04
3.883005029664383619e+04
4.239601292336242477e+04
2.269713541448450997e+04
3.373252008887576085e+04
2.550341279905683405e+04
3.527106787744098256e+04
2.745535083630625377e+04
4.505075154425965593e+04
5.657787374715747137e+04
2.011743423543023891e+04
6.826688553620238963e+04
4.816699050788409659e+04
2.175052422198537533e+04
2.069539025345330447e+04
4.201245479047325352e+04
1.889685976497410593e+04
3.559458276622553240e+04
5.005620000918971346e+04
3.034593219618354124e+04
4.234041469272502582e+04
2.466813849653530633e+04
7.039030213968954922e+04
3.974096140384881437e+04
3.769147844896755851e+04
7.735071723733372346e+04
2.533801756660650790e+04
2.747245514743921740e+04
2.119649870060593094e+04
9.244224625765843666e+04
2.832678561201918274e+04
3.799932163706926804e+04
3.649334102330666792e+04
1.887274568037662175e+04
5.391772748963792401e+04
4.326716948342695832e+04
