2.778607158280763088e+03
3.687500000000000568e+02
1.161346411755745748e+03
1.163539022998340442e+03
5.623048369709323424e+02
9.770737961155509765e+02
9.641284245524498147e+02
5.424920791991315809e+02
6.087620626943404432e+02
2.054885103243595495e+03
1.590410424769292604e+03
8.084122679830286415e+02
1.160208306283030424e+03
5.585320189899459820e+02
5.249115442482340086e+02
7.859434266688483604e+02
6.083244636757387980e+02
1.090953920687541995e+03
9.190940709915283833e+02
7.138038581752184655e+02
5.239710826805074930e+02
5.367645127350986058e+02
5.822667925474991080e+02
5.987585946638043879e+02
1.168739771462288445e+03
5.219524637164614660e+02
5.859179219295742769e+02
7.585902931843986607e+02
6.168354966640561088e+02
6.381429642871319174e+02
5.210271779273871289e+02
7.178194328230147221e+02
5.945756765455471395e+02
8.448708298996555186e+02
4.770303496140048765e+02
1.206252478203885403e+03
5.595230178717199578e+02
5.718642069164177428e+02
6.517036216774607738e+02
5.582964496019002354e+02
8.641476439943746755e+02
6.962328650096524143e+02
1.254769983799932106e+03
5.137112741953626482e+02
5.115172594998238083e+02
6.181924214677560485e+02
5.985923618726176301e+02
4.961969540142885080e+02
1.218986387235525171e+03
9.666481194409775526e+02
1.253425787084648164e+03
1.108966779175211741e+03
6.482764997339202182e+02
5.706439097675096264e+02
6.815068196022186839e+02
5.803032857516795957e+02
8.879969961986579392e+02
1.209311341757256741e+03
1.066580528506685823e+03
1.284197865219923870e+03
6.858740127136275078e+02
5.423285421491583520e+02
5.594388941395809525e+02
5.443910150743305394e+02
8.057572084115502093e+02
6.712653185214054474e+02
7.062875884946070073e+02
7.115396913044427265e+02
5.606580434545575145e+02
5.497521161385220694e+02
5.653482374947296876e+02
5.131374979997655146e+02
7.396890739695097636e+02
7.753516786405047014e+02
7.528002836458315414e+02
6.633839259803867208e+02
5.226363116031250229e+02
4.927192453143056809e+02
4.913248073532620310e+02
5.498878755813378802e+02
1.077449556155148684e+03
1.067277482557445182e+03
7.799749261881629536e+02
1.572022731016199032e+03
5.870876981879064260e+02
6.410262734667755922e+02
8.307368303452676628e+02
5.314438161311849171e+02
1.259789558253548421e+03
1.009253518141552604e+03
1.959920485969533502e+03
7.628614683465966664e+02
5.093170443067186852e+02
7.427249528741997437e+02
5.376993837199972859e+02
8.323556220846212454e+02
7.897004515247862173e+02
1.552773789797844529e+03
1.540774141347106706e+03
9.728189766388132966e+02
9.484924073462209435e+02
4.685082738239044602e+02
5.393388855924282552e+02
5.737393101996964333e+02
1.375849032776713102e+03
8.092092115542482134e+02
7.776276196550597888e+02
1.690476514917606437e+03
5.235870804569883603e+02
7.950561025698680169e+02
7.225398620401678045e+02
6.184743512083590531e+02
1.549850858326488378e+03
5.876509978244623653e+02
5.662581624273167336e+02
1.035605182539121415e+03
8.132102477891448871e+02
6.710534323821990483e+02
6.210287965915177892e+02
5.652400978636273976e+02
5.279805832667060486e+02
1.620520450707868349e+03
9.453521250752279457e+02
5.418614994285770763e+02
7.820372446707031031e+02
9.646353564952834176e+02
5.368094557024163578e+02
5.564126401506030106e+02
5.887729268022607130e+02
6.763219793112277785e+02
5.535253453030904893e+02
5.412340447595028081e+02
7.568282211507427064e+02
7.664705713571772776e+02
1.033995164334062792e+03
4.696793382295480797e+02
5.674434152579747206e+02
5.607937364062936467e+02
4.358928468098063718e+02
5.526988478903210762e+02
8.705500040794721599e+02
7.628298093429463052e+02
5.615951402781308843e+02
1.047183991143099320e+03
6.514899263557510949e+02
5.498993549133965644e+02
6.240555995405945851e+02
5.670978945120922390e+02
8.514187436343357831e+02
1.384280179851270759e+03
9.180322348009389088e+02
1.445294442184477930e+03
4.950267685320466171e+02
7.325570801794503950e+02
5.634786905184150783e+02
6.704783807653575423e+02
1.494494808915087788e+03
8.163975872826231353e+02
1.567692909575728663e+03
8.958074520953030060e+02
9.731592714700958595e+02
5.858923321217503144e+02
5.180521133306169759e+02
8.903483619870779648e+02
6.959431566424422044e+02
2.048420407711867938e+03
1.633866776906096675e+03
7.994126902266796151e+02
5.350063387451197059e+02
8.492424252772675572e+02
1.158713504734681010e+03
6.097289419337996605e+02
2.105394441961658686e+03
5.812211229602494313e+02
8.485988789025925598e+02
1.548534278125451465e+03
6.760344756008689728e+02
5.413991944748746619e+02
5.603811030378710711e+02
5.199645371468777739e+02
1.222241988337204702e+03
6.642659925237896914e+02
7.631149509271415354e+02
8.462341427448068316e+02
6.626759601552874983e+02
7.235269028839516068e+02
6.598069001802734874e+02
5.535334350363684734e+02
5.327549424096436042e+02
1.373894721021824353e+03
6.782030840864385937e+02
7.302194564325537840e+02
5.334203693291493664e+02
1.052662339059781516e+03
5.661792365496194179e+02
5.505464946080425079e+02
1.927926580597290240e+03
6.594352950716634041e+02
1.090328000585142036e+03
1.407336455233688184e+03
1.002623912669608671e+03
5.489128469426119636e+02
6.315841603300546012e+02
6.766922555150272274e+02
7.376818578559118578e+02
1.578855470808354085e+03
1.445985248157317756e+03
8.536986314001208029e+02
5.760376523660736439e+02
7.523315560859284687e+02
5.907658148403152154e+02
5.897679648437674587e+02
6.121095695713029272e+02
1.177835036547930713e+03
1.415387697044853439e+03
5.273047921745114763e+02
7.035199220820351229e+02
5.542315251729215788e+02
7.185617717802942934e+02
6.243558739933308743e+02
1.579590092407728662e+03
5.000319570900107919e+02
5.776286333873717922e+02
9.497216901419493524e+02
5.739193306607477325e+02
6.038177269103824756e+02
5.511294330990904200e+02
6.504480932786071889e+02
6.147299312804473175e+02
9.142335265296431999e+02
6.936882082688939590e+02
7.902814745277617021e+02
5.663576316136723108e+02
5.183582952856999100e+02
5.671644304762180582e+02
5.305743934722160020e+02
8.951918462365983942e+02
5.939189172869670301e+02
7.777335649318723654e+02
6.910356439263380253e+02
8.370007144899137757e+02
5.822888176151233210e+02
6.903883540940607872e+02
6.393315594456187227e+02
9.213685158258077763e+02
1.211502105588794166e+03
1.381661777515555741e+03
9.345369420911257521e+02
6.108188036988151453e+02
6.213109014055287389e+02
7.046738666836702123e+02
5.425809643764105203e+02
1.206463824932847047e+03
9.702172289782592998e+02
9.437213695117574161e+02
1.499841007881317410e+03
