8.423161803261065870e+03
1.117840967801418856e+03
3.520543991511180138e+03
3.527190745879815495e+03
1.704589513651541665e+03
2.961933878951087536e+03
2.922690850675437559e+03
1.644528463285589396e+03
1.845421486977706991e+03
6.229246786523495757e+03
4.821222856747312107e+03
2.450647734304240203e+03
3.517093900872318500e+03
1.693152468219122966e+03
1.591234247139208492e+03
2.382534944283847381e+03
1.844094934813740565e+03
3.307153861771156699e+03
2.786172219166687228e+03
2.163848666150434838e+03
1.588383300782469632e+03
1.627165728534941081e+03
1.765102847186235294e+03
1.815096642544825727e+03
3.542956467089934449e+03
1.582263992371916402e+03
1.776171001768003862e+03
2.299615749147146289e+03
1.869895562210758726e+03
1.934487725544118575e+03
1.579459050373403215e+03
2.176021612185882532e+03
1.802416405968427625e+03
2.561169426880593164e+03
1.446085607276388600e+03
3.656673729215704498e+03
1.696156615064119023e+03
1.733568104435089253e+03
1.975595951662704692e+03
1.692438355371075659e+03
2.619605799826406837e+03
2.110583375288255866e+03
3.803751303211082359e+03
1.557281377402153566e+03
1.550630368559762701e+03
1.874008989019712317e+03
1.814592718953827671e+03
1.504187886902910577e+03
3.695275722967089678e+03
2.930329137245623770e+03
3.799676460751072682e+03
3.361758637811093649e+03
1.965206860652153182e+03
1.729868855225758352e+03
2.065942353321792325e+03
1.759150607628476564e+03
2.691903516299553758e+03
3.665946469540783710e+03
3.233267553149999458e+03
3.892959957982252490e+03
2.079181207218017335e+03
1.644032711653824208e+03
1.695901599595239531e+03
1.650284960415149499e+03
2.442599098749116365e+03
2.034895927613546974e+03
2.141063597203909467e+03
2.156984995679677013e+03
1.699597369222759198e+03
1.666536779810612643e+03
1.713815378836433638e+03
1.555542013231881810e+03
2.242317966964642437e+03
2.350426768374119092e+03
2.282063722391427291e+03
2.011004013130359908e+03
1.584337031513494594e+03
1.493645445522788123e+03
1.489418300085738338e+03
1.666948325483685039e+03
3.266216283687268970e+03
3.235380322751664607e+03
2.364441834172247127e+03
4.765481792664344539e+03
1.779717100275732946e+03
1.943228284524033370e+03
2.518323152329320692e+03
1.611036392559085925e+03
3.818967807523439205e+03
3.059484554512107934e+03
5.941367899254264557e+03
2.312563531050768688e+03
1.543960563323608085e+03
2.251521030864158547e+03
1.629999727413662868e+03
2.523230411243457183e+03
2.393924113913720248e+03
4.707129914479455692e+03
4.670753782581286941e+03
2.949035678214282598e+03
2.875291310047991828e+03
1.420251504364163793e+03
1.634969767711399754e+03
1.739252354655856379e+03
4.170794343993943585e+03
2.453063615451183068e+03
2.357326131374441957e+03
5.124566517914756332e+03
1.587219223718939929e+03
2.410159411940678638e+03
2.190331277716839850e+03
1.874863640176560239e+03
4.698269243171636845e+03
1.781424705457807249e+03
1.716573755425639774e+03
3.139367863077142829e+03
2.465192489260065486e+03
2.034253608950728903e+03
1.882607270547559665e+03
1.713487560775717611e+03
1.600537833706338233e+03
4.912499387013626801e+03
2.865771754324665835e+03
1.642616902876117820e+03
2.370693614751060522e+03
2.924227580963130094e+03
1.627301970135164538e+03
1.686727712984115442e+03
1.784825758134001262e+03
2.050224856674261446e+03
1.677975071718565687e+03
1.640714816002817543e+03
2.294274145601551936e+03
2.323504285497527690e+03
3.134487200545561336e+03
1.423801507804333369e+03
1.720166770127503014e+03
1.700008713332569414e+03
1.321380018266005436e+03
1.675469600077140512e+03
2.639014126317901173e+03
2.312467558898144489e+03
1.702438115582587898e+03
3.174468247120147680e+03
1.974948148584102455e+03
1.666983124311232586e+03
1.891782821294516225e+03
1.719119347090288784e+03
2.581018989528064594e+03
4.196352802585129211e+03
2.782953333756693610e+03
4.381313459008836617e+03
1.500640547860262586e+03
2.220697804684958101e+03
1.708147972188694666e+03
2.032510378426238276e+03
4.530461080872781167e+03
2.474854695806781365e+03
4.752356228489638852e+03
2.715580391088641591e+03
2.950067259240828662e+03
1.776093427976698649e+03
1.570440340981876943e+03
2.699031524458421700e+03
2.109705143744981342e+03
6.209649494293725184e+03
4.952957882455038998e+03
2.423366116110446910e+03
1.621835941648103699e+03
2.574421625952446902e+03
3.512562509931361546e+03
1.848352516739833618e+03
6.382362469440402492e+03
1.761932969753254383e+03
2.572470758149621361e+03
4.694278118327934862e+03
2.049353308400813603e+03
1.641215456321904639e+03
1.698757842867743193e+03
1.576237725902868078e+03
3.705144860014620008e+03
2.013677938875560812e+03
2.313331946544075890e+03
2.565302218610057480e+03
2.008857862071107547e+03
2.193323426034331078e+03
2.000160498602226426e+03
1.677999595204061961e+03
1.615010984201179781e+03
4.164869978587921651e+03
2.055927300016518984e+03
2.213611454606079405e+03
1.617028181412573531e+03
3.191075492508993193e+03
1.716334496904935349e+03
1.668944885023275219e+03
5.844380514454114746e+03
1.999034002563586000e+03
3.305256426834117974e+03
4.266246359703441158e+03
3.039387348825601293e+03
1.663992591362607072e+03
1.914605149915646507e+03
2.051347324226828277e+03
2.236233225532748747e+03
4.786194786459593161e+03
4.383407591123391285e+03
2.587930316840834166e+03
1.746219625250030958e+03
2.280642806135977025e+03
1.790867064962960512e+03
1.787842149421640897e+03
1.855569230237545980e+03
3.570528155024157968e+03
4.290653160891770312e+03
1.598489218198459184e+03
2.132673601539690480e+03
1.680115808773844037e+03
2.178271963096911804e+03
1.892693083219540540e+03
4.788421742716170229e+03
1.515813442291891761e+03
1.751042577832001371e+03
2.879017798644815684e+03
1.739798074646108944e+03
1.830433063661436336e+03
1.670712024079551156e+03
1.971789901274971498e+03
1.863512681543145391e+03
2.771437803640407765e+03
2.102869418532156033e+03
2.395685446295987276e+03
1.716875289612872621e+03
1.571368511105248444e+03
1.719321046416477429e+03
1.608400795904088454e+03
2.713714223091682470e+03
1.800425484191549685e+03
2.357647297396858903e+03
2.094828347096662583e+03
2.537311698266804342e+03
1.765169614705988351e+03
2.092866131252429568e+03
1.938090872289303434e+03
2.793067046596549517e+03
3.672587623606329998e+03
4.188415290989063578e+03
2.832986250286975974e+03
1.851656359804713929e+03
1.883462452427737162e+03
2.136171707438757494e+03
1.644797912757027234e+03
3.657314412692433962e+03
2.941148654152319978e+03
2.860828227877703284e+03
4.546667725554731078e+03
