3.929543927747620728e+03
5.214912511250788612e+02
1.642391846118304557e+03
1.645492666674593693e+03
7.952191266322847696e+02
1.381791013905976570e+03
1.363483493871480050e+03
7.671996558833911877e+02
8.609195653205566714e+02
2.906046382125530727e+03
2.249179992448288885e+03
1.143267593370392206e+03
1.640782321923379413e+03
7.898835562752087753e+02
7.423370249220575943e+02
1.111491853253069621e+03
8.603007068535690678e+02
1.542841830560423887e+03
1.299795300292919819e+03
1.009471097105635295e+03
7.410070114180880410e+02
7.590996537105623929e+02
8.234495949401547250e+02
8.467725251610069108e+02
1.652847635686800004e+03
7.381522531018706559e+02
8.286130716302642440e+02
1.072808680905959136e+03
8.723371251354521974e+02
9.024704348278316957e+02
7.368437013898906116e+02
1.015149977233270306e+03
8.408569856278713814e+02
1.194827786097505168e+03
6.746227900877048569e+02
1.705898614322091134e+03
7.912850403341100218e+02
8.087381172569319006e+02
9.216481004239296908e+02
7.895504108517544637e+02
1.222089318029601827e+03
9.846219602665267985e+02
1.774512728748532936e+03
7.264974511110456206e+02
7.233946457725687651e+02
8.742561065959650932e+02
8.465374364931994933e+02
7.017284619752258550e+02
1.723907081176661222e+03
1.367046880555878033e+03
1.772611747523280883e+03
1.568315859330793728e+03
9.168014180914682356e+02
8.070123564788208341e+02
9.637961871312120365e+02
8.206727769996949746e+02
1.255817395370711893e+03
1.710224500644717637e+03
1.508372648777218728e+03
1.816130037764592544e+03
9.699723308588687587e+02
7.669683795693684942e+02
7.911660714112016421e+02
7.698851567521743391e+02
1.139512772115498819e+03
9.493125174036672433e+02
9.988414865848608315e+02
1.006269081609508362e+03
7.928902089069993053e+02
7.774668985864068418e+02
7.995231449287723535e+02
7.256860090334653250e+02
1.046078320346876353e+03
1.096512859542147453e+03
1.064620370890247841e+03
9.381665451817723351e+02
7.391193600577904590e+02
6.968102391657272392e+02
6.948382060893313792e+02
7.776588914316571390e+02
1.523743775087483073e+03
1.509358290648153570e+03
1.103051118926253821e+03
2.223175866561900875e+03
8.302673850797397108e+02
9.065480497741986028e+02
1.174839292237114478e+03
7.515750524120352338e+02
1.781611479018178670e+03
1.427300013228544231e+03
2.771746132430982016e+03
1.078849034747610631e+03
7.202830716063401724e+02
1.050371701467611274e+03
7.604217609364751524e+02
1.177128609469565845e+03
1.116805088758509555e+03
2.195953752829581390e+03
2.178983687246838599e+03
1.375773790496524953e+03
1.341370826276931894e+03
6.625707549257734854e+02
7.627403667200031805e+02
8.113899137509949924e+02
1.945744361930732794e+03
1.144394641777256993e+03
1.099731526192092360e+03
2.390694814269682865e+03
7.404639502656059449e+02
1.124379123101801952e+03
1.021825672252390405e+03
8.746548154587621866e+02
2.191820103500902405e+03
8.310640110654369437e+02
8.008099731091783724e+02
1.464566894410690338e+03
1.150052961484193929e+03
9.490128651519225969e+02
8.782673467639666569e+02
7.993702123958374841e+02
7.466773015254329948e+02
2.291761999494028260e+03
1.336929796499613985e+03
7.663078814197148176e+02
1.105967677694194890e+03
1.364200403900235415e+03
7.591632126644764185e+02
7.868863019768033382e+02
8.326506582418587641e+02
9.564637156729542085e+02
7.828030504448811371e+02
7.654205265169356380e+02
1.070316734738084506e+03
1.083953077173175188e+03
1.462289984829428931e+03
6.642268900906470890e+02
8.024861737371359141e+02
7.930821077196629858e+02
6.164455756998461311e+02
7.816342065944763817e+02
1.231143622493142857e+03
1.078804262155277002e+03
7.942154639441536119e+02
1.480941802574558096e+03
9.213458896017522193e+02
7.776751256587415355e+02
8.825478925451819805e+02
8.019975336122276985e+02
1.204087934506339025e+03
1.957667804469934481e+03
1.298293637151169605e+03
2.043955001759745983e+03
7.000735697957472894e+02
1.035992158002213728e+03
7.968792062393745255e+02
9.481996193563207953e+02
2.113534827663904252e+03
1.154560540223758380e+03
2.217052574358133825e+03
1.266863048028064213e+03
1.376255040062130320e+03
8.285768821769811439e+02
7.326363246882021940e+02
1.259142728758795556e+03
9.842122507644851339e+02
2.896903922027948738e+03
2.310636555011418295e+03
1.130540268451732118e+03
7.566132202089225984e+02
1.201010155569731523e+03
1.638668353300647368e+03
8.622869390541768553e+02
2.977477373967111816e+03
8.219707948281051131e+02
1.200100043558650214e+03
2.189958177924644133e+03
9.560571240265321649e+02
7.656540834842365939e+02
7.924985560137521361e+02
7.353409003861635256e+02
1.728511196408333262e+03
9.394139756503684566e+02
1.079207513250842567e+03
1.196755801612875530e+03
9.371653303102203836e+02
1.023221558800285607e+03
9.331078667822937405e+02
7.828144910553988893e+02
7.534292649770152366e+02
1.942980547741864029e+03
9.591239995583021027e+02
1.032686258795627054e+03
7.543703207513484585e+02
1.488689356497728568e+03
8.006983550625166117e+02
7.785903193916598184e+02
2.726499917540274055e+03
9.325823377978503004e+02
1.541956645862647974e+03
1.990274301813558168e+03
1.417924335256938321e+03
7.762799927070688000e+02
8.931948853187866462e+02
9.569873653021913924e+02
1.043239688096412237e+03
2.232838819844132559e+03
2.044931948935504352e+03
1.207312182705400801e+03
8.146402604136595755e+02
1.063957490017975033e+03
8.354690275335665319e+02
8.340578545352346964e+02
8.656536549460942069e+02
1.665710282924293779e+03
2.001660477176853419e+03
7.457215885975205083e+02
9.949274152080772637e+02
7.838017395942712255e+02
1.016199803054532936e+03
8.829725447486757730e+02
2.233877731673180278e+03
7.071519753366548002e+02
8.168902473514576741e+02
1.343109294678642982e+03
8.116445011285184137e+02
8.539272185979567666e+02
7.794147189117290964e+02
9.198725151343263633e+02
8.693594060134893198e+02
1.292921452394404241e+03
9.810232721921620396e+02
1.117626779369368251e+03
8.009506437815606432e+02
7.330693313616344540e+02
8.020916296750799575e+02
7.503455030962868477e+02
1.265992449873607939e+03
8.399281877771733207e+02
1.099881355439430081e+03
9.772719797238521551e+02
1.183697762147606909e+03
8.234807430895010611e+02
9.763565736642594857e+02
9.041513622211347183e+02
1.303011851024427187e+03
1.713322708567234258e+03
1.953964824375016860e+03
1.321634818043949963e+03
8.638282363433736464e+02
8.786663032179517359e+02
9.965593393139367890e+02
7.673253585065929201e+02
1.706197503732551922e+03
1.372094363669096992e+03
1.334623559864838626e+03
2.121095494749091358e+03
