2.736693343838044166e+04
3.631876019367503886e+03
1.143828117433000989e+04
1.145987654298567213e+04
5.538227669068698560e+03
9.623351564106962542e+03
9.495850589078274425e+03
5.343088740719029374e+03
5.995792100339719582e+03
2.023888251939235488e+04
1.566419927504183943e+04
7.962177979254392994e+03
1.142707179677376371e+04
5.501068598829829170e+03
5.169935321611728796e+03
7.740878871588100992e+03
5.991482119643425904e+03
1.074497459736960263e+04
9.052300246717248228e+03
7.030365057731737579e+03
5.160672569571152053e+03
5.286677049084983082e+03
5.734836069768934976e+03
5.897266390100768149e+03
1.151109952231848547e+04
5.140790877889093281e+03
5.770796610098065685e+03
7.471473611773236371e+03
6.075308605366315533e+03
6.285169163179734824e+03
5.131677594449362914e+03
7.069915076083768326e+03
5.856068179918594979e+03
8.321264017832350874e+03
4.698345999386035146e+03
1.188056799699339172e+04
5.510829100725246462e+03
5.632379388296551951e+03
6.418730183878838034e+03
5.498748439341448830e+03
8.511124353670767960e+03
6.857305617150070248e+03
1.235842444470542068e+04
5.059622122383353599e+03
5.038012930901679283e+03
6.088673168497550250e+03
5.895629137523293139e+03
4.887120862827645396e+03
1.200598624470815776e+04
9.520667455361031898e+03
1.234518524249375332e+04
1.092238603813333975e+04
6.384975927601703916e+03
5.620360492156560213e+03
6.712266508877865817e+03
5.715497186391031391e+03
8.746020327496356913e+03
1.191069521919273211e+04
1.050491727242779598e+04
1.264826421915981700e+04
6.755279672086740902e+03
5.341478038915433899e+03
5.510000553022425265e+03
5.361791655071441710e+03
7.936027885186204003e+03
6.611396374158593062e+03
6.956336150319908484e+03
7.008064926581047985e+03
5.522008143967758770e+03
5.414593972067896175e+03
5.568202593488251296e+03
5.053970911521595553e+03
7.285312568238691711e+03
7.636559100286882313e+03
7.414446908600270945e+03
6.533771314988564882e+03
5.147526201931042124e+03
4.852868369729846563e+03
4.839134333685886304e+03
5.415931087904548804e+03
1.061196801377096745e+04
1.051178168111540072e+04
7.682094183405361946e+03
1.548309602353449191e+04
5.782317918140538495e+03
6.313567323087450859e+03
8.182056061115518787e+03
5.234272681892889523e+03
1.240786301307292888e+04
9.940294644069397691e+03
1.930356125521315698e+04
7.513541079288097535e+03
5.016342669756495525e+03
7.315213411063497915e+03
5.295884738607032887e+03
8.197999792365711983e+03
7.777882392885587251e+03
1.529351021198423769e+04
1.517532381076640741e+04
9.581445186278349865e+03
9.341849027234964524e+03
4.614410751393362261e+03
5.312032447174327899e+03
5.650847571749777671e+03
1.355095080247245642e+04
7.970027200258057746e+03
7.658975196808258261e+03
1.664976573785276196e+04
5.156890472033571314e+03
7.830631031797405740e+03
7.116407316558073035e+03
6.091449938298343113e+03
1.526472180597183615e+04
5.787865943745218829e+03
5.577164585466793142e+03
1.019983627931265255e+04
8.009434027523526311e+03
6.609309474666199094e+03
6.116609067599708396e+03
5.567137509466709162e+03
5.200162763547164104e+03
1.596075759680142437e+04
9.310919899440892550e+03
5.336878062625537495e+03
7.702406278431900319e+03
9.500843440513199312e+03
5.287119699350041628e+03
5.480194507487281044e+03
5.798915996490708494e+03
6.661200211611153463e+03
5.451757092117724824e+03
5.330698164141874258e+03
7.454118690652061559e+03
7.549087695357398843e+03
1.018397895996432089e+04
4.625944746598764141e+03
5.588838324673720308e+03
5.523344604923439874e+03
4.293176345335235965e+03
5.443616790738723466e+03
8.574182192478690922e+03
7.513229264844288082e+03
5.531237756120603080e+03
1.031387776352047149e+04
6.416625465466991045e+03
5.416044149628812193e+03
6.146420519928123213e+03
5.585435237185815822e+03
8.385755437140480353e+03
1.363399047942390462e+04
9.041842057165795268e+03
1.423492942507101725e+04
4.875595524275329808e+03
7.215068453753554422e+03
5.549789134965246376e+03
6.603645701982523860e+03
1.471951147815030890e+04
8.040826629210161627e+03
1.544045093971676397e+04
8.822946720639009072e+03
9.584796802921739072e+03
5.770544572106537089e+03
5.102375721188132047e+03
8.769179294329505865e+03
6.854452234447750016e+03
2.017521072908945644e+04
1.609220763630244437e+04
7.873539740236854414e+03
5.269360520401375652e+03
8.364320539644764722e+03
1.141234926417128554e+04
6.005315044132034927e+03
2.073635684086826950e+04
5.724537107604557605e+03
8.357982151453488768e+03
1.525175460309801929e+04
6.658368542916559818e+03
5.332324749337438334e+03
5.519280514793094881e+03
5.121211480366830074e+03
1.203805116557545625e+04
6.542458925365436698e+03
7.516037668591442525e+03
8.334691497775946118e+03
6.526798449625284775e+03
7.126128835122614873e+03
6.498540632346964230e+03
5.451836769157169329e+03
5.247186168236203230e+03
1.353170248248073040e+04
6.679727504690491514e+03
7.192044834421601081e+03
5.253740061311713362e+03
1.036783486297633681e+04
5.576387232239630066e+03
5.422417928986548759e+03
1.898844831233216973e+04
6.494880635919478664e+03
1.073880981307144248e+04
1.386107531646074494e+04
9.874998630153679187e+03
5.406327879413198389e+03
6.220570484379893060e+03
6.664847119448771082e+03
7.265543185001636630e+03
1.555039273891810262e+04
1.424173328038435284e+04
8.408210405827678187e+03
5.673484300694500234e+03
7.409830338066227341e+03
5.818544260286490498e+03
5.808716280697642105e+03
6.028762215461368214e+03
1.160068020070312195e+04
1.394037324747118510e+04
5.193506792125215725e+03
6.929076973985186669e+03
5.458712367330197594e+03
7.077226487764272861e+03
6.149377969647774989e+03
1.555762814114204230e+04
4.924892403722333256e+03
5.689154119863373126e+03
9.353956424406020233e+03
5.652620621229066273e+03
5.947094569314749606e+03
5.428159380719167530e+03
6.406364289686482152e+03
6.054570564894615927e+03
9.004427989436731878e+03
6.832242897707948941e+03
7.783604978678692532e+03
5.578144272931446721e+03
5.105391354815871637e+03
5.586090560229976290e+03
5.225709603097488980e+03
8.816883522928876118e+03
5.849599655981686738e+03
7.660018668293602786e+03
6.806117379536943190e+03
8.243750028879685487e+03
5.735052998080607722e+03
6.799742121450358354e+03
6.296875821492533760e+03
9.074701607126722593e+03
1.193227239240997551e+04
1.360820142816386578e+04
9.204399482559449098e+03
6.016049261918570664e+03
6.119387561725686282e+03
6.940442353582087890e+03
5.343964184634519370e+03
1.188264958375050992e+04
9.555820169500555494e+03
9.294858334628908779e+03
1.477216702206953960e+04
