2.553425177520079160e+04
3.388660147241253981e+03
1.067229370212427602e+04
1.069244289354440843e+04
5.167349129883087699e+03
8.978904498469135433e+03
8.859941882314256873e+03
4.985278071799710233e+03
5.594271840012726898e+03
1.888354510243064578e+04
1.461521470962097737e+04
7.428974739132218019e+03
1.066183498304970635e+04
5.132678491415389544e+03
4.823720219175198508e+03
7.222495370681912391e+03
5.590250485830198159e+03
1.002541579257076228e+04
8.446094779483973980e+03
6.559562541411282837e+03
4.815077765928915142e+03
4.932644102396742710e+03
5.350791254149697124e+03
5.502344101845188561e+03
1.074023562318673248e+04
4.796527491661991917e+03
5.384343624670265854e+03
6.971131375181098520e+03
5.668463362574242637e+03
5.864270186636481412e+03
4.788024497551497006e+03
6.596464013349614106e+03
5.463904812552953445e+03
7.764013859925713405e+03
4.383711823082143383e+03
1.108496189939120086e+04
5.141785361697770895e+03
5.255195790132584989e+03
5.988887025332074700e+03
5.130513706067103158e+03
7.941159817047213437e+03
6.398092373851683988e+03
1.153081773032510682e+04
4.720794364893151396e+03
4.700632276320313395e+03
5.680932940893161685e+03
5.500816491174926341e+03
4.559844998646021850e+03
1.120198126224981206e+04
8.883096837302628046e+03
1.151846511787999407e+04
1.019094651987940779e+04
5.957393190620719906e+03
5.243981763512118960e+03
6.262766100770638332e+03
5.332747437938630355e+03
8.160325510205654609e+03
1.111307159164654513e+04
9.801434388539986685e+03
1.180124780215064675e+04
6.302898801114875823e+03
4.983775233877427127e+03
5.141012299355977120e+03
5.002728507928397448e+03
7.404575838634807042e+03
6.168650937216793864e+03
6.490491128468623174e+03
6.538755783332092506e+03
5.152215777856851673e+03
5.051994811715674587e+03
5.195316723285352964e+03
4.715521598717000415e+03
6.797436979824448827e+03
7.125161582388300303e+03
6.917923579722144495e+03
6.096224196041161122e+03
4.802811771201820193e+03
4.527886292543388663e+03
4.515071983807418292e+03
5.053242384904777282e+03
9.901316261981639400e+03
9.807839108312913595e+03
7.167647317210213259e+03
1.444623940109003524e+04
5.395093385179551660e+03
5.890766606729317573e+03
7.634128243624480092e+03
4.883749098905911524e+03
1.157694554566633997e+04
9.274622848513374265e+03
1.801085950526554370e+04
7.010381710242866575e+03
4.680413207736638469e+03
6.825335452654749133e+03
4.941235180496643807e+03
7.649004270889106010e+03
7.257020876855502138e+03
1.426934958418636779e+04
1.415907777269912549e+04
8.939804465399231049e+03
8.716253344366254169e+03
4.305397467552155831e+03
4.956301525327651689e+03
5.272427214588199604e+03
1.264348416539897698e+04
7.436298321286501960e+03
7.146076539984218471e+03
1.553478073477580256e+04
4.811548944149142699e+03
7.306237097218890995e+03
6.639842807562603411e+03
5.683523758727204950e+03
1.424248905160304093e+04
5.400269876106609445e+03
5.203678557471221211e+03
9.516783756872744561e+03
7.473066191216976222e+03
6.166703791140369503e+03
5.706998056403718692e+03
5.194322964754495842e+03
4.851923419750723042e+03
1.489191340773745833e+04
8.687395447734925256e+03
4.979483304238667188e+03
7.186599171997204394e+03
8.864600377424883845e+03
4.933057109697755550e+03
5.113202275524439756e+03
5.410579939876372919e+03
6.215119560665169047e+03
5.086669228790607121e+03
4.973717255069060229e+03
6.954938661209523161e+03
7.043547875773017040e+03
9.501988354763414463e+03
4.316159065603023919e+03
5.214570541285880608e+03
5.153462740020403544e+03
4.005675168683193533e+03
5.079074059042946828e+03
7.999994861030015272e+03
7.010090777079554755e+03
5.160827310494544690e+03
9.623188224042463844e+03
5.986923253615927024e+03
5.053347875223595111e+03
5.734813124951755526e+03
5.211395348386579826e+03
7.824186481811230806e+03
1.272096292360123698e+04
8.436336943600723316e+03
1.328165878578933734e+04
4.549091477538079744e+03
6.731896903548526097e+03
5.178136358995094270e+03
6.161419304369935162e+03
1.373378982841895777e+04
7.502356524280780832e+03
1.440645013096124239e+04
8.232100372927679928e+03
8.942931634302498423e+03
5.384108464909048962e+03
4.760684883084938519e+03
8.181933590310889485e+03
6.395430073652938518e+03
1.882413722144782878e+04
1.501456063133072712e+04
7.346272337817130392e+03
4.916487209836043803e+03
7.804187015277518185e+03
1.064809837441261880e+04
5.603157060747506875e+03
1.934770505681006398e+04
5.341181982671743754e+03
7.798273089981889825e+03
1.423039022351381936e+04
6.212477520352011197e+03
4.975234912720067769e+03
5.149670809848212230e+03
4.778259267819305933e+03
1.123189889129001858e+04
6.104330023140400044e+03
7.012711110429205291e+03
7.776542141706286202e+03
6.089718282611675932e+03
6.648913305111158479e+03
6.063352806822184903e+03
5.086743570097077281e+03
4.895797807699982513e+03
1.262552484781504063e+04
6.232406136352063186e+03
6.710415107127229021e+03
4.901912806162438756e+03
9.673531977962418750e+03
5.202953261264200592e+03
5.059294821645139564e+03
1.771684873349732879e+04
6.059937909406433391e+03
1.001966384543487220e+04
1.293284056843436883e+04
9.213699513314164506e+03
5.044282274557741403e+03
5.803997488106539095e+03
6.218522245994760851e+03
6.778991493041940885e+03
1.450902945676500531e+04
1.328800700726632385e+04
7.845137708420312265e+03
5.293548029514102382e+03
6.913616167106125431e+03
5.428893757564424959e+03
5.419723928367879125e+03
5.625034045155991407e+03
1.082381735152384499e+04
1.300682815422772001e+04
4.845713178823318231e+03
6.465057417626208007e+03
5.093158730029063008e+03
6.603285801662232188e+03
5.737572523111002738e+03
1.451578032574698045e+04
4.595087092441947789e+03
5.308168487770075444e+03
8.727549945368489716e+03
5.274081528248002542e+03
5.548835436960042898e+03
5.064651785530989400e+03
5.977349238080752912e+03
5.649114086634322121e+03
8.401428384061915494e+03
6.374708029754553536e+03
7.262360238197369654e+03
5.204592638197137603e+03
4.763498568750006598e+03
5.212006786406896026e+03
4.875759463880673138e+03
8.226443209429915441e+03
5.457869466313273733e+03
7.147050133305772761e+03
6.350332059380010833e+03
7.691690750927255976e+03
5.350993655421286348e+03
6.344383733255665902e+03
5.875192885062971072e+03
8.466995987801321462e+03
1.113320380612233748e+04
1.269690088795518750e+04
8.588008384512284465e+03
5.613172440080687011e+03
5.709590483090047201e+03
6.475661691751455692e+03
4.986094889855101428e+03
1.108690408851033862e+04
8.915895479336864810e+03
8.672409477869638067e+03
1.378291918808291484e+04
