3.870268842911937827e+04
5.136248323447132861e+03
1.617617236697435146e+04
1.620671283021163435e+04
7.832236681106885953e+03
1.360947429744440342e+04
1.342916068934303803e+04
7.556268562087832834e+03
8.479330505469895797e+03
2.862210214620042098e+04
2.215252305847897151e+04
1.126022008428996560e+04
1.616031991320854831e+04
7.779685820009903182e+03
7.311392648415016083e+03
1.094725588488723224e+04
8.473235272315632756e+03
1.519568880295447707e+04
1.280188577958084716e+04
9.942437613078129289e+03
7.298293138854332938e+03
7.476490382702554598e+03
8.110282947853645055e+03
8.339994109807528730e+03
1.627915306228925692e+04
7.270176180834645493e+03
8.161138831697366186e+03
1.056625931268240311e+04
8.591783825311016699e+03
8.888571472377938335e+03
7.257288051796427681e+03
9.998369785423676149e+03
8.281731042222401811e+03
1.176804443010574323e+04
6.644464633053103171e+03
1.680166039004380946e+04
7.793489254165970124e+03
7.965387319359660069e+03
9.077455279255002097e+03
7.776404618994566590e+03
1.203654749200514198e+04
9.697694605110835255e+03
1.747745145926559053e+04
7.155386225957481656e+03
7.124826214292181248e+03
8.610684171746399443e+03
8.337678685007434979e+03
6.911432605167357906e+03
1.697902857693110127e+04
1.346425703821571369e+04
1.745872839994285096e+04
1.544658646860270528e+04
9.029719552240063422e+03
7.948390033433730423e+03
9.492578331117783819e+03
8.082933636699461204e+03
1.236874056393612591e+04
1.684426671627474570e+04
1.485619647827476911e+04
1.788734679921415591e+04
9.553408129888342955e+03
7.553990685752249192e+03
7.792317510767567001e+03
7.582718477220915702e+03
1.122323826660140003e+04
9.349926418559387457e+03
9.837744928208659985e+03
9.910900465162125329e+03
7.809298808733886290e+03
7.657392230042026313e+03
7.874627625752125823e+03
7.147394206912954360e+03
1.030298784013032309e+04
1.079972544948938776e+04
1.048561137563777083e+04
9.240148007101119219e+03
7.279701367441746697e+03
6.862992264883359894e+03
6.843569404843870871e+03
7.659283197392683178e+03
1.500758908854437686e+04
1.486590421813845023e+04
1.086412178159932955e+04
2.189640438400741550e+04
8.177432421787309977e+03
8.928732535265868137e+03
1.157117464972655216e+04
7.402379415891917233e+03
1.754736815315523199e+04
1.405769949962757892e+04
2.729935812922225159e+04
1.062575169577660927e+04
7.094179837080495417e+03
1.034527401757954976e+04
7.489512022102759147e+03
1.159372249069540521e+04
1.099958676656169882e+04
2.162828955807953753e+04
2.146114874658921326e+04
1.355020972956924743e+04
1.321136959195759118e+04
6.525762266980716959e+03
7.512348330559876558e+03
7.991505274871607071e+03
1.916393840790712056e+04
1.127132055908741131e+04
1.083142659720538359e+04
2.354632451680625672e+04
7.292944445222468858e+03
1.107418460710751424e+04
1.006411974244755038e+04
8.614611117258269587e+03
2.158757660385769486e+04
8.185278514841841570e+03
7.887301796354059661e+03
1.442474680018908111e+04
1.132705022865633146e+04
9.346975096993934130e+03
8.650191499133758043e+03
7.873121369483794297e+03
7.354140706755953943e+03
2.257191985914597899e+04
1.316762919995884295e+04
7.547485336896483204e+03
1.089284742186607036e+04
1.343622164755722406e+04
7.477116384710790044e+03
7.750165396931057330e+03
8.200905649299451397e+03
9.420359680943023704e+03
7.709948818436592774e+03
7.538745640646797256e+03
1.054171574785892335e+04
1.067602220231828505e+04
1.440232116410378876e+04
6.542073799428541861e+03
7.903810956664101468e+03
7.811188849942993329e+03
6.071468213232449671e+03
7.698436693824605754e+03
1.212572474286124270e+04
1.062531072356122968e+04
7.822351451415883275e+03
1.458602581382893732e+04
9.074478757931992732e+03
7.659443090816522272e+03
8.692351259330640460e+03
7.898998264184766413e+03
1.185924906994798948e+04
1.928137424526693940e+04
1.278709566607931265e+04
2.013123025235927707e+04
6.895133315075731844e+03
1.020364766074855288e+04
7.848587062978698668e+03
9.338965312850483315e+03
2.081653276390660903e+04
1.137144607171974712e+04
2.183609512810384695e+04
1.247753091242290793e+04
1.355494963128220297e+04
8.160782396151513240e+03
7.215848945227457989e+03
1.240149228892211431e+04
9.693659312594572839e+03
2.853205663681348597e+04
2.275781828778280396e+04
1.113486668452649428e+04
7.452001112984975407e+03
1.182893554720147040e+04
1.613949910792964329e+04
8.492797981734704081e+03
2.932563707856401379e+04
8.095718015882415784e+03
1.181997171265778161e+04
2.156923820968750078e+04
9.416355096670982675e+03
7.541045979490720129e+03
7.805441358561952256e+03
7.242486731315566431e+03
1.702437522289805202e+04
9.252434143520706129e+03
1.062928240622907470e+04
1.178703375435046837e+04
9.230286886335767122e+03
1.007786804584838683e+04
9.190324297897706856e+03
7.710061498786385528e+03
7.420641843416150550e+03
1.913671717272192836e+04
9.446561230089884702e+03
1.017108734603438825e+04
7.429910447889880743e+03
1.466233267566573522e+04
7.886202452877450924e+03
7.668456976027807286e+03
2.685372113172066383e+04
9.185148281311718165e+03
1.518697048139091385e+04
1.960252070161372467e+04
1.396535699117906915e+04
7.645702209701919855e+03
8.797215144707817672e+03
9.425517187467707117e+03
1.027502971023672762e+04
2.199157631160607707e+04
2.014085235681982158e+04
1.189100519120808713e+04
8.023518443952997586e+03
1.047908255897687377e+04
8.228664206165281939e+03
8.214765344140007073e+03
8.525957289427933574e+03
1.640583927258739277e+04
1.971466491111681535e+04
7.344727741700266051e+03
9.799194631336977181e+03
7.719785062972109699e+03
1.000870968298233856e+04
8.696533724834209352e+03
2.200180871556040074e+04
6.964849630572356546e+03
8.045678914741550216e+03
1.322849203724193649e+04
7.994012745491975693e+03
8.410461796640300236e+03
7.676576614935787802e+03
9.059967263977301627e+03
8.562455807218897462e+03
1.273418418407332683e+04
9.662250567365836105e+03
1.100767972500215183e+04
7.888687283653459417e+03
7.220113695202955569e+03
7.899925030921553116e+03
7.390269393723792746e+03
1.246895625598988954e+04
8.272583167942293585e+03
1.083290228873190790e+04
9.625303505244375629e+03
1.165842309565524556e+04
8.110589730814074755e+03
9.616287528794697209e+03
8.905127187333964685e+03
1.283356608728753235e+04
1.687478144727624385e+04
1.924490301921425998e+04
1.301698658173546937e+04
8.507978458109890198e+03
8.654120883209690874e+03
9.815267705304431729e+03
7.557506626746215261e+03
1.680460419826698489e+04
1.351397048330605321e+04
1.314491471716880187e+04
2.089099894825131923e+04
