5.473386687676088332e+04
7.263752038735007773e+03
2.287656234866001978e+04
2.291975308597134426e+04
1.107645533813739712e+04
1.924670312821392508e+04
1.899170117815654885e+04
1.068617748143805875e+04
1.199158420067943916e+04
4.047776503878470976e+04
3.132839855008367886e+04
1.592435595850878599e+04
2.285414359354752742e+04
1.100213719765965834e+04
1.033987064322345759e+04
1.548175774317620198e+04
1.198296423928685181e+04
2.148994919473920527e+04
1.810460049343449646e+04
1.406073011546347516e+04
1.032134513914230411e+04
1.057335409816996616e+04
1.146967213953786995e+04
1.179453278020153630e+04
2.302219904463697094e+04
1.028158175577818656e+04
1.154159322019613137e+04
1.494294722354647274e+04
1.215061721073263107e+04
1.257033832635946965e+04
1.026335518889872583e+04
1.413983015216753665e+04
1.171213635983718996e+04
1.664252803566470175e+04
9.396691998772070292e+03
2.376113599398678343e+04
1.102165820145049292e+04
1.126475877659310390e+04
1.283746036775767607e+04
1.099749687868289766e+04
1.702224870734153592e+04
1.371461123430014050e+04
2.471684888941084137e+04
1.011924424476670720e+04
1.007602586180335857e+04
1.217734633699510050e+04
1.179125827504658628e+04
9.774241725655290793e+03
2.401197248941631551e+04
1.904133491072206380e+04
2.469037048498750664e+04
2.184477207626667951e+04
1.276995185520340783e+04
1.124072098431312043e+04
1.342453301775573163e+04
1.143099437278206278e+04
1.749204065499271383e+04
2.382139043838546422e+04
2.100983454485559196e+04
2.529652843831963401e+04
1.351055934417348180e+04
1.068295607783086780e+04
1.102000110604485053e+04
1.072358331014288342e+04
1.587205577037240801e+04
1.322279274831718612e+04
1.391267230063981697e+04
1.401612985316209597e+04
1.104401628793551754e+04
1.082918794413579235e+04
1.113640518697650259e+04
1.010794182304319111e+04
1.457062513647738342e+04
1.527311820057376463e+04
1.482889381720054189e+04
1.306754262997712976e+04
1.029505240386208425e+04
9.705736739459693126e+03
9.678268667371772608e+03
1.083186217580909761e+04
2.122393602754193489e+04
2.102356336223080143e+04
1.536418836681072389e+04
3.096619204706898381e+04
1.156463583628107699e+04
1.262713464617490172e+04
1.636411212223103757e+04
1.046854536378577905e+04
2.481572602614585776e+04
1.988058928813879538e+04
3.860712251042631397e+04
1.502708215857619507e+04
1.003268533951299105e+04
1.463042682212699583e+04
1.059176947721406577e+04
1.639599958473142397e+04
1.555576478577117450e+04
3.058702042396847537e+04
3.035064762153281481e+04
1.916289037255669973e+04
1.868369805446992905e+04
9.228821502786724523e+03
1.062406489434865580e+04
1.130169514349955534e+04
2.710190160494491283e+04
1.594005440051611549e+04
1.531795039361651652e+04
3.329953147570552392e+04
1.031378094406714263e+04
1.566126206359481148e+04
1.423281463311614607e+04
1.218289987659668623e+04
3.052944361194367229e+04
1.157573188749043766e+04
1.115432917093358628e+04
2.039967255862530510e+04
1.601886805504705262e+04
1.321861894933239819e+04
1.223321813519941679e+04
1.113427501893341832e+04
1.040032552709432821e+04
3.192151519360284874e+04
1.862183979888178510e+04
1.067375612525107499e+04
1.540481255686380064e+04
1.900168688102639862e+04
1.057423939870008326e+04
1.096038901497456209e+04
1.159783199298141699e+04
1.332240042322230693e+04
1.090351418423544965e+04
1.066139632828374852e+04
1.490823738130412312e+04
1.509817539071479769e+04
2.036795791992864179e+04
9.251889493197528282e+03
1.117767664934744062e+04
1.104668920984687975e+04
8.586352690670471929e+03
1.088723358147744693e+04
1.714836438495738184e+04
1.502645852968857616e+04
1.106247551224120616e+04
2.062775552704094298e+04
1.283325093093398209e+04
1.083208829925762439e+04
1.229284103985624643e+04
1.117087047437163164e+04
1.677151087428096071e+04
2.726798095884780923e+04
1.808368411433159054e+04
2.846985885014203450e+04
9.751191048550659616e+03
1.443013690750710884e+04
1.109957826993049275e+04
1.320729140396504772e+04
2.943902295630061781e+04
1.608165325842032325e+04
3.088090187943352794e+04
1.764589344127801814e+04
1.916959360584347814e+04
1.154108914421307418e+04
1.020475144237626409e+04
1.753835858865901173e+04
1.370890446889550003e+04
4.035042145817891287e+04
3.218441527260488874e+04
1.574707948047370883e+04
1.053872104080275130e+04
1.672864107928952944e+04
2.282469852834257108e+04
1.201063008826406985e+04
4.147271368173653900e+04
1.144907421520911521e+04
1.671596430290697754e+04
3.050350920619603858e+04
1.331673708583311964e+04
1.066464949867487667e+04
1.103856102958618976e+04
1.024242296073366015e+04
2.407610233115091251e+04
1.308491785073087340e+04
1.503207533718288505e+04
1.666938299555189224e+04
1.305359689925056955e+04
1.425225767024522975e+04
1.299708126469392846e+04
1.090367353831433866e+04
1.049437233647240646e+04
2.706340496496146079e+04
1.335945500938098303e+04
1.438408966884320216e+04
1.050748012262342672e+04
2.073566972595267362e+04
1.115277446447926013e+04
1.084483585797309752e+04
3.797689662466433947e+04
1.298976127183895733e+04
2.147761962614288495e+04
2.772215063292148989e+04
1.974999726030735837e+04
1.081265575882639678e+04
1.244114096875978612e+04
1.332969423889754216e+04
1.453108637000327326e+04
3.110078547783620525e+04
2.848346656076870568e+04
1.681642081165535637e+04
1.134696860138900047e+04
1.481966067613245468e+04
1.163708852057298100e+04
1.161743256139528421e+04
1.205752443092273643e+04
2.320136040140624391e+04
2.788074649494237019e+04
1.038701358425043145e+04
1.385815394797037334e+04
1.091742473466039519e+04
1.415445297552854572e+04
1.229875593929554998e+04
3.111525628228408459e+04
9.849784807444666512e+03
1.137830823972674625e+04
1.870791284881204047e+04
1.130524124245813255e+04
1.189418913862949921e+04
1.085631876143833506e+04
1.281272857937296430e+04
1.210914112978923185e+04
1.800885597887346376e+04
1.366448579541589788e+04
1.556720995735738506e+04
1.115628854586289344e+04
1.021078270963174327e+04
1.117218112045995258e+04
1.045141920619497796e+04
1.763376704585775224e+04
1.169919931196337348e+04
1.532003733658720557e+04
1.361223475907388638e+04
1.648750005775937097e+04
1.147010599616121544e+04
1.359948424290071671e+04
1.259375164298506752e+04
1.814940321425344519e+04
2.386454478481995102e+04
2.721640285632773157e+04
1.840879896511889820e+04
1.203209852383714133e+04
1.223877512345137256e+04
1.388088470716417578e+04
1.068792836926903874e+04
2.376529916750101984e+04
1.911164033900111099e+04
1.858971666925781756e+04
2.954433404413907920e+04
