9.529719728187851433e+04
1.264692685792826160e+04
3.983040847780976765e+04
3.990560791920086194e+04
1.928522886787974130e+04
3.351045649971981038e+04
3.306647231719169213e+04
1.860571565189652028e+04
2.087856076142877646e+04
7.047588231096437084e+04
5.454591000988164888e+04
2.772591409961562749e+04
3.979137515802661073e+04
1.915583346976771281e+04
1.800276042573447558e+04
2.695530584827234634e+04
2.086355253693696068e+04
3.741617475337060750e+04
3.152194031562137388e+04
2.448115304474300865e+04
1.797050564970809137e+04
1.840927873218249078e+04
1.996985908379310786e+04
2.053547431123809656e+04
4.008397669324841263e+04
1.790127357813570779e+04
2.009508095835293716e+04
2.601718224552526954e+04
2.115545331439774600e+04
2.188623022167019008e+04
1.786953928200796872e+04
2.461887420776193903e+04
2.039201381091456278e+04
2.897632431223889216e+04
1.636059102530241580e+04
4.137054064824200759e+04
1.918982151146014439e+04
1.961308419671616866e+04
2.235131670888622466e+04
1.914775420516952727e+04
2.963745640148578968e+04
2.387852507081467775e+04
4.303453344716357242e+04
1.761862755482543798e+04
1.754337997955845640e+04
2.120199142624615706e+04
2.052977306662378032e+04
1.701794328012338519e+04
4.180727235302481131e+04
3.315288966487848666e+04
4.298843186739173689e+04
3.803395727213879582e+04
2.223377756162342484e+04
1.957123196949669727e+04
2.337346956118933667e+04
1.990251718052049910e+04
3.045541169080522013e+04
4.147544972926673654e+04
3.658024659556480765e+04
4.404381416283115686e+04
2.352325009503187539e+04
1.860010686244683166e+04
1.918693634078251125e+04
1.867084298239560303e+04
2.763485418313039190e+04
2.302221935079085961e+04
2.422336941655275223e+04
2.440349947780376897e+04
1.922874920102766555e+04
1.885471132961401963e+04
1.938960761723254473e+04
1.759894889562940443e+04
2.536893184027410462e+04
2.659204330559555092e+04
2.581860373124468606e+04
2.275191319484540873e+04
1.792472733869050717e+04
1.689866917148104403e+04
1.685084448022345168e+04
1.885936743739317899e+04
3.695301892827507254e+04
3.660414985496355803e+04
2.675060567462966719e+04
5.391527185942372307e+04
2.013520048317806868e+04
2.198511835808712931e+04
2.849157405169832418e+04
1.822679612666947651e+04
4.320668854132713022e+04
3.461411640689623891e+04
6.721890449738819734e+04
2.616366967569128610e+04
1.746791974737160126e+04
2.547305262253075853e+04
1.844134176938279779e+04
2.854709334858191141e+04
2.708415959351021593e+04
5.325509571927161596e+04
5.284354676665511943e+04
3.336453001642221352e+04
3.253020773154699054e+04
1.606831151562073137e+04
1.849757135653959995e+04
1.967739414674921500e+04
4.718715141716184735e+04
2.775324667468033294e+04
2.667010068740988936e+04
5.797785176734491688e+04
1.795733562114096276e+04
2.726784102278136561e+04
2.478076959229715794e+04
2.121166070030305491e+04
5.315484866698964470e+04
2.015451983043941436e+04
1.942081508589324585e+04
3.551789287393548875e+04
2.789046921737500088e+04
2.301495234467627961e+04
2.129926987704442581e+04
1.938589877925290057e+04
1.810801849215005495e+04
5.557858606611348659e+04
3.242250625305343783e+04
1.858408881464555816e+04
2.682133649769797557e+04
3.308385843570820725e+04
1.841082012993285389e+04
1.908314566186151205e+04
2.019299834900756468e+04
2.319564638578540325e+04
1.898412082998689948e+04
1.856256915822129304e+04
2.595674890009327646e+04
2.628745018226089087e+04
3.546267448077126028e+04
1.610847521971320020e+04
1.946146540686269509e+04
1.923340302837883428e+04
1.494970834304474192e+04
1.895577465418334032e+04
2.985703654986367837e+04
2.616258387473247785e+04
1.926088857726232163e+04
3.591500838720046158e+04
2.234398765369017565e+04
1.885976114118416081e+04
2.140307938351313351e+04
1.944961516794453200e+04
2.920089647786472051e+04
4.747631236734589038e+04
3.148552278440107330e+04
4.956890331790458004e+04
1.697780972024779840e+04
2.512432762654100588e+04
1.932548823047481710e+04
2.299522994267566173e+04
5.125631603499006451e+04
2.799978460570152311e+04
5.376677305246638571e+04
3.072328495033591753e+04
3.337620102344963379e+04
2.009420331109095059e+04
1.776750423291518382e+04
3.053605589729303756e+04
2.386858901513945966e+04
7.025416425930733385e+04
5.603632168984513555e+04
2.741725782399044692e+04
1.834897907698310155e+04
2.912625582950835815e+04
3.974010832182568265e+04
2.091172157775932283e+04
7.220818851410923526e+04
1.993399601453885043e+04
2.910418427986713868e+04
5.310969424392493966e+04
2.318578594267681547e+04
1.856823325685428426e+04
1.921925104456980262e+04
1.783309415596768667e+04
4.191892889271710010e+04
2.278216521127454325e+04
2.617236330458866723e+04
2.902308151315306895e+04
2.272763226736624347e+04
2.481462188614697880e+04
2.262923283236960197e+04
1.898439828155318173e+04
1.827176349791062967e+04
4.712012487391664763e+04
2.326016216749168234e+04
2.504415472742681595e+04
1.829458547914530209e+04
3.610289792050097458e+04
1.941810818473409745e+04
1.888195593002497117e+04
6.612161749768043228e+04
2.261648798456316217e+04
3.739470772759715328e+04
4.826706769853961305e+04
3.438674248011496093e+04
1.882592712314680102e+04
2.166128455680063780e+04
2.320834565647471027e+04
2.530009084942196205e+04
5.414961263336444244e+04
4.959259571820702695e+04
2.927908922042246559e+04
1.975621981528525794e+04
2.580252789892905639e+04
2.026134793342333796e+04
2.022712492075479895e+04
2.099336937059313277e+04
4.039591473336118361e+04
4.854319913257703593e+04
1.808484105346741126e+04
2.412844745130003139e+04
1.900834050500329249e+04
2.464433402198975091e+04
2.141337782159058406e+04
5.417480776729134959e+04
1.714947142493311912e+04
1.981078529490209621e+04
3.257236813725624233e+04
1.968356826364100198e+04
2.070898610916910184e+04
1.890194882618484553e+04
2.230825616426696433e+04
2.108323926314056007e+04
3.135523943345413500e+04
2.379125161270239187e+04
2.710408679465300884e+04
1.942422655579007915e+04
1.777800527912847610e+04
1.945189713532547103e+04
1.819697775439393808e+04
3.070217166960818940e+04
2.036948910228668683e+04
2.667373426616728830e+04
2.370027727446170320e+04
2.870640492525459922e+04
1.997061447204879369e+04
2.367807733638796708e+04
2.192699517362428014e+04
3.159994638331364331e+04
4.155058581046117615e+04
4.738650967494069482e+04
3.205158061737872413e+04
2.094910029512177425e+04
2.130894515555036560e+04
2.416802400174065406e+04
1.860876412467157206e+04
4.137778915433784277e+04
3.327529852526068862e+04
3.236657663587548086e+04
5.143967328866826574e+04
