1.347705888521770539e+05
1.788545548482270169e+04
5.632870386417888221e+04
5.643505193407704792e+04
2.727343221842466664e+04
4.739094206321740057e+04
4.676305361080700095e+04
2.631245541256943034e+04
2.952674379164331185e+04
9.966794858437593211e+04
7.713956570795699372e+04
3.921036374886784324e+04
5.627350241395709600e+04
2.709043949150596745e+04
2.545974795422733587e+04
3.812055910854155809e+04
2.950551895701984904e+04
5.291446178833850718e+04
4.457875550666699564e+04
3.462157865840695740e+04
2.541413281251951412e+04
2.603465165655905730e+04
2.824164555497976471e+04
2.904154628071721163e+04
5.668730347343895119e+04
2.531622387795066243e+04
2.841873602828806179e+04
3.679385198635434062e+04
2.991832899537213962e+04
3.095180360870589720e+04
2.527134480597445145e+04
3.481634579497412051e+04
2.883866249549484201e+04
4.097871083008949063e+04
2.313736971642221761e+04
5.850677966745127196e+04
2.713850584102590437e+04
2.773708967096142806e+04
3.160953522660327508e+04
2.707901368593721054e+04
4.191369279722250940e+04
3.376933400461209385e+04
6.086002085137731774e+04
2.491650203843445706e+04
2.481008589695620321e+04
2.998414382431539707e+04
2.903348350326124273e+04
2.406700619044656924e+04
5.912441156747343484e+04
4.688526619592998031e+04
6.079482337201716291e+04
5.378813820497749839e+04
3.144330977043445091e+04
2.767790168361213364e+04
3.305507765314867720e+04
2.814640972205562502e+04
4.307045626079286012e+04
5.865514351265253936e+04
5.173228085039999132e+04
6.228735932771603984e+04
3.326689931548827735e+04
2.630452338646118733e+04
2.713442559352383250e+04
2.640455936664239198e+04
3.908158557998586184e+04
3.255833484181675158e+04
3.425701755526255147e+04
3.451175993087483221e+04
2.719355790756414717e+04
2.666458847696980229e+04
2.742104606138293821e+04
2.488867221171010897e+04
3.587708747143427900e+04
3.760682829398590547e+04
3.651301955826283665e+04
3.217606421008575853e+04
2.534939250421591350e+04
2.389832712836460996e+04
2.383069280137181340e+04
2.667117320773896063e+04
5.225946053899630351e+04
5.176608516402663372e+04
3.783106934675595403e+04
7.624770868262951262e+04
2.847547360441172714e+04
3.109165255238453392e+04
4.029317043726913107e+04
2.577658228094537481e+04
6.110348492037502729e+04
4.895175287219372694e+04
9.506188638806823292e+04
3.700101649681229901e+04
2.470336901317772936e+04
3.602433649382653675e+04
2.607999563861860588e+04
4.037168657989531494e+04
3.830278582261952397e+04
7.531407863167129108e+04
7.473206052130059106e+04
4.718457085142852156e+04
4.600466096076786926e+04
2.272402406982662069e+04
2.615951628338239607e+04
2.782803767449370207e+04
6.673270950390309736e+04
3.924901784721892909e+04
3.771721810199107131e+04
8.199306428663610131e+04
2.539550757950303887e+04
3.856255059105085820e+04
3.504530044346943760e+04
2.999781824282496382e+04
7.517230789074618951e+04
2.850279528732491599e+04
2.746518008681023639e+04
5.022988580923428526e+04
3.944307982816104777e+04
3.254805774321166245e+04
3.012171632876095464e+04
2.741580097241148178e+04
2.560860533930141173e+04
7.859999019221802882e+04
4.585234806919465336e+04
2.628187044601788511e+04
3.793109783601696836e+04
4.678764129541008151e+04
2.603683152216263261e+04
2.698764340774584707e+04
2.855721213014402019e+04
3.280359770678818313e+04
2.684760114749705099e+04
2.625143705604508068e+04
3.670838632962483098e+04
3.717606856796044303e+04
5.015179520872898138e+04
2.278082412486933390e+04
2.752266832204004822e+04
2.720013941332111062e+04
2.114208029225608698e+04
2.680751360123424820e+04
4.222422602108641877e+04
3.699948094237031182e+04
2.723900984932140636e+04
5.079149195392236288e+04
3.159917037734563928e+04
2.667172998897972138e+04
3.026852514071225960e+04
2.750590955344462054e+04
4.129630383244903351e+04
6.714164484136206738e+04
4.452725334010709776e+04
7.010101534414138587e+04
2.401024876576420138e+04
3.553116487495932961e+04
2.733036755501911466e+04
3.252016605481981242e+04
7.248737729396449868e+04
3.959767513290850184e+04
7.603769965583422163e+04
4.344928625741826545e+04
4.720107614785325859e+04
2.841749484762717839e+04
2.512704545571003109e+04
4.318450439133474720e+04
3.375528229991970147e+04
9.935439190869960294e+04
7.924732611928062397e+04
3.877385785776715056e+04
2.594937506636965918e+04
4.119074601523915044e+04
5.620100015890178474e+04
2.957364026783733789e+04
1.021177995110464399e+05
2.819092751605207013e+04
4.115953213039394177e+04
7.510844989324695780e+04
3.278965293441301765e+04
2.625944730115047423e+04
2.718012548588389109e+04
2.521980361444588925e+04
5.928231776023392013e+04
3.221884702200897300e+04
3.701331114470521425e+04
4.104483549776091968e+04
3.214172579313772076e+04
3.509317481654929725e+04
3.200256797763562281e+04
2.684799352326499138e+04
2.584017574721887650e+04
6.663791965740674641e+04
3.289483680026430375e+04
3.541778327369727049e+04
2.587245090260117649e+04
5.105720788014389109e+04
2.746135195047896559e+04
2.670311816037240351e+04
9.351008823126583593e+04
3.198454404101737600e+04
5.288410282934588759e+04
6.825994175525505852e+04
4.863019758120962069e+04
2.662388146180171316e+04
3.063368239865034411e+04
3.282155718762925244e+04
3.577973160852397996e+04
7.657911658335349057e+04
7.013452145797426056e+04
4.140688506945334666e+04
2.793951400400049533e+04
3.649028489817563241e+04
2.865387303940736820e+04
2.860547439074625436e+04
2.968910768380073569e+04
5.712845048038652749e+04
6.865045057426832500e+04
2.557582749117534695e+04
3.412277762463504769e+04
2.688185294038150460e+04
3.485235140955058887e+04
3.028308933151264864e+04
7.661474788345872366e+04
2.425301507667026817e+04
2.801668124531202193e+04
4.606428477831705095e+04
2.783676919433774310e+04
2.928692901858298137e+04
2.673139238527281850e+04
3.154863842039954397e+04
2.981620290469032625e+04
4.434300485824652424e+04
3.364591069651449652e+04
3.833096714073579642e+04
2.747000463380596193e+04
2.514189617768397511e+04
2.750913674266363887e+04
2.573441273446541527e+04
4.341942756946691952e+04
2.880680774706479497e+04
3.772235675834974245e+04
3.351725355354660132e+04
4.059698717226886947e+04
2.824271383529581362e+04
3.348585810003887309e+04
3.100945395662885494e+04
4.468907274554479227e+04
5.876140197770127998e+04
6.701464465582501725e+04
4.532778000459161558e+04
2.962650175687542287e+04
3.013539923884379459e+04
3.417874731902011990e+04
2.631676660411243574e+04
5.851703060307894339e+04
4.705837846643711964e+04
4.577325164604325255e+04
7.274668360887569725e+04
