5.321448964760692383e+12
8.524910235644728661e+09
8.827721018299099731e+10
1.540047939990001358e+07
5.196719995685589910e+08
7.003330310582073975e+11
2.248466257590828419e+09
1.822213195772350311e+10
5.464919456028459826e+05
5.434963838945509033e+11
4.369608549686654442e+04
1.408322979717440128e+09
3.578401705466308445e+07
5.483229422669539795e+11
2.024447351841667295e+07
1.754422404552049255e+11
2.008212009546702029e+05
2.632963703665274963e+11
6.060095255621132851e+08
7.325517346781705856e+09
9.023425201659853458e+08
1.799886339644818726e+11
4.619080432510629883e+11
4.407357682775771141e+09
4.233383276067420006e+09
8.122117293565416260e+11
7.759838899636600342e+11
8.532033547137091637e+09
6.835158118763860321e+10
7.247758287003412843e+06
2.161059890906058044e+11
1.315866703145842934e+10
6.427255684695478058e+10
2.091512103186260986e+10
3.176211207313426971e+10
1.367246054885831773e+08
1.472601257856100053e+07
1.441246623508856812e+11
1.327774042611162567e+10
2.446574708446195126e+09
4.043347005842729568e+09
4.213014214861289062e+11
1.313872536638975220e+11
3.026919599198220444e+10
7.104718962511881104e+11
1.341488937143935852e+11
5.775176310463195294e+07
5.471437936661620331e+10
1.209079921287118225e+11
3.622489538380539551e+12
7.577910526786773682e+11
2.626703446226112646e+04
1.028868692988559365e+09
3.684908803557962799e+10
6.258833287397485971e+08
5.907213077263311768e+11
3.129188256510545034e+04
2.328646142489977722e+11
1.156011100776570439e+08
3.315073610753852539e+11
3.419456697034632683e+09
5.040889309341137085e+11
2.048424213395833969e+09
7.238317547941284254e+06
8.682933137618423462e+10
3.783445886953519287e+11
5.836984767376890869e+11
1.856710113084031045e+08
4.220938414213509369e+10
1.841610196766569018e+08
1.673630375889246178e+10
8.385199545274079895e+10
4.862620198485201001e+08
2.561586210025203552e+11
4.473805542400363922e+10
4.999495913712873840e+10
3.838370174693552690e+04
7.712120209852369385e+11
3.894034675259939575e+10
3.616645033291609287e+09
2.406377559421034336e+09
5.649224810057341766e+10
8.412362276722277832e+10
5.642030460677764893e+11
6.736209485714108450e+04
4.105077411664617920e+11
4.056970093444204926e+08
2.333622917754224243e+11
1.510483783513854027e+10
3.315624709649927246e+12
4.626849607010681152e+09
9.580885928909663856e+07
3.969772919397861511e+07
2.694369147100229492e+11
3.173686407420084288e+04
2.673201574880051270e+11
6.984319254928996277e+10
5.486891417914446443e+06
3.663093149833243847e+09
1.098790570110257202e+12
5.181794080416928232e+07
1.199612298074660400e+12
1.416778402209388971e+09
1.394860319805619478e+09
4.128730097029060364e+10
3.795654718995036621e+12
1.048410377494772797e+11
3.340238953129637718e+09
2.199393215141959954e+06
8.066023184176110840e+10
6.751038687282975197e+09
5.753267495368002930e+11
4.980719683696800232e+09
7.005424223738322754e+11
7.466749091158317327e+08
4.107120655011371374e+08
2.531931944006293774e+09
1.383847278432750609e+06
9.075800875667521667e+10
9.879628485841862793e+11
2.128620456871679306e+10
1.521392507376536865e+11
4.176632472808129883e+11
1.817468695592319489e+10
2.322118920562230110e+09
1.083693349966749878e+12
9.217892346001205966e+06
7.552254971869287491e+09
5.569832461205201149e+09
8.679801809921832275e+10
8.097611408154886961e+07
1.493162258425094366e+09
6.243582200143339634e+08
1.609519407637739868e+11
1.978920683093157959e+10
4.859280431359299469e+10
3.814024132502977550e+07
1.107449277626010735e+05
2.466384102615310287e+10
9.738653753553851318e+10
1.282569330152526093e+10
1.629116711744095215e+12
7.070475720119432068e+10
3.658213089406225830e+07
5.153781518616496086e+09
5.163545955793215179e+10
2.599011967046142578e+09
2.197538082719329102e+12
1.082461172193967819e+10
2.350850012973176758e+12
7.510705459569624901e+09
2.763476105281802654e+09
5.702246341168851471e+10
1.017054286535277710e+12
3.438747905205187988e+11
1.495386915542563782e+11
6.434256331867302895e+09
4.312760791898054810e+11
3.586927699313151243e+04
4.071131185433328152e+09
9.755048375676206589e+09
2.858068630984198302e+06
2.823934192904486179e+09
3.391276107214819946e+11
1.011476822606422997e+10
8.985221372851101562e+12
1.767779507107754946e+09
2.951926800337549448e+08
1.126629468172962379e+10
1.084630703671837402e+12
1.082413314228990674e+07
3.811456083278118134e+09
3.212103665638756104e+11
5.641488477338697052e+10
2.061808821086845093e+11
4.912682962783682251e+10
1.066815122001161933e+09
1.269523446278714600e+11
2.390034568880819798e+09
1.562656548762811534e+07
8.245911515643727779e+07
3.232440289062727356e+10
9.449278473491704091e+06
1.292086371758193970e+11
2.965018804198512435e+08
4.141767737166615576e+07
1.349854218589460754e+11
2.202064935773339844e+12
1.295133302726280022e+10
2.647074817514625000e+12
1.740668808659596252e+10
2.136722042452125854e+11
1.558950939561260986e+11
3.028504710989699097e+11
6.155818466677154541e+09
4.492517070383181572e+09
7.957024067054359913e+08
1.682110197106080811e+12
4.417030544171850197e+06
1.096321806193162918e+10
2.160061374361194992e+10
4.855473522494003296e+10
3.060760293922410965e+10
1.735464709530503906e+12
2.215574961488991699e+11
3.198207279507938843e+11
1.268722910880611572e+11
1.471655704120653629e+09
4.301111653649458885e+09
5.063977463478102112e+10
9.200537388951636851e+06
8.029099682654193044e+07
3.193924613590121460e+10
1.849991974123211426e+12
2.262037033262426147e+11
5.023936974006919772e+05
9.129978140648578644e+09
4.792792845547116548e+07
1.814587544344946899e+11
4.551841557506647949e+11
7.391855446324264526e+09
6.309461286591658936e+11
5.717151915419840813e+07
1.188041577711465582e+07
2.781547149605084896e+09
8.246685667563957214e+09
6.774287562136420012e+08
1.792220918416309204e+11
1.031738076540713501e+11
1.866450788023798340e+12
1.015068963107853241e+11
1.307919993043348083e+11
9.148508519889941439e+06
1.243652292484037476e+11
5.112912362523222351e+10
1.432371595090710163e+09
1.219017934602798778e+04
4.182292077519509125e+10
1.150717366331066370e+09
1.345107031189863434e+11
1.327048973095838928e+10
6.112196411569379883e+11
2.781004873490478992e+09
1.875954200882789612e+11
1.087752937201113850e+08
2.212430140069909668e+12
3.386524612926776707e+07
1.580086656944336391e+04
5.634982218896168342e+04
3.682656816712845325e+09
2.599162292717742734e+06
1.341958994650284912e+12
1.264939512524463844e+10
8.357576610107416992e+11
1.521131793027644539e+10
2.558065031786973190e+10
