3.510847002887981934e+12
5.624343247281019211e+09
5.824123858870906830e+10
1.016052719893153384e+07
3.428556572189408541e+08
4.620474873284319458e+11
1.483434506998511314e+09
1.202212363468186378e+10
3.605502226983127766e+05
3.585738890126608887e+11
2.882866524146206939e+04
9.291466563302084208e+08
2.360864679143005610e+07
3.617582299897573853e+11
1.335637147849158570e+07
1.157487120821816101e+11
1.324925816553002223e+05
1.737108217882114563e+11
3.998171814914685488e+08
4.833039044791262627e+09
5.953240467928838730e+08
1.187482131826703339e+11
3.047456585597029419e+11
2.907771664014161587e+09
2.792991361052316189e+09
5.358599010542449341e+11
5.119584407196862793e+11
5.629042880213555336e+09
4.509522604546244049e+10
4.781737197535403073e+06
1.425767810852276001e+11
8.681482621617938995e+09
4.240407360257869720e+10
1.379883382815762711e+10
2.095517907167796326e+10
9.020459926974430680e+07
9.715545045776193962e+06
9.508681605473300171e+10
8.760041764721675873e+09
1.614137341045820951e+09
2.667614180104689121e+09
2.779552792354062500e+11
8.668326029211886597e+10
1.997022178207785416e+10
4.687366437426309204e+11
8.850526323878727722e+10
3.810195413882201910e+07
3.609802820363965607e+10
7.976952604475105286e+10
2.389951801292585938e+12
4.999556443612169800e+11
1.732977988274889867e+04
6.788001897724862099e+08
2.431133158385706329e+10
4.129290017464851737e+08
3.897307193035017090e+11
2.064494329381652642e+04
1.536333503203155212e+11
7.626828962079831958e+07
2.187132927092085571e+11
2.256000081141275406e+09
3.325746660503071289e+11
1.351455977097273111e+09
4.775508632597392425e+06
5.728599481899809265e+10
2.496143388908169250e+11
3.850973787807345581e+11
1.224971841113207191e+08
2.784780814219960785e+10
1.215009611596757174e+08
1.104184260347836494e+10
5.532168566699211884e+10
3.208132909492642283e+08
1.690016634127506409e+11
2.951610902228449631e+10
3.298437204010448074e+10
2.532379904991439616e+04
5.088101812865857544e+11
2.569104779414724350e+10
2.386095865942888260e+09
1.587617112981212854e+09
3.727098413302581787e+10
5.550089286211260986e+10
3.722351912842973633e+11
4.444240852511588309e+04
2.708341059513290405e+11
2.676602066034338474e+08
1.539616950368811035e+11
9.965476507203512192e+09
2.187496516768580078e+12
3.052582329203525543e+09
6.321027387704505771e+07
2.619073385558743030e+07
1.777620702070584717e+11
2.093852160451604141e+04
1.763655312572393799e+11
4.607932254121129608e+10
3.619998315745007712e+06
2.416740194551482201e+09
7.249314247715715332e+11
3.418709140553145856e+07
7.914489585849829102e+11
9.347251547637351751e+08
9.202646132033621073e+08
2.723946012237992096e+10
2.504198214138208984e+12
6.916928934203746033e+10
2.203735861263164043e+09
1.451058373140023323e+06
5.321590699998974609e+10
4.454024476901871681e+09
3.795740986465317993e+11
3.286049511990098000e+09
4.621856340771389771e+11
4.926217246769859791e+08
2.709689097393128276e+08
1.670452114827448606e+09
9.129987155967772705e+05
5.987795526021428680e+10
6.518123971282785645e+11
1.404365765937596703e+10
1.003744724436974640e+11
2.755549794130641479e+11
1.199082160708079529e+10
1.532027142718638420e+09
7.149709740665526123e+11
6.081540935600752011e+06
4.982630089777724266e+09
3.674718997119961739e+09
5.726533576066372681e+10
5.342431155712605268e+07
9.851197060297163725e+08
4.119228052324984670e+08
1.061886795460250397e+11
1.305600748066761017e+10
3.205929484921258926e+10
2.516317507358202338e+07
7.306440413036242535e+04
1.627206667202704048e+10
6.425115334046224213e+10
8.461801886254751205e+09
1.074816194359329346e+12
4.664774322812634277e+10
2.413520555382232368e+07
3.400227742104803562e+09
3.406669868154266739e+10
1.714708425355402946e+09
1.449834442186427002e+12
7.141580399072204590e+09
1.550982594579333984e+12
4.955217634693643570e+09
1.823214291075603247e+09
3.762079578174046326e+10
6.710055883843905029e+11
2.268727532035982361e+11
9.865874323623454285e+10
4.245026064919745922e+09
2.845360991090327759e+11
2.366489737307060568e+04
2.685944902486753941e+09
6.435931750838514328e+09
1.885622084057752974e+06
1.863101753519768953e+09
2.237407825542530518e+11
6.673258344963032722e+09
5.928035340761357422e+12
1.166299522065445423e+09
1.947545382533957660e+08
7.432982478820413589e+09
7.155893968810802002e+11
7.141264654255299829e+06
2.514623226724474430e+09
2.119198098516475220e+11
3.721994337191271210e+10
1.360286524962713623e+11
3.241162016256144714e+10
7.038354964063417912e+08
8.375731151382157898e+10
1.576834760329462767e+09
1.030968838956799544e+07
5.440272738212603331e+07
2.132615266259645081e+10
6.234198848434161395e+06
8.524590944683918762e+10
1.956182883865162432e+08
2.732547646887649596e+07
8.905716599094786072e+10
1.452821051394263916e+12
8.544693192263761520e+09
1.746418081059131836e+12
1.148413131530983543e+10
1.409710819069198303e+11
1.028524048628959961e+11
1.998067961981943054e+11
4.061325582031187057e+09
2.963955906826437950e+09
5.249678101344268322e+08
1.109778855936613037e+12
2.914153372580129188e+06
7.233026480123531342e+09
1.425109035612283516e+10
3.203417861739584351e+10
2.019348710405095291e+10
1.144979706546341797e+12
1.461734344297537842e+11
2.110029902801091614e+11
8.370449587428904724e+10
9.709306717606282234e+08
2.837675426053973198e+09
3.340979161517506027e+10
6.070090934041738510e+06
5.297230273823171854e+07
2.107204397022212601e+10
1.220539522360970459e+12
1.492387879925509949e+11
3.314562290213283850e+05
6.023539190884699821e+09
3.162064037197575718e+07
1.197181309776558838e+11
3.003095471857416992e+11
4.876805868357285500e+09
4.162692040186508789e+11
3.771913589743442833e+07
7.838151300586945377e+06
1.835136734045852661e+09
5.440783488004044533e+09
4.469363014044715762e+08
1.182424839851491089e+11
6.806932769205407715e+10
1.231398289932852295e+12
6.696957634004257965e+10
8.629053887393634033e+10
6.035764681884001009e+06
8.205045190917665100e+10
3.373264154718960571e+10
9.450128254442906380e+08
8.042519040412138565e+03
2.759283740724897766e+10
7.591903339687963724e+08
8.874396842456336975e+10
8.755258089915027618e+09
4.032545758631747437e+11
1.834778965234329700e+09
1.237668204156242065e+11
7.176493028016605973e+07
1.459659535927314209e+12
2.234273008391997963e+07
1.042468421772374313e+04
3.717701807449045737e+04
2.429647401157162189e+09
1.714807603311837185e+06
8.853627546869456787e+11
8.345488467126194000e+09
5.513944225963623047e+11
1.003572717114067078e+10
1.687693522857213211e+10
