2.482543723450558105e+12
3.977011249873175621e+09
4.118277475077980804e+10
7.184577682794843800e+06
2.424355601876835525e+08
3.267169115201395874e+11
1.048946599344770193e+09
8.500925146346610069e+09
2.549475074282968126e+05
2.535500284772849731e+11
2.038494468479474745e+04
6.570059014078968763e+08
1.669383424085821770e+07
2.558016975758001099e+11
9.444380844487993047e+06
8.184669922691987610e+10
9.368640294537515729e+04
1.228321000519321899e+11
2.827134402675099969e+08
3.417474682311255932e+09
4.209576704906656742e+08
8.396766679525196838e+10
2.154877217047261658e+11
2.056105061766504765e+09
1.974943131195537567e+09
3.789101698014089355e+11
3.620092851185812378e+11
3.980334392188859463e+09
3.188714013588670731e+10
3.381198798229240812e+06
1.008170087451143036e+11
6.138735232499210358e+09
2.998420799431686783e+10
9.757248972356584549e+09
1.481754922256190872e+10
6.378428383785128593e+07
6.869927784791712649e+06
6.723653243373957825e+10
6.194284935312067032e+09
1.141367459619922876e+09
1.886288076341417551e+09
1.965440628139561157e+11
6.129432116791583252e+10
1.412107924390654945e+10
3.314468593810371704e+11
6.258267180684693909e+10
2.694215014801988751e+07
2.552516053025684357e+10
5.640557279828038025e+10
1.689951125402991699e+12
3.535220264203063965e+11
1.225400487156195777e+04
4.799842172588403225e+08
1.719070742262001801e+10
2.919848972835313678e+08
2.755812344562169189e+11
1.459817940026940232e+04
1.086351838279035339e+11
5.392982478036606312e+07
1.546536524103196411e+11
1.595232955732397079e+09
2.351658016150236206e+11
9.556236858805732727e+08
3.376794537724512629e+06
4.050731540353097534e+10
1.765039917110935974e+11
2.723049679530218506e+11
8.661858956137187779e+07
1.969137397853129196e+10
8.591415355669002235e+07
7.807761781714074135e+09
3.911833908180075836e+10
2.268492535249975622e+08
1.195022222309624176e+11
2.087104084389880371e+10
2.332347314273783493e+10
1.790663003359991853e+04
3.597831295245013428e+11
1.816631411102920914e+10
1.687224567369403362e+09
1.122614826516824722e+09
2.635456562195877075e+10
3.924505770470787811e+10
2.632100279533983154e+11
3.142552844037226896e+04
1.915086328947806396e+11
1.892643471430803835e+08
1.088673586035538483e+11
7.046656015998833656e+09
1.546793620829015137e+12
2.158501665110038757e+09
4.469641329911743850e+07
1.851964551353796199e+07
1.256967652811701813e+11
1.480577061457432137e+04
1.247092631195619659e+11
3.258300144137263870e+10
2.559725356947175693e+06
1.708893379933449268e+09
5.126039263512037354e+11
2.417392416189563274e+07
5.596389255784724121e+11
6.609504954790822268e+08
6.507253484821125269e+08
1.926120696839538574e+10
1.770735538652369629e+12
4.891007354360906982e+10
1.558276571443159819e+09
1.026053215544830076e+06
3.762932870668540955e+10
3.149470911188178062e+09
2.683994191157341614e+11
2.323587893242943287e+09
3.268145960229492188e+11
3.483361620789091587e+08
1.916039535673936009e+08
1.181188018041898251e+09
6.455875830130892573e+05
4.234010820808222198e+10
4.609009660708646240e+11
9.930365563607143402e+09
7.097547012296072388e+10
1.948467945326971436e+11
8.478791270365005493e+09
1.083306781578199863e+09
5.055608241140104980e+11
4.300298835626872256e+06
3.523251524625964642e+09
2.598418721818553925e+09
4.049270724328981781e+10
3.777669298226667196e+07
6.965848244141106606e+08
2.912734089052851200e+08
7.508673539223953247e+10
9.231991424802358627e+09
2.266934478793717575e+10
1.779305173071414977e+07
5.166433562393365719e+04
1.150608868770993614e+10
4.543242622609754181e+10
5.983397494827853203e+09
7.600098195605999756e+11
3.298493556365698624e+10
1.706616751243898645e+07
2.404324094020929813e+09
2.408879365035763550e+10
1.212481955326512337e+09
1.025187765667837891e+12
5.049859928572885513e+09
1.096710310129352783e+12
3.503867991747039795e+09
1.289207188775782824e+09
2.660191981090294266e+10
4.744726017606717529e+11
1.604232622567263184e+11
6.976226636568386841e+10
3.001686716818397522e+09
2.011974051723646240e+11
1.673360940858193862e+04
1.899249854441823721e+09
4.550890984271722794e+09
1.333336162392347120e+06
1.317411883954376221e+09
1.582086245720971069e+11
4.718706228333077431e+09
4.191753988565861328e+12
8.246983009471057653e+08
1.377122546658309996e+08
5.255912315214707375e+09
5.059981150798034668e+11
5.049636663271727972e+06
1.778107135746072769e+09
1.498499346138636780e+11
2.631847435365876770e+10
9.618678261578186035e+10
2.291847640618982697e+10
4.976868523487241864e+08
5.922536294537732697e+10
1.114990551839627504e+09
7.290050572183744982e+06
3.846853744694438577e+07
1.507986716434149551e+10
4.408244280993160792e+06
6.027796063827436066e+10
1.383230182422112823e+08
1.932202971029600501e+07
6.297292598545520782e+10
1.027299617291453613e+12
6.042010499408233643e+09
1.234904067903709717e+12
8.120507129092369080e+09
9.968160796758721924e+10
7.272763293989799500e+10
1.412847405189016724e+11
2.871790859660654068e+09
2.095833320854897022e+09
3.712082984507051706e+08
7.847321546502276611e+11
2.060617611169056734e+06
5.114522072597213745e+09
1.007704263011666679e+10
2.265158493010169983e+10
1.427895166707752609e+10
8.096229148199013672e+11
1.033602267146060486e+11
1.492016452777043457e+11
5.918801664851116943e+10
6.865516620639500618e+08
2.006539536569189548e+09
2.362429020911973953e+10
4.292202461879896931e+06
3.745707448127036542e+07
1.490018518480516434e+10
8.630517729676319580e+11
1.055277590055943146e+11
2.343749472075026133e+05
4.259285408617500782e+09
2.235916923248517141e+07
8.465350224527975464e+10
2.123509172700994263e+11
3.448422500045785904e+09
2.943467769607144775e+11
2.667145677357281372e+07
5.542409936611185782e+06
1.297637629048356056e+09
3.847214899335456371e+09
3.160316894815365076e+08
8.361006225024067688e+10
4.813228320186067963e+10
8.707300811530380859e+11
4.735464156323427582e+10
6.101662519000177002e+10
4.267930136206441559e+06
5.801843094439950562e+10
2.385257958535284042e+10
6.682249771799169779e+08
5.686919751297347830e+03
1.951108244284358597e+10
5.368286333606156111e+08
6.275146186241360474e+10
6.190902366417294502e+09
2.851440451373558960e+11
1.297384648295631170e+09
8.751635800178550720e+10
5.074546885248521715e+07
1.032135156077812866e+12
1.579869595256049559e+07
7.371364902080837055e+03
2.628812158476704644e+04
1.718020153250501156e+09
1.212552084732051240e+06
6.260460076491409912e+11
5.901151487419056892e+09
3.898947353263286743e+11
7.096330736851655006e+09
1.193379534576948929e+10
