1.222547934404256641e+13
1.958510072836497116e+10
2.028077722418585510e+11
3.538101070566174388e+07
1.193892742084847212e+09
1.608942801453300781e+12
5.165618982721848488e+09
4.186346600875177765e+10
1.255508797866236651e+06
1.248626804253015381e+12
1.003872430601208034e+05
3.235476580211892605e+09
8.221008305175466835e+07
1.259715323578368408e+12
4.650958685677254200e+07
4.030604260157763672e+11
4.613659663703173283e+05
6.048962150334404297e+11
1.392244290251466513e+09
1.682961945150078201e+10
2.073038737117092609e+09
4.135052955063275757e+11
1.061186018884790771e+12
1.012544904017614555e+10
9.725760810581209183e+09
1.865972554842312988e+12
1.782742835810912842e+12
1.960146580075178909e+10
1.570306977433735046e+11
1.665097604339389876e+07
4.964811883467722168e+11
3.023067834598003387e+10
1.476595606431007690e+11
4.805033024772894287e+10
7.297017177928160095e+10
3.141106588247082233e+08
3.383149284931733459e+07
3.311115251139310303e+11
3.050423717110411072e+10
5.620752685938989639e+09
9.289172108587461472e+09
9.678964996380574951e+11
3.018486443025944824e+11
6.954035128614561462e+10
1.632235796990728027e+12
3.081932270687920532e+11
1.326787105529383719e+08
1.257006351462314911e+11
2.777736233284914551e+11
8.322295547463389648e+12
1.740946671286936523e+12
6.034579855489957117e+04
2.363719550287815094e+09
8.465697361922248840e+10
1.437902300286835432e+09
1.357121188893868164e+12
7.188986805459405878e+04
5.349823986496857300e+11
2.655816099640716314e+08
7.616039206734062500e+11
7.855848565734555244e+09
1.158092251472460938e+12
4.706043048527779579e+09
1.662928692053265125e+07
1.994814202346305237e+11
8.692076133127612305e+11
1.340986960085717285e+12
4.265599705211970806e+08
9.697170025901702881e+10
4.230909207143047452e+08
3.844992919314093018e+10
1.926412984795644226e+11
1.117136764595061302e+09
5.884979731278082275e+11
1.027810613426383209e+11
1.148582546379275360e+11
8.818259011080332857e+04
1.771779959719361084e+12
8.946142451545011902e+10
8.308868400700537682e+09
5.528403888017444611e+09
1.297851049264261169e+11
1.932653341781998596e+11
1.296198221804742432e+12
1.547574551031044102e+05
9.430991339829266357e+11
9.320469745223051310e+08
5.361257613615317383e+11
3.470180474744123840e+10
7.617305299524787109e+12
1.062970906478369522e+10
2.201109581190554202e+08
9.120143244448202848e+07
6.190034814057596436e+11
7.291216710959801276e+04
6.141404503280396729e+11
1.604575207782211304e+11
1.260556629161134921e+07
8.415578150828710556e+09
2.524357840743813477e+12
1.190463667221659869e+08
2.755985346865150879e+12
3.254902040026505947e+09
3.204547509622706413e+09
9.485330941368060303e+10
8.720124663692664062e+12
2.408614551980132141e+11
7.673853981514066696e+09
5.052878736450418830e+06
1.853085512606209106e+11
1.550981406920659447e+10
1.321753781557427490e+12
1.144268901472773361e+10
1.609423856372918457e+12
1.715408479637833118e+09
9.435685480371814966e+08
5.816852118088949203e+09
3.179246184605648741e+06
2.085071507231986389e+11
2.269742597933679199e+12
4.890285634443070221e+10
3.495242141056484375e+11
9.595381701883795166e+11
4.175446601771009064e+10
5.334828368314648628e+09
2.489673536856063477e+12
2.117715554878268763e+07
1.735052572540885925e+10
1.279611477159100342e+10
1.994094812151499329e+11
1.860342580790548623e+08
3.430386059993127346e+09
1.434398520518684626e+09
3.697704591778547974e+11
4.546365866677439117e+10
1.116369487594342041e+11
8.762326493850328028e+07
2.544250326903306413e+05
5.666262722930091095e+10
2.237355109318601990e+11
2.946570559431711578e+10
3.742727373757242188e+12
1.624368765749533997e+11
8.404366716059106588e+07
1.184028070489777946e+10
1.186271349074251862e+11
5.970961542327024460e+09
5.048616761326063477e+12
2.486842735694746399e+10
5.400835085494092773e+12
1.725507001254975891e+10
6.348800912421639442e+09
1.310032198377704468e+11
2.336577171771513184e+12
7.900168123917398682e+11
3.435496979935665894e+11
1.478203932809045601e+10
9.908122454298011475e+11
8.240595895388633653e+04
9.353003391368787766e+09
2.241121604411151505e+10
6.566117469760352746e+06
6.487697124018526077e+09
7.791106571396823730e+11
2.323763524491251755e+10
2.064261802055652344e+13
4.061290823624295235e+09
6.781746919238809347e+08
2.588314833562932587e+10
2.491827010174232422e+12
2.486732786963460967e+07
8.756426666010032654e+09
7.379476393598370361e+11
1.296073706730737915e+11
4.736792802201669922e+11
1.128638167594315186e+11
2.450897551457392216e+09
2.916598988741052856e+11
5.490857555318890572e+09
3.590042013978371024e+07
1.894412998694211543e+08
7.426197685344990540e+10
2.170874127681763098e+07
2.968434979505449829e+11
6.811824445836215019e+08
9.515283572926166654e+07
3.101150640759043579e+11
5.059016738638974609e+12
2.975434988687109756e+10
6.081380976866253906e+12
3.999006794203854370e+10
4.908898190501323853e+11
3.581528759590205078e+11
6.957676759229277344e+11
1.414235709266483498e+10
1.032109393709051895e+10
1.828044091299432039e+09
3.864474432678986816e+12
1.014767144012372568e+07
2.518686110642928696e+10
4.962517894842678833e+10
1.115494889604104156e+11
7.031780629337829590e+10
3.987050913986194336e+12
5.090054627270048218e+11
7.347550881820625000e+11
2.914759841351217041e+11
3.380976972890796185e+09
9.881359762411420822e+09
1.163396516407870941e+11
2.113728432755492628e+07
1.844602719514417648e+08
7.337711899231027222e+10
4.250165474866100586e+12
5.196796438101845093e+11
1.154197627530106110e+06
2.097518174264382172e+10
1.101094651504306346e+08
4.168827454374299927e+11
1.045738581863005615e+12
1.698202438313711548e+10
1.449533560165062988e+12
1.313456600102183819e+08
2.729402811970485374e+07
6.390317270196105957e+09
1.894590852101668549e+10
1.556322595780596018e+09
4.117442441552179565e+11
2.370311662620245361e+11
4.287977899771713867e+12
2.332016096261074219e+11
3.004811088953255005e+11
2.101775337494787201e+07
2.857162685129411011e+11
1.174638804014886017e+11
3.290725790050355911e+09
2.800567792380236278e+04
9.608384059127584839e+10
2.643654291542033195e+09
3.090244468045483398e+11
3.048757944791389847e+10
1.404213992677705322e+12
6.389071446834501266e+09
4.309811009207675781e+11
2.499000019212225378e+08
5.082829724888330078e+12
7.780190504051917791e+07
3.630085887169447233e+04
1.294578961056714325e+05
8.460523654753325462e+09
5.971306900030385703e+06
3.083012179256514648e+12
2.906067874415206146e+10
1.920066900758417236e+12
3.494643176769091034e+10
5.876890187978268433e+10
