1.728943869485712695e+13
2.769751507049692535e+10
2.868135020591101074e+11
5.003630519041451067e+07
1.688419307875194550e+09
2.275388730897819824e+12
7.305288423417148590e+09
5.920388139752182007e+10
1.775557569621172734e+06
1.765824960917189941e+12
1.419690006248671853e+05
4.575654860476179123e+09
1.162626144156099707e+08
1.781506495333740479e+12
6.577448851321717352e+07
5.700135209273883057e+11
6.524700068582720123e+05
8.554524311284436035e+11
1.968930757410127640e+09
2.380067607789045334e+10
2.931719497355785847e+09
5.847847970181428223e+11
1.500743660107582275e+12
1.431954735773474312e+10
1.375430284272069168e+10
2.638883694073972656e+12
2.521179096627264648e+12
2.772065877781557846e+10
2.220749424575889587e+11
2.354803614731714875e+07
7.021304300231162109e+11
4.275263531662361145e+10
2.088221532755255737e+11
6.795342871284442139e+10
1.031954065789545288e+11
4.442195537958503962e+08
4.784495602283295989e+07
4.682624094741608887e+11
4.313950591722092438e+10
7.948944679199920654e+09
1.313687317918226814e+10
1.368812356761586426e+12
4.268784465566613770e+11
9.834490792105642700e+10
2.308330001095145020e+12
4.358510415522165527e+11
1.876360319021397233e+08
1.777675430227127075e+11
3.928312253806681519e+11
1.176950323329994727e+13
2.462070393902280273e+12
8.534184674857369100e+04
3.342804245663461208e+09
1.197230402417657471e+11
2.033500934433113337e+09
1.919259191117607178e+12
1.016676264000192314e+05
7.565793638012752686e+11
3.755891147280715704e+08
1.077070593772854004e+12
1.110984758561103439e+10
1.637789768511547119e+12
6.655349904339611053e+09
2.351736309561079741e+07
2.821093299372612305e+11
1.229245195264855713e+12
1.896441945918689697e+12
6.032468954765444994e+08
1.371386936726804504e+11
5.983409181910896301e+08
5.437641133722509766e+10
2.724359369829635010e+11
1.579869963515935183e+09
8.322618150264234619e+11
1.453543709058601379e+11
1.624341014594595642e+11
1.247090148998856312e+05
2.505675248575976074e+12
1.265175598589664459e+11
1.175051438024394798e+10
7.818343756710419655e+09
1.835438555809670105e+11
2.733184567313787231e+11
1.833101104800155762e+12
2.188600918851555907e+05
1.333743585940975342e+12
1.318113472138254404e+09
7.581963228550795898e+11
4.907576291265444946e+10
1.077249646332440430e+13
1.503267872349732971e+10
3.112839021989044547e+08
1.289783026708400846e+08
8.754031185601871338e+11
1.031133755884070124e+05
8.685257540558338623e+11
2.269212020693229980e+11
1.782696281098989025e+07
1.190142475611265373e+10
3.569981094662762695e+12
1.683569863697282374e+08
3.897551855238214844e+12
4.603126609201338768e+09
4.531914549377357483e+09
1.341428366087986755e+11
1.233211856497828906e+13
3.406295365939498901e+11
1.085246837632796669e+10
7.145849638114809990e+06
2.620658664164799805e+11
2.193418940655700684e+10
1.869242123996438965e+12
1.618240599464558792e+10
2.276069045289389648e+12
2.425953936913634777e+09
1.334407437662871361e+09
8.226271155720055580e+09
4.496133072392225266e+06
2.948736404045186157e+11
3.209900765093751953e+12
6.915908268107705688e+10
4.943018839660054932e+11
1.356991893895069336e+12
5.904973213189212036e+10
7.544586631403306007e+09
3.520930081703236816e+12
2.994902058957312256e+07
2.453734879517649460e+10
1.809643905566669464e+10
2.820075928002479858e+11
2.630921708414159119e+08
4.851298490217885971e+09
2.028545841565426111e+09
5.229343983342491455e+11
6.429532268165345001e+10
1.578784869975421143e+11
1.239180096554422379e+08
3.598113318378836848e+05
8.013305590736837769e+10
3.164097939443105469e+11
4.167080047637604523e+10
5.293015812232527344e+12
2.297204338818235779e+11
1.188556939300781786e+08
1.674468555517090988e+10
1.677641030515434875e+11
8.444214793567050934e+09
7.139822295091449219e+12
3.516926724308520508e+10
7.637934226046200195e+12
2.440235403144515610e+10
8.978560355153362274e+09
1.852665302091190491e+11
3.304419125850643066e+12
1.117252490587159668e+12
4.858526422516827393e+11
2.090496049731799316e+10
1.401220115252164307e+12
1.165396247729466268e+05
1.322714424499529076e+10
3.169424567885600662e+10
9.285892377870000899e+06
9.174989261355922699e+09
1.101828857916353271e+12
3.286297892083432007e+10
2.919307036755828516e+13
5.743532563510875702e+09
9.590838469769477844e+08
3.660429941316159821e+10
3.523975552875999512e+12
3.516771233321570605e+07
1.238345734899681282e+10
1.043615559903891113e+12
1.832925013893778992e+11
6.698836623024859619e+11
1.596135403623798828e+11
3.466092557258054256e+09
4.124693845881250610e+11
7.765245223790752411e+09
5.077086105657432973e+07
2.679104555489238501e+08
1.050222948347857208e+11
3.070079633572411165e+07
4.198001007039307251e+11
9.633374515806167126e+08
1.345664307865810692e+08
4.385689295123453369e+11
7.154530084055741211e+12
4.207900514960747528e+10
8.600371455441997070e+12
5.655449644385243225e+10
6.942230397315717773e+11
5.065046545841755981e+11
9.839640835510126953e+11
2.000031320436994171e+10
1.459623102436013603e+10
2.585244746531657219e+09
5.465192154138695312e+12
1.435097457712908834e+07
3.561960057031971741e+10
7.018060110405696106e+10
1.577548001636002502e+11
9.944439533641976929e+10
5.638541476431320312e+12
7.198424287105231934e+11
1.039100610729712158e+12
4.122092898699341431e+11
4.781423489133296013e+09
1.397435299069001389e+10
1.645291131921623840e+11
2.989263416776444018e+07
2.608662183127583563e+08
1.037709168467895966e+11
6.010641656885525391e+12
7.349380003655821533e+11
1.632281938511925982e+06
2.966338649368741989e+10
1.557182989613866806e+08
5.895612325169439697e+11
1.478897685167469727e+12
2.401620919918310165e+10
2.049950019900388672e+12
1.857508137452962995e+08
3.859958473867923021e+07
9.037273351378347397e+09
2.679356078190178299e+10
2.200972522380619049e+09
5.822942943133681641e+11
3.352126900328671265e+11
6.064116501013257812e+12
3.297968791004772339e+11
4.249444594366761475e+11
2.972359187346417084e+07
4.040638219216341553e+11
1.661190127527563782e+11
4.653789042340131760e+09
3.960600954329407978e+04
1.358830704890768127e+11
3.738691753324579239e+09
4.370265637758353271e+11
4.311594833916706848e+10
1.985858472918885010e+12
9.035511491084045410e+09
6.094993180486370850e+11
3.534119719540554285e+08
7.188206732170183594e+12
1.100285092867658883e+08
5.133716694214201561e+04
1.830811124289276195e+05
1.196498729733053780e+10
8.444703203115014359e+06
4.360037636865994629e+12
4.109800601174736786e+10
2.715384651716229004e+12
4.942171776241445923e+10
8.311177808416235352e+10
