3.706072315059198438e+13
5.937092326151530457e+10
6.147982004081053467e+11
1.072551681329065114e+08
3.619206015629057884e+09
4.877402517460835938e+12
1.565922853678418922e+10
1.269062979220200043e+11
3.805990968650819268e+06
3.785128665190462402e+12
3.043172147450621706e+05
9.808130906367147446e+09
2.492143696314804852e+08
3.818742770069479492e+12
1.409907026007288396e+08
1.221850730033701660e+12
1.398600076903138310e+06
1.833702428291243652e+12
4.220495470727317810e+09
5.101786602141074371e+10
6.284278313732342720e+09
1.253513653477436768e+12
3.216914457945786621e+12
3.069462170710358429e+10
2.948299356503107071e+10
5.656571028056452148e+12
5.404265700132654297e+12
5.942053288417298889e+10
4.760280600406364136e+11
5.047632047507978976e+07
1.505049524275943604e+12
9.164227997169819641e+10
4.476200845407891846e+11
1.456613631655568542e+11
2.212041964539333191e+11
9.522054585962115526e+08
1.025579083629767001e+08
1.003742447955417847e+12
9.247155525800955200e+10
1.703893592467108536e+10
2.815950410830467987e+10
2.934113518337658691e+12
9.150339814962939453e+11
2.108069249707271423e+11
4.948013675900298828e+12
9.342671599089378662e+11
4.022066392166533470e+08
3.810530702240445557e+11
8.420521652372274170e+11
2.522848246537196484e+13
5.277563422161484375e+12
1.829342531779210258e+05
7.165457761911499023e+09
2.566319547705784912e+11
4.358904675136331558e+09
4.114022137537446289e+12
2.179293279491897265e+05
1.621763368849597412e+12
8.050928919660927057e+08
2.308751359367905762e+12
2.381447963016162872e+10
3.510679222208270020e+12
1.426605482272930527e+10
5.041057134941204637e+07
6.047145867213040771e+11
2.634944758470232422e+12
4.065112301752679199e+12
1.293088027858330965e+09
2.939632251305455322e+11
1.282571835333618164e+09
1.165583893183909760e+11
5.839792149991003418e+11
3.386525402309122086e+09
1.783992254455219727e+12
3.115739148011166992e+11
3.481851187103530273e+11
2.673196254174811766e+05
5.371032474315522461e+12
2.711963264033744202e+11
2.518777896779312134e+10
1.675898671885707283e+10
3.934348672465487061e+11
5.858709374921315918e+11
3.929338236541535156e+12
4.691368769815289415e+05
2.858941962479062988e+12
2.825438080098705769e+09
1.625229396457347656e+12
1.051962006870117188e+11
2.309135166931433984e+13
3.222325225335679245e+10
6.672516513830573559e+08
2.764710440911605954e+08
1.876467662988642090e+12
2.210283591763845470e+05
1.861725709452731934e+12
4.864162449294723511e+11
3.821293131688072532e+07
2.551126243994803619e+10
7.652421998031630859e+12
3.608811004473182559e+08
8.354585294606829102e+12
9.867017888873331070e+09
9.714371497009552002e+09
2.875414649333047485e+11
2.643447482958976953e+13
7.301553957548613281e+11
2.326277521752529526e+10
1.531746401881205477e+07
5.617504821235288086e+11
4.701696425638496399e+10
4.006808207108717285e+12
3.468774661009873962e+10
4.878860803282967773e+12
5.200146101838956833e+09
2.860364959796236515e+09
1.763339824065703583e+10
9.637672222043514252e+06
6.320754851740654297e+11
6.880572914804854492e+12
1.482457390218634949e+11
1.059559283432917480e+12
2.908775801507201172e+12
1.265758717376772614e+11
1.617217547468829727e+10
7.547278850030542969e+12
6.419713099371504784e+07
5.259695855933410645e+10
3.879056629253780365e+10
6.044965083940936279e+11
5.639504138177887201e+08
1.039898596131583023e+10
4.348283201056350708e+09
1.120934421564062744e+12
1.378200412308079529e+11
3.384199453386937256e+11
2.656240685580382645e+08
7.712724739673675504e+05
1.717689655869091187e+11
6.782392408721774902e+11
8.932331622644914246e+10
1.134582776867161328e+13
4.924165296737233276e+11
2.547727572511875629e+08
3.589301923309395599e+10
3.596102272336965942e+11
1.810057065540309525e+10
1.530454412620797266e+13
7.538697465597132874e+10
1.637227042414799805e+13
5.230759094863690186e+10
1.924596544086761856e+10
3.971275011486245728e+11
7.083177456368189453e+12
2.394883140727794434e+12
1.041447937336985962e+12
4.481076379278987122e+10
3.003581069398631836e+12
2.498081543311627756e+05
2.835300437385121155e+10
6.793810286740690613e+10
1.990474605313820764e+07
1.966702001875348663e+10
2.361821860342838867e+12
7.044333741447962952e+10
6.257671621980720312e+13
1.231153156556800652e+10
2.055841231074223280e+09
7.846303345151881409e+10
7.553806960398316406e+12
7.538364163370180130e+07
2.654452192220963669e+10
2.237038924389891602e+12
3.928960777420637207e+11
1.435927064484856445e+12
3.421391136437285156e+11
7.429732043127479553e+09
8.841474810204573975e+11
1.664516752189125443e+10
1.088297231011074334e+08
5.742786331866915226e+08
2.251202171571715088e+11
6.580859758272114396e+07
8.998612150090728760e+11
2.064959032142892361e+09
2.884494589305688739e+08
9.400930802885635986e+11
1.533607096201699805e+13
9.019832209855462646e+10
1.843529978779473828e+13
1.212272169512483978e+11
1.488099662131154541e+12
1.085716494868862061e+12
2.109173185677638672e+12
4.287160986971583557e+10
3.128770612991625595e+10
5.541593426987991333e+09
1.171489583693482422e+13
3.076198742659991607e+07
7.635228527482257080e+10
1.504354116963470764e+11
3.381548168061256714e+11
2.131637278390852356e+11
1.208647824369859766e+13
1.543016024599224365e+12
2.227360918970721191e+12
8.835899557870517578e+11
1.024920561760151291e+10
2.995468138307248306e+10
3.526758746679791870e+11
6.407626405263119936e+07
5.591789801196271181e+08
2.224378297188988953e+11
1.288409244133016211e+13
1.575374090802638916e+12
3.498872930148759391e+06
6.358486090578335571e+10
3.337894809162141085e+08
1.263752167103699463e+12
3.170086585537695312e+12
5.147987138080889893e+10
4.394164061709965820e+12
3.981655856334605813e+08
8.274002117567458749e+07
1.937181950338748169e+10
5.743325482579100800e+10
4.717887882518230438e+09
1.248175144062731934e+12
7.185441309652623291e+11
1.299871827902890039e+13
7.069350860943634033e+11
9.108883893521195068e+11
6.371391396247664094e+07
8.661297630131960449e+11
3.560838989822646484e+11
9.975615191644685745e+09
8.489733997092353820e+04
2.912717379162821045e+11
8.014061211633138657e+09
9.367869469567303467e+11
9.242105848401005554e+10
4.256780823254617676e+12
1.936804287317122269e+10
1.306490389036994385e+12
7.575551457659546137e+08
1.540825843752946094e+13
2.358512727519675195e+08
1.100436263407665392e+05
3.924429555858962703e+05
2.564751172972542953e+10
1.810161758418780938e+07
9.345945269704847656e+12
8.809550441309573364e+10
5.820554420575619141e+12
1.059377711414287415e+11
1.781539963496213684e+11
