3.457887738971425391e+13
5.539503014099385071e+10
5.736270041182202148e+11
1.000726103808290213e+08
3.376838615750389099e+09
4.550777461795639648e+12
1.461057684683429718e+10
1.184077627950436401e+11
3.551115139242345467e+06
3.531649921834379883e+12
2.839380012497343705e+05
9.151309720952358246e+09
2.325252288312199414e+08
3.563012990667480957e+12
1.315489770264343470e+08
1.140027041854776611e+12
1.304940013716544025e+06
1.710904862256887207e+12
3.937861514820255280e+09
4.760135215578090668e+10
5.863438994711571693e+09
1.169569594036285645e+12
3.001487320215164551e+12
2.863909471546948624e+10
2.750860568544138336e+10
5.277767388147945312e+12
5.042358193254529297e+12
5.544131755563115692e+10
4.441498849151779175e+11
4.709607229463429749e+07
1.404260860046232422e+12
8.550527063324722290e+10
4.176443065510511475e+11
1.359068574256888428e+11
2.063908131579090576e+11
8.884391075917007923e+08
9.568991204566591978e+07
9.365248189483217773e+11
8.627901183444184875e+10
1.589788935839984131e+10
2.627374635836453629e+10
2.737624713523172852e+12
8.537568931133227539e+11
1.966898158421128540e+11
4.616660002190290039e+12
8.717020831044331055e+11
3.752720638042794466e+08
3.555350860454254150e+11
7.856624507613363037e+11
2.353900646659989453e+13
4.924140787804560547e+12
1.706836934971473820e+05
6.685608491326922417e+09
2.394460804835314941e+11
4.067001868866226673e+09
3.838518382235214355e+12
2.033352528000384627e+05
1.513158727602550537e+12
7.511782294561431408e+08
2.154141187545708008e+12
2.221969517122206879e+10
3.275579537023094238e+12
1.331069980867922211e+10
4.703472619122159481e+07
5.642186598745224609e+11
2.458490390529711426e+12
3.792883891837379395e+12
1.206493790953088999e+09
2.742773873453609009e+11
1.196681836382179260e+09
1.087528226744501953e+11
5.448718739659270020e+11
3.159739927031870365e+09
1.664523630052846924e+12
2.907087418117202759e+11
3.248682029189191284e+11
2.494180297997712623e+05
5.011350497151952148e+12
2.530351197179328918e+11
2.350102876048789597e+10
1.563668751342083931e+10
3.670877111619340210e+11
5.466369134627574463e+11
3.666202209600311523e+12
4.377201837703111814e+05
2.667487171881950684e+12
2.636226944276508808e+09
1.516392645710159180e+12
9.815152582530889893e+10
2.154499292664880859e+13
3.006535744699465942e+10
6.225678043978089094e+08
2.579566053416801691e+08
1.750806237120374268e+12
2.062267511768140248e+05
1.737051508111667725e+12
4.538424041386459961e+11
3.565392562197978050e+07
2.380284951222530746e+10
7.139962189325525391e+12
3.367139727394564748e+08
7.795103710476429688e+12
9.206253218402677536e+09
9.063829098754714966e+09
2.682856732175973511e+11
2.466423712995657812e+13
6.812590731878997803e+11
2.170493675265593338e+10
1.429169927622961998e+07
5.241317328329599609e+11
4.386837881311401367e+10
3.738484247992877930e+12
3.236481198929117584e+10
4.552138090578779297e+12
4.851907873827269554e+09
2.668814875325742722e+09
1.645254231144011116e+10
8.992266144784450531e+06
5.897472808090372314e+11
6.419801530187503906e+12
1.383181653621541138e+11
9.886037679320109863e+11
2.713983787790138672e+12
1.180994642637842407e+11
1.508917326280661201e+10
7.041860163406473633e+12
5.989804117914624512e+07
4.907469759035298920e+10
3.619287811133338928e+10
5.640151856004959717e+11
5.261843416828318238e+08
9.702596980435771942e+09
4.057091683130852222e+09
1.045868796668498291e+12
1.285906453633069000e+11
3.157569739950842285e+11
2.478360193108844757e+08
7.196226636757673696e+05
1.602661118147367554e+11
6.328195878886210938e+11
8.334160095275209045e+10
1.058603162446505469e+13
4.594408677636471558e+11
2.377113878601563573e+08
3.348937111034181976e+10
3.355282061030869751e+11
1.688842958713410187e+10
1.427964459018289844e+13
7.033853448617041016e+10
1.527586845209240039e+13
4.880470806289031219e+10
1.795712071030672455e+10
3.705330604182380981e+11
6.608838251701286133e+12
2.234504981174319336e+12
9.717052845033654785e+11
4.180992099463598633e+10
2.802440230504328613e+12
2.330792495458932535e+05
2.645428848999058151e+10
6.338849135771201324e+10
1.857178475574000180e+07
1.834997852271184540e+10
2.203657715832706543e+12
6.572595784166864014e+10
5.838614073511657031e+13
1.148706512702175140e+10
1.918167693953895569e+09
7.320859882632319641e+10
7.047951105751999023e+12
7.033542466643141210e+07
2.476691469799362564e+10
2.087231119807782227e+12
3.665850027787557983e+11
1.339767324604971924e+12
3.192270807247597656e+11
6.932185114516108513e+09
8.249387691762501221e+11
1.553049044758150482e+10
1.015417221131486595e+08
5.358209110978477001e+08
2.100445896695714417e+11
6.140159267144822329e+07
8.396002014078614502e+11
1.926674903161233425e+09
2.691328615731621385e+08
8.771378590246906738e+11
1.430906016811148242e+13
8.415801029921495056e+10
1.720074291088399414e+13
1.131089928877048645e+11
1.388446079463143555e+12
1.013009309168351196e+12
1.967928167102025391e+12
4.000062640873988342e+10
2.919246204872027206e+10
5.170489493063314438e+09
1.093038430827739062e+13
2.870194915425817668e+07
7.123920114063943481e+10
1.403612022081139221e+11
3.155096003272005005e+11
1.988887906728395386e+11
1.127708295286264062e+13
1.439684857421046387e+12
2.078201221459424316e+12
8.244185797398682861e+11
9.562846978266592026e+09
2.794870598138002777e+10
3.290582263843247681e+11
5.978526833552888036e+07
5.217324366255167127e+08
2.075418336935791931e+11
1.202128331377105078e+13
1.469876000731164307e+12
3.264563877023851965e+06
5.932677298737483978e+10
3.114365979227733612e+08
1.179122465033887939e+12
2.957795370334939453e+12
4.803241839836620331e+10
4.099900039800777344e+12
3.715016274905925989e+08
7.719916947735846043e+07
1.807454670275669479e+10
5.358712156380356598e+10
4.401945044761238098e+09
1.164588588626736328e+12
6.704253800657342529e+11
1.212823300202651562e+13
6.595937582009544678e+11
8.498889188733522949e+11
5.944718374692834169e+07
8.081276438432683105e+11
3.322380255055127563e+11
9.307578084680263519e+09
7.921201908658815955e+04
2.717661409781536255e+11
7.477383506649158478e+09
8.740531275516706543e+11
8.623189667833413696e+10
3.971716945837770020e+12
1.807102298216809082e+10
1.218998636097274170e+12
7.068239439081108570e+08
1.437641346434036719e+13
2.200570185735317767e+08
1.026743338842840312e+05
3.661622248578552390e+05
2.392997459466107559e+10
1.688940640623002872e+07
8.720075273731989258e+12
8.219601202349473572e+10
5.430769303432458008e+12
9.884343552482891846e+10
1.662235561683247070e+11
