3.226323341490955859e+13
5.168539068872310638e+10
5.352129196787194824e+11
9.337104703452226520e+07
3.150701835590597153e+09
4.246025508997464355e+12
1.363215022348021698e+10
1.104783491418402557e+11
3.313307581658931915e+06
3.295145891629863281e+12
2.649235227170214057e+05
8.538473885420044899e+09
2.169537098641738296e+08
3.324408669566986816e+12
1.227395355685807914e+08
1.063682841294619385e+12
1.217552084774029674e+06
1.596330681866412842e+12
3.674154709430407047e+09
4.441363200310531616e+10
5.470782025929307938e+09
1.091247017134165039e+12
2.800486693440150391e+12
2.672122021728046417e+10
2.566643665569380188e+10
4.924331094799080078e+12
4.704686549452405273e+12
5.172857837367266083e+10
4.144064958131372070e+11
4.394218922269638628e+07
1.310221711146986328e+12
7.977923845110298157e+10
3.896759167396427002e+11
1.268055817542568359e+11
1.925694378264381409e+11
8.289429983545761108e+08
8.928184489586164057e+07
8.738085534718195801e+11
8.050116451872888184e+10
1.483325526718897820e+10
2.451427216362416077e+10
2.554294176163621094e+12
7.965833480266938477e+11
1.835180872799902954e+11
4.307496092751930176e+12
8.133268023277958984e+11
3.501412163314985037e+08
3.317259649292595215e+11
7.330489867719892578e+11
2.196266962133595312e+13
4.594385809993700195e+12
1.592535171501949371e+05
6.237893290906640053e+09
2.234110927853125305e+11
3.794646920294042110e+09
3.581464289245948242e+12
1.897184992049128632e+05
1.411827014285036865e+12
7.008740706067875624e+08
2.009884796408422852e+12
2.073170865664128113e+10
3.056223774445408203e+12
1.241932206194038582e+10
4.388495128431010991e+07
5.264346241036141357e+11
2.293852643740430176e+12
3.538885804152798340e+12
1.125698511043544292e+09
2.559098512257417603e+11
1.116543633717424870e+09
1.014699714780142059e+11
5.083834345706951294e+11
2.948141596596839428e+09
1.553055462031913818e+12
2.712408470384907227e+11
3.031127512246256714e+11
2.327152504872971331e+05
4.675755345997153320e+12
2.360901147142971191e+11
2.192723516859056854e+10
1.458954532837328720e+10
3.425049453018187866e+11
5.100302746526034546e+11
3.420687615202231934e+12
4.084073725192545098e+05
2.488853535867074707e+12
2.459686712188247681e+09
1.414844366571363770e+12
9.157861176469017029e+10
2.010218920299049219e+13
2.805197040039285660e+10
5.808763009717895985e+08
2.406820231686274409e+08
1.633559981021723877e+12
1.924163625854196143e+05
1.620726365066952148e+12
4.234499360197376099e+11
3.326628888310661912e+07
2.220884388749201584e+10
6.661820280966087891e+12
3.141652452773380876e+08
7.273088934325490234e+12
8.589737981211611748e+09
8.456851578789477348e+09
2.503193842686811829e+11
2.301254695333658594e+13
6.356371910680988770e+11
2.025142206944776154e+10
1.333462692984494753e+07
4.890321986445073242e+11
4.093064471786966705e+10
3.488129141718026855e+12
3.019743735089467621e+10
4.247295020541368652e+12
4.526990118178048134e+09
2.490092326983108997e+09
1.535076477122886658e+10
8.390080981763388962e+06
5.502536696639536133e+11
5.989886626783419922e+12
1.290554116117334595e+11
9.223999310381639404e+11
2.532236412504228516e+12
1.101906964409328918e+11
1.407869646921366119e+10
6.570287854247012695e+12
5.588684854857369512e+07
4.578831190149119568e+10
3.376914933654442978e+10
5.262447758930183716e+11
4.909473504201582074e+08
9.052843086331981659e+09
3.785400390050680161e+09
9.758300921106098633e+11
1.199793145269749146e+11
2.946116740452433472e+11
2.312391825082084835e+08
6.714316866670870222e+05
1.495335697484762878e+11
5.904415531908096924e+11
7.776046325641311646e+10
9.877116755077878906e+12
4.286734872837824097e+11
2.217925673375280201e+08
3.124668811176856232e+10
3.130588858853417358e+11
1.575746198004245949e+10
1.332337951006073828e+13
6.562817325194647217e+10
1.425288924017851172e+13
4.553640276499909210e+10
1.675458605572504425e+10
3.457195698253172607e+11
6.166264124567734375e+12
2.084866867188972412e+12
9.066330884922996826e+11
3.901003566154278564e+10
2.614769191870553711e+12
2.174706294689588540e+05
2.468272392879364395e+10
5.914355372049110413e+10
1.732808788882577047e+07
1.712113535568199730e+10
2.056085350926558105e+12
6.132448706663417053e+10
5.447619555437485938e+13
1.071781073944324112e+10
1.789713741759062290e+09
6.830603796914233398e+10
6.575970904404937500e+12
6.562527168753225356e+07
2.310834851180591583e+10
1.947455495742975586e+12
3.420359017951913452e+11
1.250047114839441650e+12
2.978493981081845093e+11
6.467957415283890724e+09
7.696950876392083740e+11
1.449045996234078217e+10
9.474177674903027713e+07
4.999385876096025109e+08
1.959785318555214233e+11
5.728971169536583871e+07
7.833746876144830322e+11
1.797651248615414143e+09
2.511098389544689357e+08
8.183985605959975586e+11
1.335082521473322852e+13
7.852220011126196289e+10
1.604886061479762500e+13
1.055344220037307281e+11
1.295465999109048584e+12
9.451711061879813232e+11
1.836141904880748779e+12
3.732190412149279785e+10
2.723753019564219284e+10
4.824237279422494888e+09
1.019840916979902930e+13
2.677986548233484477e+07
6.646852495494315338e+10
1.309616323919392700e+11
2.943808662518703613e+11
1.855698033446173401e+11
1.052189044331816406e+13
1.343273469389800781e+12
1.939030302673733643e+12
7.692097337332153320e+11
8.922451723740797043e+09
2.607706475138967133e+10
3.070221813531625366e+11
5.578162776492927223e+07
4.867935761264935732e+08
1.936433779601547546e+11
1.121625393235930859e+13
1.371442802150356689e+12
3.045945800242562778e+06
5.535383647863539886e+10
2.905806206339310408e+08
1.100160160938822998e+12
2.759720662737327637e+12
4.481583102897520447e+10
3.825341999137195312e+12
3.466232748583402634e+08
7.202937204161675274e+07
1.686414838074481583e+10
4.999855234052220154e+10
4.107159953694203377e+09
1.086599574756032227e+12
6.255289979649331055e+11
1.131604151993623242e+13
6.154227374132420654e+11
7.929744004503868408e+11
5.546618368983482569e+07
7.540097530786762695e+11
3.099890388396906738e+11
8.684277424311653137e+09
7.390742713403003290e+04
2.535667755152604065e+11
6.976645502076847076e+09
8.155204043616379395e+11
8.045720452367898560e+10
3.705742943512446289e+12
1.686086063318269157e+10
1.137365944117127686e+12
6.594900588744292259e+08
1.341366806220352930e+13
2.053204583483331203e+08
9.579854089810251025e+04
3.416414360468977829e+05
2.232745578345642471e+10
1.575837338448572345e+07
8.136117919076302734e+12
7.669159099067668152e+10
5.067086929527850586e+12
9.222418634150666809e+10
1.550920618756185303e+11
