6.020532237952671094e+13
9.644834938609594727e+10
9.987426231139694824e+11
1.742365346750885248e+08
5.879417518203210831e+09
7.923363765603000977e+12
2.543849180818581390e+10
2.061598891997182007e+11
6.182850569593636319e+06
6.148959657635264648e+12
4.943647738582637976e+05
1.593335566494474602e+10
4.048499378791574240e+08
6.203565932113967773e+12
2.290400721027826667e+08
1.984902366918980225e+12
2.272032528017179109e+06
2.978858383167622070e+12
6.856215119817805290e+09
8.287876786574449158e+10
1.020884023939723778e+10
2.036338937804615723e+12
5.225892954678971680e+12
4.986356007368602753e+10
4.789526434990392303e+10
9.189126745396216797e+12
8.779255530957116211e+12
9.652894045586801147e+10
7.733098650016337891e+11
8.199902453025774658e+07
2.444960165455895020e+12
1.488733230291218262e+11
7.271609726508735352e+11
2.366275825754789429e+11
3.593472773075256958e+11
1.546862331136522293e+09
1.666058136662220955e+08
1.630584417352524414e+12
1.502204847062126465e+11
2.767983307234888077e+10
4.574524938434748077e+10
4.766481472901977539e+12
1.486477088435504150e+12
3.424568599519245605e+11
8.038071930906886719e+12
1.517721478945938232e+12
6.533866130682290792e+08
6.190225388567622070e+11
1.367917778141789551e+12
4.098379067785929688e+13
8.573427073145361328e+12
2.971775710388093139e+05
1.164032047620400810e+10
4.168998404879749146e+11
7.081061535735767365e+09
6.683248679754786133e+12
3.540272377260666108e+05
2.634562365341694336e+12
1.307877261577661514e+09
3.750577648474596191e+12
3.868673629515108490e+10
5.703115222153424805e+12
2.317527443262261963e+10
8.189221476049384475e+07
9.823617443518997803e+11
4.280480388667497070e+12
6.603794417111652344e+12
2.100627698654976130e+09
4.775446681057863770e+11
2.083544093497493029e+09
1.893496620785722656e+11
9.486770336105051270e+11
5.501426746693698883e+09
2.898103967524431152e+12
5.061533178786012573e+11
5.656283940961292725e+11
4.342620126768007176e+05
8.725267996339888672e+12
4.405597320082974243e+11
4.091766765096230316e+10
2.722505424578796768e+10
6.391368274622132568e+11
9.517501458669163818e+11
6.383228797450093750e+12
7.621151050946548348e+05
4.644364920134035156e+12
4.589937702632670403e+09
2.640192943802158203e+12
1.708917321911935120e+11
3.751201145701026562e+13
5.234682772236104584e+10
1.083953505617087841e+09
4.491285361723113656e+08
3.048330711895019043e+12
3.590616288074102486e+05
3.024382337721988770e+12
7.901855211411311035e+11
6.207709006786522269e+07
4.144316810184123230e+10
1.243139621166072852e+13
5.862530772760192156e+08
1.357206385221392773e+13
1.602901785025441551e+10
1.578104305508143997e+10
4.671124878877185669e+11
4.294293105350576562e+13
1.186140939828643311e+12
3.779048983266274261e+10
2.488329371076101437e+07
9.125663505182139893e+11
7.637928377328833008e+10
6.509079135927774414e+12
5.635041061650118256e+10
7.925732757910199219e+12
8.447662265242460251e+09
4.646676586095801353e+09
2.864553995375501251e+10
1.565644471530154161e+07
1.026809655021329834e+12
1.117752367670810352e+13
2.408259135402194214e+11
1.721259134099766113e+12
4.725320230474507812e+12
2.056231102796157227e+11
2.627177656721822357e+10
1.226059066381208594e+13
1.042885469776804149e+08
8.544401126173748779e+10
6.301546085425849915e+10
9.820074750641595459e+11
9.161401500991791487e+08
1.689320253350727081e+10
7.063806900187168121e+09
1.820963340147201660e+12
2.238893175112779236e+11
5.497648231522004395e+11
4.315075724323191643e+08
1.252935830447193235e+06
2.790395078351973877e+11
1.101802897402520508e+12
1.451061553108382568e+11
1.843135158749727734e+13
7.999330124658062744e+11
4.138795652071251869e+08
5.830838176908203888e+10
5.841885376495609131e+11
2.940446378053304672e+10
2.486230528330435156e+13
1.224665016367190247e+11
2.659683177161306641e+13
8.497393219130412292e+10
3.126516309906803894e+10
6.451355289338680420e+11
1.150665572550305469e+13
3.890499140098598145e+12
1.691837165564450928e+12
7.279530054649362183e+10
4.879331842538527344e+12
4.058145439696305548e+05
4.605959149311895752e+10
1.103657737158954010e+11
3.233535536104766652e+07
3.194916827883715820e+10
3.836790931660026367e+12
1.144355392444838867e+11
1.016561754112850312e+14
2.000014203389609909e+10
3.339723932935982704e+09
1.274635738927512665e+11
1.227119561039188867e+13
1.224610871260679513e+08
4.312170308289081573e+10
3.634080454155729980e+12
6.382615613299141846e+11
2.332670398241199219e+12
5.558066298886337891e+11
1.206963531263001251e+10
1.436301820382391846e+12
2.704015441481430817e+10
1.767944067673201561e+08
9.329183919641475677e+08
3.657088717082973633e+11
1.069063821748168468e+08
1.461828856558306396e+12
3.354535844471034527e+09
4.685875284880282283e+08
1.527185714524601562e+12
2.491352077917517188e+13
1.465276065437251892e+11
2.994823286036375391e+13
1.969341949444975586e+11
2.417425033165869629e+12
1.763751649441451660e+12
3.426361948793955078e+12
6.964513570465266418e+10
5.082702856102832794e+10
9.002345081405920029e+09
1.903090443322800000e+13
4.997299600787234306e+07
1.240346533634991150e+11
2.443830472943895569e+11
5.493341205803588257e+11
3.462854975070507812e+11
1.963454183390338281e+13
2.506636927193584473e+12
3.618358487968390625e+12
1.435396117968666260e+12
1.664988364728924179e+10
4.866152347097628021e+10
5.729236486721950684e+11
1.040921980526092052e+08
9.083889331884059906e+08
3.613513204589118042e+11
2.093026992069137500e+13
2.559202760823938477e+12
5.683935844118587673e+06
1.032939112854009094e+11
5.422426115053977966e+08
2.052971452260731445e+12
5.149820851519500000e+12
8.362929778634562683e+10
7.138340578212738281e+12
6.468219021547245979e+08
1.344115609490147233e+08
3.146961362681388855e+10
9.330059772557415771e+10
7.664231476630957603e+09
2.027666503674487305e+12
1.167278384528486084e+12
2.111648014340165234e+13
1.148419435496896729e+12
1.479742554128661621e+12
1.035035585945133418e+08
1.407031951125853760e+12
5.784600005044323730e+11
1.620543468908212662e+10
1.379161356713053538e+05
4.731723342266911011e+11
1.301888084738914680e+10
1.521814885081691895e+12
1.501384524548339233e+11
6.915160848903665039e+12
3.146347847292727280e+10
2.122399898623378174e+12
1.230651965040787935e+09
2.503078967911898438e+13
3.831415229529075027e+08
1.787663983980355843e+05
6.375254622155359248e+05
4.166450572608828735e+10
2.940616452136144415e+07
1.518253288306397656e+13
1.431115691354966736e+11
9.455518552468853516e+12
1.720964169485279236e+11
2.894120209108400269e+11
