7.472942647906235652e+04
3.415617159230281686e+03
3.878913475652310353e+03
1.748703592152562851e+04
3.961988976384886428e+03
6.204867219060162824e+03
2.543951079030343317e+04
9.856967216065933826e+03
1.027537752131113848e+04
2.158839342227379802e+03
1.416450975452298553e+04
4.128187382193998019e+03
1.315061450753998361e+04
2.094504113781712294e+04
6.172256330968454677e+03
8.932771254390463582e+03
6.316994630527584377e+03
1.715415234728320138e+04
2.677698958816102731e+03
1.313274768595685055e+04
1.009931061013988256e+04
4.897523189439913949e+03
7.878587638100903860e+03
4.196068011036482858e+03
1.108731631826408557e+04
2.151149342834262370e+03
2.180081029993840275e+03
1.211408123588549643e+04
1.982669489887729924e+03
1.172367330792902067e+04
2.240628940937707375e+04
1.338796639007245176e+04
1.221400006674846918e+04
7.419266798467770059e+03
8.210942296776431249e+03
1.464379467428603857e+04
3.846156690114888079e+03
4.673496341386080530e+03
3.108678561354653993e+03
2.036937285609592436e+04
7.596651429421574903e+03
4.023839782441568332e+03
5.014834829460801302e+02
2.382133686553963707e+04
1.182436995024608041e+04
6.611519075373162195e+03
1.026481595892847326e+04
5.884618355541703750e+03
3.067477168355979666e+04
1.626095590818269557e+03
4.098478959640956418e+03
5.534678385137436635e+03
6.640510305201677511e+03
2.744845187647215062e+04
5.806556441036284923e+03
1.262500376204705753e+04
6.740524765055426542e+03
5.161443973260130406e+03
4.437932016505478714e+03
1.059819307252691760e+04
5.794194638609824324e+03
4.806292047508120049e+03
1.228725630036799157e+04
9.134745862315156046e+03
2.409820361673305160e+04
6.676282295562994477e+03
9.538395823048081184e+02
6.402257644254503248e+03
1.578031936904556915e+03
1.184143541724229726e+04
5.150439833388211810e+03
8.900918450330605992e+03
3.142844037830088382e+03
8.014031957913205588e+03
6.775722348328852604e+03
2.291168414836591182e+04
6.532667485446145292e+03
2.070603180901607175e+03
1.255781168508037990e+04
9.687230563708410045e+03
1.611326764441373780e+04
2.045070343702058153e+03
1.148293495507112311e+04
2.292197599092330165e+03
6.435302977382329118e+03
1.021039386547980394e+04
7.377481818656716314e+03
1.287397746176313922e+04
1.618074654275009379e+04
5.156489390738488510e+03
9.050779453402230502e+03
8.966755070854265796e+03
1.299010103214152696e+04
5.722165906609186095e+03
3.214806842499446066e+04
7.015396492520388165e+03
1.269776067478247933e+04
1.254180938433456140e+04
2.687538066711564625e+03
7.680789803466178455e+03
8.173442373805523857e+03
5.132806800958478561e+03
3.032345231600098487e+03
5.486690380087816266e+03
1.843727936090604999e+04
6.991407692885941287e+02
6.677296530415473171e+03
8.714433753283619808e+03
2.241939106620237908e+03
1.565529989755014503e+04
1.811877439944062644e+04
3.148498867377676288e+04
1.003938054527891472e+04
6.386656374161252643e+03
2.132247610945103133e+03
3.238293535792427429e+04
6.405938535428573232e+03
1.084667902831902575e+04
1.849694901675988149e+04
3.762771419434337531e+03
1.176739825010616732e+04
9.984845900267728211e+03
5.105467088675850391e+03
1.150058104029331844e+04
4.473250067502725869e+03
3.483281028153355237e+03
1.140419195948860943e+04
1.932092952115496155e+04
8.101234380826697816e+03
6.155677644773462816e+03
1.145747130280089914e+04
4.619825792609887685e+03
3.615088138511906891e+03
4.191354425080473447e+03
6.966533818081737991e+03
1.037273704410858409e+04
8.413429924792055317e+03
1.315964189508979143e+04
4.171764872903375363e+04
4.228000374179391656e+03
7.925504090353911124e+03
8.543799726095849110e+03
1.015070226086230718e+03
2.148622480714055200e+04
2.429858663954021722e+03
1.207200831305849533e+04
1.257550268850525572e+04
1.156480385216988361e+04
2.257693823918352791e+04
2.043812035301575861e+03
5.680799078374189776e+03
9.444970364087888811e+03
2.562014638633616414e+04
5.773053743720014609e+03
3.171239734227038753e+03
3.639379190181551621e+03
1.747552495453538359e+04
7.459801432907922390e+03
3.709853227010637056e+03
1.370912687621010264e+04
1.502218966588167677e+04
1.158797546354985570e+04
1.687687641192259252e+04
2.342303265927464508e+03
6.040811982961622562e+03
6.206141316008760441e+03
4.910654854517282729e+03
2.033879196768701149e+04
7.211794232935872060e+03
9.822556849275699278e+03
9.627338333087458523e+03
1.503485517876095764e+04
2.513864396012703583e+04
4.009767996830853463e+03
1.506430395632730688e+04
4.064038315540890380e+03
7.725933892882726468e+03
4.956523539614876427e+03
8.378157553348586589e+03
6.468668258166861051e+03
2.435820501162507298e+03
4.375588669315478000e+03
2.031784705114769167e+03
2.454458316629233741e+04
4.991959997676839521e+03
1.549262436358400009e+04
4.302594505344164645e+03
6.668069755288455781e+03
1.798970924585672401e+04
1.100726183397400564e+04
2.809109050657802982e+03
1.372932064761928268e+04
1.252646863045861028e+04
2.760427740474145594e+03
1.078103766464630462e+04
1.235719069028214471e+04
1.596409522043423203e+04
4.090808521173593817e+03
9.862866274555415657e+03
1.126035929051472340e+04
4.213099362007366835e+03
1.816950171460488491e+04
6.860049994381924989e+03
8.189638454762020046e+03
2.546379518477072634e+04
6.604043677493421001e+02
2.783623505081931853e+03
7.225876742575602293e+03
1.686272557578184933e+04
3.486823514886730209e+03
2.944858072406125211e+04
2.678236900649493691e+03
1.671278980986680472e+04
9.978582681115838568e+03
1.240255651342753708e+03
1.661616982269174332e+04
8.920001337899309874e+03
8.283914286631896175e+03
2.266310315035828353e+03
4.718847702707309509e+03
5.935623687987965241e+03
4.541070989619130160e+03
1.390934205654637481e+04
1.224950281395016646e+04
3.391099299288706789e+03
1.117769233036510741e+04
1.078186357059458351e+04
1.103925421684373759e+04
1.175626630697212386e+04
5.010631511654635688e+03
4.389800216916821228e+03
2.356568636291813891e+04
1.541274087412706831e+04
5.385523398130578244e+03
5.265780364580323294e+03
1.322182437358392417e+04
5.526955428470525476e+03
1.477964100184317613e+04
5.196513361008081802e+02
8.175096933167594216e+03
8.001954794393237535e+03
6.988723383237849703e+03
6.509114565034214138e+03
1.341274782836256054e+04
1.794488096456732092e+04
4.720672403320379090e+03
1.531922426602080122e+04
6.324332476973486337e+03
7.332816497667696240e+03
1.086527971369453553e+04
2.029371146583386508e+04
5.210462144879868902e+03
1.348777963102497961e+04
1.024652798697091384e+03
5.644112025455267940e+03
1.620961059018536798e+04
