1.213983114718910365e+05
5.548686445240547982e+03
6.301313531714166857e+03
2.840777366485352832e+04
6.436270080811224943e+03
1.007983653550773670e+04
4.132660720310854958e+04
1.601269048410881260e+04
1.669240003029993386e+04
3.507044858144617137e+03
2.301031398264513700e+04
6.706260187589298766e+03
2.136323629461285600e+04
3.402531971194378275e+04
1.002685999150814678e+04
1.451132971496150094e+04
1.026198805283100592e+04
2.786700270308144536e+04
4.349934792037952320e+03
2.133421155732051557e+04
1.640637848926414881e+04
7.956049893665607669e+03
1.279880337790014528e+04
6.816532594476252598e+03
1.801139849733919618e+04
3.494552417274541767e+03
3.541552081726533743e+03
1.967938302700420172e+04
3.220856088687407464e+03
1.904516347692596173e+04
3.639912453243573691e+04
2.174881556534617630e+04
1.984170164662332900e+04
1.205263447252340302e+04
1.333871511379885851e+04
2.378891463187502814e+04
6.248099976614769730e+03
7.592117205305886273e+03
5.050063221923144738e+03
3.309014382927514089e+04
1.234079665566139192e+04
6.536747011683434721e+03
8.146623215120498571e+02
3.869787590688741329e+04
1.920874565498008087e+04
1.074044442505362713e+04
1.667524272159076281e+04
9.559590721861277416e+03
4.983131361530368304e+04
2.641600080692895972e+03
6.657998712767956022e+03
8.991111562777885410e+03
1.078754081685667916e+04
4.459014162586662860e+04
9.432778767618912752e+03
2.050937911945842279e+04
1.095001478622964351e+04
8.384790471877980963e+03
7.209441830545270932e+03
1.721681544041208690e+04
9.412696960330564252e+03
7.807844466352777090e+03
1.996070674923430852e+04
1.483943843354138517e+04
3.914764727114384732e+04
1.084565258664350222e+04
1.549516972933022316e+03
1.040049822727149513e+04
2.563520444554796541e+03
1.923646858790531041e+04
8.366914193916371005e+03
1.445958468210493083e+04
5.105565202202793444e+03
1.301883332458090990e+04
1.100719342894922011e+04
3.722014070813477156e+04
1.061234963930418962e+04
3.363704791180348366e+03
2.040022526839374768e+04
1.573695247885504432e+04
2.617608051460890420e+04
3.322226574778133909e+03
1.865408286891860189e+04
3.723685985569509739e+03
1.045418052931442799e+04
1.658683376995395520e+04
1.198475457255695255e+04
2.091383808790655166e+04
2.628570030836327351e+04
8.376741728825683822e+03
1.470303459983548237e+04
1.456653658768160858e+04
2.110248138453312640e+04
9.295685939982524360e+03
5.222469123285196110e+04
1.139654522487762915e+04
2.062757307290007884e+04
2.037422945413774141e+04
4.365918469970145452e+03
1.247747984754788558e+04
1.327779630920626914e+04
8.338269248224214607e+03
4.926059361893167988e+03
8.913154818582066582e+03
2.995144868637060063e+04
1.135757530490005138e+03
1.084730021602228953e+04
1.415663939798456886e+04
3.642040823674092280e+03
2.543210971492126555e+04
2.943403584996732025e+04
5.114751499904821685e+04
1.630902181166993796e+04
1.037515388923260798e+04
3.463846463230036079e+03
5.260623369104612357e+04
1.040647785262522484e+04
1.762048206651810688e+04
3.004838232828465334e+04
6.112640204752588943e+03
1.911619485505381454e+04
1.622043001948039091e+04
8.293855754589705612e+03
1.868274901893467177e+04
7.266816173659562992e+03
5.658606724599549125e+03
1.852616449520227252e+04
3.138694260677610146e+04
1.316049407854001765e+04
9.999927836327506157e+03
1.861271704376566049e+04
7.504929141591452208e+03
5.872728007090598112e+03
6.808875351499852513e+03
1.131716757606729334e+04
1.685056104170058461e+04
1.366765723597521719e+04
2.137790132895319039e+04
6.777052030101066339e+04
6.868406871444542048e+03
1.287501937944222118e+04
1.387944360301820416e+04
1.648986447216813303e+03
3.490447517649741349e+04
3.947317045207229967e+03
1.961103536222831826e+04
2.042896438824535289e+04
1.878707928462962445e+04
3.667634437432709819e+04
3.320182446750839972e+03
9.228485329255459874e+03
1.534339962348802692e+04
4.162005059459819313e+04
9.378353475259837069e+03
5.151694147092047388e+03
5.912188936947962247e+03
2.838907404380911612e+04
1.211848318044227926e+04
6.026674347538606526e+03
2.227054231430665823e+04
2.440361910926053679e+04
1.882472167837125744e+04
2.741656661718430405e+04
3.805082881485239795e+03
9.813328018196081757e+03
1.008190631210711399e+04
7.977382346520088504e+03
3.304046502948945999e+04
1.171559429546048341e+04
1.595679067833908266e+04
1.563965726316506698e+04
2.442419429563509038e+04
4.083784759551878233e+04
6.513887328516805610e+03
2.447203397593115005e+04
6.602049721363294339e+03
1.255081663716770709e+04
8.051896245296547932e+03
1.361035709951496938e+04
1.050838258785909784e+04
3.957002078325785988e+03
7.108164764241377270e+03
3.300643991218837073e+03
3.987279298877174006e+04
8.109462941254962061e+03
2.516784253033620553e+04
6.989585395029938809e+03
1.083231127560716959e+04
2.922436888939809796e+04
1.788134960393183428e+04
4.563411116045580457e+03
2.230334719274381132e+04
2.034930832594243475e+04
4.484328094336706272e+03
1.751384735663158790e+04
2.007431550082527247e+04
2.593374919691366085e+04
6.645538048715518926e+03
1.602227353289746679e+04
1.829250763510556862e+04
6.844200105754821379e+03
2.951644261657309471e+04
1.114418409412059736e+04
1.330410692034325621e+04
4.136605731830878358e+04
1.072830060537055488e+03
4.522009725112685373e+03
1.173847139986364346e+04
2.739357851605277392e+04
5.664361511276037163e+03
4.783936052481759543e+04
4.350808681124496616e+03
2.715000714572476863e+04
1.621025538995033821e+04
2.014801249795030799e+03
2.699304751348706486e+04
1.449058492441908129e+04
1.345725846105282653e+04
3.681631968549413159e+03
7.665790709128257731e+03
9.642449128874122835e+03
7.376991586683840069e+03
2.259579283433672390e+04
1.989937602960694494e+04
5.508857064258406353e+03
1.815821476214354698e+04
1.751518904480289712e+04
1.793332138323400795e+04
1.909811096008035747e+04
8.139794905199089044e+03
7.131251491431620707e+03
3.828257044011943799e+04
2.503807141885482270e+04
8.748808571528277753e+03
8.554285439631958070e+03
2.147891706328964938e+04
8.978565582658577114e+03
2.400959764206398540e+04
8.441760860352020472e+02
1.328048414881977988e+04
1.299921391456035053e+04
1.135321463101160225e+04
1.057408780721263247e+04
2.178907313061876630e+04
2.915154513159440103e+04
7.668754944019455252e+03
2.488615324078797858e+04
1.027390841955056203e+04
1.191219554454224817e+04
1.765069896905835776e+04
3.296723153817113780e+04
8.464420726604248557e+03
2.191096265364972351e+04
1.664553382349671665e+03
9.168887035958174238e+03
2.633259009175895699e+04
