6.069915573594551824e+04
2.774343222620273991e+03
3.150656765857083428e+03
1.420388683242676416e+04
3.218135040405612472e+03
5.039918267753868349e+03
2.066330360155427479e+04
8.006345242054406299e+03
8.346200015149966930e+03
1.753522429072308569e+03
1.150515699132256850e+04
3.353130093794649383e+03
1.068161814730642800e+04
1.701265985597189137e+04
5.013429995754073389e+03
7.255664857480750470e+03
5.130994026415502958e+03
1.393350135154072268e+04
2.174967396018976160e+03
1.066710577866025778e+04
8.203189244632074406e+03
3.978024946832803835e+03
6.399401688950072639e+03
3.408266297238126299e+03
9.005699248669598092e+03
1.747276208637270884e+03
1.770776040863266871e+03
9.839691513502100861e+03
1.610428044343703732e+03
9.522581738462980866e+03
1.819956226621786845e+04
1.087440778267308815e+04
9.920850823311664499e+03
6.026317236261701510e+03
6.669357556899429255e+03
1.189445731593751407e+04
3.124049988307384865e+03
3.796058602652943136e+03
2.525031610961572369e+03
1.654507191463757044e+04
6.170398327830695962e+03
3.268373505841717360e+03
4.073311607560249286e+02
1.934893795344370665e+04
9.604372827490040436e+03
5.370222212526813564e+03
8.337621360795381406e+03
4.779795360930638708e+03
2.491565680765184152e+04
1.320800040346447986e+03
3.328999356383978011e+03
4.495555781388942705e+03
5.393770408428339579e+03
2.229507081293331430e+04
4.716389383809456376e+03
1.025468955972921140e+04
5.475007393114821753e+03
4.192395235938990481e+03
3.604720915272635466e+03
8.608407720206043450e+03
4.706348480165282126e+03
3.903922233176388545e+03
9.980353374617154259e+03
7.419719216770692583e+03
1.957382363557192366e+04
5.422826293321751109e+03
7.747584864665111581e+02
5.200249113635747563e+03
1.281760222277398270e+03
9.618234293952655207e+03
4.183457096958185502e+03
7.229792341052465417e+03
2.552782601101396722e+03
6.509416662290454951e+03
5.503596714474610053e+03
1.861007035406738578e+04
5.306174819652094811e+03
1.681852395590174183e+03
1.020011263419687384e+04
7.868476239427522160e+03
1.308804025730445210e+04
1.661113287389066954e+03
9.327041434459300945e+03
1.861842992784754870e+03
5.227090264657213993e+03
8.293416884976977599e+03
5.992377286278476276e+03
1.045691904395327583e+04
1.314285015418163675e+04
4.188370864412841911e+03
7.351517299917741184e+03
7.283268293840804290e+03
1.055124069226656320e+04
4.647842969991262180e+03
2.611234561642598055e+04
5.698272612438814576e+03
1.031378653645003942e+04
1.018711472706887071e+04
2.182959234985072726e+03
6.238739923773942792e+03
6.638898154603134572e+03
4.169134624112107304e+03
2.463029680946583994e+03
4.456577409291033291e+03
1.497572434318530031e+04
5.678787652450025689e+02
5.423650108011144766e+03
7.078319698992284430e+03
1.821020411837046140e+03
1.271605485746063277e+04
1.471701792498366012e+04
2.557375749952410843e+04
8.154510905834968980e+03
5.187576944616303990e+03
1.731923231615018040e+03
2.630311684552306178e+04
5.203238926312612421e+03
8.810241033259053438e+03
1.502419116414232667e+04
3.056320102376294471e+03
9.558097427526907268e+03
8.110215009740195455e+03
4.146927877294852806e+03
9.341374509467335884e+03
3.633408086829781496e+03
2.829303362299774562e+03
9.263082247601136260e+03
1.569347130338805073e+04
6.580247039270008827e+03
4.999963918163753078e+03
9.306358521882830246e+03
3.752464570795726104e+03
2.936364003545299056e+03
3.404437675749926257e+03
5.658583788033646670e+03
8.425280520850292305e+03
6.833828617987608595e+03
1.068895066447659519e+04
3.388526015050533169e+04
3.434203435722271024e+03
6.437509689721110590e+03
6.939721801509102079e+03
8.244932236084066517e+02
1.745223758824870674e+04
1.973658522603614983e+03
9.805517681114159132e+03
1.021448219412267645e+04
9.393539642314812227e+03
1.833817218716354910e+04
1.660091223375419986e+03
4.614242664627729937e+03
7.671699811744013459e+03
2.081002529729909656e+04
4.689176737629918534e+03
2.575847073546023694e+03
2.956094468473981124e+03
1.419453702190455806e+04
6.059241590221139631e+03
3.013337173769303263e+03
1.113527115715332911e+04
1.220180955463026839e+04
9.412360839185628720e+03
1.370828330859215203e+04
1.902541440742619898e+03
4.906664009098040879e+03
5.040953156053556995e+03
3.988691173260044252e+03
1.652023251474473000e+04
5.857797147730241704e+03
7.978395339169541330e+03
7.819828631582533490e+03
1.221209714781754519e+04
2.041892379775939116e+04
3.256943664258402805e+03
1.223601698796557503e+04
3.301024860681647169e+03
6.275408318583853543e+03
4.025948122648273966e+03
6.805178549757484689e+03
5.254191293929548920e+03
1.978501039162892994e+03
3.554082382120688635e+03
1.650321995609418536e+03
1.993639649438587003e+04
4.054731470627481031e+03
1.258392126516810276e+04
3.494792697514969404e+03
5.416155637803584796e+03
1.461218444469904898e+04
8.940674801965917140e+03
2.281705558022790228e+03
1.115167359637190566e+04
1.017465416297121737e+04
2.242164047168353136e+03
8.756923678315793950e+03
1.003715775041263623e+04
1.296687459845683043e+04
3.322769024357759463e+03
8.011136766448733397e+03
9.146253817552784312e+03
3.422100052877410690e+03
1.475822130828654736e+04
5.572092047060298682e+03
6.652053460171628103e+03
2.068302865915439179e+04
5.364150302685277438e+02
2.261004862556342687e+03
5.869235699931821728e+03
1.369678925802638696e+04
2.832180755638018582e+03
2.391968026240879772e+04
2.175404340562248308e+03
1.357500357286238432e+04
8.105127694975169106e+03
1.007400624897515399e+03
1.349652375674353243e+04
7.245292462209540645e+03
6.728629230526413266e+03
1.840815984274706580e+03
3.832895354564128866e+03
4.821224564437061417e+03
3.688495793341920034e+03
1.129789641716836195e+04
9.949688014803472470e+03
2.754428532129203177e+03
9.079107381071773489e+03
8.757594522401448558e+03
8.966660691617003977e+03
9.549055480040178736e+03
4.069897452599544522e+03
3.565625745715810353e+03
1.914128522005971899e+04
1.251903570942741135e+04
4.374404285764138876e+03
4.277142719815979035e+03
1.073945853164482469e+04
4.489282791329288557e+03
1.200479882103199270e+04
4.220880430176010236e+02
6.640242074409889938e+03
6.499606957280175266e+03
5.676607315505801125e+03
5.287043903606316235e+03
1.089453656530938315e+04
1.457577256579720051e+04
3.834377472009727626e+03
1.244307662039398929e+04
5.136954209775281015e+03
5.956097772271124086e+03
8.825349484529178881e+03
1.648361576908556890e+04
4.232210363302124279e+03
1.095548132682486175e+04
8.322766911748358325e+02
4.584443517979087119e+03
1.316629504587947849e+04
