3.034957786797275912e+04
1.387171611310136996e+03
1.575328382928541714e+03
7.101943416213382079e+03
1.609067520202806236e+03
2.519959133876934175e+03
1.033165180077713740e+04
4.003172621027203149e+03
4.173100007574983465e+03
8.767612145361542844e+02
5.752578495661284251e+03
1.676565046897324692e+03
5.340809073653214000e+03
8.506329927985945687e+03
2.506714997877036694e+03
3.627832428740375235e+03
2.565497013207751479e+03
6.966750675770361340e+03
1.087483698009488080e+03
5.333552889330128892e+03
4.101594622316037203e+03
1.989012473416401917e+03
3.199700844475036320e+03
1.704133148619063149e+03
4.502849624334799046e+03
8.736381043186354418e+02
8.853880204316334357e+02
4.919845756751050430e+03
8.052140221718518660e+02
4.761290869231490433e+03
9.099781133108934227e+03
5.437203891336544075e+03
4.960425411655832249e+03
3.013158618130850755e+03
3.334678778449714628e+03
5.947228657968757034e+03
1.562024994153692433e+03
1.898029301326471568e+03
1.262515805480786184e+03
8.272535957318785222e+03
3.085199163915347981e+03
1.634186752920858680e+03
2.036655803780124643e+02
9.674468976721853323e+03
4.802186413745020218e+03
2.685111106263406782e+03
4.168810680397690703e+03
2.389897680465319354e+03
1.245782840382592076e+04
6.604000201732239930e+02
1.664499678191989005e+03
2.247777890694471353e+03
2.696885204214169789e+03
1.114753540646665715e+04
2.358194691904728188e+03
5.127344779864605698e+03
2.737503696557410876e+03
2.096197617969495241e+03
1.802360457636317733e+03
4.304203860103021725e+03
2.353174240082641063e+03
1.951961116588194272e+03
4.990176687308577129e+03
3.709859608385346291e+03
9.786911817785961830e+03
2.711413146660875555e+03
3.873792432332555791e+02
2.600124556817873781e+03
6.408801111386991352e+02
4.809117146976327604e+03
2.091728548479092751e+03
3.614896170526232709e+03
1.276391300550698361e+03
3.254708331145227476e+03
2.751798357237305027e+03
9.305035177033692889e+03
2.653087409826047406e+03
8.409261977950870914e+02
5.100056317098436921e+03
3.934238119713761080e+03
6.544020128652226049e+03
8.305566436945334772e+02
4.663520717229650472e+03
9.309214963923774349e+02
2.613545132328606996e+03
4.146708442488488799e+03
2.996188643139238138e+03
5.228459521976637916e+03
6.571425077090818377e+03
2.094185432206420955e+03
3.675758649958870592e+03
3.641634146920402145e+03
5.275620346133281600e+03
2.323921484995631090e+03
1.305617280821299028e+04
2.849136306219407288e+03
5.156893268225019710e+03
5.093557363534435353e+03
1.091479617492536363e+03
3.119369961886971396e+03
3.319449077301567286e+03
2.084567312056053652e+03
1.231514840473291997e+03
2.228288704645516646e+03
7.487862171592650157e+03
2.839393826225012845e+02
2.711825054005572383e+03
3.539159849496142215e+03
9.105102059185230701e+02
6.358027428730316387e+03
7.358508962491830061e+03
1.278687874976205421e+04
4.077255452917484490e+03
2.593788472308151995e+03
8.659616158075090198e+02
1.315155842276153089e+04
2.601619463156306210e+03
4.405120516629526719e+03
7.512095582071163335e+03
1.528160051188147236e+03
4.779048713763453634e+03
4.055107504870097728e+03
2.073463938647426403e+03
4.670687254733667942e+03
1.816704043414890748e+03
1.414651681149887281e+03
4.631541123800568130e+03
7.846735651694025364e+03
3.290123519635004413e+03
2.499981959081876539e+03
4.653179260941415123e+03
1.876232285397863052e+03
1.468182001772649528e+03
1.702218837874963128e+03
2.829291894016823335e+03
4.212640260425146153e+03
3.416914308993804298e+03
5.344475332238297597e+03
1.694263007525266585e+04
1.717101717861135512e+03
3.218754844860555295e+03
3.469860900754551039e+03
4.122466118042033258e+02
8.726118794124353371e+03
9.868292613018074917e+02
4.902758840557079566e+03
5.107241097061338223e+03
4.696769821157406113e+03
9.169086093581774549e+03
8.300456116877099930e+02
2.307121332313864968e+03
3.835849905872006730e+03
1.040501264864954828e+04
2.344588368814959267e+03
1.287923536773011847e+03
1.478047234236990562e+03
7.097268510952279030e+03
3.029620795110569816e+03
1.506668586884651631e+03
5.567635578576664557e+03
6.100904777315134197e+03
4.706180419592814360e+03
6.854141654296076013e+03
9.512707203713099489e+02
2.453332004549020439e+03
2.520476578026778498e+03
1.994345586630022126e+03
8.260116257372364998e+03
2.928898573865120852e+03
3.989197669584770665e+03
3.909914315791266745e+03
6.106048573908772596e+03
1.020946189887969558e+04
1.628471832129201402e+03
6.118008493982787513e+03
1.650512430340823585e+03
3.137704159291926771e+03
2.012974061324136983e+03
3.402589274878742344e+03
2.627095646964774460e+03
9.892505195814464969e+02
1.777041191060344318e+03
8.251609978047092682e+02
9.968198247192935014e+03
2.027365735313740515e+03
6.291960632584051382e+03
1.747396348757484702e+03
2.708077818901792398e+03
7.306092222349524491e+03
4.470337400982958570e+03
1.140852779011395114e+03
5.575836798185952830e+03
5.087327081485608687e+03
1.121082023584176568e+03
4.378461839157896975e+03
5.018578875206318116e+03
6.483437299228415213e+03
1.661384512178879731e+03
4.005568383224366698e+03
4.573126908776392156e+03
1.711050026438705345e+03
7.379110654143273678e+03
2.786046023530149341e+03
3.326026730085814052e+03
1.034151432957719589e+04
2.682075151342638719e+02
1.130502431278171343e+03
2.934617849965910864e+03
6.848394629013193480e+03
1.416090377819009291e+03
1.195984013120439886e+04
1.087702170281124154e+03
6.787501786431192158e+03
4.052563847487584553e+03
5.037003124487576997e+02
6.748261878371766215e+03
3.622646231104770322e+03
3.364314615263206633e+03
9.204079921373532898e+02
1.916447677282064433e+03
2.410612282218530709e+03
1.844247896670960017e+03
5.648948208584180975e+03
4.974844007401736235e+03
1.377214266064601588e+03
4.539553690535886744e+03
4.378797261200724279e+03
4.483330345808501988e+03
4.774527740020089368e+03
2.034948726299772261e+03
1.782812872857905177e+03
9.570642610029859497e+03
6.259517854713705674e+03
2.187202142882069438e+03
2.138571359907989518e+03
5.369729265822412344e+03
2.244641395664644278e+03
6.002399410515996351e+03
2.110440215088005118e+02
3.320121037204944969e+03
3.249803478640087633e+03
2.838303657752900563e+03
2.643521951803158117e+03
5.447268282654691575e+03
7.287886282898600257e+03
1.917188736004863813e+03
6.221538310196994644e+03
2.568477104887640508e+03
2.978048886135562043e+03
4.412674742264589440e+03
8.241807884542784450e+03
2.116105181651062139e+03
5.477740663412430877e+03
4.161383455874179162e+02
2.292221758989543559e+03
6.583147522939739247e+03
