4.227334737402122701e+05
1.932164844183091191e+04
2.194244817815702845e+04
9.892161346370815590e+04
2.241239417750480789e+04
3.510002949567644828e+04
1.439076047191352409e+05
5.575942688330965029e+04
5.812631299656738702e+04
1.221223950705028801e+04
8.012656719684961718e+04
2.335255433566493957e+04
7.439110956041370810e+04
1.184830449662535102e+05
3.491555445479515038e+04
5.053138503014207527e+04
3.573431791972050996e+04
9.703853960216866108e+04
1.514735273404019244e+04
7.429003955481621961e+04
5.713032814191327634e+04
2.770457486617065297e+04
4.456802196058922709e+04
2.373654515939076737e+04
6.271933243043840048e+04
1.216873830130473834e+04
1.233240063875837950e+04
6.852759191791477497e+04
1.121567232921029427e+04
6.631911117161865695e+04
1.267491134607908025e+05
7.573377456574251119e+04
6.909281818088628643e+04
4.196971091703012644e+04
4.644810382385647972e+04
8.283781213192886207e+04
2.175714781668995056e+04
2.643728763875694131e+04
1.758534153010493173e+04
1.152265734005009581e+05
4.297314992043579696e+04
2.276227517258108128e+04
2.836818971553772826e+03
1.347538306764173904e+05
6.688873740061954595e+04
3.740039977712460677e+04
5.806656777752172638e+04
3.328842835118695075e+04
1.735227125503537536e+05
9.198585753001150806e+03
2.318449811930005308e+04
3.130886894253833088e+04
3.756439893877805298e+04
1.552718916394085682e+05
3.284684347839345719e+04
7.141780618119318387e+04
3.813016616101241380e+04
2.919753627365340435e+04
2.510473458652730187e+04
5.995243351926459582e+04
3.277691456380594900e+04
2.718849359324774196e+04
6.950721801733870234e+04
5.167392594927042956e+04
1.363200255344489997e+05
3.776675587446626741e+04
5.395731494494991239e+03
3.621663836124616500e+04
8.926696668113234409e+03
6.698527426011666830e+04
2.913528745825693113e+04
5.035119836013782333e+04
1.777861065089092517e+04
4.533421073668905592e+04
3.832927375952455623e+04
1.296080578377109050e+05
3.695434782556672872e+04
1.171310040289569588e+04
7.103771039507200476e+04
5.479925138012638490e+04
9.115040654750991962e+04
1.156866486428183089e+04
6.495728939723867370e+04
1.296662772910167951e+04
3.640357099437619036e+04
5.775870992693035805e+04
4.173333937642101955e+04
7.282621411244393676e+04
9.153212484031500935e+04
2.916950892246139119e+04
5.119894021219672868e+04
5.072362652671930118e+04
7.348310822500514041e+04
3.236945852510258919e+04
1.818569374829017324e+05
3.968507546058789740e+04
7.182938143218049663e+04
7.094718771209637634e+04
1.520301113334984984e+04
4.344910843919539184e+04
4.623597222524286190e+04
2.903553996382535843e+04
1.715353500930497103e+04
3.103740779224872313e+04
1.042970021018195403e+05
3.954937431743555408e+03
3.777249325320149364e+04
4.929628160918228241e+04
1.268232276238784289e+04
8.855974975253416051e+04
1.024952659570694523e+05
1.781059919744735234e+05
5.679131249983215821e+04
3.612838425022167939e+04
1.206181395894478010e+04
1.831855454905109946e+05
3.623746062612612150e+04
6.135808235422636790e+04
1.046345446481020335e+05
2.128544949389560861e+04
6.656645679658227891e+04
5.648281796145606495e+04
2.888088319621947448e+04
6.505711072941475868e+04
2.530452365339487005e+04
1.970441308628549450e+04
6.451185174805997667e+04
1.092956822658882156e+05
4.582750213331327541e+04
3.482177124334200926e+04
6.481324522768626048e+04
2.613368116683974222e+04
2.045002669863057963e+04
2.370988109064516539e+04
3.940866643304805621e+04
5.867706162683267030e+04
4.759354682286628667e+04
7.444217617603663530e+04
2.359906584916650027e+05
2.391718188353206278e+04
4.483342149288776272e+04
4.833102978737713420e+04
5.742104321969085504e+03
1.215444421058216249e+05
1.374535630885418504e+04
6.828959152563229145e+04
7.113778582297380490e+04
6.542040981569305586e+04
1.277144490188523487e+05
1.156154679705938906e+04
3.213545240701343209e+04
5.342882074042016029e+04
1.449294339581625827e+05
3.265732360271045764e+04
1.793924096672131054e+04
2.058743763749264690e+04
9.885649760117361438e+04
4.219900943611453113e+04
2.098609899220814259e+04
7.755053262651931436e+04
8.497833744812327495e+04
6.555148824399542355e+04
9.547003004894203332e+04
1.325006818346165892e+04
3.417199293620094249e+04
3.510723687641439028e+04
2.777885878156647959e+04
1.150535817719517654e+05
4.079606885304793104e+04
5.556477245370572200e+04
5.446044976082667563e+04
8.504998440847643360e+04
1.422056449123205675e+05
2.268267313235115944e+04
8.521657185099500930e+04
2.298967241536734218e+04
4.370448197325085494e+04
2.803833124777942794e+04
4.739401615857663273e+04
3.659231352476768370e+04
1.377908155300178805e+04
2.475206735804797063e+04
1.149350994318210360e+04
1.388451295862599509e+05
2.823879012615420288e+04
8.763951796692932840e+04
2.433915001139870219e+04
3.772029873111511552e+04
1.017651631945569534e+05
6.226647588079113484e+04
1.589072047050109722e+04
7.766476584812861984e+04
7.086040730334278487e+04
1.561533739411781789e+04
6.098675872719185281e+04
6.990282666811022500e+04
9.030655988701437309e+04
2.314110756686048262e+04
5.579279699739388161e+04
6.369821130335921771e+04
2.383288902950500778e+04
1.027822229854217294e+05
3.880630296244956844e+04
4.632759109462673950e+04
1.440449779991738906e+05
3.735811254086194367e+03
1.574655245370959892e+04
4.087573155754694744e+04
9.538998083138538641e+04
1.972445241741695645e+04
1.665863290104252810e+05
1.515039579258638878e+04
9.454181605681797373e+04
5.644738784358119301e+04
7.015945451755195791e+03
9.399525087178082322e+04
5.045914747377342428e+04
4.686089573476427904e+04
1.282018713627884063e+04
2.669383367976719819e+04
3.357695808278235927e+04
2.568817672487354139e+04
7.868312072021744098e+04
6.929365204726286174e+04
1.918295448163195397e+04
6.323057635854424734e+04
6.099143075676505396e+04
6.244745212777917186e+04
6.650348501675935404e+04
2.834441215934395223e+04
2.483246001148849246e+04
1.333076530442781223e+05
8.718762871013060794e+04
3.046512092045560348e+04
2.978775203226973463e+04
7.479393339375015057e+04
3.126518130229846793e+04
8.360627500724839047e+04
2.939591868876249919e+03
4.624533182640122686e+04
4.526589198290931381e+04
3.953418956899579644e+04
3.682111238764654263e+04
7.587395955024243449e+04
1.015115761410475679e+05
2.670415574518429275e+04
8.665861888816655846e+04
3.577582704757013562e+04
4.148067416557933757e+04
6.146330372033628373e+04
1.147985679434745252e+05
2.947482492608286702e+04
7.629840352198042092e+04
5.796311538563901195e+03
3.192791909580767242e+04
9.169540454970678547e+04
