5.204459545291521936e+05
2.378773953577463180e+04
2.701432248964836253e+04
1.217867917749095504e+05
2.759289388131917440e+04
4.321320522184384026e+04
1.771710435878118442e+05
6.864790689870101050e+04
7.156188551406194165e+04
1.503503044353503719e+04
9.864737556490744464e+04
2.875036680768749284e+04
9.158619893783291627e+04
1.458697388862975058e+05
4.298608980586125108e+04
6.221143237844035320e+04
4.399410587155503890e+04
1.194684559103593638e+05
1.864857869547842711e+04
9.146176716508484969e+04
7.033568432447838131e+04
3.410833257058198069e+04
5.486967125061296974e+04
2.922311496509326025e+04
7.721655573045686469e+04
1.498147417710763511e+04
1.518296614953865537e+04
8.436736194972100202e+04
1.380811233001441906e+04
8.164840321693873557e+04
1.560464629336735234e+05
9.323921345813719381e+04
8.506323710565421788e+04
5.167077512520278833e+04
5.718432353320554830e+04
1.019853096199399442e+05
2.678619098483737616e+04
3.254811898044822010e+04
2.165009498155102847e+04
1.418605521109046822e+05
5.290615344837806333e+04
2.802364791374288689e+04
3.492533828499298124e+03
1.659014258140980673e+05
8.234969536646790220e+04
4.604529324247340992e+04
7.148833052140980726e+04
4.098286259359633550e+04
2.136315181448238145e+05
1.132478746048150606e+04
2.854346533578198068e+04
3.854573908675422717e+04
4.624719989413629810e+04
1.911621219413550862e+05
4.043920784443899902e+04
8.792563309332601784e+04
4.694374104904381238e+04
3.594638366674393183e+04
3.090755373470998529e+04
7.381010359367511410e+04
4.035311525191331748e+04
3.347296199459100899e+04
8.557342314919363707e+04
6.361806524804318178e+04
1.678296378637732414e+05
4.649633050501043908e+04
6.642924685356723785e+03
4.458791198858139251e+04
1.099005273257228691e+04
8.246854618171964830e+04
3.586974638543123001e+04
6.198959656630538666e+04
2.188803717987878917e+04
5.581296028187585034e+04
4.718887125660655875e+04
1.595662363313825626e+05
4.549613887425132998e+04
1.442051812397312278e+04
8.745768028970698651e+04
6.746579219212628959e+04
1.122193137950847158e+05
1.424269711752019975e+04
7.997180394743935904e+04
1.596379128860681158e+04
4.481805305553128710e+04
7.110931304854986956e+04
5.137976762350814533e+04
8.965958664959605085e+04
1.126892641387432523e+05
3.591187794990302791e+04
6.303328921142638137e+04
6.244810942296447320e+04
9.046831816643495404e+04
3.985147802618002606e+04
2.238921526100901538e+05
4.885805894647421519e+04
8.843234166425008152e+04
8.734623379428054614e+04
1.871710222284423071e+04
5.349212711973286787e+04
5.692315890067846340e+04
3.574694281491664151e+04
2.111847879582225505e+04
3.821153120813499118e+04
1.284046714662781014e+05
4.869099124219769692e+03
4.650339404678755818e+04
6.069084170182250091e+04
1.561377081715086024e+04
1.090298411550562596e+05
1.261864740773474332e+05
2.192741970026275667e+05
6.991830711069366953e+04
4.447925843283888389e+04
1.484983487036059341e+04
2.255278609361836279e+05
4.461354720366153924e+04
7.554066030396307178e+04
1.288202350864000182e+05
2.620546222994495110e+04
8.195292140127799939e+04
6.953850578322452202e+04
3.555653799949267705e+04
8.009469842288058135e+04
3.115352292823138487e+04
2.425897808942084521e+04
7.942340587415950722e+04
1.345587686243693170e+05
5.642027322898087004e+04
4.287062912901517120e+04
7.979446477281999250e+04
3.217433556869200402e+04
2.517693612277341890e+04
2.919028764582006625e+04
4.851775951642043947e+04
7.223993661337040248e+04
5.859452928224152129e+04
9.164906931636553782e+04
2.905385808036013623e+05
2.944550485886474053e+04
5.519641640210666083e+04
5.950247731393609865e+04
7.069359656835937130e+03
1.496387608717069088e+05
1.692251862908112889e+04
8.407434909638852696e+04
8.758088759368138562e+04
8.054197206332543283e+04
1.572349304129841912e+05
1.423393374882547869e+04
3.956338270120602829e+04
6.577859416617527313e+04
1.784290629468328552e+05
4.020588150827405480e+04
2.208579629582719645e+04
2.534610883248593382e+04
1.217066247445300105e+05
5.195307471596180403e+04
2.583691853216043091e+04
9.547590499506190827e+04
1.046206054045960627e+05
8.070334853803992155e+04
1.175373941366262734e+05
1.631274742050804343e+04
4.207065819626573648e+04
4.322207854837420746e+04
3.419978679802293482e+04
1.416475744338608929e+05
5.022585225486450508e+04
6.840825918516129605e+04
6.704867847129324218e+04
1.047088131595680024e+05
1.750756852799143817e+05
2.792564630662296622e+04
1.049139063587581477e+05
2.830360675880923009e+04
5.380652881950139272e+04
3.451923487521783682e+04
5.834887821961031295e+04
4.505042236738335487e+04
1.696403927500214195e+04
3.047336944659781875e+04
1.415017055627289301e+04
1.709384056102748727e+05
3.476602870343432733e+04
1.078969029332264618e+05
2.996500856209736594e+04
4.643913505251370225e+04
1.252876121401124983e+05
7.665902391931197781e+04
1.956377173128312643e+04
9.561654258766458952e+04
8.723939457885576121e+04
1.922473539526411332e+04
7.508350729499656882e+04
8.606047452946193516e+04
1.111804166932958615e+05
2.849004529955405087e+04
6.868899032822849404e+04
7.842169698619470000e+04
2.934172818254443337e+04
1.265397596196733939e+05
4.777616309479006304e+04
5.703595495987740287e+04
1.773401699340743071e+05
4.599323154779283868e+03
1.938628008282725568e+04
5.032392854846041882e+04
1.174388419896387641e+05
2.428364939999051421e+04
2.050918283008232538e+05
1.865232514000705851e+04
1.163946286658341414e+05
6.949488619153872423e+04
8.637642047261084372e+03
1.157217279917468404e+05
6.212249751448339521e+04
5.769252998819365894e+04
1.578350177086605436e+04
3.286396420560375554e+04
4.133808436073392659e+04
3.162585526384496916e+04
9.687028449923932203e+04
8.531049259825418994e+04
2.361698724151100396e+04
7.784597083640088385e+04
7.508925923810459790e+04
7.688183181473943114e+04
8.187539404635061510e+04
3.489606467952202365e+04
3.057234441275509016e+04
1.641209723015854252e+05
1.073405619992681313e+05
3.750696342309625470e+04
3.667302450063256401e+04
9.208213324980725884e+04
3.849195329254069657e+04
1.029313983957525488e+05
3.619062106881136970e+03
5.693468192135572463e+04
5.572885002983323648e+04
4.867229662398803339e+04
4.533210680919633160e+04
9.341180141863913741e+04
1.249754098558878031e+05
3.287667215877619310e+04
1.066892745123524946e+05
4.404520960240992281e+04
5.106870026073379995e+04
7.567020300101382600e+04
1.413336155836054531e+05
3.628776604206640332e+04
9.393435324322228553e+04
7.136096568709623170e+03
3.930787922453208739e+04
1.128902850407735241e+05
