7.888485552531533176e+05
3.605547089420797420e+04
4.094605613061444456e+04
1.845942578753826965e+05
4.182300637387887400e+04
6.549897104676235176e+04
2.685410858719822718e+05
1.040507697426245722e+05
1.084675354043841508e+05
2.278884472125423417e+04
1.495214613865032443e+05
4.357740726366260060e+04
1.388187189937903604e+05
2.210971797825071553e+05
6.515472844824763888e+04
9.429489868234340975e+04
6.668259509832834010e+04
1.810803177987487579e+05
2.826595967060951807e+04
1.386301156944358663e+05
1.066089619474575884e+05
5.169856473327730055e+04
8.316686971353339322e+04
4.429395947762978903e+04
1.170384127295268845e+05
2.270766860098977486e+04
2.301307332162233070e+04
1.278770081799711188e+05
2.092918461083934744e+04
1.237558373850349308e+05
2.365222090139197244e+05
1.413242204868978006e+05
1.289317576820420945e+05
7.831824986170325428e+04
8.667522652397006459e+04
1.545808233316352416e+05
4.060027342942948599e+04
4.933372314741689479e+04
3.281540763006052293e+04
2.150203889688098570e+05
8.019073325204785215e+04
4.247590739691464842e+04
5.293691382954371875e+03
2.514595395141242479e+05
1.248187975140399794e+05
6.979161377744622587e+04
1.083560468834717612e+05
6.211840377613325836e+04
3.238048311808761791e+05
1.716516796606103890e+04
4.326380327506002504e+04
5.842441530218075786e+04
7.009764703426031338e+04
2.897475951157927630e+05
6.129437726637343440e+04
1.332703387004691467e+05
7.115340600200991321e+04
5.448452922982256132e+04
4.684709122601024865e+04
1.118751967927820224e+05
6.116388529762843245e+04
5.073552302537452488e+04
1.297050551202372008e+05
9.642695542579848552e+04
2.543821624615618493e+05
7.047525842838711105e+04
1.006879099567605954e+04
6.758263686720040278e+04
1.665780499358268571e+04
1.249989416636602982e+05
5.436836883292457787e+04
9.395865846684516873e+04
3.317606056193781842e+04
8.459662852522608591e+04
7.152495391856490460e+04
2.418571878631899017e+05
6.895925140396047209e+04
2.185741821816951051e+04
1.325610548836787930e+05
1.022590188983536791e+05
1.700926730016387592e+05
2.158789197281525776e+04
1.212145880968554702e+05
2.419658292045571943e+04
6.793146549501073605e+04
1.077815638208610471e+05
7.787716497040588001e+04
1.358985208312672621e+05
1.708049845229592465e+05
5.443222834316749504e+04
9.554060069940010726e+04
9.465363399964134442e+04
1.371243285891990527e+05
6.040354544420616730e+04
3.393570448227879242e+05
7.405496935271253460e+04
1.340383652758115495e+05
1.323921335842814005e+05
2.836982191623359904e+04
8.107890325325923914e+04
8.627937496386216662e+04
5.418223342666899407e+04
3.200962817032635212e+04
5.791785088389928569e+04
1.946250877587627328e+05
7.380174206561175197e+03
7.048596475567691959e+04
9.199011420291248942e+04
2.366605109325215381e+04
1.652583364827159676e+05
1.912629292285703996e+05
3.323575330051472993e+05
1.059763363900401600e+05
6.741794887275122164e+04
2.250814072294934158e+04
3.418363150306267780e+05
6.762149258738344361e+04
1.144982302678512351e+05
1.952549644222205388e+05
3.972005323499008227e+04
1.242174006418415956e+05
1.054006652260125411e+05
5.389363369358753698e+04
1.214008612892143574e+05
4.721991080748183595e+04
3.676973497674793907e+04
1.203833720521428331e+05
2.039529547731961356e+05
8.551714282020941027e+04
6.497972278757153254e+04
1.209457921719936421e+05
4.876717343793121836e+04
3.816109917526174104e+04
4.424420256597328262e+04
7.353917186900597881e+04
1.094952686885465810e+05
8.881269873997209652e+04
1.389140126680750400e+05
4.403741401344385231e+05
4.463103952384370496e+04
8.366212275267932273e+04
9.018889061314208084e+04
1.071514554648649209e+04
2.268099488453340600e+05
2.564974183317909774e+04
1.274328837439746130e+05
1.327478022354278655e+05
1.220788013558000239e+05
2.383235888610697584e+05
2.157460918970623243e+04
5.996687458740887814e+04
9.970170489943608118e+04
2.704478866554411361e+05
6.094072067324505042e+04
3.347580733015926671e+04
3.841751705397445039e+04
1.844727473793484678e+05
7.874613602813580655e+04
3.916144544677508384e+04
1.447144109035881993e+05
1.585751848100935458e+05
1.223234023519698239e+05
1.781533754773465625e+05
2.472550151056380491e+04
6.376719359207643720e+04
6.551242049478447734e+04
5.183718342088696227e+04
2.146975751754176745e+05
7.612815632980175724e+04
1.036875317330860853e+05
1.016267927215682284e+05
1.587088827655991772e+05
2.653651165719268611e+05
4.232736473745833791e+04
1.590197459252903063e+05
4.290024565632281883e+04
8.155544711813742470e+04
5.232137616363116831e+04
8.844036135476108757e+04
6.828367151053353155e+04
2.571267536405378996e+04
4.618899090760011313e+04
2.144764793109047969e+04
2.590941732363676128e+05
5.269544565757142846e+04
1.635411232510557165e+05
4.541845989319690125e+04
7.038856633350874472e+04
1.899005092992977588e+05
1.161933525270180398e+05
2.965313291653364649e+04
1.449275776325702318e+05
1.322301956155090884e+05
2.913924992538064180e+04
1.138053158787306165e+05
1.304432869660516008e+05
1.685179994535577425e+05
4.318283364116577286e+04
1.041130405773684324e+05
1.188650652958338615e+05
4.447374349632763187e+04
1.917984099777824886e+05
7.241512188707599125e+04
8.645034181942709256e+04
2.687974334768456174e+05
6.971270300433828197e+03
2.938410588455184188e+04
7.627681219278702338e+04
1.780039983554924256e+05
3.680712969089591206e+04
3.108610818114638678e+05
2.827163821864707643e+04
1.764212669216308859e+05
1.053345502882699511e+05
1.309221714662041632e+04
1.754013402223007288e+05
9.416009863570349989e+04
8.744552346700307680e+04
2.392331511164788390e+04
4.981245498763834621e+04
6.265681929336881149e+04
4.793583275346989831e+04
1.468278950180724496e+05
1.293065269283365778e+05
3.579665881302293565e+04
1.179924276328181295e+05
1.138140341941890947e+05
1.165310661452667409e+05
1.240998911456204369e+05
5.289254334076989471e+04
4.633900890347449604e+04
2.487608766293071676e+05
1.626978680808271747e+05
5.684992581988653546e+04
5.558591077965049044e+04
1.395704148463508172e+05
5.834289128284838807e+04
1.560148257625239494e+05
5.485472390629764050e+03
8.629684059719892684e+04
8.446914122279171715e+04
7.377340632308677596e+04
6.871062528551770083e+04
1.415858149178108433e+05
1.894272991249960032e+05
4.983171664278824755e+04
1.617107008473482565e+05
6.676005386979557807e+04
7.740567501534809708e+04
1.146945802798414952e+05
2.142217025448829518e+05
5.500196815161350969e+04
1.423778553751917498e+05
1.081629978941118316e+04
5.957960373501318099e+04
1.711096752343814005e+05
