1.040891909058304387e+06
4.757547907154926361e+04
5.402864497929672507e+04
2.435735835498191009e+05
5.518578776263834880e+04
8.642641044368768053e+04
3.543420871756236884e+05
1.372958137974020210e+05
1.431237710281238833e+05
3.007006088707007439e+04
1.972947511298148893e+05
5.750073361537498567e+04
1.831723978756658325e+05
2.917394777725950116e+05
8.597217961172250216e+04
1.244228647568807064e+05
8.798821174311007780e+04
2.389369118207187275e+05
3.729715739095685421e+04
1.829235343301696994e+05
1.406713686489567626e+05
6.821666514116396138e+04
1.097393425012259395e+05
5.844622993018652051e+04
1.544331114609137294e+05
2.996294835421527023e+04
3.036593229907731074e+04
1.687347238994420040e+05
2.761622466002883812e+04
1.632968064338774711e+05
3.120929258673470467e+05
1.864784269162743876e+05
1.701264742113084358e+05
1.033415502504055767e+05
1.143686470664110966e+05
2.039706192398798885e+05
5.357238196967475233e+04
6.509623796089644020e+04
4.330018996310205694e+04
2.837211042218093644e+05
1.058123068967561267e+05
5.604729582748577377e+04
6.985067656998596249e+03
3.318028516281961347e+05
1.646993907329358044e+05
9.209058648494681984e+04
1.429766610428196145e+05
8.196572518719267100e+04
4.272630362896476290e+05
2.264957492096301212e+04
5.708693067156396137e+04
7.709147817350845435e+04
9.249439978827259620e+04
3.823242438827101723e+05
8.087841568887799804e+04
1.758512661866520357e+05
9.388748209808762476e+04
7.189276733348786365e+04
6.181510746941997058e+04
1.476202071873502282e+05
8.070623050382663496e+04
6.694592398918201798e+04
1.711468462983872741e+05
1.272361304960863636e+05
3.356592757275464828e+05
9.299266101002087817e+04
1.328584937071344757e+04
8.917582397716278501e+04
2.198010546514457383e+04
1.649370923634392966e+05
7.173949277086246002e+04
1.239791931326107733e+05
4.377607435975757835e+04
1.116259205637517007e+05
9.437774251321311749e+04
3.191324726627651253e+05
9.099227774850265996e+04
2.884103624794624557e+04
1.749153605794139730e+05
1.349315843842525792e+05
2.244386275901694316e+05
2.848539423504039951e+04
1.599436078948787181e+05
3.192758257721362315e+04
8.963610611106257420e+04
1.422186260970997391e+05
1.027595352470162907e+05
1.793191732991921017e+05
2.253785282774865045e+05
7.182375589980605582e+04
1.260665784228527627e+05
1.248962188459289464e+05
1.809366363328699081e+05
7.970295605236005213e+04
4.477843052201803075e+05
9.771611789294843038e+04
1.768646833285001630e+05
1.746924675885610923e+05
3.743420444568846142e+04
1.069842542394657357e+05
1.138463178013569268e+05
7.149388562983328302e+04
4.223695759164451010e+04
7.642306241626998235e+04
2.568093429325562029e+05
9.738198248439539384e+03
9.300678809357511636e+04
1.213816834036450018e+05
3.122754163430172048e+04
2.180596823101125192e+05
2.523729481546948664e+05
4.385483940052551334e+05
1.398366142213873391e+05
8.895851686567776778e+04
2.969966974072118683e+04
4.510557218723672559e+05
8.922709440732307849e+04
1.510813206079261436e+05
2.576404701728000364e+05
5.241092445988990221e+04
1.639058428025559988e+05
1.390770115664490440e+05
7.111307599898535409e+04
1.601893968457611627e+05
6.230704585646276973e+04
4.851795617884169042e+04
1.588468117483190144e+05
2.691175372487386339e+05
1.128405464579617401e+05
8.574125825803034240e+04
1.595889295456399850e+05
6.434867113738400803e+04
5.035387224554683780e+04
5.838057529164013249e+04
9.703551903284087894e+04
1.444798732267408050e+05
1.171890585644830426e+05
1.832981386327310756e+05
5.810771616072027246e+05
5.889100971772948105e+04
1.103928328042133217e+05
1.190049546278721973e+05
1.413871931367187426e+04
2.992775217434138176e+05
3.384503725816225779e+04
1.681486981927770539e+05
1.751617751873627712e+05
1.610839441266508657e+05
3.144698608259683824e+05
2.846786749765095738e+04
7.912676540241205657e+04
1.315571883323505463e+05
3.568581258936657105e+05
8.041176301654810959e+04
4.417159259165439289e+04
5.069221766497186763e+04
2.434132494890600210e+05
1.039061494319236081e+05
5.167383706432086183e+04
1.909518099901238165e+05
2.092412108091921255e+05
1.614066970760798431e+05
2.350747882732525468e+05
3.262549484101608687e+04
8.414131639253147296e+04
8.644415709674841492e+04
6.839957359604586964e+04
2.832951488677217858e+05
1.004517045097290102e+05
1.368165183703225921e+05
1.340973569425864844e+05
2.094176263191360049e+05
3.501513705598287634e+05
5.585129261324593244e+04
2.098278127175162954e+05
5.660721351761846017e+04
1.076130576390027854e+05
6.903846975043567363e+04
1.166977564392206259e+05
9.010084473476670973e+04
3.392807855000428390e+04
6.094673889319563750e+04
2.830034111254578602e+04
3.418768112205497455e+05
6.953205740686865465e+04
2.157938058664529235e+05
5.993001712419473188e+04
9.287827010502740450e+04
2.505752242802249966e+05
1.533180478386239556e+05
3.912754346256625286e+04
1.912330851753291790e+05
1.744787891577115224e+05
3.844947079052822664e+04
1.501670145899931376e+05
1.721209490589238703e+05
2.223608333865917230e+05
5.698009059910810174e+04
1.373779806564569881e+05
1.568433939723894000e+05
5.868345636508886673e+04
2.530795192393467878e+05
9.555232618958012608e+04
1.140719099197548057e+05
3.546803398681486142e+05
9.198646309558567737e+03
3.877256016565451137e+04
1.006478570969208376e+05
2.348776839792775281e+05
4.856729879998102842e+04
4.101836566016465076e+05
3.730465028001411702e+04
2.327892573316682829e+05
1.389897723830774485e+05
1.727528409452216874e+04
2.314434559834936808e+05
1.242449950289667904e+05
1.153850599763873179e+05
3.156700354173210872e+04
6.572792841120751109e+04
8.267616872146785317e+04
6.325171052768993832e+04
1.937405689984786441e+05
1.706209851965083799e+05
4.723397448302200792e+04
1.556919416728017677e+05
1.501785184762091958e+05
1.537636636294788623e+05
1.637507880927012302e+05
6.979212935904404731e+04
6.114468882551018032e+04
3.282419446031708503e+05
2.146811239985362627e+05
7.501392684619250940e+04
7.334604900126512803e+04
1.841642664996145177e+05
7.698390658508139313e+04
2.058627967915050976e+05
7.238124213762273939e+03
1.138693638427114493e+05
1.114577000596664730e+05
9.734459324797606678e+04
9.066421361839266319e+04
1.868236028372782748e+05
2.499508197117756063e+05
6.575334431755238620e+04
2.133785490247049893e+05
8.809041920481984562e+04
1.021374005214675999e+05
1.513404060020276520e+05
2.826672311672109063e+05
7.257553208413280663e+04
1.878687064864445711e+05
1.427219313741924634e+04
7.861575844906417478e+04
2.257805700815470482e+05
