8.130480231088116625e+02
6.457530742318706416e+02
5.863204819343519603e+02
7.203214529119088638e+02
7.083988115504331518e+02
6.664206570746454190e+02
6.913888300445591995e+02
6.594795325634214578e+02
7.385289337790795798e+02
7.879869863854703453e+02
6.978174489210592810e+02
6.929482466425993152e+02
6.702855278204015121e+02
6.786305505911437876e+02
6.811242692554372979e+02
6.956164520695082274e+02
6.960547960073632794e+02
6.976459501074183436e+02
6.346137164413461278e+02
7.957153208380829028e+02
7.375136591663658692e+02
6.719045217737203757e+02
7.046869487525621025e+02
6.703041109511534614e+02
7.449619378490273220e+02
7.194074378295307497e+02
7.049089111872025342e+02
6.703873360026356067e+02
6.431230705555586837e+02
7.283885531412388445e+02
7.490550670233443498e+02
7.342290828673067153e+02
7.334455945214356234e+02
6.562863344576111331e+02
7.075475419116136209e+02
6.972557734849984854e+02
7.072251366272414543e+02
6.949327259820418021e+02
6.202034982151290023e+02
7.484567182139692250e+02
6.811837401496125040e+02
6.858442593617642160e+02
6.703283691863560989e+02
7.259551251813052204e+02
6.613477762832699227e+02
6.547101784764986405e+02
7.038397380934201237e+02
7.696773339638350535e+02
7.579248797093388248e+02
6.951258392793095027e+02
6.742228746193993629e+02
8.003717335062285656e+02
6.483551445184057229e+02
7.519336656912561239e+02
6.596608982431472441e+02
7.620922960366510779e+02
6.463035375898815573e+02
8.425387252865702976e+02
6.368801216769261373e+02
7.354236658031034040e+02
6.290096324951031193e+02
7.720602858878822872e+02
7.972414786392411088e+02
6.893770764918016312e+02
7.362588480661216863e+02
6.937994877398883773e+02
6.846331128041065313e+02
6.484264724362794823e+02
6.854752236909428120e+02
6.677713252887222097e+02
6.865785520540373454e+02
8.393792436352802042e+02
7.339996520183423172e+02
5.981431034715584474e+02
6.525736127450072672e+02
7.172096215246509701e+02
6.769160701516951804e+02
6.647571358872768315e+02
7.269470125052612275e+02
6.698314645666991964e+02
6.661625385504083852e+02
7.182001498920916447e+02
7.307035805069001526e+02
6.817828030760379079e+02
6.930523310483384876e+02
7.449956958857981135e+02
7.277370028238815394e+02
6.819937583517360054e+02
6.750273233341770265e+02
6.737910927679429278e+02
6.444669035905759529e+02
6.881611592591516455e+02
7.229733032440512943e+02
6.746724111989530002e+02
7.004924620449869508e+02
6.919119923303280757e+02
6.113902922253828365e+02
7.382220939310043377e+02
6.595696345568683228e+02
7.463138402831322082e+02
6.464044384779700749e+02
6.895120185897972078e+02
7.203648186938537492e+02
6.974330965292721203e+02
7.156375019582586674e+02
7.090753293247319107e+02
7.226683119483611790e+02
7.303625112129034278e+02
6.960025052831941821e+02
6.540078344420885514e+02
6.315781398388647858e+02
7.947980686324149247e+02
7.443971487044454989e+02
6.702770997927640337e+02
7.096383134735702924e+02
7.093779782442322812e+02
6.362909545956130160e+02
7.303606052961563364e+02
7.691513773876225741e+02
7.128345136340784620e+02
6.799000220419144398e+02
6.270432857952017685e+02
7.576907567789049835e+02
6.948955275958805942e+02
7.083655806352215905e+02
6.607211965233716455e+02
6.255137145553634355e+02
7.957010563717532250e+02
6.545414455388920487e+02
6.911328243622832588e+02
7.770538468757530381e+02
7.152405205469003704e+02
7.012494145378440180e+02
6.454243939695290919e+02
7.344432004679448482e+02
6.950986062815394462e+02
7.068674007033198450e+02
7.051517321459530194e+02
6.749033183786467589e+02
6.729376153119416131e+02
7.813004436257825773e+02
7.192604289134005739e+02
7.151490943541665501e+02
7.863642355749972239e+02
6.514635649588809656e+02
6.905426398367725369e+02
6.531817401891511281e+02
7.409918636362261850e+02
6.758114352804732334e+02
7.153630313061216839e+02
7.073833349448441368e+02
7.237788889182234016e+02
7.422190706301531691e+02
6.926258523819525408e+02
6.585162748066150016e+02
7.048501685717125156e+02
6.891388479262203646e+02
6.163233148212646029e+02
6.245181674154679285e+02
7.289427735245866415e+02
6.807126637656600678e+02
6.580029251499108796e+02
7.123875530314959406e+02
6.617345885495841458e+02
6.594155945092404636e+02
7.482259180103249037e+02
6.368471760721282635e+02
7.003614050323270703e+02
7.950671137976717091e+02
6.620554638814144255e+02
6.602670450066955254e+02
7.853404430225216402e+02
7.093582353628626151e+02
6.584986270331810374e+02
6.865044851736527107e+02
6.791826696049811289e+02
6.653384180450875647e+02
7.967159498455187077e+02
7.035985654913529288e+02
6.429620642846865621e+02
7.372377879595297827e+02
6.817994022213310927e+02
6.506163074176590726e+02
6.891514255572512866e+02
7.627849611338257318e+02
7.133259281636983360e+02
6.174718669664400750e+02
7.552252562695475717e+02
6.878559180110615898e+02
7.304348787480134888e+02
7.109968250719341540e+02
6.654987318421847249e+02
7.182752581531020724e+02
6.837145931097296625e+02
7.046159870607738185e+02
7.123427988266332704e+02
7.107734308780152332e+02
6.595907748983538568e+02
6.145819849396598329e+02
8.064411314421759016e+02
6.805346246240861774e+02
7.665409603912345347e+02
6.877013435397427656e+02
7.039545197151244338e+02
6.686067123156482239e+02
7.247847891861288190e+02
6.478125152390199446e+02
6.652986649497198641e+02
7.853382856543876187e+02
6.811447027786903163e+02
7.291679945566269225e+02
6.426215257099236169e+02
7.818734396882080091e+02
6.184730331766686504e+02
6.609267288226275241e+02
6.995354514919763460e+02
7.056353773765243886e+02
6.982054256943443988e+02
6.306717736728849104e+02
7.436174290717373196e+02
7.548826567658575186e+02
7.245728353096645833e+02
7.664387986294367465e+02
6.682451995278617005e+02
7.233326142065800468e+02
6.836588421251356067e+02
6.593934383001978858e+02
7.691738331759444236e+02
7.156765708754845718e+02
6.700283426459866405e+02
7.115460083769575022e+02
7.346565788272737336e+02
6.265657885436804690e+02
7.649959969771562101e+02
6.828754784187199220e+02
7.225242095936511078e+02
6.946277972695316976e+02
6.967242211267599714e+02
7.265716802855401966e+02
6.799080413989638600e+02
7.311080880084324463e+02
6.777132439034993467e+02
6.536871143971469564e+02
7.077217743132371197e+02
6.985760182806195644e+02
6.903955019900612342e+02
7.652347422599724496e+02
7.689589551141519905e+02
6.371607231701709679e+02
7.384899516983210788e+02
6.863384841111936794e+02
5.996656971486052043e+02
6.335967203571407254e+02
7.390692689657367964e+02
6.513372917153110393e+02
8.137643980901265195e+02
