3.538997072520880920e+02
2.810803512613794624e+02
2.552108129100025735e+02
3.135381232933724505e+02
3.083484922167672266e+02
2.900764392042529494e+02
3.009444677259696732e+02
2.870551392776756643e+02
3.214633896559319055e+02
3.429912574339433036e+02
3.037426866180462639e+02
3.016232432248882560e+02
2.917587219066452349e+02
2.953911040435395421e+02
2.964765581374909402e+02
3.027846470935808725e+02
3.029754473745894643e+02
3.036680374236364059e+02
2.762316641617303503e+02
3.463552103894746210e+02
3.210214657129328089e+02
2.924634299556626047e+02
3.067328100919849589e+02
2.917668106841172175e+02
3.242635173143215184e+02
3.131402751209597568e+02
3.068294248532383790e+02
2.918030364918412829e+02
2.799355756704373448e+02
3.170495326177771744e+02
3.260451552684942271e+02
3.195917708392652798e+02
3.192507377288482644e+02
2.856652190728109417e+02
3.079779555849716530e+02
3.034982031844201629e+02
3.078376205340117622e+02
3.024870380282888505e+02
2.699592523647036728e+02
3.257847088219697298e+02
2.965024443477029763e+02
2.985310531603984714e+02
2.917773696942772972e+02
3.159903215771468012e+02
2.878683395890199108e+02
2.849791573342109814e+02
3.063640402337117052e+02
3.350215183192378845e+02
3.299059654835560877e+02
3.025710954731470110e+02
2.934725516435250938e+02
3.483820317250713856e+02
2.822129681382190824e+02
3.272981381144212492e+02
2.871340832749995684e+02
3.317199387991715867e+02
2.813199543545745769e+02
3.667362809485111370e+02
2.772181743389760982e+02
3.201117432630961162e+02
2.737923449436500505e+02
3.360587583891312988e+02
3.470195091562131893e+02
3.000688011316866550e+02
3.204752774578589083e+02
3.019937674332611550e+02
2.980038710013969308e+02
2.822440154177609770e+02
2.983704210548435185e+02
2.906643516915482905e+02
2.988506726188397806e+02
3.653610366828839346e+02
3.194919052618635646e+02
2.603569078294285646e+02
2.840491630836764330e+02
3.121836200098425138e+02
2.946448330873784585e+02
2.893523495508935071e+02
3.164220656114449071e+02
2.915610793960038905e+02
2.899640865909170202e+02
3.126147725239605961e+02
3.180572068063884217e+02
2.967632016317276680e+02
3.016685485939115097e+02
3.242782113532848030e+02
3.167659288698816340e+02
2.968550252487723355e+02
2.938227082844214237e+02
2.932846076765219436e+02
2.805205129732424325e+02
2.995395424157841830e+02
3.146924081935842423e+02
2.936682238048014142e+02
3.049070537089761501e+02
3.011721873372553659e+02
2.661230816452945191e+02
3.213298298546400815e+02
2.870943584482502615e+02
3.248519670270871984e+02
2.813638740170558776e+02
3.001275380913978097e+02
3.135569993463224137e+02
3.035753875224590388e+02
3.114993152227966675e+02
3.086429636815150843e+02
3.145596530214525046e+02
3.179087477733824585e+02
3.029526865148991988e+02
2.846734443368192728e+02
2.749103527011210417e+02
3.459559531773101639e+02
3.240176785603418921e+02
2.917550533945416191e+02
3.088880167654641014e+02
3.087746992751910966e+02
2.769617244717197195e+02
3.179079181749335703e+02
3.347925824223923428e+02
3.102792436905328941e+02
2.959436735868179653e+02
2.729364428300327177e+02
3.298040575590711683e+02
3.024708464902756191e+02
3.083340276207891293e+02
2.875956049075551846e+02
2.722706582778113216e+02
3.463490014198754352e+02
2.849057120572709323e+02
3.008330347805135148e+02
3.382323320545535239e+02
3.113265190271586107e+02
3.052365364184987584e+02
2.809372848676165972e+02
3.196849709381888260e+02
3.025592416223725536e+02
3.076819069289711592e+02
3.069351188144485150e+02
2.937687319924771714e+02
2.929131100364806457e+02
3.400807706509684181e+02
3.130762857735863918e+02
3.112867234653663786e+02
3.422849141178700165e+02
2.835659867209275262e+02
3.005761420449474599e+02
2.843138659282041090e+02
3.225354421431808305e+02
2.941640128326890817e+02
3.113798449323836053e+02
3.079064803512624735e+02
3.150430597248011395e+02
3.230696150131028048e+02
3.014829129722834864e+02
2.866358569862820218e+02
3.068038556447362453e+02
2.999651061257065976e+02
2.682703044450931884e+02
2.718373212160994399e+02
3.172907710512340032e+02
2.962973964420002631e+02
2.864124085698761633e+02
3.100846927883582111e+02
2.880367094071847305e+02
2.870273086231339335e+02
3.256842471983240443e+02
2.772038339315686812e+02
3.048500078308786669e+02
3.460730618873934077e+02
2.881763785076211093e+02
2.873979239782231048e+02
3.418392825262420160e+02
3.087661056869423533e+02
2.866281753467300746e+02
2.988184331366196034e+02
2.956314278027908813e+02
2.896053673058515869e+02
3.467907594625114598e+02
3.062590637614211460e+02
2.798654936205363697e+02
3.209013857956786069e+02
2.967704268293702512e+02
2.831971964560437414e+02
2.999705808575960191e+02
3.320214387944320720e+02
3.104931442883191153e+02
2.687702408035719372e+02
3.287308861304571792e+02
2.994066784455511652e+02
3.179402475726096782e+02
3.094793432840641003e+02
2.896751479390351278e+02
3.126474652934260234e+02
2.976040620827277507e+02
3.067019222216056278e+02
3.100652123892316467e+02
3.093821053133875125e+02
2.871035603163444989e+02
2.675123465904354703e+02
3.510238906210749974e+02
2.962199004045073707e+02
3.336563324290706305e+02
2.993393959990122539e+02
3.064140018364270759e+02
2.910279750149786082e+02
3.154809032472235799e+02
2.819767750258039314e+02
2.895880637660690695e+02
3.418383434772198370e+02
2.964854523450799775e+02
3.173888041993884030e+02
2.797172655964944283e+02
3.403301816734238514e+02
2.692060237077056968e+02
2.876850680370015994e+02
3.044904906709743386e+02
3.071456376284032217e+02
3.039115633173108790e+02
2.745158339129478691e+02
3.236782858776082890e+02
3.285817610349960205e+02
3.153886449639492184e+02
3.336118639394304637e+02
2.908706174344554256e+02
3.148488073739981701e+02
2.975797950572064110e+02
2.870176645730026621e+02
3.348023568719787590e+02
3.115163209567458011e+02
2.916467755574161060e+02
3.097183892018345546e+02
3.197778492636433043e+02
2.727286000793906737e+02
3.329838480438717738e+02
2.972388161992634537e+02
3.144969288284199820e+02
3.023543100970683781e+02
3.032668315819771578e+02
3.162586927737942233e+02
2.959471642147162811e+02
3.182332789230466119e+02
2.949918231167175122e+02
2.845338428289271633e+02
3.080537946426605345e+02
3.040728731096784827e+02
3.005120965772791237e+02
3.330877679640917677e+02
3.347088257631120882e+02
2.773403132329790992e+02
3.214464217197505036e+02
2.987461769774038771e+02
2.610196552210406367e+02
2.757889909047428887e+02
3.216985842064884764e+02
2.835110230992680158e+02
3.542115275738455580e+02
