1.341029122912924834e+02
1.065095362318586751e+02
9.670681427006917374e+01
1.188087319270860860e+02
1.168422294778641657e+02
1.099184161140581182e+02
1.140366288329765041e+02
1.087735575262806549e+02
1.218118463070208293e+02
1.299693827652151583e+02
1.150969555158372373e+02
1.142938366501395677e+02
1.105558820544505920e+02
1.119322974996473903e+02
1.123436076877445515e+02
1.147339264211862542e+02
1.148062262078911431e+02
1.150686687606763172e+02
1.046722273911678371e+02
1.312440825711302637e+02
1.216443884466355030e+02
1.108229164705628165e+02
1.162300004371773525e+02
1.105589471279548661e+02
1.228728962770620967e+02
1.186579756606156337e+02
1.162666105857276762e+02
1.105726741421805173e+02
1.060757473998267528e+02
1.201393072482859310e+02
1.235480108177279277e+02
1.211026353953672867e+02
1.209734080115703705e+02
1.082468762561204301e+02
1.167018223500362666e+02
1.150043136181911194e+02
1.166486453096357678e+02
1.146211536735345362e+02
1.022954277729856756e+02
1.234493200693064381e+02
1.123534167271601802e+02
1.131221157232530885e+02
1.105629482446112775e+02
1.197379413178573770e+02
1.090817028222296301e+02
1.079869074704091929e+02
1.160902627913237524e+02
1.269494163634839197e+02
1.250109843185083776e+02
1.146530054889620516e+02
1.112053020855423426e+02
1.320121042400604381e+02
1.069387177727924438e+02
1.240228025320091660e+02
1.088034717074232702e+02
1.256983516699299486e+02
1.066003288262944295e+02
1.389670641435174900e+02
1.050460448458384377e+02
1.212996680995995291e+02
1.037478982537049603e+02
1.273424568528303809e+02
1.314958047325947632e+02
1.137048132420528788e+02
1.214374217999732650e+02
1.144342390703705661e+02
1.129223510402612334e+02
1.069504824917791268e+02
1.130612475373772980e+02
1.101411932882210891e+02
1.132432288502877071e+02
1.384459440144151188e+02
1.210647934178442995e+02
9.865681960062141798e+01
1.076345055473355359e+02
1.182954711605263185e+02
1.116495136868076656e+02
1.096440374432492177e+02
1.199015417141768012e+02
1.104809895475441550e+02
1.098758424347271330e+02
1.184588474126116751e+02
1.205211443636166564e+02
1.124522252609688024e+02
1.143110041747346912e+02
1.228784642766335224e+02
1.200318415235334868e+02
1.124870199053566751e+02
1.113379866409123764e+02
1.111340846394517428e+02
1.062973971898846628e+02
1.135042616911370317e+02
1.192461241135170411e+02
1.112794479696551946e+02
1.155381681381427228e+02
1.141229184298127706e+02
1.008417908951430348e+02
1.217612366061613756e+02
1.087884188129218472e+02
1.230958770216114146e+02
1.066169712662990321e+02
1.137270703877780562e+02
1.188158846136277305e+02
1.150335610131512851e+02
1.180361681349593823e+02
1.169538132972348876e+02
1.191958193100945493e+02
1.204648889096728652e+02
1.147976014548659833e+02
1.078710639067231511e+02
1.041715439735764335e+02
1.310927923784361724e+02
1.227797408090378042e+02
1.105544919483081117e+02
1.170466710519888807e+02
1.170037317526683296e+02
1.049488685177684886e+02
1.204645745506447270e+02
1.268626658806044816e+02
1.175738474765144019e+02
1.121416822023714275e+02
1.034235720004746923e+02
1.249723684361582627e+02
1.146150182279335610e+02
1.168367484209261846e+02
1.089783557034901236e+02
1.031712868315925249e+02
1.312417298116096447e+02
1.079590769146617077e+02
1.139944036426057750e+02
1.281660872561331814e+02
1.179706906208697461e+02
1.156630187384432418e+02
1.064553242060743656e+02
1.211379516288519937e+02
1.146485137194630965e+02
1.165896408869379997e+02
1.163066611077242527e+02
1.113175334509377166e+02
1.109933133575942179e+02
1.288665145068239894e+02
1.186337282321421327e+02
1.179556109227992380e+02
1.297017286987610873e+02
1.074514159429443509e+02
1.138970594988273746e+02
1.077348091689987939e+02
1.222180782357937829e+02
1.114673168804210377e+02
1.179908973603631495e+02
1.166747383010792305e+02
1.193789961972514675e+02
1.224204919028740903e+02
1.142406614279756809e+02
1.086146792475032044e+02
1.162569216674978634e+02
1.136655201824458032e+02
1.016554361875539598e+02
1.030070827907626096e+02
1.202307195208033050e+02
1.122757181002597235e+02
1.085300081308765101e+02
1.175001264701504624e+02
1.091455030529028392e+02
1.087630116802442473e+02
1.234112522324918615e+02
1.050406108475689564e+02
1.155165517925218523e+02
1.311371682814251187e+02
1.091984277452430803e+02
1.089034486386221801e+02
1.295328659022633531e+02
1.170004753916497435e+02
1.086117684504215077e+02
1.132310123709634979e+02
1.120233631754531984e+02
1.097399132439520031e+02
1.314091248075127965e+02
1.160504841467875821e+02
1.060491912688142691e+02
1.215988866666636596e+02
1.124549630989096016e+02
1.073116705644313100e+02
1.136675947179013093e+02
1.258125988043347263e+02
1.176549006464271656e+02
1.018448766427407435e+02
1.245657125078943039e+02
1.134539156609433945e+02
1.204768251015554625e+02
1.172707419021036230e+02
1.097663551593864923e+02
1.184712356556826336e+02
1.127708517898948628e+02
1.162182961229678142e+02
1.174927447792308755e+02
1.172338956013415299e+02
1.087919056689001707e+02
1.013682238682986281e+02
1.330131815638243324e+02
1.122463525932929969e+02
1.264321076459607269e+02
1.134284203812298131e+02
1.161091946985550152e+02
1.102789807620443270e+02
1.195449078673701990e+02
1.068492173194466233e+02
1.097333564284750906e+02
1.295325100692234628e+02
1.123469779621917155e+02
1.202678671374845010e+02
1.059930233508988948e+02
1.289610236114754969e+02
1.020100074845401394e+02
1.090122558903385794e+02
1.153803202637189003e+02
1.163864328211925709e+02
1.151609478185304738e+02
1.040220493078180084e+02
1.226511350310948814e+02
1.245092046634760692e+02
1.195099485152810104e+02
1.264152572393519023e+02
1.102193533891280879e+02
1.193053883207025478e+02
1.127616563067442144e+02
1.087593572686061805e+02
1.268663697043961491e+02
1.180426121031274818e+02
1.105134623204288573e+02
1.173613233665339521e+02
1.211731459329922700e+02
1.033448143253803693e+02
1.261772837151193585e+02
1.126324494807907257e+02
1.191720512854694363e+02
1.145708591924871769e+02
1.149166401754803957e+02
1.198396349850405613e+02
1.121430049030046803e+02
1.205878632196465077e+02
1.117809983207784370e+02
1.078181648271676778e+02
1.167305599790681754e+02
1.152220727996884477e+02
1.138727908047386563e+02
1.262166620012863234e+02
1.268309280415978293e+02
1.050923268321023443e+02
1.218054166615284117e+02
1.132036324065745703e+02
9.890795390084090855e+01
1.045044855938760833e+02
1.219009683761787102e+02
1.074305886249681663e+02
1.342210700981580942e+02
