2.334867316696708031e+02
1.854438735261070121e+02
1.683763432747647357e+02
2.068580170072459907e+02
2.034341373774592796e+02
1.913790781294221119e+02
1.985493029338774420e+02
1.893857635524539660e+02
2.120867428374357360e+02
2.262898387550152108e+02
2.003954389159620746e+02
1.989971277541083907e+02
1.924889707964036347e+02
1.948854492786947503e+02
1.956015819105695925e+02
1.997633685502794947e+02
1.998892497903637491e+02
2.003461888146837566e+02
1.822449330336822868e+02
2.285092200231609354e+02
2.117951817680621218e+02
1.929539047191355223e+02
2.023681847049869873e+02
1.924943073993350140e+02
2.139341381356452700e+02
2.065955351018534429e+02
2.024319266758726599e+02
1.925182075192680315e+02
1.846886033019530942e+02
2.091746831980028674e+02
2.151095808229773638e+02
2.108519349201642399e+02
2.106269369766488637e+02
1.884687581996229540e+02
2.031896743690165579e+02
2.002341400036007713e+02
2.030970877640664014e+02
1.995670197922941895e+02
1.781066845407813162e+02
2.149377502497164585e+02
1.956186604401469253e+02
1.969570431282546110e+02
1.925012737480531086e+02
2.084758645243579736e+02
1.899222756743848208e+02
1.880161262539423035e+02
2.021248873323639259e+02
2.210317718506902338e+02
2.176567656333608056e+02
1.996224770240190480e+02
1.936196767441690554e+02
2.298464234161825175e+02
1.861911219905393864e+02
2.159362412116090866e+02
1.894378471669424471e+02
2.188535417033036197e+02
1.856019526145653344e+02
2.419557119394955294e+02
1.828957870251491329e+02
2.111949887834785216e+02
1.806355825311036369e+02
2.217160950894877374e+02
2.289474937620750268e+02
1.979715784346994383e+02
2.114348319063914801e+02
1.992415825661488498e+02
1.966092326136441670e+02
1.862116055560211407e+02
1.968510654612526594e+02
1.917669557183363054e+02
1.971679133301797151e+02
2.410483890956254527e+02
2.107860482104665039e+02
1.717714997526501293e+02
1.874025588686654942e+02
2.059643781083531735e+02
1.943930940635774505e+02
1.909013571165638439e+02
2.087607093587006659e+02
1.923585753682555151e+02
1.913049530483757508e+02
2.062488326849174030e+02
2.098395002296799419e+02
1.957906960896780504e+02
1.990270181505217408e+02
2.139438325859719328e+02
2.089875745035663499e+02
1.958512770842211523e+02
1.938506939730052068e+02
1.934956799685476767e+02
1.850745180011318496e+02
1.976223979034600404e+02
2.076195610358035708e+02
1.937487722265301215e+02
2.011636347097248745e+02
1.986995418481422462e+02
1.755757557351134608e+02
2.119986262302528530e+02
1.894116385553675457e+02
2.143223701611884735e+02
1.856309287856065851e+02
1.980103303761962650e+02
2.068704705578417986e+02
2.002850626759158104e+02
2.055129053184097927e+02
2.036284160910751098e+02
2.075319752858916615e+02
2.097415537954414333e+02
1.998742332231550733e+02
1.878144308947000809e+02
1.813731925712478414e+02
2.282458084982188780e+02
2.137719450453199386e+02
1.924865504810328787e+02
2.037900908324901081e+02
2.037153291700680313e+02
1.827265932108684297e+02
2.097410064645833927e+02
2.208807304872164252e+02
2.047079582991443658e+02
1.952500092204987538e+02
1.800708977262209771e+02
2.175895314770966706e+02
1.995563373610461895e+02
2.034245943030496449e+02
1.897423378895174153e+02
1.796316437344577253e+02
2.285051236309089973e+02
1.879676704419766793e+02
1.984757846073523808e+02
2.231501189125738733e+02
2.053989023448618809e+02
2.013810122305638401e+02
1.853494849069390966e+02
2.109134240540714700e+02
1.996146563990840264e+02
2.029943550972333810e+02
2.025016586848415159e+02
1.938150829008979201e+02
1.932505829311137120e+02
2.243696335878475452e+02
2.065533178768212679e+02
2.053726470655626315e+02
2.258238259583750676e+02
1.870837813521926591e+02
1.983062986089526589e+02
1.875771976173446660e+02
2.127940337062800893e+02
1.940758709987161978e+02
2.054340843217586041e+02
2.031425183008647650e+02
2.078509047704862382e+02
2.131464563700712631e+02
1.989045443148920356e+02
1.891091404022835150e+02
2.024150572894272671e+02
1.979031652443503049e+02
1.769923944703765812e+02
1.793457478939777445e+02
2.093338412086672236e+02
1.954833792733158759e+02
1.889617194257349411e+02
2.045796025719106126e+02
1.900333583278867877e+02
1.893674021680390922e+02
2.148714702961516707e+02
1.828863258846402289e+02
2.011259984660115663e+02
2.283230714329064881e+02
1.901255055693449378e+02
1.896119171144861184e+02
2.255298187531533358e+02
2.037096595162299764e+02
1.891040724102052764e+02
1.971466432042653310e+02
1.950440038294341321e+02
1.910682865811804163e+02
2.287965752468618916e+02
2.020556286895476887e+02
1.846423663923293361e+02
2.117159585676911888e+02
1.957954629424012012e+02
1.868404705162275548e+02
1.979067772203690367e+02
2.190524575177257134e+02
2.048490800645933518e+02
1.773222294603244507e+02
2.168815023822608623e+02
1.975347403735704575e+02
2.097623359125754519e+02
2.041802208420613738e+02
1.911143246299326393e+02
2.062704018688847611e+02
1.963454570981533891e+02
2.023478063103307534e+02
2.045667503015343698e+02
2.041160677062937339e+02
1.894177095242396831e+02
1.764923287777499468e+02
2.315894002723937888e+02
1.954322509560531387e+02
2.201310850598146089e+02
1.974903505133383419e+02
2.021578496973728249e+02
1.920068576442402275e+02
2.081397737662447582e+02
1.860352926503884703e+02
1.910568705023667064e+02
2.255291992118466737e+02
1.956074498992064719e+02
2.093985189659210846e+02
1.845445723671685414e+02
2.245341834964295060e+02
1.776097389550164962e+02
1.898013615430309358e+02
2.008888055977353702e+02
2.026405493050313851e+02
2.005068559862745019e+02
1.811129072402763143e+02
2.135480293804572511e+02
2.167831165106829872e+02
2.080789059989373300e+02
2.201017467978844593e+02
1.919030403580800339e+02
2.077227460137008563e+02
1.963294468320802366e+02
1.893610394678190403e+02
2.208871792189927987e+02
2.055241249186470043e+02
1.924151137497086381e+02
2.043379323318293928e+02
2.109747008966597264e+02
1.799337726493864693e+02
2.196874108267440420e+02
1.961044846818492147e+02
2.074905927514400048e+02
1.994794520146812431e+02
2.000814916737249121e+02
2.086529234828579149e+02
1.952523121760614515e+02
2.099556645050784596e+02
1.946220221079135229e+02
1.877223282476903421e+02
2.032397094872995922e+02
2.006132807598315821e+02
1.982640443583338765e+02
2.197559724051526189e+02
2.208254716999663287e+02
1.829763686435741477e+02
2.120755481744253075e+02
1.970989719174217214e+02
1.722087499656882414e+02
1.819528776014410028e+02
2.122419133724507674e+02
1.870475188854004216e+02
2.336924563603201648e+02
