3.252192092435246650e+03
2.583012296927482566e+03
2.345281927737407841e+03
2.881285811647635455e+03
2.833595246201732607e+03
2.665682628298581676e+03
2.765555320178236798e+03
2.637918130253685831e+03
2.954115735116318319e+03
3.151947945541881381e+03
2.791269795684237124e+03
2.771792986570397261e+03
2.681142111281606049e+03
2.714522202364575151e+03
2.724497077021749192e+03
2.782465808278032910e+03
2.784219184029453118e+03
2.790583800429673374e+03
2.538454865765384511e+03
3.182861283352331611e+03
2.950054636665463477e+03
2.687618087094881503e+03
2.818747795010248410e+03
2.681216443804613846e+03
2.979847751396109288e+03
2.877629751318122999e+03
2.819635644748810137e+03
2.681549344010542427e+03
2.572492282222234735e+03
2.913554212564955378e+03
2.996220268093377399e+03
2.936916331469226861e+03
2.933782378085742494e+03
2.625145337830444532e+03
2.830190167646454483e+03
2.789023093939993942e+03
2.828900546508965817e+03
2.779730903928167209e+03
2.480813992860516009e+03
2.993826872855876900e+03
2.724734960598450016e+03
2.743377037447056864e+03
2.681313476745424396e+03
2.903820500725220882e+03
2.645391105133079691e+03
2.618840713905994562e+03
2.815358952373680495e+03
3.078709335855340214e+03
3.031699518837355299e+03
2.780503357117238011e+03
2.696891498477597452e+03
3.201486934024914262e+03
2.593420578073622892e+03
3.007734662765024495e+03
2.638643592972588976e+03
3.048369184146604312e+03
2.585214150359526229e+03
3.370154901146281190e+03
2.547520486707704549e+03
2.941694663212413616e+03
2.516038529980412477e+03
3.088241143551529149e+03
3.188965914556964435e+03
2.757508305967206525e+03
2.945035392264486745e+03
2.775197950959553509e+03
2.738532451216426125e+03
2.593705889745117929e+03
2.741900894763771248e+03
2.671085301154888839e+03
2.746314208216149382e+03
3.357516974541120817e+03
2.935998608073369269e+03
2.392572413886233790e+03
2.610294450980029069e+03
2.868838486098603880e+03
2.707664280606780721e+03
2.659028543549107326e+03
2.907788050021044910e+03
2.679325858266796786e+03
2.664650154201633541e+03
2.872800599568366579e+03
2.922814322027600610e+03
2.727131212304151632e+03
2.772209324193353950e+03
2.979982783543192454e+03
2.910948011295526157e+03
2.727975033406944021e+03
2.700109293336708106e+03
2.695164371071771711e+03
2.577867614362303812e+03
2.752644637036606582e+03
2.891893212976205177e+03
2.698689644795812001e+03
2.801969848179947803e+03
2.767647969321312303e+03
2.445561168901531346e+03
2.952888375724017351e+03
2.638278538227473291e+03
2.985255361132528833e+03
2.585617753911880300e+03
2.758048074359188831e+03
2.881459274775414997e+03
2.789732386117088481e+03
2.862550007833034670e+03
2.836301317298927643e+03
2.890673247793444716e+03
2.921450044851613711e+03
2.784010021132776728e+03
2.616031337768354206e+03
2.526312559355459143e+03
3.179192274529659699e+03
2.977588594817781996e+03
2.681108399171056135e+03
2.838553253894281170e+03
2.837511912976929125e+03
2.545163818382452064e+03
2.921442421184625346e+03
3.076605509550490297e+03
2.851338054536313848e+03
2.719600088167657759e+03
2.508173143180807074e+03
3.030763027115619934e+03
2.779582110383522377e+03
2.833462322540886362e+03
2.642884786093486582e+03
2.502054858221453742e+03
3.182804225487012900e+03
2.618165782155568195e+03
2.764531297449133035e+03
3.108215387503012153e+03
2.860962082187601482e+03
2.804997658151376072e+03
2.581697575878116368e+03
2.937772801871779393e+03
2.780394425126157785e+03
2.827469602813279380e+03
2.820606928583812078e+03
2.699613273514587036e+03
2.691750461247766452e+03
3.125201774503130309e+03
2.877041715653602296e+03
2.860596377416666201e+03
3.145456942299988896e+03
2.605854259835523862e+03
2.762170559347090148e+03
2.612726960756604512e+03
2.963967454544904740e+03
2.703245741121892934e+03
2.861452125224486736e+03
2.829533339779376547e+03
2.895115555672893606e+03
2.968876282520612676e+03
2.770503409527810163e+03
2.634065099226460006e+03
2.819400674286850062e+03
2.756555391704881458e+03
2.465293259285058411e+03
2.498072669661871714e+03
2.915771094098346566e+03
2.722850655062640271e+03
2.632011700599643518e+03
2.849550212125983762e+03
2.646938354198336583e+03
2.637662378036961854e+03
2.992903672041299615e+03
2.547388704288513054e+03
2.801445620129308281e+03
3.180268455190686836e+03
2.648221855525657702e+03
2.641068180026782102e+03
3.141361772090086561e+03
2.837432941451450461e+03
2.633994508132724150e+03
2.746017940694610843e+03
2.716730678419924516e+03
2.661353672180350259e+03
3.186863799382074831e+03
2.814394261965411715e+03
2.571848257138746249e+03
2.948951151838119131e+03
2.727197608885324371e+03
2.602465229670636290e+03
2.756605702229005146e+03
3.051139844535302927e+03
2.853303712654793344e+03
2.469887467865760300e+03
3.020901025078190287e+03
2.751423672044246359e+03
2.921739514992053955e+03
2.843987300287736616e+03
2.661994927368738900e+03
2.873101032612408289e+03
2.734858372438918650e+03
2.818463948243095274e+03
2.849371195306533082e+03
2.843093723512060933e+03
2.638363099593415427e+03
2.458327939758639332e+03
3.225764525768703606e+03
2.722138498496344710e+03
3.066163841564938139e+03
2.750805374158971063e+03
2.815818078860497735e+03
2.674426849262592896e+03
2.899139156744515276e+03
2.591250060956079778e+03
2.661194659798879457e+03
3.141353142617550475e+03
2.724578811114761265e+03
2.916671978226507690e+03
2.570486102839694468e+03
3.127493758752832036e+03
2.473892132706674602e+03
2.643706915290510096e+03
2.798141805967905384e+03
2.822541509506097555e+03
2.792821702777377595e+03
2.522687094691539642e+03
2.974469716286949279e+03
3.019530627063430074e+03
2.898291341238658333e+03
3.065755194517746986e+03
2.672980798111446802e+03
2.893330456826320187e+03
2.734635368500542427e+03
2.637573753200791543e+03
3.076695332703777694e+03
2.862706283501938287e+03
2.680113370583946562e+03
2.846184033507830009e+03
2.938626315309094934e+03
2.506263154174721876e+03
3.059983987908624840e+03
2.731501913674879688e+03
2.890096838374604431e+03
2.778511189078126790e+03
2.786896884507039886e+03
2.906286721142160786e+03
2.719632165595855440e+03
2.924432352033729785e+03
2.710852975613997387e+03
2.614748457588587826e+03
2.830887097252948479e+03
2.794304073122478258e+03
2.761582007960244937e+03
3.060938969039889798e+03
3.075835820456607962e+03
2.548642892680683872e+03
2.953959806793284315e+03
2.745353936444774718e+03
2.398662788594420817e+03
2.534386881428562901e+03
2.956277075862947186e+03
2.605349166861244157e+03
3.255057592360506078e+03
