6.971226359484952809e+03
5.536808066503583177e+03
5.027221864629828815e+03
6.176171341812560058e+03
6.073944376896021822e+03
5.714015801108835149e+03
5.928097602686191749e+03
5.654501296698515034e+03
6.332285700317127521e+03
6.756348326655155688e+03
5.983217787586932900e+03
5.941468333300736049e+03
5.747153928320308296e+03
5.818705719919849798e+03
5.840087331819219798e+03
5.964346027453986608e+03
5.968104470654439865e+03
5.981747324568398653e+03
5.441297121946934567e+03
6.822612516862475786e+03
6.323580545220380372e+03
5.761035486361699441e+03
6.042118168549350230e+03
5.747313263571435527e+03
6.387443484689590150e+03
6.168334404935354542e+03
6.044021316126371858e+03
5.748026850784209273e+03
5.514257921330431600e+03
6.245340173375891027e+03
6.422538742511719647e+03
6.295417971516321813e+03
6.288700195377833552e+03
5.627122216775084780e+03
6.066645431229225323e+03
5.978401876971505772e+03
6.063881067805452403e+03
5.958483631644464367e+03
5.317741206073204921e+03
6.417408387509892236e+03
5.840597246428582366e+03
5.880557412934380409e+03
5.747521258233340632e+03
6.224475505292284652e+03
5.670519969022383520e+03
5.613607959548091458e+03
6.034854025336181621e+03
6.599357930064979882e+03
6.498590181347853104e+03
5.960139421302658775e+03
5.780913478816053612e+03
6.862537473089167179e+03
5.559118705549683909e+03
6.447220387804200072e+03
5.656056360078874604e+03
6.534322391163482280e+03
5.541527842657301335e+03
7.224085175370417346e+03
5.460729705841718896e+03
6.305660549831406570e+03
5.393246654303663490e+03
6.619789807142527934e+03
6.835698080309869511e+03
5.910848450118122855e+03
6.312821559318478648e+03
5.948767034247093761e+03
5.870172815016462664e+03
5.559730284505804775e+03
5.877393231824655231e+03
5.725596683897145340e+03
5.886853376304881749e+03
7.196995186656632541e+03
6.293450788353065036e+03
5.128591240799331899e+03
5.595288643932275590e+03
6.149489915406556065e+03
5.804005442823541671e+03
5.699752458204926370e+03
6.232980133385422960e+03
5.743260704755260122e+03
5.711802644433104433e+03
6.157982891551454486e+03
6.265189652540379939e+03
5.845733724404039094e+03
5.942360772532216288e+03
6.387732932433257702e+03
6.239753658658685708e+03
5.847542494534241087e+03
5.787810973091814958e+03
5.777211300176088116e+03
5.525780198010520508e+03
5.900422947537364053e+03
6.198908804313427026e+03
5.784767889827293402e+03
6.006153852212228230e+03
5.932583294322086658e+03
5.242175123675798204e+03
6.329654797865801811e+03
5.655273848102498050e+03
6.399034949912085722e+03
5.542392985810898608e+03
5.912005468995006595e+03
6.176543168166725991e+03
5.979922278036694479e+03
6.136010267157009366e+03
6.079744967275442832e+03
6.196293751697225161e+03
6.262265260394846337e+03
5.967656120170428949e+03
5.607585929966880030e+03
5.415269518378650901e+03
6.814747824282573674e+03
6.382600876552859518e+03
5.747081664829401234e+03
6.084572099039870409e+03
6.082339935918528681e+03
5.455678076699707162e+03
6.262248918706914992e+03
6.594848279658331194e+03
6.111976919143766281e+03
5.829590406418918064e+03
5.376386828614862679e+03
6.496582767397370844e+03
5.958164685699369329e+03
6.073659448791545401e+03
5.665147556551813068e+03
5.363271997703523084e+03
6.822490210650721565e+03
5.612161211669831573e+03
5.925902561914016587e+03
6.662605536345379733e+03
6.132606474022497423e+03
6.012644104966188024e+03
5.533989900240887437e+03
6.297253856014129269e+03
5.959905920468137083e+03
6.060813772846611755e+03
6.046103308604262565e+03
5.786747731327332076e+03
5.769893424270365358e+03
6.699016653967575621e+03
6.167073922894837779e+03
6.131822568685274746e+03
6.742434556615360634e+03
5.585770885857737994e+03
5.920842209014481341e+03
5.600502842784064342e+03
6.353403323204951448e+03
5.794534096097398105e+03
6.133656904267365462e+03
6.065237489874448329e+03
6.205816047092443114e+03
6.363925626317990464e+03
5.938704064396454669e+03
5.646242143887894599e+03
6.043517645915154390e+03
5.908805833681257354e+03
5.284471785342660951e+03
5.354735989661572603e+03
6.250092162970041500e+03
5.836558149091400082e+03
5.641840587575434256e+03
6.108144595042588662e+03
5.673836569998537016e+03
5.653953079820775201e+03
6.415429463242580823e+03
5.460447224042282869e+03
6.005030144786243909e+03
6.817054668029340974e+03
5.676587815322042843e+03
5.661253576203461307e+03
6.733656367104275887e+03
6.082170656747920475e+03
5.646090828565979791e+03
5.886218312970088846e+03
5.823439691977390794e+03
5.704736480532825226e+03
6.831192097790585649e+03
6.032786166177889754e+03
5.512877423343049486e+03
6.321215173711862008e+03
5.845876048591446306e+03
5.578506340668815028e+03
5.908913676650540765e+03
6.540261431720096880e+03
6.116190399559376601e+03
5.294319687018966761e+03
6.475443103254978269e+03
5.897805751782368134e+03
6.262885753224286418e+03
6.096220232477264290e+03
5.706111041120083428e+03
6.158626883879200250e+03
5.862297254750461434e+03
6.041509729684427839e+03
6.107760864089718780e+03
6.094304808727448290e+03
5.655455109358444133e+03
5.269541296089657408e+03
6.914577630219734601e+03
5.835031608073547432e+03
6.572466074355271303e+03
5.896480401251607873e+03
6.035838184505217214e+03
5.732759449068395952e+03
6.214440824797236928e+03
5.554466100256556274e+03
5.704395630031475775e+03
6.733637869424956079e+03
5.840262532682969322e+03
6.252023250372808434e+03
5.509957581683843273e+03
6.703929629758338706e+03
5.302903874024655124e+03
5.666909829064105907e+03
5.997948264099557491e+03
6.050250173591531166e+03
5.986544373264432579e+03
5.407498164746346447e+03
6.375915414068418613e+03
6.472505590804314124e+03
6.212623492476628599e+03
6.571590120233825473e+03
5.729659770569859575e+03
6.201989603948919466e+03
5.861819235344077242e+03
5.653763108325717440e+03
6.595040819802360602e+03
6.136345251386551354e+03
5.744948774361143478e+03
6.100929033216400057e+03
6.299083402118194499e+03
5.372292677553946305e+03
6.559219268052883308e+03
5.855102527887673205e+03
6.195058191059887577e+03
5.955869115628193867e+03
5.973844247279435876e+03
6.229761964483567681e+03
5.829659165891494922e+03
6.268657975784693008e+03
5.810840560201255357e+03
5.604836016102305621e+03
6.068139332544217723e+03
5.989721903659491545e+03
5.919580621498961591e+03
6.561266314920309014e+03
6.593198414967878307e+03
5.463135635713781085e+03
6.331951460639755169e+03
5.884794988702117735e+03
5.141646244777605716e+03
5.432577206630498040e+03
6.336918635628597258e+03
5.584688195365843967e+03
6.977368693038539277e+03
