4.003918125726167091e+03
3.180061158963490016e+03
2.887380743052705384e+03
3.547278930259958997e+03
3.488564957041975504e+03
3.281840275580392245e+03
3.404797982233747462e+03
3.247658168923092489e+03
3.636943083662765730e+03
3.880503104307873855e+03
3.436456215095054176e+03
3.412477450364765446e+03
3.300873131688143076e+03
3.341968844341884960e+03
3.354249355549880420e+03
3.425617235184747187e+03
3.427775893945602547e+03
3.435611655869817241e+03
3.125204526515272391e+03
3.918561887451053281e+03
3.631943284992952158e+03
3.308845993131613795e+03
3.470285600455168151e+03
3.300964645758574079e+03
3.668622911749730520e+03
3.542777792010428129e+03
3.471378671700688756e+03
3.301374493987304504e+03
3.167109501630818158e+03
3.587005991776891278e+03
3.688779844213968772e+03
3.615768133949784897e+03
3.611909784750024755e+03
3.231933016888404381e+03
3.484372813601644339e+03
3.433690200794177144e+03
3.482785103742893625e+03
3.422250172973377175e+03
3.054240287858119245e+03
3.685833229038393711e+03
3.354542224586362408e+03
3.377493313351671532e+03
3.301084107321563351e+03
3.575022386824292880e+03
3.256858480196925029e+03
3.224171114365577523e+03
3.466113445775452874e+03
3.790335799151139781e+03
3.732459925557081078e+03
3.423201174401672233e+03
3.320262901748093554e+03
3.941492753221517887e+03
3.192875256149084180e+03
3.702955726887015317e+03
3.248551318296560112e+03
3.752982690874891887e+03
3.182771958515354982e+03
4.149147378653232408e+03
3.136365615091912332e+03
3.621650950380517770e+03
3.097606779945940616e+03
3.802070830945380749e+03
3.926077570054168518e+03
3.394890945643730447e+03
3.625763870289476927e+03
3.416669453250113293e+03
3.371528928078862464e+03
3.193226516019507471e+03
3.375675968533844298e+03
3.288491746084564966e+03
3.381109394735079150e+03
4.133588265917026547e+03
3.614638283917979152e+03
2.945602160879197527e+03
3.213649430509297872e+03
3.531954474949183350e+03
3.333525752282619578e+03
3.273648136315152897e+03
3.579907012974517329e+03
3.298637061935739439e+03
3.280569150864010680e+03
3.536832408812520043e+03
3.598406523808789643e+03
3.357492356486804965e+03
3.412990022103333558e+03
3.668789155823234523e+03
3.583797381643981225e+03
3.358531222123370753e+03
3.324224471912177705e+03
3.318136558491276901e+03
3.173727311764937440e+03
3.388903066811463304e+03
3.560338173145735254e+03
3.322476679542140573e+03
3.449629524947646132e+03
3.407374335535335831e+03
3.010838970586383766e+03
3.635432027003768326e+03
3.248101883186545820e+03
3.675280460266273167e+03
3.183268852774041989e+03
3.395555478484019204e+03
3.547492488420646168e+03
3.434563441895436426e+03
3.524212450064087079e+03
3.491896521355401546e+03
3.558836219826504475e+03
3.596726901585319411e+03
3.427518384213880381e+03
3.220712366628736618e+03
3.110255593813571068e+03
3.914044807736507664e+03
3.665841563749451780e+03
3.300831627211577597e+03
3.494668980513977658e+03
3.493386939461192469e+03
3.133464216049170773e+03
3.596717515750297480e+03
3.787745685149275232e+03
3.510408916400144790e+03
3.348220455079953808e+03
3.087923352928808981e+03
3.731306969005722294e+03
3.422066986632145927e+03
3.488401308819523365e+03
3.253772839513269901e+03
3.080390860581849211e+03
3.918491640978929354e+03
3.223340175911650931e+03
3.403537262371673023e+03
3.826662009797037626e+03
3.522257484276904961e+03
3.453357196278640004e+03
3.178442547488456512e+03
3.616822572701082663e+03
3.423067063389419218e+03
3.481023405406138409e+03
3.472574462367923388e+03
3.323613799879265116e+03
3.313933542483789097e+03
3.847574705255147819e+03
3.542053835187205550e+03
3.521807248891234394e+03
3.872511741929613891e+03
3.208182913987557185e+03
3.400630852845972640e+03
3.216644201331136173e+03
3.649071972999111495e+03
3.328085892080656322e+03
3.522860798024064479e+03
3.483564163642562107e+03
3.564305342354645745e+03
3.655115449137475480e+03
3.410889794793206420e+03
3.242914531299478313e+03
3.471089389129145729e+03
3.393717770573271991e+03
3.035132023425679563e+03
3.075488211383833914e+03
3.589735293091773201e+03
3.352222372352915045e+03
3.240386501051703362e+03
3.508207824204725966e+03
3.258763367239669606e+03
3.247343301010272171e+03
3.684696635513131696e+03
3.136203371902748131e+03
3.448984124511782284e+03
3.915369741545081524e+03
3.260343542728321609e+03
3.251536335102998692e+03
3.867469996003996130e+03
3.493289714108786029e+03
3.242827623468793718e+03
3.380744646631082105e+03
3.344687797299434351e+03
3.276510705439815865e+03
3.923489562700395254e+03
3.464925772568705725e+03
3.166316613747227166e+03
3.630584735812556119e+03
3.357574100266780988e+03
3.204010528433398122e+03
3.393779710093979247e+03
3.756393773933714328e+03
3.512828925411256932e+03
3.040788157653552389e+03
3.719165420292944418e+03
3.387399882582229111e+03
3.597083281131552212e+03
3.501359076373138123e+03
3.277300183182529054e+03
3.537202285276276598e+03
3.367005606517745036e+03
3.469936144093542225e+03
3.507987428647564229e+03
3.500258954317870121e+03
3.248205990439810648e+03
3.026556709203566697e+03
3.971381974666352562e+03
3.351345604774893673e+03
3.774890483942860101e+03
3.386638668594989213e+03
3.466678696784716522e+03
3.292605674369287499e+03
3.569258976335501757e+03
3.190203036125751169e+03
3.276314938234715555e+03
3.867459371877093417e+03
3.354349982021872165e+03
3.590844411553230202e+03
3.164639605091836074e+03
3.850396468859642482e+03
3.045718478399762716e+03
3.254784999281233468e+03
3.444916652164241441e+03
3.474956210862558692e+03
3.438366836842804787e+03
3.105792123246806568e+03
3.662001773870315446e+03
3.717478262433013697e+03
3.568215193011918473e+03
3.774387380413681512e+03
3.290825376573142876e+03
3.562107627882418456e+03
3.366731056464859194e+03
3.247234191038337030e+03
3.787856270422634225e+03
3.524404847980799332e+03
3.299606603325438755e+03
3.504063572204664979e+03
3.617873371001148371e+03
3.085571880634417539e+03
3.767282191638601489e+03
3.362873321061775641e+03
3.558126576590699642e+03
3.420748527849876155e+03
3.431072529929194388e+03
3.578058660312685788e+03
3.348259947026473583e+03
3.600398552411459605e+03
3.337451496326615597e+03
3.219132955862426570e+03
3.485230834593174222e+03
3.440191848811683485e+03
3.399906261094091406e+03
3.768457911323208009e+03
3.786798086721330037e+03
3.137747458935050872e+03
3.636751113378979881e+03
3.379927161508458994e+03
2.953100291676359120e+03
3.120196250325420351e+03
3.639604006248312544e+03
3.207561071594052464e+03
4.007445969950590552e+03
