7.471575413429465698e+03
5.934203952835424388e+03
5.388042984792471543e+03
6.619456544231871703e+03
6.509892396078696947e+03
6.124130500141507582e+03
6.353577693884078144e+03
6.060344433678526912e+03
6.786775770797943551e+03
7.241274840160486747e+03
6.412654045310786387e+03
6.367908088131468503e+03
6.159647065484916311e+03
6.236334376918232010e+03
6.259250621138226961e+03
6.392427793608943830e+03
6.396455993291639970e+03
6.411078042069880212e+03
5.831837857077833178e+03
7.312295040741149933e+03
6.777445816577987898e+03
6.174524951012336714e+03
6.475781910559583594e+03
6.159817836778720448e+03
6.845892420340648641e+03
6.611057123259310174e+03
6.477821653627925116e+03
6.160582640616577009e+03
5.910035305662499013e+03
6.693589862336091755e+03
6.883506586335275642e+03
6.747261917445255676e+03
6.740061983252763639e+03
6.031000262387934526e+03
6.502069579808529852e+03
6.407492480115224680e+03
6.499106808450124845e+03
6.386144633353414065e+03
5.699413905305002118e+03
6.878008007990926671e+03
6.259797134084701611e+03
6.302625380104147553e+03
6.160040759937699477e+03
6.671227664779455154e+03
6.077512821580314267e+03
6.016516040126153712e+03
6.467996394635645629e+03
7.073016699222087482e+03
6.965016500267545780e+03
6.387919264768609537e+03
6.195829655813409772e+03
7.355085549317840560e+03
5.958115903697260364e+03
6.909959718771490770e+03
6.062011109342158306e+03
7.003313334505715829e+03
5.939262483666090702e+03
7.742582782063856939e+03
5.852665184804772252e+03
6.758239641071312690e+03
5.780338640995316382e+03
7.094915042863607596e+03
7.326319800386400857e+03
6.335090509910382025e+03
6.765914621004527362e+03
6.375730642116763192e+03
6.291495443636613345e+03
5.958771377792676503e+03
6.299234094760085100e+03
6.136542582986761772e+03
6.309373226565750883e+03
7.713548451060014486e+03
6.745153542734928124e+03
5.496687992084804137e+03
5.996881883797295814e+03
6.590860099467301552e+03
6.220579010034478415e+03
6.108843427730043004e+03
6.680342699478421309e+03
6.155474411784176482e+03
6.121758497548024025e+03
6.599962645917356895e+03
6.714864007349758140e+03
6.265302274869697612e+03
6.368864580816695707e+03
6.846202642751101848e+03
6.687602384114123197e+03
6.267240866695076875e+03
6.203222207136166617e+03
6.191861758993525655e+03
5.922384576036219187e+03
6.323916732910721294e+03
6.643825953145714266e+03
6.199960711248963889e+03
6.437236310711195983e+03
6.358385339140551878e+03
5.618424183523630745e+03
6.783956039368091297e+03
6.061172433771761462e+03
6.858315845158031152e+03
5.940189721139410722e+03
6.336330572038280479e+03
6.619855057850937555e+03
6.409122005629305932e+03
6.576412970189113366e+03
6.516109314914403512e+03
6.641023209148533169e+03
6.711729721454125865e+03
6.395975463140962347e+03
6.010061788630402589e+03
5.803942162279930926e+03
7.303865871943004095e+03
6.840702241450238034e+03
6.159569615393052118e+03
6.521282906639683461e+03
6.518890533442177002e+03
5.847250982747789749e+03
6.711712206866668566e+03
7.068183375590925607e+03
6.550654665572619706e+03
6.248000295055960123e+03
5.762268727239071268e+03
6.962865007267093461e+03
6.385802795553478063e+03
6.509587017697588635e+03
6.071754812464557290e+03
5.748212599502647208e+03
7.312163956189087912e+03
6.014965454143253737e+03
6.351225107435276186e+03
7.140803805202363947e+03
6.572764875035580189e+03
6.444192391378042885e+03
5.931183517022051092e+03
6.749229569730287039e+03
6.387669004770688844e+03
6.495819363111468192e+03
6.480053077914928508e+03
6.202082652828733444e+03
6.184018653795638784e+03
7.179828274811121446e+03
6.609706172058280572e+03
6.571924706098004208e+03
7.226362430668002162e+03
5.986681003270165093e+03
6.345801555486485086e+03
6.002470323755029312e+03
6.809409078600962857e+03
6.210427871958918331e+03
6.573890698296275332e+03
6.500560585627672481e+03
6.651228952655559624e+03
6.820686603842280419e+03
6.364945418076545138e+03
6.051492492873072479e+03
6.477281833261672546e+03
6.332901287819209756e+03
5.663756623052050600e+03
5.739063932607287825e+03
6.698682918677351154e+03
6.255468136746108030e+03
6.046775021623518114e+03
6.546547282301139603e+03
6.081067466492377207e+03
6.059756869377250950e+03
6.875887049476853463e+03
5.852362428308487324e+03
6.436031950912370121e+03
7.306338285853007619e+03
6.084016178219038011e+03
6.067581347663555789e+03
7.216954200100906746e+03
6.518709104519359244e+03
6.051330317126568843e+03
6.308692582536490590e+03
6.241408122541892226e+03
6.114185170597773322e+03
7.321490407899580532e+03
6.465780118065526040e+03
5.908555724554538756e+03
6.774910674166118042e+03
6.265454814156838438e+03
5.978895056519281752e+03
6.333016871051809176e+03
7.009678640567222828e+03
6.555170562066987259e+03
5.674311342730382421e+03
6.940208076232347594e+03
6.321111691954254638e+03
6.712394749202414459e+03
6.533767066945963961e+03
6.115658388157844456e+03
6.600652859804312357e+03
6.283054627140908451e+03
6.475129801930584108e+03
6.546136009649099833e+03
6.531714166601399484e+03
6.061366704775669859e+03
5.647754520887998297e+03
7.410860808716601241e+03
6.253832030593700438e+03
7.044194721914067486e+03
6.319691216426826941e+03
6.469051190315930398e+03
6.144219444615687280e+03
6.660472760519832264e+03
5.953129364812431049e+03
6.113819856075734606e+03
7.216934374779093559e+03
6.259438396774607099e+03
6.700752606909474707e+03
5.905426315749393325e+03
7.185093871885744193e+03
5.683511646560527879e+03
6.073643569376989944e+03
6.428441779127531845e+03
6.484497577761004322e+03
6.416219391560784061e+03
5.795613031688842057e+03
6.833536940174632036e+03
6.937059728341855589e+03
6.658524991965994559e+03
7.043255897532302697e+03
6.140897291458561085e+03
6.647127872438427403e+03
6.282542298626567572e+03
6.059553262970209289e+03
7.068389735007769559e+03
6.576771997396704137e+03
6.157283639990676420e+03
6.538813834618540568e+03
6.751190428693111244e+03
5.757880724780367018e+03
7.029997146455809343e+03
6.275343509819174869e+03
6.639698968046080154e+03
6.383342464469799779e+03
6.402607733559197186e+03
6.676893551451453277e+03
6.248073989633966448e+03
6.718581264162510706e+03
6.227904707453232731e+03
6.007114503926090947e+03
6.503670703593586950e+03
6.419624984314610629e+03
6.344449419466684049e+03
7.032191116964883804e+03
7.066415094398922520e+03
5.855243796594372725e+03
6.786417541581609839e+03
6.307167101357495085e+03
5.510679998902023726e+03
5.822492083246112088e+03
6.791741227918424556e+03
5.985520604332813491e+03
7.478158603530245273e+03
