2.226570092000906413e+02
1.727771923461387189e+02
1.890158198068966158e+02
1.846425785815192171e+02
1.823798221087581624e+02
2.001870711620155987e+02
1.946062617078587493e+02
1.809294929622269876e+02
1.779435396947195898e+02
2.040310118118368337e+02
1.915874420236933702e+02
1.916226784145216868e+02
2.034020175750779629e+02
1.898963013395208748e+02
1.977929746562114985e+02
1.954030507390410776e+02
1.947237281535043962e+02
1.995599857054029940e+02
1.974089317055846493e+02
1.926941056335575411e+02
1.761231829631986727e+02
1.972119053277035334e+02
1.839602325514563290e+02
1.994845184078072862e+02
1.959872023062659707e+02
1.871403801165841116e+02
1.834698317440857238e+02
2.075308932202351855e+02
1.936912380399218137e+02
1.980882017760582130e+02
1.827289119302905647e+02
2.128766906973851007e+02
2.007392623789447441e+02
1.893183786574761314e+02
1.886528450422147785e+02
1.846837030562743394e+02
1.878605245915449586e+02
2.063220569294030327e+02
1.771654228736208552e+02
2.017963652307793723e+02
2.001698574368024595e+02
1.916636443937984495e+02
1.912632071856990592e+02
2.016441791112095530e+02
1.804405478812900299e+02
1.852461117784346243e+02
1.779573445308278679e+02
2.111082381229282419e+02
1.759082803614388126e+02
1.988109627216325919e+02
1.826012993088491783e+02
2.107289436246746845e+02
1.801101835103671931e+02
1.931405873626591756e+02
1.953867215454586130e+02
1.894328210165527366e+02
1.972206002472471766e+02
2.013073155966749255e+02
1.761470107817296764e+02
1.871001779741613689e+02
1.749870526968936701e+02
1.966785867708697140e+02
1.986709900885237232e+02
2.011959379749617938e+02
1.926784359526181163e+02
2.006804677692653058e+02
1.883750149656787869e+02
1.916792206526145037e+02
1.859275052098861920e+02
1.872413148300205989e+02
1.877936372081892955e+02
2.036643176642132005e+02
1.898679922452196251e+02
1.877602428796425329e+02
1.992259222186234808e+02
2.028998612170362037e+02
1.731906189438372223e+02
2.016759423457954199e+02
1.807303340903015965e+02
1.937510502128097585e+02
1.981560307016694651e+02
1.935932120912691801e+02
1.885835474833512819e+02
2.024609533970991606e+02
2.038128670430009777e+02
1.974513416132941472e+02
1.977008542357692420e+02
1.955543064635972428e+02
1.950634403389116471e+02
1.922416701996639006e+02
1.933846632772403780e+02
1.821968710195872632e+02
1.954841663922305202e+02
1.839566411148867360e+02
1.957067017729675911e+02
1.980046222810826180e+02
1.891281869152252568e+02
1.970638543899090109e+02
1.863950918162035748e+02
2.075963798818664259e+02
1.936597850137093246e+02
1.890791763415554101e+02
1.898412880476855378e+02
1.988354338357665370e+02
1.900473927664243377e+02
1.941023403721958971e+02
1.800997484553709569e+02
1.977173656959930383e+02
1.935895642421331786e+02
1.917967744404595010e+02
1.896957979345465901e+02
1.961910717133740718e+02
2.069992101902580828e+02
1.870849007105803139e+02
1.820975958496605358e+02
1.890974722899691471e+02
1.750060947784585323e+02
2.096477845017254822e+02
1.791106866943744365e+02
2.121221971549101397e+02
1.766141470450490658e+02
1.833877852211214758e+02
1.944971696807178319e+02
1.931282823847400039e+02
1.784243632668756163e+02
1.928311839154111453e+02
2.070062654690061095e+02
1.980675299954593527e+02
2.057748848331893896e+02
1.782392298558519599e+02
1.937206920949278413e+02
2.040398646283245228e+02
1.885268785967521410e+02
1.916428301665858385e+02
1.814507361644162131e+02
2.067691485126636337e+02
1.958459395111568426e+02
1.960448842022321116e+02
1.847548642226066988e+02
1.904297737380383637e+02
1.922289127794350918e+02
1.856206981508823048e+02
1.893374528462756530e+02
1.991624136736107857e+02
1.894996519886091733e+02
1.851644537219902418e+02
1.914040934771546745e+02
2.008087102877482550e+02
1.921702368990989669e+02
2.153359197146026816e+02
1.794905961930536762e+02
1.984539886681330643e+02
2.023032198802994230e+02
1.980282619861889657e+02
1.804573097387304585e+02
1.886032220178099124e+02
1.941605093206782158e+02
1.966653865371584402e+02
1.945856106294306471e+02
1.961761334033121784e+02
1.930158995539492253e+02
1.843420182450022367e+02
1.899488021869016166e+02
1.859835526017519385e+02
1.836544060604066431e+02
2.085090210860871593e+02
1.795523326494975436e+02
1.911676354633308108e+02
1.929750171740890607e+02
1.926822218605780108e+02
1.857983722306540812e+02
1.771344888462585061e+02
1.921404926194517202e+02
1.917826370222358889e+02
2.007100299171551967e+02
1.979855685734492283e+02
1.900826049499084149e+02
2.078065801292122785e+02
1.847319306982286946e+02
2.023937420718287115e+02
1.961463184567470250e+02
1.854183768089348234e+02
1.763639406774864540e+02
2.022199511558967515e+02
1.912458611986195365e+02
1.918264692596096950e+02
1.735258080416189728e+02
2.054881817964414097e+02
1.875815930254518946e+02
2.062164711705263471e+02
1.861998743470472277e+02
1.993270644732755272e+02
1.990911997479890374e+02
1.877917785509790747e+02
1.828313331447169787e+02
1.925951921445742983e+02
2.004646629598816219e+02
1.866355401354509809e+02
1.864164578422784757e+02
1.910547875746603381e+02
1.983864679278308927e+02
1.824320749670490898e+02
1.877531396212905292e+02
1.877432740682137364e+02
1.820691942992222323e+02
1.958463770735534411e+02
1.788769932843806885e+02
2.204719365996838576e+02
1.894705524819116533e+02
1.884118871237466522e+02
1.932191013797927042e+02
1.812669020251727829e+02
1.861722933569253939e+02
1.893318051021081203e+02
1.931375198095740870e+02
1.955350248999653502e+02
1.932890941383185464e+02
1.955291709983527824e+02
1.782362485824334044e+02
2.027483026045121903e+02
1.987469721668563238e+02
2.035072606791458156e+02
1.839424957726311050e+02
1.914651015128701772e+02
1.913109306059490677e+02
2.159355011264139534e+02
1.839443715587934776e+02
1.806293697682926620e+02
1.760888302775225895e+02
1.881417592753934684e+02
1.893567634208248762e+02
1.977723368786986100e+02
1.853607985843318602e+02
1.950346726777169692e+02
1.788233741320557328e+02
2.219753412457793615e+02
1.906366829477684917e+02
1.834349077899311169e+02
1.876580347186706490e+02
1.909624923371809757e+02
2.054281180388883854e+02
1.778817750221093092e+02
1.993634681620824551e+02
1.799096342402606581e+02
1.847268758596654266e+02
1.958249928442919838e+02
1.792394635374844256e+02
2.011811470180768993e+02
1.791121713458244642e+02
1.910320438206147742e+02
1.905723879279263144e+02
2.002256603670680590e+02
2.065976092450616193e+02
1.864035616857921127e+02
1.928441488742637375e+02
2.160239318056393643e+02
