1.909102989666851272e+03
1.481424077504961588e+03
1.620657117348589054e+03
1.583160126223555380e+03
1.563758827506055241e+03
1.716441523314501865e+03
1.668590615535006236e+03
1.551323433176494973e+03
1.525721309396591096e+03
1.749400191954845241e+03
1.642706688929640904e+03
1.643008812358483738e+03
1.744007077306474002e+03
1.628206531275948691e+03
1.695914090501128385e+03
1.675422434245896056e+03
1.669597794888457884e+03
1.711064774905383047e+03
1.692621234157480330e+03
1.652195430441697454e+03
1.510113229099044020e+03
1.690931893011619422e+03
1.577309563285248259e+03
1.710417704130564061e+03
1.680431059428701019e+03
1.604576745423275270e+03
1.573104774714478935e+03
1.779408832079209333e+03
1.660745030855906862e+03
1.698445423240910259e+03
1.566751989160135054e+03
1.825244703056031312e+03
1.721176114454904337e+03
1.623251313723841804e+03
1.617544903585738211e+03
1.583512735189181740e+03
1.610751399322916313e+03
1.769044042822691608e+03
1.519049589719737469e+03
1.730239912725046452e+03
1.716293929603503329e+03
1.643360062354129013e+03
1.639926638569704437e+03
1.728935040370476145e+03
1.547131126277407930e+03
1.588334933137264443e+03
1.525839674652555459e+03
1.810081658743576554e+03
1.508270613854274188e+03
1.704642511250704274e+03
1.565657814590970247e+03
1.806829516521863070e+03
1.544298520151627145e+03
1.656023648591764868e+03
1.675282424675125412e+03
1.624232563991428606e+03
1.691006444883825679e+03
1.726046709367476751e+03
1.510317533287617152e+03
1.604232044708188823e+03
1.500371834943763815e+03
1.686359119601278280e+03
1.703442359621524929e+03
1.725091736733296329e+03
1.652061075656119101e+03
1.720671998435747582e+03
1.615162736360732652e+03
1.643493616120886145e+03
1.594177328316274952e+03
1.605442178601754676e+03
1.610177894343243679e+03
1.746256087504522156e+03
1.627963803787784627e+03
1.609891565102158665e+03
1.708200451865922105e+03
1.739701494437729707e+03
1.484968874753920772e+03
1.729207384305783535e+03
1.549615807626428477e+03
1.661257871653010397e+03
1.699027001180610114e+03
1.659904537972660137e+03
1.616950733308870440e+03
1.735938216406464335e+03
1.747529777761010337e+03
1.692984864666533667e+03
1.695124232725226875e+03
1.676719329218984058e+03
1.672510550930215459e+03
1.648316164109230840e+03
1.658116401296504137e+03
1.562190170527531336e+03
1.676117935081773794e+03
1.577278769633986940e+03
1.678025995206169227e+03
1.697728796963093828e+03
1.621620574026737586e+03
1.689662476481765225e+03
1.598186503644982167e+03
1.779970327007901005e+03
1.660475346705418815e+03
1.621200348168793425e+03
1.627734836985741595e+03
1.704852331176523876e+03
1.629502017530123794e+03
1.664269899416851786e+03
1.544209048031426391e+03
1.695265805084391332e+03
1.659873260629465676e+03
1.644501544362749428e+03
1.626487377447151857e+03
1.682179073991592759e+03
1.774850081983126302e+03
1.604101054582697998e+03
1.561338966586601373e+03
1.621357221064647547e+03
1.500535105325305267e+03
1.797559455267815110e+03
1.535728646845462663e+03
1.818775533804194083e+03
1.514322847290929758e+03
1.572401292426427062e+03
1.667655240017694723e+03
1.655918143401438101e+03
1.529843980954981134e+03
1.653370765359943334e+03
1.774910575267389959e+03
1.698268179513956284e+03
1.764352486565394429e+03
1.528256612339269395e+03
1.660997575452063302e+03
1.749476097665086854e+03
1.616464843638403181e+03
1.643181597263171625e+03
1.555792670229565601e+03
1.772877489976787956e+03
1.679219845708367757e+03
1.680925634831623256e+03
1.584122884386286842e+03
1.632780623753761802e+03
1.648206779593617739e+03
1.591546707004601785e+03
1.623414859398839553e+03
1.707655917680410994e+03
1.624805585290033378e+03
1.587634781634069441e+03
1.641134624077042872e+03
1.721771573860378112e+03
1.647703681582136142e+03
1.846330594247655426e+03
1.538986062196261628e+03
1.701581748711865885e+03
1.734585779626796466e+03
1.697931488231855383e+03
1.547274845589307688e+03
1.617119426460234763e+03
1.664768650899467730e+03
1.686245938319750167e+03
1.668413549312350142e+03
1.682050990117196989e+03
1.654954551915948059e+03
1.580583065482996517e+03
1.628656683395815435e+03
1.594657889174243564e+03
1.574687349547267104e+03
1.787795483995908398e+03
1.539515402161762040e+03
1.639107188683279219e+03
1.654604018717392364e+03
1.652093536741583193e+03
1.593070117914041248e+03
1.518784355562806695e+03
1.647448648545430615e+03
1.644380327485302587e+03
1.720925469840579126e+03
1.697565426897458792e+03
1.629803933400653023e+03
1.781772623383291602e+03
1.583926248043640726e+03
1.735361933888010071e+03
1.681795351169073228e+03
1.589811965842969357e+03
1.512177530931640149e+03
1.733871817954204062e+03
1.639777910820637999e+03
1.644756153315869369e+03
1.487842848993392636e+03
1.761894240914074089e+03
1.608359787719698716e+03
1.768138730707605419e+03
1.596512672422059950e+03
1.709067664541739305e+03
1.707045316115255673e+03
1.610161957867452884e+03
1.567630167877118538e+03
1.651347327621064551e+03
1.718821647493466344e+03
1.600248152666428723e+03
1.598369699962957384e+03
1.638139609704237273e+03
1.701002813210852310e+03
1.564206853320918299e+03
1.609830660431764954e+03
1.609746071327917434e+03
1.561095446362164239e+03
1.679223597450486750e+03
1.533724915683855215e+03
1.890367767052201771e+03
1.624556080657622942e+03
1.615478885164921167e+03
1.656696842511771820e+03
1.554216441813971414e+03
1.596276187835795326e+03
1.623366434580264013e+03
1.655997346815832771e+03
1.676554005473249163e+03
1.657296973561033155e+03
1.676503813022043914e+03
1.528231050341392802e+03
1.738402002446353208e+03
1.704093844223006727e+03
1.744909451434912853e+03
1.577157484814402324e+03
1.641657718426493602e+03
1.640335828132628194e+03
1.851471517814130038e+03
1.577173568157044201e+03
1.548750120578491305e+03
1.509818682724048131e+03
1.613162758290065312e+03
1.623580431889625288e+03
1.695737138323016097e+03
1.589318279337774129e+03
1.672263891603434104e+03
1.533265175007490598e+03
1.903258240677313324e+03
1.634554702154906408e+03
1.572805330176320922e+03
1.609015213145484267e+03
1.637348253014246211e+03
1.761379242982829737e+03
1.525191727500383877e+03
1.709379796602553142e+03
1.542578973066577419e+03
1.583882906909004532e+03
1.679040245054972956e+03
1.536832803669738723e+03
1.724964916292698490e+03
1.535741376525664691e+03
1.637944600488041260e+03
1.634003424586585879e+03
1.716772394401826887e+03
1.771406680098398056e+03
1.598259125896631076e+03
1.653481929350672090e+03
1.852229739056273047e+03
