2.192983463750233568e+03
1.701709400882949467e+03
1.861646164712560903e+03
1.818573432689896435e+03
1.796287192768297928e+03
1.971673554279973359e+03
1.916707295228551857e+03
1.782002675758192481e+03
1.752593558287786664e+03
2.009533122730028253e+03
1.886974471316104882e+03
1.887321520001822591e+03
2.003338060805133637e+03
1.870318164072110903e+03
1.948093725974939161e+03
1.924554994143388967e+03
1.917864240495048762e+03
1.965497292227185653e+03
1.944311227309749029e+03
1.897874173081996105e+03
1.734664582125332572e+03
1.942370683914469737e+03
1.811852900666856613e+03
1.964754003092584298e+03
1.930308393651673669e+03
1.843174667934212721e+03
1.807022866952503364e+03
2.044003998276583161e+03
1.907695085013680227e+03
1.951001463729076477e+03
1.799725432636579626e+03
2.096655587867514896e+03
1.977112171334537152e+03
1.864626113821353101e+03
1.858071169882775166e+03
1.818978474028668643e+03
1.850267482711406501e+03
2.032097981907730400e+03
1.744929764869983501e+03
1.987523741497474475e+03
1.971504013626941287e+03
1.887725000294012943e+03
1.883781032040836863e+03
1.986024836770298407e+03
1.777186979719568626e+03
1.824517724879101252e+03
1.752729524262601672e+03
2.079237823809050951e+03
1.732547973024773000e+03
1.958120048531698785e+03
1.798468556108900657e+03
2.075502093388752201e+03
1.773933169722529556e+03
1.902271640973548529e+03
1.924394165379761034e+03
1.865753274389570606e+03
1.942456321527434966e+03
1.982707015698465966e+03
1.734899266010665542e+03
1.842778710789826619e+03
1.723474658683784583e+03
1.937117946620236580e+03
1.956741436329513590e+03
1.981610040204515826e+03
1.897719839960816444e+03
1.976533094092603960e+03
1.855334778310083266e+03
1.887878413286190607e+03
1.831228874610473440e+03
1.844168789602691731e+03
1.849608698484673823e+03
2.005921495120003101e+03
1.870039343405744148e+03
1.849279792556451866e+03
1.962207049063576733e+03
1.998392244846503672e+03
1.705781303651627013e+03
1.986337677800779602e+03
1.780041129097880457e+03
1.908284184393688520e+03
1.951669521351712319e+03
1.906729612221308344e+03
1.857388647463149255e+03
1.994069373562592546e+03
2.007384581022406792e+03
1.944728929077325347e+03
1.947186417647079224e+03
1.926044735265578993e+03
1.921210118568723374e+03
1.893418066227296322e+03
1.904675582562897944e+03
1.794485279077513042e+03
1.925353914809460775e+03
1.811817528050308056e+03
1.927545700335589117e+03
1.950178276302601262e+03
1.862752885813861212e+03
1.940912507234820168e+03
1.835834207715453886e+03
2.044648986577510414e+03
1.907385299273646069e+03
1.862270173062113599e+03
1.869776329616888461e+03
1.958361068335333584e+03
1.871806287001202918e+03
1.911744095731218749e+03
1.773830393245237019e+03
1.947349041583164762e+03
1.906693683988632074e+03
1.889036218799573817e+03
1.868343374896985097e+03
1.932316335104578229e+03
2.038767369540370055e+03
1.842628242648154355e+03
1.793507502510799668e+03
1.862450372699524905e+03
1.723662207102481034e+03
2.064853589275505783e+03
1.764088970353205696e+03
2.089224463789731999e+03
1.739500163617517501e+03
1.806214778005448579e+03
1.915632830910511757e+03
1.902150447334976434e+03
1.757329264325102258e+03
1.899224278369155854e+03
2.038836858076492035e+03
1.950797864151491240e+03
2.026708798952597135e+03
1.755505856607460146e+03
1.907985182575848739e+03
2.009620315494517627e+03
1.856830506797973158e+03
1.887519997737605763e+03
1.787136481009146792e+03
2.036501456347608837e+03
1.928917074443576894e+03
1.930876511603432391e+03
1.819679351407685999e+03
1.875572416576978867e+03
1.893292416414149329e+03
1.828207084237134040e+03
1.864813978469190033e+03
1.961581543540440407e+03
1.866411503012656340e+03
1.823713461999132505e+03
1.885168643005976719e+03
1.977796174574072438e+03
1.892714508555958218e+03
2.120876916392980092e+03
1.767830758008210523e+03
1.954604155638298607e+03
1.992515831658550724e+03
1.950411107429599952e+03
1.777352069856729258e+03
1.857582425008620476e+03
1.912317010738852105e+03
1.936987935468328942e+03
1.916503899549861444e+03
1.932169205368758185e+03
1.901043571380704861e+03
1.815613167256488850e+03
1.870835253071700208e+03
1.831780894077497805e+03
1.808840768059586708e+03
2.053637731537228319e+03
1.768438809955815032e+03
1.882839731304297629e+03
1.900640914472151962e+03
1.897757127956290333e+03
1.829957023842791841e+03
1.744625090830228146e+03
1.892421552526224787e+03
1.888896977171852768e+03
1.976824256278373014e+03
1.949990613376950705e+03
1.872153097265027554e+03
2.046719281459138756e+03
1.819453475564355813e+03
1.993407398781630718e+03
1.931875553329575496e+03
1.826214389918421375e+03
1.737035842244653168e+03
1.991695705059712964e+03
1.883610188720141878e+03
1.889328687685190289e+03
1.709082633132812134e+03
2.023885016216746862e+03
1.847520242396998356e+03
2.031058051370371913e+03
1.833911480543140669e+03
1.963203214837720452e+03
1.960880146526988028e+03
1.849590392281148297e+03
1.800734195084172143e+03
1.896899958767066664e+03
1.974407599009038449e+03
1.838202420554971013e+03
1.836044645024553802e+03
1.881728274922742230e+03
1.953939133380634985e+03
1.796801839284827338e+03
1.849209831461758768e+03
1.849112664097318429e+03
1.793227771229580185e+03
1.928921384063577534e+03
1.761787287664010819e+03
2.171462344352282798e+03
1.866124897451842116e+03
1.855697937921389212e+03
1.903044937722054328e+03
1.785325870021054016e+03
1.833639831087916264e+03
1.864758352959751164e+03
1.902241428166801825e+03
1.925854828150811500e+03
1.903734307271123498e+03
1.925797172164678614e+03
1.755476493582548983e+03
1.996899520533677560e+03
1.957489795619541610e+03
2.004374616482063175e+03
1.811678208377565170e+03
1.885769520624698998e+03
1.884251067418649200e+03
2.126782286836954881e+03
1.811696683286800862e+03
1.779046715809972738e+03
1.734326237188904543e+03
1.853037406790277828e+03
1.865004171316988277e+03
1.947890461299028402e+03
1.825647293042019328e+03
1.920926781405804832e+03
1.761259184305345570e+03
2.186269610200581155e+03
1.877610297518009702e+03
1.806678895504108368e+03
1.848273128505421482e+03
1.880819244794733777e+03
2.023293438940299438e+03
1.751985228434777127e+03
1.963561760422519228e+03
1.771957928814593288e+03
1.819403689674295720e+03
1.928710767468465974e+03
1.765357313480910079e+03
1.981464361773020983e+03
1.764103592915913396e+03
1.881504268156888884e+03
1.876977045882132870e+03
1.972053625353699545e+03
2.034811939459788846e+03
1.835917628776459424e+03
1.899351972262440768e+03
2.127653254330528398e+03
