2.519076497345592998e+03
1.954750789477234093e+03
2.138469886991857948e+03
2.088992310572195038e+03
2.063392143435185517e+03
2.264858168392562675e+03
2.201718517039853850e+03
2.046983542243750435e+03
2.013201337383580722e+03
2.308347392392038273e+03
2.167564471122209397e+03
2.167963125376597418e+03
2.301231134949806801e+03
2.148431398390708182e+03
2.237772058407457280e+03
2.210733155873839223e+03
2.203047498164300578e+03
2.257763506332494671e+03
2.233427108412974576e+03
2.180084940610647209e+03
1.992606351958988625e+03
2.231198009407017253e+03
2.081272446492624113e+03
2.256909691326291068e+03
2.217342076424646621e+03
2.117251709028236291e+03
2.075724194710366646e+03
2.347944030427673624e+03
2.191366205991143488e+03
2.241112171982397740e+03
2.067341643915965960e+03
2.408424824778755919e+03
2.271105498856598842e+03
2.141892949631102510e+03
2.134363296311760223e+03
2.089457580891748876e+03
2.125399213695097387e+03
2.334267609010204524e+03
2.004397950491513029e+03
2.283065252375701220e+03
2.264663417323319663e+03
2.168426602524510145e+03
2.163896172679926167e+03
2.281343462981296852e+03
2.041451760126017462e+03
2.095820509231556571e+03
2.013357521275186400e+03
2.388417067857071743e+03
1.990175006567003948e+03
2.249289278635076698e+03
2.065897871916186887e+03
2.384125840468562274e+03
2.037714113934945772e+03
2.185136304743825349e+03
2.210548412137623473e+03
2.143187717121631522e+03
2.231296381192156332e+03
2.277532287373908275e+03
1.992875932952014864e+03
2.116796873707830855e+03
1.979752505309139679e+03
2.225164198717900035e+03
2.247705669066247538e+03
2.276272193428535502e+03
2.179907658408226325e+03
2.270440313781373789e+03
2.131220007813581105e+03
2.168602827776259801e+03
2.103529595888122458e+03
2.118393654953485111e+03
2.124642469337551574e+03
2.304198721697540805e+03
2.148111117549913615e+03
2.124264655638854492e+03
2.253984009422917097e+03
2.295549884294010553e+03
1.959428177489321797e+03
2.281702822958385696e+03
2.044730316821799988e+03
2.192042903479888537e+03
2.241879568674562506e+03
2.190257168982751409e+03
2.133579283931087048e+03
2.290584209161318086e+03
2.305879366066850707e+03
2.233906921746269290e+03
2.236729834823769579e+03
2.212444419050270426e+03
2.206890902803550944e+03
2.174966217996962314e+03
2.187897708493020218e+03
2.061322288142734578e+03
2.211650874728728922e+03
2.081231814026183201e+03
2.214168575157098985e+03
2.240166577939751278e+03
2.139741175700361964e+03
2.229523004253808722e+03
2.108819734450026772e+03
2.348684927427940693e+03
2.191010355621164763e+03
2.139186684356493515e+03
2.147808994043313760e+03
2.249566137687033461e+03
2.150140802751389856e+03
2.196017297941745255e+03
2.037596054764547489e+03
2.236916640671634013e+03
2.190215898280978308e+03
2.169932797064889655e+03
2.146162961313775213e+03
2.219648595468528583e+03
2.341928723612655176e+03
2.116624031201012258e+03
2.060199117808996107e+03
2.139393679383558720e+03
1.979967941869178503e+03
2.371893921310496808e+03
2.026406098313140546e+03
2.399888704774827602e+03
1.998160976464515443e+03
2.074795944266193601e+03
2.200484281645218289e+03
2.184997089810561647e+03
2.018641235118394661e+03
2.181635804333080159e+03
2.342008544979789804e+03
2.240878297482547168e+03
2.328077063414864824e+03
2.016546689672650245e+03
2.191699440583594878e+03
2.308447550577174752e+03
2.132938148667142741e+03
2.168191116425195105e+03
2.052880735890396863e+03
2.339325872855564285e+03
2.215743870339030309e+03
2.217994672581276063e+03
2.090262677584080393e+03
2.154466949599789587e+03
2.174821884263294578e+03
2.100058470257121826e+03
2.142108749443034867e+03
2.253265492257448841e+03
2.143943823258181965e+03
2.094896653784351201e+03
2.165490119112957927e+03
2.271891212252665810e+03
2.174158042457250758e+03
2.436247825011800160e+03
2.030704283637192702e+03
2.245250578252082050e+03
2.288799658131726119e+03
2.240434030672326571e+03
2.041641398895000066e+03
2.133801875878805276e+03
2.196675404468566740e+03
2.225014855121572509e+03
2.201484876758328483e+03
2.219479587783020634e+03
2.183725623222704144e+03
2.085591858538485212e+03
2.149025377673923686e+03
2.104163699741819983e+03
2.077812414721620826e+03
2.359010283976656410e+03
2.031402751909158951e+03
2.162814902072305813e+03
2.183263091894221361e+03
2.179950491067288567e+03
2.102068623003484845e+03
2.004047971923235764e+03
2.173821524347809373e+03
2.169772850436179397e+03
2.270774771305204013e+03
2.239951009845762201e+03
2.150539183130941183e+03
2.351063071752826090e+03
2.090003214374413346e+03
2.289823799819377655e+03
2.219142270168670166e+03
2.097769465571204364e+03
1.995330214557322279e+03
2.287857580056751885e+03
2.163699925238481683e+03
2.170268755592685011e+03
1.963220409233662394e+03
2.324833388831324555e+03
2.122243463265155242e+03
2.333073042512629399e+03
2.106611100910082314e+03
2.255128303408980173e+03
2.252459798661896002e+03
2.124621441031675658e+03
2.068500407680098306e+03
2.178965862229672894e+03
2.267998761075327820e+03
2.111540096643062952e+03
2.109061463440819807e+03
2.161538173955162620e+03
2.244486668278667366e+03
2.063983317042127965e+03
2.124184291444466908e+03
2.124072675452774547e+03
2.059877790946417917e+03
2.215748820792435254e+03
2.023762159194337301e+03
2.494355222895472252e+03
2.143614599921941590e+03
2.131637168661689884e+03
2.186024589446758455e+03
2.050800890026835077e+03
2.106299057627730690e+03
2.142044852511846329e+03
2.185101599342415739e+03
2.212226273059934556e+03
2.186816467113759700e+03
2.212160043723507897e+03
2.016512960414236886e+03
2.293835194331403272e+03
2.248565308151649788e+03
2.302421824750758788e+03
2.081071777747284614e+03
2.166180346245138935e+03
2.164436101545209567e+03
2.443031314326442498e+03
2.081092999845132454e+03
2.043588035913793419e+03
1.992217695687092146e+03
2.128581020927963436e+03
2.142327223654433055e+03
2.237538568608609694e+03
2.097118042322157635e+03
2.206565433870597190e+03
2.023155527734970065e+03
2.511364304817416269e+03
2.156807860084431013e+03
2.075329075273429225e+03
2.123108302299401203e+03
2.160493972542476513e+03
2.324153844987015873e+03
2.012502549882133053e+03
2.255540164132429709e+03
2.035445157953276293e+03
2.089946025404399279e+03
2.215506885856095778e+03
2.027863041977506555e+03
2.276104852853919056e+03
2.026422895226868604e+03
2.161280857751718486e+03
2.156080444972000350e+03
2.265294755409733625e+03
2.337385127585785995e+03
2.108915560085576089e+03
2.181782486098240042e+03
2.444031793253566320e+03
