2.350381480228421424e+03
1.823846976814879781e+03
1.995262955971391875e+03
1.949098744830562737e+03
1.925212944302876622e+03
2.113187392261886998e+03
2.054276014475678039e+03
1.909903178046297398e+03
1.878383266384903891e+03
2.153764273029732067e+03
2.022409162840052886e+03
2.022781120411613301e+03
2.147124570059861071e+03
2.004557374752089117e+03
2.087915158033389162e+03
2.062686969914575457e+03
2.055515997709916519e+03
2.106567838496039258e+03
2.083861176341959435e+03
2.034091173942295200e+03
1.859167465523539704e+03
2.081781353427998965e+03
1.941895856954143255e+03
2.105771200926581969e+03
2.068853310826924371e+03
1.975465695911033436e+03
1.936719154995943882e+03
2.190709242670920958e+03
2.044616966728580337e+03
2.091031594194288573e+03
1.928897958551535112e+03
2.247139819154833731e+03
2.119016357693865757e+03
1.998456786345903993e+03
1.991431371384122940e+03
1.949532857388689081e+03
1.983067586563915029e+03
2.177948690282261850e+03
1.870169415977342169e+03
2.130175202297836677e+03
2.113005683089146260e+03
2.023213559881439323e+03
2.018986519370599581e+03
2.128568715988379154e+03
1.904741842828459085e+03
1.955469679452514356e+03
1.878528991108518539e+03
2.228471921860253588e+03
1.856898940058997141e+03
2.098661104476553191e+03
1.927550871643484015e+03
2.224468065132587981e+03
1.901254495621497426e+03
2.038804263330816411e+03
2.062514597913706439e+03
1.999664847130936778e+03
2.081873137548970135e+03
2.125012763410145453e+03
1.859418993483924623e+03
1.975041319551378820e+03
1.847174402531075884e+03
2.076151608990365276e+03
2.097183544503122448e+03
2.123837054186677051e+03
2.033925763798624303e+03
2.118395718073203170e+03
1.988498579513403911e+03
2.023377983855263665e+03
1.962662511637706530e+03
1.976531169133841559e+03
1.982361519112165524e+03
2.149893426400743920e+03
2.004258542161070636e+03
1.982009006466626488e+03
2.103041443187991717e+03
2.141823775764813035e+03
1.828211134144376501e+03
2.128904010702841333e+03
1.907800844390248130e+03
2.045248347810869745e+03
2.091747600625674750e+03
2.043582198610915157e+03
1.990699861967181732e+03
2.137190637040756883e+03
2.151461523044350997e+03
2.084308858011702341e+03
2.086942729045250871e+03
2.064283634915387665e+03
2.059102021038163002e+03
2.029315236869201954e+03
2.041380744131768552e+03
1.923281701027312465e+03
2.063543231883143108e+03
1.941857945522426235e+03
2.065892329445618543e+03
2.090149323755898877e+03
1.996449110278194439e+03
2.080218518359061363e+03
1.967598385445764507e+03
2.191400524015501105e+03
2.044284946593339555e+03
1.995931751560843395e+03
2.003976650961893938e+03
2.098919423106034628e+03
2.006152305416481795e+03
2.048956588965163064e+03
1.901144342520562304e+03
2.087117025064320387e+03
2.043543691684576970e+03
2.024618889079285964e+03
2.002440848120085320e+03
2.071005369190474084e+03
2.185096762958292857e+03
1.974880051790177504e+03
1.922233746050819263e+03
1.996124884750179490e+03
1.847375411949175259e+03
2.213055281008301790e+03
1.890703743977539489e+03
2.239175337571451564e+03
1.864350113442795191e+03
1.935853066707121798e+03
2.053124432133160553e+03
2.038674371205166608e+03
1.883458870442071657e+03
2.035538180960702903e+03
2.185171238927258855e+03
2.090813381570048932e+03
2.172172707006197015e+03
1.881504590438918967e+03
2.044927885597258864e+03
2.153857723920837088e+03
1.990101661613883834e+03
2.022993843581730061e+03
1.915405454276099590e+03
2.182668217329880463e+03
2.067362131821769253e+03
2.069462204571209895e+03
1.950284039164011801e+03
2.010188743152271627e+03
2.029180568733898326e+03
1.959423836906213864e+03
1.998658134690004317e+03
2.102371042967624362e+03
2.000370319101441737e+03
1.954607691840860753e+03
2.020473723979360784e+03
2.119749454214288562e+03
2.028561182427697759e+03
2.273099596295800438e+03
1.894714092688619530e+03
2.094892863776286958e+03
2.135525592055066681e+03
2.090398865979068432e+03
1.904918782056394321e+03
1.990907547598053270e+03
2.049570624066633172e+03
2.076012266487916804e+03
2.054058020384863084e+03
2.070847679444072128e+03
2.037488050931058751e+03
1.945926010896973139e+03
2.005111577019618380e+03
1.963254151453266786e+03
1.938667533160031326e+03
2.201034422324833486e+03
1.895365786629905642e+03
2.017977658220910826e+03
2.037056493941965073e+03
2.033965728082644546e+03
1.961299375736598904e+03
1.869842874426808521e+03
2.028247199929339558e+03
2.024469653597814158e+03
2.118707777977204387e+03
2.089948191612284518e+03
2.006524007453784179e+03
2.193619411129255241e+03
1.950041951429302571e+03
2.136481150037653606e+03
2.070532950981256363e+03
1.957288120016470657e+03
1.861708919192198209e+03
2.134646602130512292e+03
2.018803414033227000e+03
2.024932349469507244e+03
1.831749411473399277e+03
2.169146251605944599e+03
1.980123167299722581e+03
2.176834120329439884e+03
1.965537657486781654e+03
2.104109107229005986e+03
2.101619304261903835e+03
1.982341899009027202e+03
1.929979123372867889e+03
2.033047036892730830e+03
2.116117668847886307e+03
1.970136573120796584e+03
1.967823926569185232e+03
2.016786428766393328e+03
2.094180110568527198e+03
1.925764528781879562e+03
1.981934024021924415e+03
1.981829882619292675e+03
1.921933937486966897e+03
2.067366750758119451e+03
1.888236861552081336e+03
2.327315715573622583e+03
2.000063142867145871e+03
1.988887804347466499e+03
2.039633062264530508e+03
1.913464889468085175e+03
1.965246510809559823e+03
1.998598516745147663e+03
2.038771882046316477e+03
2.064080097509433017e+03
2.040371910253103579e+03
2.064018303353539523e+03
1.881473119928039296e+03
2.140223913459443338e+03
2.097985616130617018e+03
2.148235522926835529e+03
1.941708626394371095e+03
2.021117728665339428e+03
2.019490290814992022e+03
2.279428815624099116e+03
1.941728427311812538e+03
1.906735058617475261e+03
1.858804836399492615e+03
1.986036317684889582e+03
1.998861978337038636e+03
2.087697304347876980e+03
1.956680320633655811e+03
2.058798347785996611e+03
1.887670854386787596e+03
2.343185750162548629e+03
2.012372889864676836e+03
1.936350495525683982e+03
1.980930090651042747e+03
2.015812154398547818e+03
2.168512214780008890e+03
1.877731274591979627e+03
2.104493386871902658e+03
1.899137484834255019e+03
1.949988592233527243e+03
2.067141017480709252e+03
1.892063120483203420e+03
2.123680919909736986e+03
1.890719416052203769e+03
2.016546344259322950e+03
2.011694187566236451e+03
2.113594742352584490e+03
2.180857437965008103e+03
1.967687793925166716e+03
2.035675039886853710e+03
2.280362295470442859e+03
