3.818205979333702544e+03
2.962848155009923175e+03
3.241314234697178108e+03
3.166320252447110761e+03
3.127517655012110481e+03
3.432883046629003729e+03
3.337181231070012473e+03
3.102646866352989946e+03
3.051442618793182191e+03
3.498800383909690481e+03
3.285413377859281809e+03
3.286017624716967475e+03
3.488014154612948005e+03
3.256413062551897383e+03
3.391828181002256770e+03
3.350844868491792113e+03
3.339195589776915767e+03
3.422129549810766093e+03
3.385242468314960661e+03
3.304390860883394907e+03
3.020226458198088039e+03
3.381863786023238845e+03
3.154619126570496519e+03
3.420835408261128123e+03
3.360862118857402038e+03
3.209153490846550540e+03
3.146209549428957871e+03
3.558817664158418665e+03
3.321490061711813723e+03
3.396890846481820518e+03
3.133503978320270107e+03
3.650489406112062625e+03
3.442352228909808673e+03
3.246502627447683608e+03
3.235089807171476423e+03
3.167025470378363480e+03
3.221502798645832627e+03
3.538088085645383217e+03
3.038099179439474938e+03
3.460479825450092903e+03
3.432587859207006659e+03
3.286720124708258027e+03
3.279853277139408874e+03
3.457870080740952289e+03
3.094262252554815859e+03
3.176669866274528886e+03
3.051679349305110918e+03
3.620163317487153108e+03
3.016541227708548377e+03
3.409285022501408548e+03
3.131315629181940494e+03
3.613659033043726140e+03
3.088597040303254289e+03
3.312047297183529736e+03
3.350564849350250825e+03
3.248465127982857211e+03
3.382012889767651359e+03
3.452093418734953502e+03
3.020635066575234305e+03
3.208464089416377647e+03
3.000743669887527631e+03
3.372718239202556560e+03
3.406884719243049858e+03
3.450183473466592659e+03
3.304122151312238202e+03
3.441343996871495165e+03
3.230325472721465303e+03
3.286987232241772290e+03
3.188354656632549904e+03
3.210884357203509353e+03
3.220355788686487358e+03
3.492512175009044313e+03
3.255927607575569255e+03
3.219783130204317331e+03
3.416400903731844210e+03
3.479402988875459414e+03
2.969937749507841545e+03
3.458414768611567069e+03
3.099231615252856955e+03
3.322515743306020795e+03
3.398054002361220228e+03
3.319809075945320274e+03
3.233901466617740880e+03
3.471876432812928670e+03
3.495059555522020673e+03
3.385969729333067335e+03
3.390248465450453750e+03
3.353438658437968115e+03
3.345021101860430917e+03
3.296632328218461680e+03
3.316232802593008273e+03
3.124380341055062672e+03
3.352235870163547588e+03
3.154557539267973880e+03
3.356051990412338455e+03
3.395457593926187656e+03
3.243241148053475172e+03
3.379324952963530450e+03
3.196373007289964335e+03
3.559940654015802011e+03
3.320950693410837630e+03
3.242400696337586851e+03
3.255469673971483189e+03
3.409704662353047752e+03
3.259004035060247588e+03
3.328539798833703571e+03
3.088418096062852783e+03
3.390531610168782663e+03
3.319746521258931352e+03
3.289003088725498856e+03
3.252974754894303715e+03
3.364358147983185518e+03
3.549700163966252603e+03
3.208202109165395996e+03
3.122677933173202746e+03
3.242714442129295094e+03
3.001070210650610534e+03
3.595118910535630221e+03
3.071457293690925326e+03
3.637551067608388166e+03
3.028645694581859516e+03
3.144802584852854125e+03
3.335310480035389446e+03
3.311836286802876202e+03
3.059687961909962269e+03
3.306741530719886669e+03
3.549821150534779918e+03
3.396536359027912567e+03
3.528704973130788858e+03
3.056513224678538791e+03
3.321995150904126604e+03
3.498952195330173708e+03
3.232929687276806362e+03
3.286363194526343250e+03
3.111585340459131203e+03
3.545754979953575912e+03
3.358439691416735513e+03
3.361851269663246512e+03
3.168245768772573683e+03
3.265561247507523603e+03
3.296413559187235478e+03
3.183093414009203570e+03
3.246829718797679107e+03
3.415311835360821988e+03
3.249611170580066755e+03
3.175269563268138882e+03
3.282269248154085744e+03
3.443543147720756224e+03
3.295407363164272283e+03
3.692661188495310853e+03
3.077972124392523256e+03
3.403163497423731769e+03
3.469171559253592932e+03
3.395862976463710766e+03
3.094549691178615376e+03
3.234238852920469526e+03
3.329537301798935459e+03
3.372491876639500333e+03
3.336827098624700284e+03
3.364101980234393977e+03
3.309909103831896118e+03
3.161166130965993034e+03
3.257313366791630870e+03
3.189315778348487129e+03
3.149374699094534208e+03
3.575590967991816797e+03
3.079030804323524080e+03
3.278214377366558438e+03
3.309208037434784728e+03
3.304187073483166387e+03
3.186140235828082496e+03
3.037568711125613390e+03
3.294897297090861230e+03
3.288760654970605174e+03
3.441850939681158252e+03
3.395130853794917584e+03
3.259607866801306045e+03
3.563545246766583205e+03
3.167852496087281452e+03
3.470723867776020143e+03
3.363590702338146457e+03
3.179623931685938715e+03
3.024355061863280298e+03
3.467743635908408123e+03
3.279555821641275998e+03
3.289512306631738738e+03
2.975685697986785271e+03
3.523788481828148178e+03
3.216719575439397431e+03
3.536277461415210837e+03
3.193025344844119900e+03
3.418135329083478609e+03
3.414090632230511346e+03
3.220323915734905768e+03
3.135260335754237076e+03
3.302694655242129102e+03
3.437643294986932688e+03
3.200496305332857446e+03
3.196739399925914768e+03
3.276279219408474546e+03
3.402005626421704619e+03
3.128413706641836598e+03
3.219661320863529909e+03
3.219492142655834868e+03
3.122190892724328478e+03
3.358447194900973500e+03
3.067449831367710431e+03
3.780735534104403541e+03
3.249112161315245885e+03
3.230957770329842333e+03
3.313393685023543640e+03
3.108432883627942829e+03
3.192552375671590653e+03
3.246732869160528026e+03
3.311994693631665541e+03
3.353108010946498325e+03
3.314593947122066311e+03
3.353007626044087829e+03
3.056462100682785604e+03
3.476804004892706416e+03
3.408187688446013453e+03
3.489818902869825706e+03
3.154314969628804647e+03
3.283315436852987204e+03
3.280671656265256388e+03
3.702943035628260077e+03
3.154347136314088402e+03
3.097500241156982611e+03
3.019637365448096261e+03
3.226325516580130625e+03
3.247160863779250576e+03
3.391474276646032195e+03
3.178636558675548258e+03
3.344527783206868207e+03
3.066530350014981195e+03
3.806516481354626649e+03
3.269109404309812817e+03
3.145610660352641844e+03
3.218030426290968535e+03
3.274696506028492422e+03
3.522758485965659474e+03
3.050383455000767754e+03
3.418759593205106285e+03
3.085157946133154837e+03
3.167765813818009065e+03
3.358080490109945913e+03
3.073665607339477447e+03
3.449929832585396980e+03
3.071482753051329382e+03
3.275889200976082520e+03
3.268006849173171759e+03
3.433544788803653773e+03
3.542813360196796111e+03
3.196518251793262152e+03
3.306963858701344179e+03
3.704459478112546094e+03
