3.101346956495506674e+03
2.406580513946461451e+03
2.632765254476360496e+03
2.571851212681446214e+03
2.540333709930021087e+03
2.788367481035103083e+03
2.710633452011669760e+03
2.520132352242380875e+03
2.478541579458309116e+03
2.841908996202762864e+03
2.668584889187035969e+03
2.669075690145181852e+03
2.833147855608835926e+03
2.645029313583526800e+03
2.755020568047694724e+03
2.721731774250453327e+03
2.712269619698472980e+03
2.779632927475280212e+03
2.749671307135724419e+03
2.683999395250181806e+03
2.453186178209902664e+03
2.746926964347746889e+03
2.562346945148100531e+03
2.778581757900362391e+03
2.729868309864820276e+03
2.606642613215089114e+03
2.555516245962543053e+03
2.890658175907576151e+03
2.697888262098841096e+03
2.759132730215419997e+03
2.545196115382436801e+03
2.965118767987573847e+03
2.796058847034220889e+03
2.636979538921195854e+03
2.627709448302663532e+03
2.572424027636059691e+03
2.616673368068396940e+03
2.873820526084908579e+03
2.467703338867626371e+03
2.810783030764245723e+03
2.788127714344211654e+03
2.669646297446548033e+03
2.664068684053337165e+03
2.808663259370367996e+03
2.513321929592292236e+03
2.580257711314128301e+03
2.478733864383913897e+03
2.940486329829879651e+03
2.450192840913648979e+03
2.769199929388191322e+03
2.543418623550764551e+03
2.935203209204123596e+03
2.508720347365094767e+03
2.690218353982515055e+03
2.721504328031710884e+03
2.638573584683741046e+03
2.747048074221451770e+03
2.803971151813055712e+03
2.453518071343411066e+03
2.606082645251380200e+03
2.437361236716948952e+03
2.739498472026659783e+03
2.767250277314607956e+03
2.802419794191920118e+03
2.683781135257085680e+03
2.795239908145017125e+03
2.623839606228599223e+03
2.669863256180729877e+03
2.589748710283351102e+03
2.608048513561301206e+03
2.615741706480274388e+03
2.836801383454424467e+03
2.644635001615681176e+03
2.615276563255838028e+03
2.774979820969799221e+03
2.826153415603140274e+03
2.412339054066589597e+03
2.809105683398541260e+03
2.517358306352139607e+03
2.698721374431634558e+03
2.760077506365798399e+03
2.696522877381766193e+03
2.626744215840205015e+03
2.820039952405039912e+03
2.838870499380520414e+03
2.750262026640458316e+03
2.753737440305181281e+03
2.723838586349879279e+03
2.717001405848310696e+03
2.677697508500881668e+03
2.693618040781325817e+03
2.537785419150286998e+03
2.722861618691671993e+03
2.562296920714041335e+03
2.725961271508535901e+03
2.757968567392523710e+03
2.634330394467583574e+03
2.744864791111050636e+03
2.596261634819660685e+03
2.891570327110319340e+03
2.697450158903855026e+03
2.633647735547331649e+03
2.644263043948390077e+03
2.769540782863291952e+03
2.647133837212326853e+03
2.703614427969778262e+03
2.508574999477014899e+03
2.753967425281159649e+03
2.696472067187843550e+03
2.671500640440346615e+03
2.642236539949235976e+03
2.732707967899968935e+03
2.883252464527711254e+03
2.605869851164722149e+03
2.536402634268670681e+03
2.633902576318493630e+03
2.437626470234270982e+03
2.920143950268184653e+03
2.494798547106292062e+03
2.954609571533096187e+03
2.460024723138110858e+03
2.554373435614014397e+03
2.709113930000811706e+03
2.690046960295172994e+03
2.485238879163693127e+03
2.685908732457914539e+03
2.883350736157924075e+03
2.758844796931505243e+03
2.866199070459649192e+03
2.482660191239667711e+03
2.698298522005671202e+03
2.842032305392845046e+03
2.625954885741801263e+03
2.669356380050955977e+03
2.527392649254862590e+03
2.880047979359348119e+03
2.727900687371139611e+03
2.730671749977224863e+03
2.573415217931026746e+03
2.652459948736043771e+03
2.677519812831019408e+03
2.585475253354726647e+03
2.637245219654057564e+03
2.774095222575640491e+03
2.639504460529651169e+03
2.579120311841563307e+03
2.666031062299535733e+03
2.797026173692278462e+03
2.676702527700163500e+03
2.999372899286981010e+03
2.500090233955520034e+03
2.764227705974493801e+03
2.817842912374629122e+03
2.758297840330067629e+03
2.513555402303279152e+03
2.627018258673093897e+03
2.704424652143660296e+03
2.739314608492371917e+03
2.710345807084337594e+03
2.732499895032143741e+03
2.688481601308777499e+03
2.567664765157297097e+03
2.645760587859699626e+03
2.590529383700311428e+03
2.558087146363233387e+03
2.904282332141065126e+03
2.500950149266449898e+03
2.662737483785451786e+03
2.687912158447719321e+03
2.683833868445999087e+03
2.587950041678381240e+03
2.467272464708501047e+03
2.676288225309735481e+03
2.671303723041976809e+03
2.795651673656981984e+03
2.757703171937913794e+03
2.647624300990998108e+03
2.894498166210029922e+03
2.573095781249976881e+03
2.819103778691854586e+03
2.732084608335712801e+03
2.582657158023539068e+03
2.456539646430560424e+03
2.816683078215689875e+03
2.663827075112169496e+03
2.671914253904957604e+03
2.417007838992743473e+03
2.862205638617414479e+03
2.612788183556663171e+03
2.872349842215050103e+03
2.593542487975831591e+03
2.776388612117965295e+03
2.773103297406608363e+03
2.615715817598972990e+03
2.546622720917034712e+03
2.682621648153350634e+03
2.792234004171081779e+03
2.599610793535891389e+03
2.596559238116218694e+03
2.661165647096670000e+03
2.763287222478425974e+03
2.541061530013525044e+03
2.615177623326884714e+03
2.615040207922273112e+03
2.536007034496949927e+03
2.727906782094192749e+03
2.491543476230953729e+03
3.070911497565473837e+03
2.639099139058496348e+03
2.624353191476214306e+03
2.691311960731990894e+03
2.524832058639320167e+03
2.593158317632042326e+03
2.637166553304195077e+03
2.690175626621456558e+03
2.723570017132583871e+03
2.692286876497772028e+03
2.723488479255042876e+03
2.482618665651606079e+03
2.824042384635057715e+03
2.768308617172093818e+03
2.834613766705304442e+03
2.562099892943342638e+03
2.666880831577259414e+03
2.664733414459434698e+03
3.007724354259687516e+03
2.562126020410547426e+03
2.515951993593776933e+03
2.452707686212045701e+03
2.620590632267480487e+03
2.637514192958879903e+03
2.754733108386270032e+03
2.581855161929751830e+03
2.716600706589787023e+03
2.490796625298794424e+03
3.091852133749801396e+03
2.655341947601351421e+03
2.555029796875153806e+03
2.613852925302117455e+03
2.659880084361034733e+03
2.861369022009871060e+03
2.477681271129786637e+03
2.776895672146716606e+03
2.505926934884136699e+03
2.573025373369038789e+03
2.727608925248925516e+03
2.496592255159234355e+03
2.802213773778355062e+03
2.494819226532789799e+03
2.660848853690336909e+03
2.654446394549499473e+03
2.788904982702232246e+03
2.877658641662734681e+03
2.596379610015521848e+03
2.686089318893630207e+03
3.008956088301485124e+03
