3.562512147201450261e+03
2.764435077538219502e+03
3.024253116910345852e+03
2.954281257304307474e+03
2.918077153740130598e+03
3.202993138592249579e+03
3.113700187325739989e+03
2.894871887395631802e+03
2.847096635115513436e+03
3.264496188989389339e+03
3.065399072379093923e+03
3.065962854632346989e+03
3.254432281201247406e+03
3.038340821432333996e+03
3.164687594499383977e+03
3.126448811824657241e+03
3.115579650456070340e+03
3.192959771286447904e+03
3.158542907289354389e+03
3.083105690136920657e+03
2.817970927411178764e+03
3.155390485243256535e+03
2.943363720823301264e+03
3.191752294524916579e+03
3.135795236900255532e+03
2.994246081865345786e+03
2.935517307905371581e+03
3.320494291523762968e+03
3.099059808638749018e+03
3.169411228416931408e+03
2.923662590884649035e+03
3.406027051158161612e+03
3.211828198063115906e+03
3.029094058519618102e+03
3.018445520675436455e+03
2.954939248900389430e+03
3.005768393464719338e+03
3.301152910870448522e+03
2.834646765977933683e+03
3.228741843692469956e+03
3.202717718988839351e+03
3.066618310300775192e+03
3.060211314971184947e+03
3.226306865779352847e+03
2.887048766100640478e+03
2.963937788454953989e+03
2.847317512493245886e+03
3.377731809966851870e+03
2.814532485783021002e+03
3.180975403546121470e+03
2.921620788941586852e+03
3.371663097994794953e+03
2.881762936165875090e+03
3.090249397802546810e+03
3.126187544727337809e+03
3.030925136264843786e+03
3.155529603955954826e+03
3.220917049546798808e+03
2.818352172507674823e+03
2.993602847586581902e+03
2.799792843150298722e+03
3.146857388333915424e+03
3.178735841416379571e+03
3.219135007599388700e+03
3.082854975241889861e+03
3.210887484308244893e+03
3.014000239450860590e+03
3.066867530441832059e+03
2.974840083358179072e+03
2.995861037280329583e+03
3.004698195331028728e+03
3.258629082627411208e+03
3.037887875923514002e+03
3.004163886074280526e+03
3.187614755497975693e+03
3.246397779472579259e+03
2.771049903101395557e+03
3.226815077532726718e+03
2.891685345444825543e+03
3.100016803404956136e+03
3.170496491226711441e+03
3.097491393460306881e+03
3.017336759733620511e+03
3.239375254353586570e+03
3.261005872688015643e+03
3.159221465812706356e+03
3.163213667772307872e+03
3.128868903417555885e+03
3.121015045422586354e+03
3.075866723194622409e+03
3.094154612435846047e+03
2.915149936313396211e+03
3.127746662275688323e+03
2.943306257838187776e+03
3.131307228367481457e+03
3.168073956497321888e+03
3.026050990643604109e+03
3.153021670238544175e+03
2.982321469059257197e+03
3.321542078109862814e+03
3.098556560219349194e+03
3.025266821464886561e+03
3.037460608762968604e+03
3.181366941372264591e+03
3.040758284262789402e+03
3.105637445955134353e+03
2.881595975285935310e+03
3.163477851135888613e+03
3.097433027874130858e+03
3.068748391047352015e+03
3.035132766952745442e+03
3.139057147413985149e+03
3.311987363044129324e+03
2.993358411369285022e+03
2.913561533594568573e+03
3.025559556639506354e+03
2.800097516455336518e+03
3.354364552027607715e+03
2.865770987109990983e+03
3.393955154478562235e+03
2.825826352720785053e+03
2.934204563537943613e+03
3.111954714891485310e+03
3.090052518155840062e+03
2.854789812270009861e+03
3.085298942646578325e+03
3.312100247504097752e+03
3.169080479927349643e+03
3.292398157331030234e+03
2.851827677693631358e+03
3.099531073518845460e+03
3.264637834053192364e+03
3.016430057548034256e+03
3.066285282665373416e+03
2.903211778630659410e+03
3.308306376202618139e+03
3.133535032178509482e+03
3.136718147235713786e+03
2.956077827561707181e+03
3.046876379808613819e+03
3.075662604470961469e+03
2.969931170414116878e+03
3.029399245540410448e+03
3.186598618777772572e+03
3.031994431817746772e+03
2.962631259551843868e+03
3.062465495634474792e+03
3.212939364603972081e+03
3.074723790385583470e+03
3.445374715433642905e+03
2.871849539088858819e+03
3.175263818690129028e+03
3.236851518084790769e+03
3.168452191779023451e+03
2.887316955819687337e+03
3.017651552284958598e+03
3.106568149130851452e+03
3.146646184594535043e+03
3.113369770070890354e+03
3.138818134452994855e+03
3.088254392863187604e+03
2.949472291920035786e+03
3.039180834990425865e+03
2.975736841628031016e+03
2.938470496966506289e+03
3.336144337377394550e+03
2.872837322391960697e+03
3.058682167413292973e+03
3.087600274785424972e+03
3.082915549769248173e+03
2.972773955690465300e+03
2.834151821540136098e+03
3.074247881911227523e+03
3.068522192355774223e+03
3.211360478674483147e+03
3.167769097175187653e+03
3.041321679198534639e+03
3.324905282067396456e+03
2.955710891171659114e+03
3.238299873149259383e+03
3.138341095307952401e+03
2.966694028942957175e+03
2.821823050839783264e+03
3.235519218494348024e+03
3.059933779177912584e+03
3.069223508153755120e+03
2.776412928665903564e+03
3.287810908743062555e+03
3.001305488407230314e+03
3.299463538728421554e+03
2.979197989552755644e+03
3.189233031572408436e+03
3.185459195967824598e+03
3.004668456815665195e+03
2.925301330315471660e+03
3.081523074313188772e+03
3.207434607358105950e+03
2.986168642167215694e+03
2.982663325476455611e+03
3.056876601194565410e+03
3.174183486845294283e+03
2.918913199472785436e+03
3.004050233940648468e+03
3.003892385091419783e+03
2.913107108787555717e+03
3.133542033176855057e+03
2.862031892550091015e+03
3.527550985594941722e+03
3.031528839710586453e+03
3.014590193979946434e+03
3.091505622076683267e+03
2.900270432402764527e+03
2.978756693710806303e+03
3.029308881633729925e+03
3.090200316953185393e+03
3.128560398399445603e+03
3.092625506213096742e+03
3.128466735973644518e+03
2.851779977318934471e+03
3.243972841672195045e+03
3.179951554669701181e+03
3.256116170866333050e+03
2.943079932362097679e+03
3.063441624205922835e+03
3.060974889695185084e+03
3.454968018022623255e+03
2.943109944940695641e+03
2.890069916292682592e+03
2.817421284440361433e+03
3.010268148406295495e+03
3.029708214733198020e+03
3.164357390059177760e+03
2.965772777349309763e+03
3.120554762843471508e+03
2.861173986112891725e+03
3.551605459932469785e+03
3.050186927164295867e+03
2.934958524638897870e+03
3.002528555498730384e+03
3.055399877394895611e+03
3.286849888622214166e+03
2.846108400353748948e+03
3.189815490593319282e+03
2.878554147844170529e+03
2.955630013754646825e+03
3.133199885508671741e+03
2.867831416599750810e+03
3.218898352289230388e+03
2.865794741533191427e+03
3.056512701129836387e+03
3.049158206846821031e+03
3.203610565873088944e+03
3.305561747920985908e+03
2.982456986972673803e+03
3.085506381988219800e+03
3.456382908890229828e+03
