4.700762960456842848e+03
3.647693953629759562e+03
3.990525911942783750e+03
3.898197489661125474e+03
3.850425888605753244e+03
4.226374784523773997e+03
4.108552028951356078e+03
3.819806356092594797e+03
3.756766532769807782e+03
4.307528546059464134e+03
4.044818325680105772e+03
4.045562240823226603e+03
4.294249140119722142e+03
4.009114749504178235e+03
4.175830316066778323e+03
4.125373939829150913e+03
4.111031995419833038e+03
4.213135676992078515e+03
4.167722352683918871e+03
4.068182347884590399e+03
3.718334931047079408e+03
4.163562706855997931e+03
3.883791713908286511e+03
4.211542401853163938e+03
4.137706621653848742e+03
3.950931391822066871e+03
3.873438309991887763e+03
4.381418485341841915e+03
4.089233933457160674e+03
4.182063188388577146e+03
3.857795917103070224e+03
4.494279638309667462e+03
4.238032715387731514e+03
3.996913572691807985e+03
3.982862742768245880e+03
3.899065714777378162e+03
3.966135173127830058e+03
4.355897380564523701e+03
3.740338831954684338e+03
4.260350404595673353e+03
4.226011366178292519e+03
4.046427119762878647e+03
4.037973038741199161e+03
4.257137431976758307e+03
3.809483685656918169e+03
3.910939358905028712e+03
3.757057982217037079e+03
4.456943843720507175e+03
3.713797880117994282e+03
4.197322208953106383e+03
3.855101743286968031e+03
4.448936130265175962e+03
3.802508991242994853e+03
4.077608526661632823e+03
4.125029195827412877e+03
3.999329694261873556e+03
4.163746275097940270e+03
4.250025526820290906e+03
3.718837986967849247e+03
3.950082639102757639e+03
3.694348805062151769e+03
4.152303217980730551e+03
4.194367089006244896e+03
4.247674108373354102e+03
4.067851527597248605e+03
4.236791436146406340e+03
3.976997159026807822e+03
4.046755967710527329e+03
3.925325023275413059e+03
3.953062338267683117e+03
3.964723038224331049e+03
4.299786852801487839e+03
4.008517084322141272e+03
3.964018012933252976e+03
4.206082886375983435e+03
4.283647551529626071e+03
3.656422268288753003e+03
4.257808021405682666e+03
3.815601688780496261e+03
4.090496695621739491e+03
4.183495201251349499e+03
4.087164397221830313e+03
3.981399723934363465e+03
4.274381274081513766e+03
4.302923046088701994e+03
4.168617716023404682e+03
4.173885458090501743e+03
4.128567269830775331e+03
4.118204042076326004e+03
4.058630473738403907e+03
4.082761488263537103e+03
3.846563402054624930e+03
4.127086463766286215e+03
3.883715891044852469e+03
4.131784658891237086e+03
4.180298647511797753e+03
3.992898220556388878e+03
4.160437036718122727e+03
3.935196770891529013e+03
4.382801048031002210e+03
4.088569893186679110e+03
3.991863503121686790e+03
4.007953301923787876e+03
4.197838846212069257e+03
4.012304610832963590e+03
4.097913177930326128e+03
3.802288685041124609e+03
4.174234050128640774e+03
4.087087383369153940e+03
4.049237778158571928e+03
4.004881696240170641e+03
4.142010738380948169e+03
4.370193525916585713e+03
3.949760103580355008e+03
3.844467492101638527e+03
3.992249769500358980e+03
3.694750823898350518e+03
4.426110562016603581e+03
3.781407487955078977e+03
4.478350675142903128e+03
3.728700226885590382e+03
3.871706133414243595e+03
4.106248864266321107e+03
4.077348742410333216e+03
3.766917740884143313e+03
4.071076361921405805e+03
4.370342477854517711e+03
4.181626763140097864e+03
4.344345414012394031e+03
3.763009180877837935e+03
4.089855771194517729e+03
4.307715447841674177e+03
3.980203323227767669e+03
4.045987687163460123e+03
3.830810908552199180e+03
4.365336434659760926e+03
4.134724263643538507e+03
4.138924409142419790e+03
3.900568078328023603e+03
4.020377486304543254e+03
4.058361137467796652e+03
3.918847673812427729e+03
3.997316269380008634e+03
4.204742085935248724e+03
4.000740638202883474e+03
3.909215383681721505e+03
4.040947447958721568e+03
4.239498908428577124e+03
4.057122364855395517e+03
4.546199192591600877e+03
3.789428185377239060e+03
4.189785727552573917e+03
4.271051184110133363e+03
4.180797731958136865e+03
3.809837564112788641e+03
3.981815095196106540e+03
4.099141248133266345e+03
4.152024532975833608e+03
4.108116040769726169e+03
4.141695358888144256e+03
4.074976101862117503e+03
3.891852021793946278e+03
4.010223154039236761e+03
3.926508302906533572e+03
3.877335066320062651e+03
4.402068844649666971e+03
3.790731573259811285e+03
4.035955316441821651e+03
4.074112987883930145e+03
4.067931456165289092e+03
3.922598751473197808e+03
3.739685748853617042e+03
4.056494399858679117e+03
4.048939307195628317e+03
4.237415555954408774e+03
4.179896383224569036e+03
4.013048014907568358e+03
4.387238822258510481e+03
3.900083902858605143e+03
4.272962300075307212e+03
4.141065901962512726e+03
3.914576240032941314e+03
3.723417838384396418e+03
4.269293204261024584e+03
4.037606828066454000e+03
4.049864698939014488e+03
3.663498822946798555e+03
4.338292503211889198e+03
3.960246334599445163e+03
4.353668240658879768e+03
3.931075314973563309e+03
4.208218214458011971e+03
4.203238608523807670e+03
3.964683798018054404e+03
3.859958246745735778e+03
4.066094073785461660e+03
4.232235337695772614e+03
3.940273146241593167e+03
3.935647853138370465e+03
4.033572857532786657e+03
4.188360221137054396e+03
3.851529057563759125e+03
3.963868048043848830e+03
3.963659765238585351e+03
3.843867874973933795e+03
4.134733501516238903e+03
3.776473723104162673e+03
4.654631431147245166e+03
4.000126285734291741e+03
3.977775608694932998e+03
4.079266124529061017e+03
3.826929778936170351e+03
3.930493021619119645e+03
3.997197033490295325e+03
4.077543764092632955e+03
4.128160195018866034e+03
4.080743820506207157e+03
4.128036606707079045e+03
3.762946239856078591e+03
4.280447826918886676e+03
4.195971232261234036e+03
4.296471045853671058e+03
3.883417252788742189e+03
4.042235457330678855e+03
4.038980581629984044e+03
4.558857631248198231e+03
3.883456854623625077e+03
3.813470117234950521e+03
3.717609672798985230e+03
3.972072635369779164e+03
3.997723956674077272e+03
4.175394608695753959e+03
3.913360641267311621e+03
4.117596695571993223e+03
3.775341708773575192e+03
4.686371500325097259e+03
4.024745779729353671e+03
3.872700991051367964e+03
3.961860181302085493e+03
4.031624308797095637e+03
4.337024429560017779e+03
3.755462549183959254e+03
4.208986773743805315e+03
3.798274969668510039e+03
3.899977184467054485e+03
4.134282034961418503e+03
3.784126240966406840e+03
4.247361839819473971e+03
3.781438832104407538e+03
4.033092688518645900e+03
4.023388375132472902e+03
4.227189484705168979e+03
4.361714875930016206e+03
3.935375587850333432e+03
4.071350079773707421e+03
4.560724590940885719e+03
