7.636411958667405997e+03
5.925696310019847260e+03
6.482628469394357126e+03
6.332640504894222431e+03
6.255035310024221872e+03
6.865766093258008368e+03
6.674362462140025855e+03
6.205293732705980801e+03
6.102885237586365292e+03
6.997600767819381872e+03
6.570826755718564527e+03
6.572035249433935860e+03
6.976028309225896919e+03
6.512826125103795675e+03
6.783656362004514449e+03
6.701689736983585135e+03
6.678391179553832444e+03
6.844259099621533096e+03
6.770484936629922231e+03
6.608781721766790724e+03
6.040452916396176079e+03
6.763727572046478599e+03
6.309238253140993947e+03
6.841670816522257155e+03
6.721724237714804985e+03
6.418306981693101989e+03
6.292419098857916651e+03
7.117635328316838240e+03
6.642980123423628356e+03
6.793781692963641945e+03
6.267007956640541124e+03
7.300978812224126159e+03
6.884704457819618256e+03
6.493005254895368125e+03
6.470179614342953755e+03
6.334050940756727869e+03
6.443005597291666163e+03
7.076176171290767343e+03
6.076198358878950785e+03
6.920959650900186716e+03
6.865175718414014227e+03
6.573440249416516963e+03
6.559706554278818658e+03
6.915740161481905488e+03
6.188524505109632628e+03
6.353339732549058681e+03
6.103358698610222746e+03
7.240326634974307126e+03
6.033082455417096753e+03
6.818570045002818006e+03
6.262631258363881898e+03
7.227318066087453190e+03
6.177194080606509488e+03
6.624094594367060381e+03
6.701129698700502558e+03
6.496930255965715332e+03
6.764025779535303627e+03
6.904186837469907914e+03
6.041270133150469519e+03
6.416928178832756203e+03
6.001487339775056171e+03
6.745436478405114030e+03
6.813769438486100626e+03
6.900366946933186227e+03
6.608244302624477314e+03
6.882687993742991239e+03
6.460650945442931516e+03
6.573974464483545489e+03
6.376709313265100718e+03
6.421768714407018706e+03
6.440711577372975626e+03
6.985024350018089535e+03
6.511855215151139419e+03
6.439566260408635571e+03
6.832801807463689329e+03
6.958805977750919737e+03
5.939875499015683999e+03
6.916829537223135958e+03
6.198463230505714819e+03
6.645031486612042499e+03
6.796108004722441365e+03
6.639618151890641457e+03
6.467802933235482669e+03
6.943752865625858249e+03
6.990119111044042256e+03
6.771939458666135579e+03
6.780496930900908410e+03
6.706877316875937140e+03
6.690042203720862744e+03
6.593264656436924270e+03
6.632465605186017456e+03
6.248760682110126254e+03
6.704471740327096086e+03
6.309115078535948669e+03
6.712103980824677819e+03
6.790915187852376221e+03
6.486482296106951253e+03
6.758649905927061809e+03
6.392746014579929579e+03
7.119881308031604931e+03
6.641901386821676169e+03
6.484801392675174611e+03
6.510939347942967288e+03
6.819409324706096413e+03
6.518008070120496086e+03
6.657079597667408052e+03
6.176836192125706475e+03
6.781063220337566236e+03
6.639493042517863614e+03
6.578006177450998621e+03
6.505949509788608339e+03
6.728716295966371945e+03
7.099400327932507025e+03
6.416404218330792901e+03
6.245355866346406401e+03
6.485428884258591097e+03
6.002140421301221977e+03
7.190237821071262260e+03
6.142914587381851561e+03
7.275102135216777242e+03
6.057291389163719941e+03
6.289605169705709159e+03
6.670620960070779802e+03
6.623672573605753314e+03
6.119375923819925447e+03
6.613483061439774247e+03
7.099642301069560745e+03
6.793072718055826044e+03
7.057409946261578625e+03
6.113026449357078491e+03
6.643990301808254117e+03
6.997904390660349236e+03
6.465859374553613634e+03
6.572726389052687409e+03
6.223170680918263315e+03
7.091509959907152734e+03
6.716879382833471936e+03
6.723702539326493934e+03
6.336491537545148276e+03
6.531122495015048116e+03
6.592827118374471866e+03
6.366186828018408050e+03
6.493659437595359122e+03
6.830623670721644885e+03
6.499222341160134420e+03
6.350539126536278673e+03
6.564538496308172398e+03
6.887086295441513357e+03
6.590814726328545476e+03
7.385322376990622615e+03
6.155944248785047421e+03
6.806326994847464448e+03
6.938343118507186773e+03
6.791725952927422441e+03
6.189099382357231661e+03
6.468477705840939961e+03
6.659074603597871828e+03
6.744983753279001576e+03
6.673654197249401477e+03
6.728203960468788864e+03
6.619818207663793146e+03
6.322332261931986977e+03
6.514626733583262649e+03
6.378631556696975167e+03
6.298749398189069325e+03
7.151181935983634503e+03
6.158061608647049070e+03
6.556428754733117785e+03
6.618416074869570366e+03
6.608374146966333683e+03
6.372280471656164991e+03
6.075137422251227690e+03
6.589794594181723369e+03
6.577521309941210347e+03
6.883701879362317413e+03
6.790261707589836078e+03
6.519215733602613000e+03
7.127090493533167319e+03
6.335704992174563813e+03
6.941447735552041195e+03
6.727181404676293823e+03
6.359247863371878339e+03
6.048710123726561505e+03
6.935487271816817156e+03
6.559111643282552905e+03
6.579024613263478386e+03
5.951371395973571452e+03
7.047576963656298176e+03
6.433439150878795772e+03
7.072554922830422584e+03
6.386050689688240709e+03
6.836270658166958128e+03
6.828181264461023602e+03
6.440647831469812445e+03
6.270520671508475061e+03
6.605389310484259113e+03
6.875286589973866285e+03
6.400992610665715802e+03
6.393478799851830445e+03
6.552558438816950002e+03
6.804011252843410148e+03
6.256827413283674105e+03
6.439322641727060727e+03
6.438984285311670646e+03
6.244381785448656956e+03
6.716894389801947909e+03
6.134899662735421771e+03
7.561471068208808902e+03
6.498224322630492679e+03
6.461915540659685576e+03
6.626787370047088189e+03
6.216865767255886567e+03
6.385104751343182215e+03
6.493465738321056961e+03
6.623989387263331992e+03
6.706216021892997560e+03
6.629187894244133531e+03
6.706015252088176567e+03
6.112924201365572117e+03
6.953608009785413742e+03
6.816375376892027816e+03
6.979637805739652322e+03
6.308629939257610204e+03
6.566630873705975318e+03
6.561343312530513685e+03
7.405886071256521973e+03
6.308694272628177714e+03
6.195000482313966131e+03
6.039274730896193432e+03
6.452651033160262159e+03
6.494321727558502062e+03
6.782948553292065299e+03
6.357273117351097426e+03
6.689055566413737324e+03
6.133060700029963300e+03
7.613032962709254207e+03
6.538218808619626543e+03
6.291221320705284597e+03
6.436060852581937979e+03
6.549393012056985754e+03
7.045516971931319858e+03
6.100766910001536417e+03
6.837519186410213479e+03
6.170315892266310584e+03
6.335531627636019039e+03
6.716160980219892735e+03
6.147331214678955803e+03
6.899859665170794869e+03
6.142965506102659674e+03
6.551778401952165950e+03
6.536013698346344427e+03
6.867089577607308456e+03
7.085626720393593132e+03
6.393036503586525214e+03
6.613927717402689268e+03
7.408918956225093098e+03
