1.596792403320040648e+04
2.366221569385764724e+03
1.628846904859914139e+04
5.503822571721412714e+03
6.739161634736438828e+03
2.111391100954042486e+04
1.303781357821414895e+04
6.393097711484769206e+03
9.157210675740723673e+03
4.166087354019487066e+03
1.033648825510001006e+04
8.539839793402217765e+03
1.046442852903394305e+04
1.277947368948316580e+04
1.237340078030609402e+04
7.243757716008200077e+03
5.717187476482574311e+03
9.066482042030571392e+03
5.944086854573540222e+03
6.864589126795449374e+03
8.783319683512676420e+03
8.481592182100650462e+03
1.479226900122780899e+04
7.387729451430665904e+03
1.059005436593951890e+04
8.454590714016196216e+03
6.040493614469990462e+03
2.146265320032555610e+04
4.092261623427419636e+03
1.431927638132462380e+04
1.152767767165098121e+04
5.887086163045481044e+03
1.574693563045228802e+04
1.242124555380307538e+04
1.274040933712586593e+04
1.296846882200940672e+04
6.390612771049451112e+03
9.740681030698860923e+03
1.685639653925212770e+04
4.863779702254082622e+03
4.920000647410659440e+03
8.364965371020718521e+03
6.274470684444836479e+03
1.696774700713083803e+04
1.377642933737566636e+04
5.248489536210623555e+03
6.424808570188545673e+03
1.347095935874747374e+04
8.438450783865333506e+03
8.835098624922040472e+03
5.380529992798945386e+03
8.572178345777128925e+03
4.978633199016228900e+03
1.762974877123077749e+04
8.565219602098813994e+03
9.165991354946447245e+03
1.033973864667746966e+04
8.334275141322135823e+03
1.377272592759895633e+04
1.207434422479829664e+04
3.637333417224795539e+03
8.269390759897583848e+03
9.578493063164383784e+03
1.589256641301981654e+04
6.605155988186961622e+03
6.640496344974125350e+03
8.556278589684587132e+03
1.600971304063559000e+04
1.139402117724894379e+04
1.561452825833371389e+04
1.344323798780913785e+04
9.856863488630027859e+03
6.870228476705840876e+03
7.993432743931037294e+03
1.618182977323363593e+04
1.010095370339297733e+04
6.866591654756205571e+03
1.103357604903635001e+04
1.722788877439552743e+04
1.188497576744940852e+04
7.167736304381295668e+03
4.383014989644491834e+03
9.599553185011878668e+03
8.674275778882170925e+03
7.961573337379901204e+03
1.499394673314497595e+04
1.393313632166406569e+04
7.366010666918818970e+03
7.508414485640148087e+03
8.213600577815997895e+03
2.159690249501529979e+04
3.667706112560719703e+03
1.910807780976579306e+04
4.423431558094197499e+03
6.472996922110881314e+03
1.310891598632859132e+04
6.932440089492663901e+03
1.051383676638109318e+04
1.073545841739518983e+04
8.754569018148746181e+03
3.563312095531784053e+03
1.294394860502275151e+04
7.222185196805633495e+03
1.470955521061317449e+04
7.280698183434813473e+03
8.367649479441304720e+03
1.247897804651448496e+04
1.149467989753227630e+04
6.079547957850706553e+03
1.754687382351729320e+04
5.197255107689697070e+03
1.005324900517856440e+04
1.211524174839322040e+04
7.975379907428573460e+03
1.236094104320138104e+04
1.171762251360973278e+04
1.270927195242938251e+04
1.689218865571098286e+04
7.292477703702998951e+03
1.223447494940347315e+04
7.395395463508647481e+03
1.118785766177387995e+04
7.250493105772169656e+03
1.107276985991724541e+04
5.225773820684868042e+03
1.006172424761279581e+04
1.859623358410145374e+04
8.245634378825425301e+03
9.841518794631290802e+03
3.236731356051289822e+03
1.831101453093167947e+04
4.320275206809513293e+03
8.600983531044234041e+03
6.708147035979419343e+03
2.788528417889065622e+03
1.006155670206962714e+04
8.255419734385401171e+03
1.113957427176352212e+04
1.179498929396251333e+04
7.098236742865713495e+03
9.741981477742569041e+03
1.179507785477046127e+04
9.984125673957138133e+03
8.179289528780673209e+03
3.845562892045370972e+03
9.586469141356432374e+03
8.314080767125242346e+03
7.729745552312185282e+03
7.379789784230079022e+03
9.491923999774786353e+03
1.064054497181614533e+04
8.029739178188043297e+03
6.268857528851494862e+03
1.084654323864196704e+04
5.719335797235768041e+03
4.809570231345094726e+03
1.292621923257317394e+04
1.143538411900243045e+04
8.466673176770138525e+03
4.009665659829660399e+03
1.212600258582028437e+04
4.445155644695162664e+03
4.683392183814903547e+03
4.420115005036554976e+03
3.922853734965956846e+03
1.295493275578728571e+04
1.186873967009740227e+04
4.236563317609318801e+03
5.710288731847221243e+03
1.024981112748837768e+04
1.961114221004498904e+04
8.560356393821393794e+03
7.702279040140241705e+03
1.165467991334464750e+04
8.983778105706487622e+03
7.386140919932958241e+03
9.839884855209253146e+03
6.011966090318156603e+03
5.933540036740110736e+03
8.968353475617323056e+03
5.510179073956875072e+03
4.432061129019056352e+03
5.408930697425341350e+03
1.108196000146599908e+04
4.974059493855471374e+03
1.738315773257592809e+04
1.085593361095401997e+04
7.312990268536799704e+03
1.037798757713789746e+04
1.486109739443176477e+04
6.164296354404362319e+03
1.504753658851683213e+04
6.816184627235249536e+03
8.857695296505489750e+03
9.327848017925090971e+03
8.797959367639878110e+03
2.052117573813289710e+04
4.271292456819812287e+03
4.192147236132683247e+03
8.454412143557428863e+03
6.279349974202224075e+03
1.057240462593727170e+04
1.320790105706756003e+04
4.271053210754304018e+03
1.211862075327374441e+04
9.104552050330379643e+03
1.163135152300411210e+04
1.260367259928814565e+04
1.642781090700583809e+04
4.758544248938464079e+03
1.930003353237042029e+04
5.310203471237204212e+03
3.881193275530246865e+03
1.353439520879338124e+04
2.158068558853659124e+04
8.835149612799870738e+03
8.863020575023305355e+03
1.008635945862722656e+04
1.368026365841291408e+04
7.241614171617084139e+03
1.155088231543233633e+04
1.185297537945238219e+04
2.497840161587075727e+03
1.128015667780146032e+04
4.299043106769184305e+03
7.810870624389937802e+03
1.115606575420290574e+04
4.098348227134699300e+03
1.166582871563373010e+04
1.490802247769292990e+04
5.175446682341936139e+03
1.080568431931540181e+04
1.257808425774665375e+04
8.136883477587159177e+03
5.492042286471692023e+03
1.828437149123531708e+04
3.912265857560214044e+03
1.173828733325022040e+04
6.737150353334994179e+03
6.328827544340160784e+03
5.107908568834615835e+03
8.337682007763434740e+03
1.846972699409736379e+04
1.162234887567519036e+04
6.930253214891922653e+03
8.227998892862391585e+03
8.158284856270449382e+03
3.667407175020544400e+03
5.912741124117135769e+03
1.448813120555032037e+04
1.088660559662039668e+04
1.468865060261692815e+04
8.072052906929070559e+03
5.925925810636236747e+03
1.749880885978670631e+04
5.138160122839618452e+03
