1.489859992932945534e+04
2.207762789522919320e+03
1.519767900396914956e+04
5.135248038981033460e+03
6.287860140508219956e+03
1.969997555227343400e+04
1.216471020598035284e+04
5.964971082933750040e+03
8.543979670919155978e+03
3.887096946924464191e+03
9.644284558641034891e+03
7.967952269683140912e+03
9.763657055167650469e+03
1.192367056676439825e+04
1.154479114553286126e+04
6.758664931734962011e+03
5.334324534359306199e+03
8.459326862390526003e+03
5.546029139877361558e+03
6.404888128644997778e+03
8.195127039931956460e+03
7.913605326660566789e+03
1.380167499783276253e+04
6.892995310732930193e+03
9.880870105589976447e+03
7.888412066117842187e+03
5.635979827467916948e+03
2.002536352181678376e+04
3.818215104657756910e+03
1.336035727870966366e+04
1.075570358345257227e+04
5.492845614141269834e+03
1.469241045881844002e+04
1.158943189767815056e+04
1.188722223722202034e+04
1.210000926065125168e+04
5.962652551525595300e+03
9.088376761678789990e+03
1.572757408954909806e+04
4.538066925770129274e+03
4.590522922416596884e+03
7.804788664225260618e+03
5.854288153017564582e+03
1.583146774970299521e+04
1.285386307734705406e+04
4.897013893020228352e+03
5.994558360294336126e+03
1.256884950936290625e+04
7.873352978805988641e+03
8.243438500533744445e+03
5.020211995234716596e+03
7.998125205947474569e+03
4.645229027442576808e+03
1.644913723606380518e+04
7.991632468515958863e+03
8.552172334306196717e+03
9.647317281218218341e+03
7.776153667398640209e+03
1.285040767384420360e+04
1.126576151290872622e+04
3.393752079490048800e+03
7.715614398894074839e+03
8.937050037138820699e+03
1.482828878353726577e+04
6.162828451225337631e+03
6.195802170040443343e+03
7.983290208955744674e+03
1.493759045195005820e+04
1.063099766464231652e+04
1.456887001230911847e+04
1.254298455570680926e+04
9.196778827966405515e+03
6.410149828162213453e+03
7.458136465718245745e+03
1.509818104185955417e+04
9.424523051251542711e+03
6.406756553298858307e+03
1.029469046838125359e+04
1.607418860103764018e+04
1.108907449464578349e+04
6.687734446623859185e+03
4.089497587738668699e+03
8.956699825628318649e+03
8.093385479385701728e+03
7.428410588315251516e+03
1.398984697536979547e+04
1.300007586369237106e+04
6.872730968247298733e+03
7.005598429235125877e+03
7.663560318408110106e+03
2.015062254285286326e+04
3.422090806280362358e+03
1.782846700136386426e+04
4.127207579506949514e+03
6.039519682445661601e+03
1.223105109852884198e+04
6.468195315349032171e+03
9.809756570666222615e+03
1.001653688270123348e+04
8.168301720618774198e+03
3.324687744273309818e+03
1.207713108924306107e+04
6.738537059608404888e+03
1.372450030233424150e+04
6.793131606566782466e+03
7.807293025934527577e+03
1.164329821806155269e+04
1.072491557155254122e+04
5.672418818304931847e+03
1.637181217567523709e+04
4.849210480907669080e+03
9.380012993966187423e+03
1.130392025169494627e+04
7.441292573670626552e+03
1.153316579974828892e+04
1.093292838757233403e+04
1.185817003003002719e+04
1.576096931504213717e+04
6.804122287601475364e+03
1.141516876192405107e+04
6.900147952915206588e+03
1.043864030305287270e+04
6.764949272595604270e+03
1.033125958699718103e+04
4.875819381008333949e+03
9.387920674768598474e+03
1.735089945229142540e+04
7.693448911594230594e+03
9.182461722220547017e+03
3.019977139937521770e+03
1.708478066586913337e+04
4.030959300471778988e+03
8.025001394129013534e+03
6.258922496648644483e+03
2.601789011728435071e+03
9.387764349249237057e+03
7.702578971165605253e+03
1.039359030722997159e+04
1.100511414609045823e+04
6.622889062832479794e+03
9.089590121674316833e+03
1.100519677624602991e+04
9.315518645451669727e+03
7.631546977683913610e+03
3.588037049308029054e+03
8.944491981235079948e+03
7.757311650029498196e+03
7.212107616492168745e+03
6.885587339292960678e+03
8.856278244949886357e+03
9.927979506635550933e+03
7.492011566685095204e+03
5.849050893662347335e+03
1.012018268578344396e+04
5.336328988498439685e+03
4.487487700958287860e+03
1.206058899982836192e+04
1.066959065392533375e+04
7.899685402486285966e+03
3.741150345653274144e+03
1.131396046803096033e+04
4.147476869016652927e+03
4.369759419804920071e+03
4.124113126085986551e+03
3.660151955696624555e+03
1.208737966429038534e+04
1.107392568016255791e+04
3.952853346064124253e+03
5.327887778014334799e+03
9.563411938967738024e+03
1.829784268369202982e+04
7.987094934748411106e+03
7.186480454473298778e+03
1.087420086495189389e+04
8.382161361270194902e+03
6.891513158437473976e+03
9.180937202833614720e+03
5.609362706267393150e+03
5.536188610883043111e+03
8.367769672514754348e+03
5.141178865277497607e+03
4.135259253882649318e+03
5.046710789634035791e+03
1.033983429225906366e+04
4.640961609634027809e+03
1.621905966158150295e+04
1.012894421295340362e+04
6.823261187332449481e+03
9.683004795228795047e+03
1.386589415944652137e+04
5.751491868269337829e+03
1.403984807844342322e+04
6.359725133616502717e+03
8.264521940620024907e+03
8.703189940765327265e+03
8.208786348208312120e+03
1.914693398880268796e+04
3.985256778715188830e+03
3.911411676691635876e+03
7.888245453988500230e+03
5.858840691336475174e+03
9.864402315875833665e+03
1.232340743519790522e+04
3.985033554242974333e+03
1.130707297472703976e+04
8.494847436122327053e+03
1.085243470712472663e+04
1.175964234966430558e+04
1.532768955496464696e+04
4.439878775947325266e+03
1.800756802346826589e+04
4.954595030437587411e+03
3.621281372600526538e+03
1.262803725030192072e+04
2.013549163408756067e+04
8.243486073905927697e+03
8.269490601166267879e+03
9.410906139398532105e+03
1.276413732622126918e+04
6.756664934099226230e+03
1.077735428165743542e+04
1.105921707690257972e+04
2.330567278346371495e+03
1.052475833009298913e+04
4.011149050654541952e+03
7.287799985181512966e+03
1.040897740442526629e+04
3.823894106723059394e+03
1.088460306530373055e+04
1.390967681025980164e+04
4.828862500564740913e+03
1.008205996605321889e+04
1.173576758280738250e+04
7.591980732879566858e+03
5.124256644193329521e+03
1.705992183083760392e+04
3.650273116766719340e+03
1.095220934606106493e+04
6.285983548605408032e+03
5.905004896616245787e+03
4.765847212476252935e+03
7.779332386186130861e+03
1.723286463017078495e+04
1.084403494015567048e+04
6.466154889198186538e+03
7.676994421368935946e+03
7.611948925255449467e+03
3.421811887692969776e+03
5.516782539217715566e+03
1.351790440049238532e+04
1.015756218749607797e+04
1.370499561339859974e+04
7.531491671595412299e+03
5.529084286723107653e+03
1.632696597877757995e+04
4.794072910408178359e+03
