2.420284698990138713e+04
3.586521232752237211e+03
2.468870238005357896e+04
8.342235051092007780e+03
1.021465893416131621e+04
3.200270470098670194e+04
1.976163003157339699e+04
9.690124112617177161e+03
1.387973592424609342e+04
6.314607620016806322e+03
1.566718648779524119e+04
1.294397665020447494e+04
1.586110768052078129e+04
1.937005998243339491e+04
1.875456854678263335e+04
1.097948357394115192e+04
8.665635771950415801e+03
1.374221703107476060e+04
9.009550918253797136e+03
1.040477146177100985e+04
1.331302315325703057e+04
1.285568978079503177e+04
2.242088718143920778e+04
1.119770391843023572e+04
1.605152084270029809e+04
1.281476320829932229e+04
9.155676241352437501e+03
3.253129901700085975e+04
6.202708737123675746e+03
2.170396443161479692e+04
1.747269202031340319e+04
8.923154025802170509e+03
2.386789120684939189e+04
1.882708766259294498e+04
1.931084949640543346e+04
1.965652303579324507e+04
9.686357647232574891e+03
1.476411160732384269e+04
2.554951948621299016e+04
7.372111470563524563e+03
7.457326488522220643e+03
1.267891659114190224e+04
9.510319162496874924e+03
2.571829523506543774e+04
2.088116217402016264e+04
7.955222539190917814e+03
9.738188786492763029e+03
2.041815626684183371e+04
1.279029964878734063e+04
1.339150535254757415e+04
8.155358446691434438e+03
1.299299272977609326e+04
7.546196818327557594e+03
2.672170227597081976e+04
1.298244524670077226e+04
1.389304494518341926e+04
1.567211316015684315e+04
1.263239890155775174e+04
2.087554885446902699e+04
1.830128357127592608e+04
5.513166518409499986e+03
1.253405256972477582e+04
1.451828061804318349e+04
2.408862619658086987e+04
1.001154435568033659e+04
1.006511031992903008e+04
1.296889320606315232e+04
2.426618728076892148e+04
1.727010665752653222e+04
2.366719915940116334e+04
2.037613852566421701e+04
1.494021128354800931e+04
1.041331911785454031e+04
1.211577843326294169e+04
2.452706746374141949e+04
1.531018286578729385e+04
1.040780672657602736e+04
1.672377400537674112e+04
2.611259642134981914e+04
1.801425466329769915e+04
1.086425666092874599e+04
6.643408431067557103e+03
1.455020179362015915e+04
1.314774350053159287e+04
1.206748860295419399e+04
2.272657346080230127e+04
2.111868554619397401e+04
1.116478439694115878e+04
1.138062822411142224e+04
1.244949046649508637e+04
3.273478289700443929e+04
5.559202915899733853e+03
2.896243009043173515e+04
6.704668493428276633e+03
9.811228669814279783e+03
1.986940112947123998e+04
1.050761428998485826e+04
1.593599656438993588e+04
1.627191217232938834e+04
1.326944529346672425e+04
5.400971174844406960e+03
1.961935733669214096e+04
1.094678574920445681e+04
2.229551651872573711e+04
1.103547485239430716e+04
1.268298493874129235e+04
1.891459375822156653e+04
1.742267674742371673e+04
9.214871556608773972e+03
2.659608734477281541e+04
7.877565667106056026e+03
1.523787606440333002e+04
1.836327262531800443e+04
1.208841544990365401e+04
1.873568311683865613e+04
1.776059456399348710e+04
1.926365404658316766e+04
2.560377019008014395e+04
1.105332926641034101e+04
1.854399636336730691e+04
1.120932341993590126e+04
1.695762120171095376e+04
1.098969251578830517e+04
1.678318071383358620e+04
7.920791952848393521e+03
1.525072212976608535e+04
2.818661931811961040e+04
1.249804462937337303e+04
1.491695307664609209e+04
4.905967337710605534e+03
2.775430807414577430e+04
6.548312702845315471e+03
1.303665322628684589e+04
1.016764959302162788e+04
4.226618719179487016e+03
1.525046817821065997e+04
1.251287645490482100e+04
1.688443726758497360e+04
1.787786067467176326e+04
1.075891502417437005e+04
1.476608271645186142e+04
1.787799490775551385e+04
1.513310468613862759e+04
1.239748464105789390e+04
5.828783383030806363e+03
1.453037009189465425e+04
1.260178995403720910e+04
1.171610338854964539e+04
1.118566963332172782e+04
1.438706645451628538e+04
1.612805029048064716e+04
1.217080869713720676e+04
9.501811209573646920e+03
1.644028527618097360e+04
8.668892017306208800e+03
7.289945277445008287e+03
1.959248463315648405e+04
1.733280115358189505e+04
1.283307679725971866e+04
6.077516666771662130e+03
1.837958300487573069e+04
6.737596051381667166e+03
7.098695120473560564e+03
6.699641539015097806e+03
5.945934394085091299e+03
1.963600619597499099e+04
1.798964534156578884e+04
6.421429205570698286e+03
8.655179230418485531e+03
1.553580852953675640e+04
2.972493313595652944e+04
1.297507400134829550e+04
1.167447194102637150e+04
1.766519142203245428e+04
1.361686130467272415e+04
1.119529615492273660e+04
1.491447648759543517e+04
9.112436600393977642e+03
8.993564931739701933e+03
1.359348193731428364e+04
8.351869706835359466e+03
6.717748477040961916e+03
8.198405865194230500e+03
1.679711036362760933e+04
7.539264377645064087e+03
2.634794015352866336e+04
1.645451841906005575e+04
1.108442050075055158e+04
1.573008769770701838e+04
2.252521151726473545e+04
9.343326105250343971e+03
2.280780049238632273e+04
1.033140395989396893e+04
1.342575550201460283e+04
1.413837377066024237e+04
1.333521276501710781e+04
3.110428603055928033e+04
6.474068737212688575e+03
6.354107015057085846e+03
1.281449254609668242e+04
9.517714782814951832e+03
1.602476883938429273e+04
2.001943444102749709e+04
6.473706107987724863e+03
1.836839423899373287e+04
1.379992037334196903e+04
1.762983219432328042e+04
1.910359535761420921e+04
2.489990514324895412e+04
7.212604350588810121e+03
2.925338055922004060e+04
8.048763372895253269e+03
5.882788945549951677e+03
2.051430703566708689e+04
3.271020266319710936e+04
1.339158263571869247e+04
1.343382711488533641e+04
1.528806212722013697e+04
2.073540226128659924e+04
1.097623456819648709e+04
1.750786368331277845e+04
1.796575114507584658e+04
3.786017713412540161e+03
1.709752034937656572e+04
6.516130857072382241e+03
1.183906600425724537e+04
1.690943368072466183e+04
6.211934303196583642e+03
1.768208984635876550e+04
2.259633664334856439e+04
7.844510275516950060e+03
1.637835473526798887e+04
1.906481068443024560e+04
1.233320908674359634e+04
8.324379477580789171e+03
2.771392477749580212e+04
5.929886172897025972e+03
1.779191657346651846e+04
1.021161040162123209e+04
9.592708755543702864e+03
7.742141638003044136e+03
1.263756274546271379e+04
2.799487118387766895e+04
1.761618673262438460e+04
1.050429960792363272e+04
1.247131423114074096e+04
1.236564751096002146e+04
5.558749811317738022e+03
8.962039675311656538e+03
2.195990048602888419e+04
1.650100845586234936e+04
2.226383105806941967e+04
1.223494431678080764e+04
8.982023923092903715e+03
2.652323448297764116e+04
7.787994419571111393e+03
