6.950442630886165716e+03
1.029957760056108100e+03
7.089967952744732429e+03
2.395677920046999134e+03
2.933390478631717542e+03
9.190363561369826130e+03
5.675037977332091032e+03
2.782757406970113607e+03
3.985907455993684380e+03
1.813394846391262035e+03
4.499217836490542140e+03
3.717181171302478106e+03
4.554907075261265163e+03
5.562589009503783927e+03
5.385835509592086055e+03
3.153028680025792255e+03
2.488550389060725593e+03
3.946415524401953917e+03
2.587314079765040788e+03
2.987985965564113485e+03
3.823161949045947495e+03
3.691827425887861409e+03
6.438709055723332312e+03
3.215696017711165950e+03
4.609588896802612908e+03
3.680074354262489578e+03
2.629277559331745579e+03
9.342162416686387587e+03
1.781260330714925658e+03
6.232827059877518877e+03
5.017713145275956776e+03
2.562503087706030783e+03
6.854251841639023041e+03
5.406661156851372652e+03
5.545585262529060856e+03
5.644853919044256145e+03
2.781675773822252268e+03
4.239877679081381757e+03
7.337172751194388184e+03
2.117083079772773544e+03
2.141554667510322361e+03
3.641062657847329319e+03
2.731121994364234979e+03
7.385640857461938140e+03
5.996539159930817732e+03
2.284537761100985790e+03
2.796560359923701981e+03
5.863575628948404301e+03
3.673049041620293337e+03
3.845700042351347292e+03
2.342011708031406215e+03
3.731257343795558427e+03
2.167075967924180986e+03
7.673793861782051863e+03
3.728228374681063542e+03
3.989729468608016305e+03
4.500632651599887140e+03
3.627703959471435155e+03
5.994927157197203087e+03
5.255663583164729971e+03
1.583241327630430760e+03
3.599461392072302715e+03
4.169281265832885765e+03
6.917641321537731528e+03
2.875061133087463531e+03
2.890443916841539249e+03
3.724336572984241684e+03
6.968632352867308327e+03
4.959535777031017460e+03
6.796618185447830911e+03
5.851509201405548993e+03
4.290449031179934536e+03
2.990440635184671009e+03
3.479343688949423722e+03
7.043550512125266323e+03
4.396695468158413860e+03
2.988857616486239749e+03
4.802642922329609064e+03
7.498874138476499866e+03
5.173236174556933292e+03
3.119938438668607887e+03
1.907818084085183955e+03
4.178448216301596403e+03
3.775697832745900087e+03
3.465476076789737817e+03
6.526494387285719313e+03
6.064749836653169950e+03
3.206242367665718120e+03
3.268227229967404583e+03
3.575177304853543774e+03
9.400597816243518537e+03
1.596461811147186154e+03
8.317273950398890520e+03
1.925410417300377503e+03
2.817535558378852784e+03
5.705987098049960878e+03
3.017519812462235677e+03
4.576413259688280050e+03
4.672879686252749707e+03
3.810647495082093428e+03
1.551021675982543456e+03
5.634180874689318443e+03
3.143638695654036383e+03
6.402705787217368197e+03
3.169107952389122147e+03
3.642230983896073212e+03
5.431790683876574803e+03
5.003350029852678745e+03
2.646276949646366575e+03
7.637720445574497717e+03
2.262236680796461769e+03
4.375930792207199374e+03
5.273465264266218583e+03
3.471485735456267321e+03
5.380412094014571267e+03
5.100391439857149635e+03
5.532031928635515214e+03
7.352752174766796088e+03
3.174235286391535283e+03
5.325364529417756785e+03
3.219032843277526808e+03
4.869797894767054458e+03
3.155960428702313038e+03
4.819703019399651566e+03
2.274650171627675263e+03
4.379619855744795132e+03
8.094480810912910783e+03
3.589120826610180302e+03
4.283769865177831889e+03
1.408869152624338994e+03
7.970332007213043653e+03
1.880509007441150288e+03
3.743795528925621966e+03
2.919890590422554396e+03
1.213777492480287719e+03
4.379546927311303079e+03
3.593380150007574684e+03
4.848781328581372691e+03
5.134067286965409039e+03
3.089686997455496112e+03
4.240443731534600374e+03
5.134105835296031728e+03
4.345843114741340287e+03
3.560242553321052128e+03
1.673878470930384992e+03
4.172753055514376683e+03
3.618913847555175835e+03
3.364567172350541568e+03
3.212240076834238607e+03
4.131599892383969745e+03
4.631566209496142619e+03
3.495146982346278946e+03
2.728678726482408820e+03
4.721232163107764791e+03
2.489485499981642533e+03
2.093487037054871053e+03
5.626463717102885312e+03
4.977540043152558610e+03
3.685333551640714177e+03
1.745308349396917947e+03
5.278149190808052481e+03
1.934866375214159689e+03
2.038564851878364379e+03
1.923966803734111636e+03
1.707521264351458967e+03
5.638962004007014912e+03
5.166169002709173583e+03
1.844071291292244496e+03
2.485547536046554342e+03
4.461489425356944594e+03
8.536245448917530666e+03
3.726111540328396131e+03
3.352611678529008714e+03
5.072994081799102787e+03
3.910416545225084519e+03
3.215004569216094751e+03
4.283058651735707826e+03
2.616860233221834278e+03
2.582723310662104268e+03
3.903702585018706486e+03
2.398444748347836594e+03
1.929166656215197463e+03
2.354373832736664099e+03
4.823703260850671541e+03
2.165085147122157196e+03
7.566458877979674980e+03
4.725319560060674121e+03
3.183163898826892364e+03
4.517281465578787902e+03
6.468668353960567401e+03
2.683165831825480836e+03
6.549820726676182858e+03
2.966916683385014039e+03
3.855535814939141346e+03
4.060181673172661704e+03
3.829534241677653881e+03
8.932360549165174234e+03
1.859188027143486806e+03
1.824738068917798500e+03
3.679996626955756255e+03
2.733245828587624601e+03
4.601906401252120304e+03
5.749072852594818869e+03
1.859083889244939428e+03
5.274936061567279467e+03
3.962986457986996811e+03
5.062839810123230563e+03
5.486067140455109438e+03
7.150620019408071130e+03
2.071276688191455833e+03
8.400827531619575893e+03
2.311400311551290997e+03
1.689387496136992695e+03
5.891187686443720850e+03
9.393538997708537863e+03
3.845722236114229872e+03
3.857853777045837887e+03
4.390342954157560598e+03
5.954680616935429498e+03
3.152095648137223634e+03
5.027813553133429195e+03
5.159307196658680368e+03
1.087248079846655173e+03
4.909973374964298273e+03
1.871267199116116444e+03
3.399878910947904387e+03
4.855959663244969306e+03
1.783909678857892004e+03
5.077846879855522275e+03
6.489093682793430162e+03
2.252744012310914513e+03
4.703447285490058675e+03
5.474929167883729860e+03
3.541784247444213634e+03
2.390550253067032372e+03
7.958734950605248741e+03
1.702912623031619205e+03
5.109386325046368256e+03
2.932515017553230336e+03
2.754782191864676406e+03
2.223346340932036583e+03
3.629186884221208402e+03
8.039415619318543577e+03
5.058921180271555386e+03
3.016567920004469215e+03
3.581444535490620183e+03
3.551099738578239339e+03
1.596331691025191049e+03
2.573670058112165407e+03
6.306325391049992504e+03
4.738670317260312004e+03
6.393606528084059391e+03
3.513565102541609122e+03
2.579409026250208626e+03
7.616798954949263134e+03
2.236514094621856202e+03
