1.129102736534765245e+04
1.673171317502549073e+03
1.151768691941164434e+04
3.891790262911793889e+03
4.765306891434354839e+03
1.492978965221533690e+04
9.219126393001270117e+03
4.520602744579077807e+03
6.475125765570112890e+03
2.945868619042700175e+03
7.309000938836320529e+03
6.038578628161432789e+03
7.399468374121868692e+03
9.036452505828614449e+03
8.749315598093357039e+03
5.122110202261775157e+03
4.042662033935633644e+03
6.410970933425874136e+03
4.203104122830765846e+03
4.853997521616503036e+03
6.210744909541093875e+03
5.997391347222176591e+03
1.045971371990374246e+04
5.223913592678196437e+03
7.488299255290037763e+03
5.978298426037666104e+03
4.271273996505768991e+03
1.517638762020535614e+04
2.893665944314997887e+03
1.012525743091900949e+04
8.151299052957158892e+03
4.162798547318952842e+03
1.113476496720087562e+04
8.783146961877408103e+03
9.008829837374107228e+03
9.170092245649168035e+03
4.518845626346420431e+03
6.887701610182333752e+03
1.191927229927463122e+04
3.439211609661349030e+03
3.478965821226281605e+03
5.914923738239394879e+03
4.436720769327142079e+03
1.199800897019996228e+04
9.741406604995629095e+03
3.711242542041169600e+03
4.543025707805767524e+03
9.525406711658724817e+03
5.966885771980115351e+03
6.247358150134316020e+03
3.804609244285740260e+03
6.061445437839489387e+03
3.520425296064849590e+03
1.246611490675248569e+04
6.056524862996013326e+03
6.481334643379903355e+03
7.311299312762253976e+03
5.893222468703354025e+03
9.738787898829004916e+03
8.537850679735502126e+03
2.571983124756090547e+03
5.847342282604958200e+03
6.773017398511840838e+03
1.123774148110387796e+04
4.670550590041932082e+03
4.695539995975687816e+03
6.050202612487240003e+03
1.132057665588412601e+04
8.056789639415856982e+03
1.104113881649673931e+04
9.505804742284439271e+03
6.969855014040382230e+03
4.857985144179624513e+03
5.652210498192227533e+03
1.144228156465987558e+04
7.142452860120544756e+03
4.855413522717069100e+03
7.801916445011077485e+03
1.218195697790267695e+04
8.403946959401268032e+03
5.068354946585017387e+03
3.099259621219905512e+03
6.787909153482819420e+03
6.133639225129804800e+03
5.629682495775340612e+03
1.060232141175669312e+04
9.852215176245250404e+03
5.208556092870740031e+03
5.309250798755451797e+03
5.807892666531437499e+03
1.527131620684998597e+04
2.593459863591035628e+03
1.351145139472558549e+04
3.127838450842982184e+03
4.577100018224254200e+03
9.269403387937685693e+03
4.901975397449738921e+03
7.434405273796513029e+03
7.591115446086339944e+03
6.190415119098633113e+03
2.519642146234571101e+03
9.152753833941740595e+03
5.106856127646363348e+03
1.040122623766248944e+04
5.148231057279333982e+03
5.916821689505030008e+03
8.823969998968446816e+03
8.127966103113761164e+03
4.298889587545060749e+03
1.240751346923380152e+04
3.675014330203805002e+03
7.108720544518675524e+03
8.566769596003210609e+03
5.639445215081683273e+03
8.740505233494812273e+03
8.285610338757600402e+03
8.986812381506808379e+03
1.194458114753570408e+04
5.156560435940092248e+03
8.651080200980139125e+03
5.229334281803195154e+03
7.911010019590182310e+03
5.126872842037812916e+03
7.829630654465501721e+03
3.695180105553403337e+03
7.114713445916120691e+03
1.314952287184715351e+04
5.830543984452383484e+03
6.959004676858643506e+03
2.288714690742996481e+03
1.294784254522720039e+04
3.054895895327120797e+03
6.081813779675193473e+03
4.743376258337486433e+03
1.971787353820752969e+03
7.114594973326387844e+03
5.837463275725163840e+03
7.876868507095183304e+03
8.340316913783621203e+03
5.019211335347858039e+03
6.888621165105513683e+03
8.340379535731468422e+03
7.059842968273800579e+03
5.783631091088934227e+03
2.719223598444632898e+03
6.778657337488712074e+03
5.878942889766912231e+03
5.465755496886501533e+03
5.218299400160297409e+03
6.711803826748088795e+03
7.524001505091617219e+03
5.677883024056061004e+03
4.432751668943235018e+03
7.669664276476831219e+03
4.044181126108380795e+03
3.400879725177068394e+03
9.140217274456461382e+03
8.086037656019570932e+03
5.986842017384413339e+03
2.835261778356385094e+03
8.574378657119132185e+03
3.143199699793608943e+03
3.311658372131591477e+03
3.125493293685758545e+03
2.773876477597403664e+03
9.160520801432916414e+03
8.392466304863659389e+03
2.995702650807726513e+03
4.037783884822300934e+03
7.247710954128364392e+03
1.386717164353654698e+04
6.053086055444727208e+03
5.446333739874176899e+03
8.241103199284643779e+03
6.352490419220293006e+03
5.222790331284038984e+03
6.957849307213272368e+03
4.251101990727544035e+03
4.195646396420808742e+03
6.341583558686950710e+03
3.896284988747117040e+03
3.133940478962680572e+03
3.824691575117540651e+03
7.836129065874690241e+03
3.517191198130530211e+03
1.229174871113980771e+04
7.676304272416550702e+03
5.171065009633602131e+03
7.338345390863955799e+03
1.050838274347643164e+04
4.358815753442838286e+03
1.064021516189294016e+04
4.819770371737544338e+03
6.263336409843218462e+03
6.595784587352328344e+03
6.221096729461866744e+03
1.451066252235462707e+04
3.020259860648237918e+03
2.964295738401863218e+03
5.978172157655353658e+03
4.440170948201965075e+03
7.475819004448269880e+03
9.339396402693440905e+03
3.020090688132944706e+03
8.569158913267890966e+03
6.437890494454496547e+03
8.224607536280684144e+03
8.912142362811726343e+03
1.161621649239415456e+04
3.364798907000634699e+03
1.364718458786687916e+04
3.754880883992171221e+03
2.744418084223065762e+03
9.570262631396517463e+03
1.525984912230902228e+04
6.247394204008487577e+03
6.267101950394871892e+03
7.132133170680385774e+03
9.673407201283658651e+03
5.120594487487042898e+03
8.167707213929974387e+03
8.381319268047969672e+03
1.766239716578322714e+03
7.976275279720129220e+03
3.039882533409772805e+03
5.523119585476927568e+03
7.888529746159890237e+03
2.897969823070810889e+03
8.248986592985362222e+03
1.054156378805814711e+04
3.659593444753402309e+03
7.640772657549063297e+03
8.894048672988419639e+03
5.753645484726656832e+03
3.883460343327404644e+03
1.292900307118647834e+04
2.766389717685431151e+03
8.300222572857384876e+03
4.763884700716519546e+03
4.475156873563132649e+03
3.611836786703829603e+03
5.895631487066592854e+03
1.306006920419047310e+04
8.218241703305773626e+03
4.900429043589950197e+03
5.818073812738402012e+03
5.768778544720352329e+03
2.593248482829226305e+03
4.180939344263796556e+03
1.024465582216506118e+04
7.697992641473701951e+03
1.038644444759029648e+04
5.707803348586128777e+03
4.190262325509272159e+03
1.237352640744241762e+04
3.633227865682198171e+03
