6.484992280400677373e+03
9.609845700216999376e+02
6.615174008849511665e+03
2.235246536500128059e+03
2.736950093623338944e+03
8.574912406975756312e+03
5.294997661075153701e+03
2.596404468146534327e+03
3.718983157654653041e+03
1.691957218365868584e+03
4.197918677556533112e+03
3.468252668344644917e+03
4.249878574603188099e+03
5.190079064227082199e+03
5.025162217439869892e+03
2.941879781725815974e+03
2.321899614095415018e+03
3.682135882580053931e+03
2.414049395888478102e+03
2.787889484120280940e+03
3.567136230448031711e+03
3.444596787413782749e+03
6.007527971896673080e+03
3.000350475278047725e+03
4.300898518138594227e+03
3.433630783835415514e+03
2.453202706763894184e+03
8.716545747063630188e+03
1.661974655072790028e+03
5.815433277409085349e+03
4.681691906610389196e+03
2.390899921744663970e+03
6.395243100551129828e+03
5.044593233402892110e+03
5.174214007319921620e+03
5.266834938874133513e+03
2.595395268734839647e+03
3.955945754663438038e+03
6.845824241469247681e+03
1.975308359252348282e+03
1.998141157966769242e+03
3.397231584024252697e+03
2.548226924653633887e+03
6.891046583654183451e+03
5.594968871257865430e+03
2.131549101518853149e+03
2.609283078632862725e+03
5.470909510180046709e+03
3.427075935364385714e+03
3.588165015068304456e+03
2.185174190158771125e+03
3.481386201675251868e+03
2.021953373239821303e+03
7.159902843295298226e+03
3.478560073561081936e+03
3.722549221517894694e+03
4.199238746730477033e+03
3.384767477715554378e+03
5.593464819524954692e+03
4.903707515511244310e+03
1.477216392243727569e+03
3.358416230566461763e+03
3.890076972018424385e+03
6.454387576612984049e+03
2.682526889855799254e+03
2.696879534600028364e+03
3.474928894181428404e+03
6.501963891115965453e+03
4.627410502677074874e+03
6.341468997901857620e+03
5.459651135192574657e+03
4.003130494598011865e+03
2.790179771859584434e+03
3.246342450685192034e+03
6.571865005368849779e+03
4.102261925532168789e+03
2.788702763187728124e+03
4.481024293104270328e+03
6.996696970580728703e+03
4.826800023873285681e+03
2.911005494841647305e+03
1.780057214302019702e+03
3.898630039237515575e+03
3.522850644025947531e+03
3.233403511026368051e+03
6.089434582417377896e+03
5.658611683014871232e+03
2.991529907895201632e+03
3.049363829398540929e+03
3.335758376022002722e+03
8.771067902724069427e+03
1.489551539528928743e+03
7.760290995371837198e+03
1.796471441589904089e+03
2.628853630795550089e+03
5.323874211763981293e+03
2.815445537643226089e+03
4.269944554195668388e+03
4.359950912755981335e+03
3.555459832028687288e+03
1.447154394280425322e+03
5.256876636370840970e+03
2.933118616516952898e+03
5.973935734577450603e+03
2.956882273320708919e+03
3.398321670772602829e+03
5.068039911179122100e+03
4.668290646059219398e+03
2.469063698763447064e+03
7.126245155856211568e+03
2.110741457847820584e+03
4.082887797811114979e+03
4.920317071283750920e+03
3.239010720830115133e+03
5.020101991779233686e+03
4.758833483138640986e+03
5.161568299651929010e+03
6.860360357651430604e+03
2.961666245103589063e+03
4.968740797906652006e+03
3.003463843618465944e+03
4.543682097934151898e+03
2.944615199963904615e+03
4.496941926509440236e+03
2.122323654333482409e+03
4.086329815799567314e+03
7.552417645943356547e+03
3.348768141839155760e+03
3.996898612362098447e+03
1.314521400157013886e+03
7.436582716231553604e+03
1.754576944824729026e+03
3.493084742055597417e+03
2.724354252542130780e+03
1.132494444868927758e+03
4.086261771165098253e+03
3.352742231090549467e+03
4.524072948314093992e+03
4.790254159508596786e+03
2.882779902148277870e+03
3.956473900277231223e+03
4.790290126372836312e+03
4.054815002096750050e+03
3.321823760121782925e+03
1.561783837201234064e+03
3.893316266330932649e+03
3.376566013298383496e+03
3.139252174044762796e+03
2.997125968423074028e+03
3.854919007424167376e+03
4.321404075946978082e+03
3.261087444799393779e+03
2.545947275112727766e+03
4.405065368884230338e+03
2.322772103435376721e+03
1.953292472926833625e+03
5.249676273741810292e+03
4.644209076956881290e+03
3.438537788498303144e+03
1.628430270391973863e+03
4.924687329277217032e+03
1.805294162290046415e+03
1.902048262189859088e+03
1.795124502505547753e+03
1.593173673390553631e+03
5.261337587761056056e+03
4.820206119382465658e+03
1.720579353521546409e+03
2.319097853164457320e+03
4.162716825250621696e+03
7.964598627695981122e+03
3.476584997272424971e+03
3.128097303879158517e+03
4.733270844189536547e+03
3.648547647346388203e+03
2.999705331020197718e+03
3.996235026756573006e+03
2.441616931836675576e+03
2.409766056858910360e+03
3.642283300969972061e+03
2.237828078586727315e+03
1.799976136421525553e+03
2.196708460354268936e+03
4.500674283757354715e+03
2.020095871751295363e+03
7.059755762261611380e+03
4.408879045090801810e+03
2.969996935074422709e+03
4.214772639442750005e+03
6.035480985555303960e+03
2.503482242857474830e+03
6.111198826640465086e+03
2.768231148739182572e+03
3.597342115389969877e+03
3.788283452703208695e+03
3.573081789705140636e+03
8.334187084672943456e+03
1.734683766795102656e+03
1.702540819213470741e+03
3.433558261693890017e+03
2.550208532052611190e+03
4.293730496332649636e+03
5.364074642219590714e+03
1.734586602700088633e+03
4.921689373689503554e+03
3.697597110315464306e+03
4.723796573710919802e+03
5.118681635830609594e+03
6.671764388051296919e+03
1.932569484683725250e+03
7.838249243211786961e+03
2.156612747325809778e+03
1.576254269385575071e+03
5.496672470787388193e+03
8.764481792149661487e+03
3.588185722581280515e+03
3.599504850508649724e+03
4.096334820390173263e+03
5.555913469665505545e+03
2.941009232191625870e+03
4.691115920369388732e+03
4.813803827955828638e+03
1.014438328481974395e+03
4.581167146409014094e+03
1.745954032756012793e+03
3.172199191144626184e+03
4.530770571379522153e+03
1.664446584296244509e+03
4.737798664877441297e+03
6.054538491219353091e+03
2.101884484973083090e+03
4.388471491316466199e+03
5.108289539962680465e+03
3.304601551770814694e+03
2.230462254038205174e+03
7.425762279811760891e+03
1.588873658992983337e+03
4.767226007775268044e+03
2.736133259554304004e+03
2.570302669507822429e+03
2.074455487702232858e+03
3.386151095431059275e+03
7.501040005500516600e+03
4.720140362777686278e+03
2.814557390575734644e+03
3.341605908971965164e+03
3.313293212331229370e+03
1.489430133162244601e+03
2.401319073549102541e+03
5.884009645215901401e+03
4.421335742020060934e+03
5.965445825607531333e+03
3.278272158583727105e+03
2.406673720159275490e+03
7.106724714870739263e+03
2.086741436319264722e+03
