2.780177052354466286e+04
4.119831040224432400e+03
2.835987181097892972e+04
9.582711680187996535e+03
1.173356191452687017e+04
3.676145424547930452e+04
2.270015190932836413e+04
1.113102962788045443e+04
1.594362982397473752e+04
7.253579385565048142e+03
1.799687134596216856e+04
1.486872468520991242e+04
1.821962830104506065e+04
2.225035603801513571e+04
2.154334203836834422e+04
1.261211472010316902e+04
9.954201556242902370e+03
1.578566209760781567e+04
1.034925631906016315e+04
1.195194386225645394e+04
1.529264779618378998e+04
1.476730970355144564e+04
2.575483622289332925e+04
1.286278407084466380e+04
1.843835558721045163e+04
1.472029741704995831e+04
1.051711023732698231e+04
3.736864966674555035e+04
7.125041322859702632e+03
2.493130823951007551e+04
2.007085258110382711e+04
1.025001235082412313e+04
2.741700736655609217e+04
2.162664462740549061e+04
2.218234105011624342e+04
2.257941567617702458e+04
1.112670309528900907e+04
1.695951071632552703e+04
2.934869100477755273e+04
8.468332319091094178e+03
8.566218670041289442e+03
1.456425063138931728e+04
1.092448797745693992e+04
2.954256342984775256e+04
2.398615663972327093e+04
9.138151044403943160e+03
1.118624143969480792e+04
2.345430251579361720e+04
1.469219616648117335e+04
1.538280016940538917e+04
9.368046832125624860e+03
1.492502937518223371e+04
8.668303871696723945e+03
3.069517544712820745e+04
1.491291349872425417e+04
1.595891787443206522e+04
1.800253060639954856e+04
1.451081583788574062e+04
2.397970862878881235e+04
2.102265433265891988e+04
6.332965310521723040e+03
1.439784556828921086e+04
1.667712506333154306e+04
2.767056528615092611e+04
1.150024453234985413e+04
1.156177566736615699e+04
1.489734629193696674e+04
2.787452941146923331e+04
1.983814310812406984e+04
2.718647274179132364e+04
2.340603680562219597e+04
1.716179612471973815e+04
1.196176254073868404e+04
1.391737475579769489e+04
2.817420204850106529e+04
1.758678187263365544e+04
1.195543046594495900e+04
1.921057168931843626e+04
2.999549655390599946e+04
2.069294469822773317e+04
1.247975375467443155e+04
7.631272336340735819e+03
1.671379286520638561e+04
1.510279133098360035e+04
1.386190430715895127e+04
2.610597754914287725e+04
2.425899934661267980e+04
1.282496947066287248e+04
1.307290891986961833e+04
1.430070921941417510e+04
3.760239126497407415e+04
6.385847244588744616e+03
3.326909580159556208e+04
7.701641669201510012e+03
1.127014223351541114e+04
2.282394839219984351e+04
1.207007924984894271e+04
1.830565303875312020e+04
1.869151874501099883e+04
1.524258998032837371e+04
6.204086703930173826e+03
2.253672349875727377e+04
1.257455478261614553e+04
2.561082314886947279e+04
1.267643180955648859e+04
1.456892393558429285e+04
2.172716273550629921e+04
2.001340011941071498e+04
1.058510779858546630e+04
3.055088178229799087e+04
9.048946723185847077e+03
1.750372316882879750e+04
2.109386105706487433e+04
1.388594294182506928e+04
2.152164837605828507e+04
2.040156575942859854e+04
2.212812771454206086e+04
2.941100869906718435e+04
1.269694114556614113e+04
2.130145811767102714e+04
1.287613137311010723e+04
1.947919157906821783e+04
1.262384171480925215e+04
1.927881207759860627e+04
9.098600686510701053e+03
1.751847942297918053e+04
3.237792324365164313e+04
1.435648330644072121e+04
1.713507946071132756e+04
5.635476610497355978e+03
3.188132802885217461e+04
7.522036029764601153e+03
1.497518211570248786e+04
1.167956236169021759e+04
4.855109969921150878e+03
1.751818770924521232e+04
1.437352060003029874e+04
1.939512531432549076e+04
2.053626914786163616e+04
1.235874798982198445e+04
1.696177492613840150e+04
2.053642334118412691e+04
1.738337245896536115e+04
1.424097021328420851e+04
6.695513883721539969e+03
1.669101222205750673e+04
1.447565539022070334e+04
1.345826868940216627e+04
1.284896030733695443e+04
1.652639956953587898e+04
1.852626483798457048e+04
1.398058792938511579e+04
1.091471490592963528e+04
1.888492865243105916e+04
9.957941999926570134e+03
8.373948148219484210e+03
2.250585486841154125e+04
1.991016017261023444e+04
1.474133420656285671e+04
6.981233397587671789e+03
2.111259676323220992e+04
7.739465500856638755e+03
8.154259407513457518e+03
7.695867214936446544e+03
6.830085057405835869e+03
2.255584801602805965e+04
2.066467601083669433e+04
7.376285165168977983e+03
9.942190144186217367e+03
1.784595770142777837e+04
3.414498179567012266e+04
1.490444616131358453e+04
1.341044671411603485e+04
2.029197632719641115e+04
1.564166618090033808e+04
1.286001827686437900e+04
1.713223460694283131e+04
1.046744093288733711e+04
1.033089324264841707e+04
1.561481034007482594e+04
9.593778993391346376e+03
7.716666624860789852e+03
9.417495330946656395e+03
1.929481304340268616e+04
8.660340588488628782e+03
3.026583551191869992e+04
1.890127824024269648e+04
1.273265559530756946e+04
1.806912586231515161e+04
2.587467341584226961e+04
1.073266332730192335e+04
2.619928290670473143e+04
1.186766673354005616e+04
1.542214325975656539e+04
1.624072669269064681e+04
1.531813696671061552e+04
3.572944219666069694e+04
7.436752108573947226e+03
7.298952275671194002e+03
1.471998650782302502e+04
1.093298331435049840e+04
1.840762560500848122e+04
2.299629141037927548e+04
7.436335556979757712e+03
2.109974424626911787e+04
1.585194583194798724e+04
2.025135924049292225e+04
2.194426856182043775e+04
2.860248007763228452e+04
8.285106752765823330e+03
3.360331012647830357e+04
9.245601246205163989e+03
6.757549984547970780e+03
2.356475074577488340e+04
3.757415599083415145e+04
1.538288894445691949e+04
1.543141510818335155e+04
1.756137181663024239e+04
2.381872246774171799e+04
1.260838259254889454e+04
2.011125421253371678e+04
2.063722878663472147e+04
4.348992319386620693e+03
1.963989349985719309e+04
7.485068796464465777e+03
1.359951564379161755e+04
1.942383865297987722e+04
7.135638715431568016e+03
2.031138751942208910e+04
2.595637473117372065e+04
9.010976049243658053e+03
1.881378914196023470e+04
2.189971667153491944e+04
1.416713698977685453e+04
9.562201012268129489e+03
3.183493980242099497e+04
6.811650492126476820e+03
2.043754530018547302e+04
1.173006007021292135e+04
1.101912876745870562e+04
8.893385363728146331e+03
1.451674753688483361e+04
3.215766247727417431e+04
2.023568472108622154e+04
1.206627168001787686e+04
1.432577814196248073e+04
1.420439895431295736e+04
6.385326764100764194e+03
1.029468023244866163e+04
2.522530156419997002e+04
1.895468126904124802e+04
2.557442611233623757e+04
1.405426041016643649e+04
1.031763610500083450e+04
3.046719581979705254e+04
8.946056378487424809e+03
