4.516410946139060979e+04
6.692685270010196291e+03
4.607074767764657736e+04
1.556716105164717555e+04
1.906122756573741935e+04
5.971915860886134760e+04
3.687650557200508047e+04
1.808241097831631123e+04
2.590050306228045156e+04
1.178347447617080070e+04
2.923600375534528212e+04
2.415431451264573116e+04
2.959787349648747477e+04
3.614581002331445779e+04
3.499726239237342816e+04
2.048844080904710063e+04
1.617064813574253458e+04
2.564388373370349655e+04
1.681241649132306338e+04
1.941599008646601214e+04
2.484297963816437550e+04
2.398956538888870637e+04
4.183885487961496983e+04
2.089565437071278575e+04
2.995319702116015105e+04
2.391319370415066442e+04
1.708509598602307597e+04
6.070555048082142457e+04
1.157466377725999155e+04
4.050102972367603797e+04
3.260519621182863557e+04
1.665119418927581137e+04
4.453905986880350247e+04
3.513258784750963241e+04
3.603531934949642891e+04
3.668036898259667214e+04
1.807538250538568172e+04
2.755080644072933501e+04
4.767708919709852489e+04
1.375684643864539612e+04
1.391586328490512642e+04
2.365969495295757952e+04
1.774688307730856832e+04
4.799203588079984911e+04
3.896562641998251638e+04
1.484497016816467840e+04
1.817210283122307010e+04
3.810162684663489927e+04
2.386754308792046140e+04
2.498943260053726408e+04
1.521843697714296104e+04
2.424578175135795755e+04
1.408170118425939836e+04
4.986445962700994278e+04
2.422609945198405330e+04
2.592533857351961342e+04
2.924519725104901590e+04
2.357288987481341610e+04
3.895515159531601967e+04
3.415140271894200851e+04
1.028793249902436219e+04
2.338936913041983280e+04
2.709206959404736335e+04
4.495096592441551184e+04
1.868220236016772833e+04
1.878215998390275126e+04
2.420081044994896001e+04
4.528230662353650405e+04
3.222715855766342793e+04
4.416455526598695724e+04
3.802321896913775709e+04
2.787942005616152892e+04
1.943194057671849805e+04
2.260884199276891013e+04
4.576912625863950234e+04
2.856981144048217902e+04
1.942165409086827640e+04
3.120766578004430994e+04
4.872782791161070782e+04
3.361578783760507213e+04
2.027341978634006955e+04
1.239703848487962205e+04
2.715163661393127768e+04
2.453455690051921920e+04
2.251872998310136245e+04
4.240928564702677249e+04
3.940886070498100162e+04
2.083422437148296012e+04
2.123700319502180719e+04
2.323157066612574999e+04
6.108526482739994390e+04
1.037383945436414251e+04
5.404580557890234195e+04
1.251135380337192873e+04
1.830840007289701680e+04
3.707761355175074277e+04
1.960790158979895568e+04
2.973762109518605212e+04
3.036446178434535977e+04
2.476166047639453245e+04
1.007856858493828440e+04
3.661101533576696238e+04
2.042742451058545339e+04
4.160490495064995775e+04
2.059292422911733593e+04
2.366728675802012003e+04
3.529587999587378727e+04
3.251186441245504466e+04
1.719555835018024300e+04
4.963005387693520606e+04
1.470005732081522001e+04
2.843488217807470210e+04
3.426707838401284243e+04
2.255778086032673309e+04
3.496202093397924909e+04
3.314244135503040161e+04
3.594724952602723351e+04
4.777832459014281631e+04
2.062624174376036899e+04
3.460432080392055650e+04
2.091733712721278062e+04
3.164404007836072924e+04
2.050749136815125166e+04
3.131852261786200688e+04
1.478072042221361335e+04
2.845885378366448276e+04
5.259809148738861404e+04
2.332217593780953393e+04
2.783601870743457403e+04
9.154858762971985925e+03
5.179137018090880156e+04
1.221958358130848319e+04
2.432725511870077389e+04
1.897350503334994573e+04
7.887149415283011876e+03
2.845837989330555138e+04
2.334985310290065536e+04
3.150747402838073322e+04
3.336126765513448481e+04
2.007684534139143216e+04
2.755448466042205473e+04
3.336151814292587369e+04
2.823937187309520232e+04
2.313452436435573691e+04
1.087689439377853159e+04
2.711462934995484829e+04
2.351577155906764892e+04
2.186302198754600613e+04
2.087319760064118964e+04
2.684721530699235518e+04
3.009600602036646887e+04
2.271153209622424401e+04
1.773100667577294007e+04
3.067865710590732488e+04
1.617672450443352318e+04
1.360351890070827358e+04
3.656086909782584553e+04
3.234415062407828373e+04
2.394736806953765335e+04
1.134104711342554037e+04
3.429751462847652874e+04
1.257279879917443577e+04
1.324663348852636591e+04
1.250197317474303418e+04
1.109550591038961466e+04
3.664208320573166566e+04
3.356986521945463755e+04
1.198281060323090605e+04
1.615113553928920373e+04
2.899084381651345757e+04
5.546868657414618792e+04
2.421234422177890883e+04
2.178533495949670760e+04
3.296441279713857512e+04
2.540996167688117202e+04
2.089116132513615594e+04
2.783139722885308947e+04
1.700440796291017614e+04
1.678258558568323497e+04
2.536633423474780284e+04
1.558513995498846816e+04
1.253576191585072229e+04
1.529876630047016261e+04
3.134451626349876096e+04
1.406876479252212084e+04
4.916699484455923084e+04
3.070521708966620281e+04
2.068426003853440852e+04
2.935338156345582320e+04
4.203353097390572657e+04
1.743526301377135314e+04
4.256086064757176064e+04
1.927908148695017735e+04
2.505334563937287385e+04
2.638313834940931338e+04
2.488438691784746698e+04
5.804265008941850829e+04
1.208103944259295167e+04
1.185718295360745287e+04
2.391268863062141463e+04
1.776068379280786030e+04
2.990327601779307952e+04
3.735758561077376362e+04
1.208036275253177882e+04
3.427663565307156387e+04
2.575156197781798619e+04
3.289843014512273658e+04
3.564856945124690537e+04
4.646486596957661823e+04
1.345919562800253880e+04
5.458873835146751662e+04
1.501952353596868488e+04
1.097767233689226305e+04
3.828105052558606985e+04
6.103939648923608911e+04
2.498957681603395031e+04
2.506840780157948757e+04
2.852853268272154310e+04
3.869362880513463460e+04
2.048237794994817159e+04
3.267082885571989755e+04
3.352527707219187869e+04
7.064958866313290855e+03
3.190510111888051688e+04
1.215953013363909122e+04
2.209247834190771027e+04
3.155411898463956095e+04
1.159187929228324356e+04
3.299594637194144889e+04
4.216625515223258844e+04
1.463837377901360924e+04
3.056309063019625319e+04
3.557619469195367856e+04
2.301458193890662733e+04
1.553384137330961858e+04
5.171601228474591335e+04
1.106555887074172460e+04
3.320089029142953950e+04
1.905553880286607819e+04
1.790062749425253060e+04
1.444734714681531841e+04
2.358252594826637142e+04
5.224027681676189241e+04
3.287296681322309450e+04
1.960171617435980079e+04
2.327229525095360805e+04
2.307511417888140932e+04
1.037299393131690522e+04
1.672375737705518623e+04
4.097862328866024473e+04
3.079197056589480781e+04
4.154577779036118591e+04
2.283121339434451511e+04
1.676104930203708864e+04
4.949410562976967049e+04
1.453291146272879269e+04
