2.979719985865891795e+04
4.415525579045839550e+03
3.039535800793830640e+04
1.027049607796206874e+04
1.257572028101644173e+04
3.939995110454687529e+04
2.432942041196070932e+04
1.192994216586750372e+04
1.708795934183831559e+04
7.774193893848930202e+03
1.928856911728207342e+04
1.593590453936628546e+04
1.952731411033530458e+04
2.384734113352880377e+04
2.308958229106572617e+04
1.351732986346992584e+04
1.066864906871861604e+04
1.691865372478105564e+04
1.109205827975472494e+04
1.280977625728999737e+04
1.639025407986391656e+04
1.582721065332113540e+04
2.760334999566553233e+04
1.378599062146586402e+04
1.976174021117995653e+04
1.577682413223568801e+04
1.127195965493583572e+04
4.005072704363357479e+04
7.636430209315514730e+03
2.672071455741933096e+04
2.151140716690514819e+04
1.098569122828254149e+04
2.938482091763688368e+04
2.317886379535630476e+04
2.377444447444404432e+04
2.420001852130250700e+04
1.192530510305119242e+04
1.817675352335758362e+04
3.145514817909820340e+04
9.076133851540260366e+03
9.181045844833195588e+03
1.560957732845052305e+04
1.170857630603513098e+04
3.166293549940599769e+04
2.570772615469411176e+04
9.794027786040458523e+03
1.198911672058867589e+04
2.513769901872581977e+04
1.574670595761198092e+04
1.648687700106749253e+04
1.004042399046943501e+04
1.599625041189495278e+04
9.290458054885155434e+03
3.289827447212761035e+04
1.598326493703192136e+04
1.710434466861239707e+04
1.929463456243644032e+04
1.555230733479728406e+04
2.570081534768841448e+04
2.253152302581745607e+04
6.787504158980099419e+03
1.543122879778815150e+04
1.787410007427764504e+04
2.965657756707453882e+04
1.232565690245067708e+04
1.239160434008088851e+04
1.596658041791149299e+04
2.987518090390012367e+04
2.126199532928463668e+04
2.913774002461824057e+04
2.508596911141362216e+04
1.839355765593281467e+04
1.282029965632442872e+04
1.491627293143649513e+04
3.019636208371911562e+04
1.884904610250308906e+04
1.281351310659771843e+04
2.058938093676251083e+04
3.214837720207528764e+04
2.217814898929157062e+04
1.337546889324772201e+04
8.178995175477339217e+03
1.791339965125664094e+04
1.618677095877140709e+04
1.485682117663050667e+04
2.797969395073959822e+04
2.600015172738474575e+04
1.374546193649459929e+04
1.401119685847025357e+04
1.532712063681622385e+04
4.030124508570573380e+04
6.844181612560726535e+03
3.565693400272773579e+04
8.254415159013900848e+03
1.207903936489132502e+04
2.446210219705768759e+04
1.293639063069806798e+04
1.961951314133244887e+04
2.003307376540247060e+04
1.633660344123755203e+04
6.649375488546621455e+03
2.415426217848612941e+04
1.347707411921681341e+04
2.744900060466848663e+04
1.358626321313356675e+04
1.561458605186905879e+04
2.328659643612310902e+04
2.144983114310508608e+04
1.134483763660986733e+04
3.274362435135048145e+04
9.698420961815339979e+03
1.876002598793237848e+04
2.260784050338989618e+04
1.488258514734125674e+04
2.306633159949658148e+04
2.186585677514467170e+04
2.371634006006005802e+04
3.152193863008427797e+04
1.360824457520295437e+04
2.283033752384810577e+04
1.380029590583041681e+04
2.087728060610574903e+04
1.352989854519121036e+04
2.066251917399436934e+04
9.751638762016669716e+03
1.877584134953720059e+04
3.470179890458285809e+04
1.538689782318846483e+04
1.836492344444109767e+04
6.039954279875044449e+03
3.416956133173827402e+04
8.061918600943559795e+03
1.605000278825802889e+04
1.251784499329729078e+04
5.203578023456871051e+03
1.877552869849847775e+04
1.540515794233121414e+04
2.078718061445994681e+04
2.201022829218092011e+04
1.324577812566496323e+04
1.817918024334863730e+04
2.201039355249206710e+04
1.863103729090334309e+04
1.526309395536783086e+04
7.176074098616059018e+03
1.788898396247016353e+04
1.551462330005900003e+04
1.442421523298434113e+04
1.377117467858592317e+04
1.771255648989977635e+04
1.985595901327110550e+04
1.498402313337019223e+04
1.169810178732469649e+04
2.024036537156689155e+04
1.067265797699688119e+04
8.974975401916577539e+03
2.412117799965673112e+04
2.133918130785067478e+04
1.579937080497257557e+04
7.482300691306550107e+03
2.262792093606192429e+04
8.294953738033307673e+03
8.739518839609841962e+03
8.248226252171974920e+03
7.320303911393250928e+03
2.417475932858077431e+04
2.214785136032512310e+04
7.905706692128250324e+03
1.065577555602867142e+04
1.912682387793547969e+04
3.659568536738406692e+04
1.597418986949682585e+04
1.437296090894659937e+04
2.174840172990379142e+04
1.676432272254039344e+04
1.378302631687495159e+04
1.836187440566723308e+04
1.121872541253478812e+04
1.107237722176608804e+04
1.673553934502951233e+04
1.028235773055499703e+04
8.270518507765300456e+03
1.009342157926807340e+04
2.067966858451813096e+04
9.281923219268057437e+03
3.243811932316300954e+04
2.025788842590681088e+04
1.364652237466490078e+04
1.936600959045759373e+04
2.773178831889304638e+04
1.150298373653867748e+04
2.807969615688685371e+04
1.271945026723300725e+04
1.652904388124004981e+04
1.740637988153065817e+04
1.641757269641662788e+04
3.829386797760538320e+04
7.970513557430379478e+03
7.822823353383273570e+03
1.577649090797700410e+04
1.171768138267295217e+04
1.972880463175167097e+04
2.464681487039581407e+04
7.970067108485949575e+03
2.261414594945408317e+04
1.698969487224465774e+04
2.170486941424945690e+04
2.351928469932861481e+04
3.065537910992930119e+04
8.879757551894652352e+03
3.601513604693653906e+04
9.909190060875176641e+03
7.242562745201053986e+03
2.525607450060384508e+04
4.027098326817512861e+04
1.648697214781185903e+04
1.653898120233253940e+04
1.882181227879706785e+04
2.552827465244254199e+04
1.351332986819845610e+04
2.155470856331487812e+04
2.211843415380516308e+04
4.661134556692743899e+03
2.104951666018598553e+04
8.022298101309085723e+03
1.457559997036302957e+04
2.081795480885053621e+04
7.647788213446119698e+03
2.176920613060746473e+04
2.781935362051960692e+04
9.657725001129483644e+03
2.016411993210644141e+04
2.347153516561476863e+04
1.518396146575913735e+04
1.024851328838666086e+04
3.411984366167520784e+04
7.300546233533440500e+03
2.190441869212213351e+04
1.257196709721081788e+04
1.181000979323249521e+04
9.531694424952507688e+03
1.555866477237226536e+04
3.446572926034157717e+04
2.168806988031134824e+04
1.293230977839637671e+04
1.535398884273787371e+04
1.522389785051090075e+04
6.843623775385941371e+03
1.103356507843543295e+04
2.703580880098477792e+04
2.031512437499215957e+04
2.740999122679720313e+04
1.506298334319082642e+04
1.105816857344621894e+04
3.265393195755516717e+04
9.588145820816358537e+03
