3.422799446115938190e+04
5.072106969097285400e+03
3.491509774326468323e+04
1.179770194975852792e+04
1.444570919970643627e+04
4.525865902075659687e+04
2.794716520525054875e+04
1.370390494114176363e+04
1.962891078622588975e+04
8.930203737292258666e+03
2.215674761526852672e+04
1.830554732975983279e+04
2.243099359605255449e+04
2.739340153113766064e+04
2.652296519531586819e+04
1.552733457812019697e+04
1.225505963527772110e+04
1.943442970242045703e+04
1.274142909948549277e+04
1.471456891462909516e+04
1.882745789952311679e+04
1.818069084166153334e+04
3.170792273242840383e+04
1.583594474888238801e+04
2.270027847246117381e+04
1.812281192777665638e+04
1.294808151321773948e+04
4.600620427145715075e+04
8.771954819490394584e+03
3.069404085645290979e+04
2.471011802629536760e+04
1.261924544243351193e+04
3.375429544997194898e+04
2.662552271242611823e+04
2.730966525876221931e+04
2.779852146631796859e+04
1.369857835471265025e+04
2.087960687146741475e+04
3.613247696951808030e+04
1.042574002499719791e+04
1.054625225911225243e+04
1.793069579939012692e+04
1.344962234209981580e+04
3.637116192254488851e+04
2.953042274461137640e+04
1.125038360661992738e+04
1.377187865480765686e+04
2.887563351122092718e+04
1.808821523013089245e+04
1.893844849016467560e+04
1.153341852132500389e+04
1.837486653426437260e+04
1.067193388481552938e+04
3.779019376837393793e+04
1.835995014065035502e+04
1.964773258413736403e+04
2.216371498213967425e+04
1.786490985188995910e+04
2.952248431197222817e+04
2.588192343533432722e+04
7.796794861955972920e+03
1.772582713560212142e+04
2.053194935237511163e+04
3.406646186614048929e+04
1.415846180810294209e+04
1.423421552122503454e+04
1.834078466098280114e+04
3.431757115954890469e+04
2.442361905870390183e+04
3.347047403461023350e+04
2.881621145178725783e+04
2.112864942191314185e+04
1.472665712578892271e+04
1.713429817902790091e+04
3.468651145246298256e+04
2.165186825120856884e+04
1.471886142728174491e+04
2.365098801246640505e+04
3.692878800784805935e+04
2.547600326087838039e+04
1.536437911498766880e+04
9.395198303599503561e+03
2.057709271180296128e+04
1.859371717305449056e+04
1.706600604608057620e+04
3.214022841453506408e+04
2.986633151892017486e+04
1.578938951512570384e+04
1.609463878286440377e+04
1.760623826235190063e+04
4.629397393428251235e+04
7.861900159649459965e+03
4.095906143317118404e+04
9.481833114621855202e+03
1.387517264839509517e+04
2.809957655352951770e+04
1.486001063708192487e+04
2.253690247129129421e+04
2.301195887985207082e+04
1.876582949918847225e+04
7.638126685451108642e+03
2.774596123059411184e+04
1.548109287091746592e+04
3.153062184089530638e+04
1.560651820348325782e+04
1.793644931174163503e+04
2.674927501965442934e+04
2.463938574904897905e+04
1.303179633088220180e+04
3.761254742903714941e+04
1.114056020490604351e+04
2.154961099203955018e+04
2.596958919627931027e+04
1.709560107685420371e+04
2.649625716415784700e+04
2.511727370820945362e+04
2.724292081354126640e+04
3.620919905069530068e+04
1.563176815793295646e+04
2.622517115767140058e+04
1.585237720549971527e+04
2.398169788904517554e+04
1.554177220213791952e+04
2.373500178526202217e+04
1.120169140445386984e+04
2.156777807189869054e+04
3.986189931713222904e+04
1.767490421800404511e+04
2.109575735027596966e+04
6.938085545549763992e+03
3.925051889273805136e+04
9.260712635023863186e+03
1.843661180056982266e+04
1.437922795190846773e+04
5.977341515643629464e+03
2.156741893016482209e+04
1.769587958682537283e+04
2.387820017685639323e+04
2.528311303233742001e+04
1.521540354360704987e+04
2.088239444072917468e+04
2.528330286658497789e+04
2.140144188794908405e+04
1.753269091869621479e+04
8.243144512417096848e+03
2.054904645025781429e+04
1.782162226317644308e+04
1.656907231025228248e+04
1.581892569966847077e+04
2.034638450273992930e+04
2.280850745543306766e+04
1.721212272453985497e+04
1.343759027968775263e+04
2.325007440685783877e+04
1.225966466162229881e+04
1.030953948032042535e+04
2.770795748879635357e+04
2.451228246531154218e+04
1.814871125366017441e+04
8.594906495697010541e+03
2.599265555625729758e+04
9.528399713655366213e+03
1.003907091452542045e+04
9.474723927513305171e+03
8.408821061095786717e+03
2.776950627318995976e+04
2.544120042432431001e+04
9.081272272336769674e+03
1.224027185242774976e+04
2.197095112490249085e+04
4.203740358150313841e+04
1.834952562550130096e+04
1.651019655254364625e+04
2.498235329095515408e+04
1.925714993402156324e+04
1.583253965707509633e+04
2.109225492445210693e+04
1.288693142654214353e+04
1.271882150054934391e+04
1.922408651562355226e+04
1.181132741057956991e+04
9.500331004842531911e+03
1.159429676439680952e+04
2.375470128491983633e+04
1.066212993318200097e+04
3.726161430571488017e+04
2.327020311055262573e+04
1.567573780320780315e+04
2.224570335941543817e+04
3.185545962303843044e+04
1.321345849571962390e+04
3.225510078423249070e+04
1.461081159843715068e+04
1.898688551605425164e+04
1.999467993636774918e+04
1.885883874941801696e+04
4.398810315234893642e+04
9.155715811901840425e+03
8.986064317463753468e+03
1.812242915361886116e+04
1.346008132865580228e+04
2.266244542655102487e+04
2.831175569754012758e+04
9.155202976733784453e+03
2.597683225180076261e+04
1.951603455164899788e+04
2.493234779157380763e+04
2.701656364482571371e+04
3.521378355538625328e+04
1.020016289263388353e+04
4.137052753211041272e+04
1.138267032228028256e+04
8.319519911375260563e+03
2.901161123252619655e+04
4.625921223426588404e+04
1.893855778507341165e+04
1.899830050044626842e+04
2.162058480271718508e+04
2.932428709917325250e+04
1.552273979013186363e+04
2.475985826912030097e+04
2.540740892758622431e+04
5.354237597692787858e+03
2.417954516103831702e+04
9.215200632269583366e+03
1.674296770905084122e+04
2.391355044332922262e+04
8.785001740151270496e+03
2.500625127182016149e+04
3.195604574097168006e+04
1.109381282181117422e+04
2.316249139597358953e+04
2.696171383399674232e+04
1.744179155805588744e+04
1.177245035553500929e+04
3.919340828692232026e+04
8.386125449039662271e+03
2.516156971880699712e+04
1.444139792364291498e+04
1.356613882198503779e+04
1.094904170627735402e+04
1.787221262997433587e+04
3.959072650512753899e+04
2.491305019457438175e+04
1.485532296875598513e+04
1.763710172629582303e+04
1.748766641752476789e+04
7.861259373004428198e+03
1.267423805535151223e+04
3.105598909570556862e+04
2.333594995111365643e+04
3.148581183270510519e+04
1.730282418767103809e+04
1.270250004959757825e+04
3.750951792382872372e+04
1.101388733184344528e+04
