4.213960416085710312e+04
6.244496158891938649e+03
4.298552752801200404e+04
1.452467484575363596e+04
1.778475417802384254e+04
5.571994520888698753e+04
3.440699631127164321e+04
1.687148600929647728e+04
2.416602385450777001e+04
1.099437044119925667e+04
2.727815604443114353e+04
2.253677232825476676e+04
2.761579245155569515e+04
3.372523325757420389e+04
3.265360042555478503e+04
1.911639121999002236e+04
1.508774820518095294e+04
2.392658955467944543e+04
1.568653925386191077e+04
1.811575931402437709e+04
2.317931961048449739e+04
2.238305596046268329e+04
3.903703193080150231e+04
1.949633490762531437e+04
2.794732102274444333e+04
2.231179865898284334e+04
1.594095821853261077e+04
5.664028136800949142e+04
1.079954317012961292e+04
3.778879692340260954e+04
3.042172376116705345e+04
1.553611352708031336e+04
4.155641226962669316e+04
3.277986353979159321e+04
3.362214181364484830e+04
3.422399440250609769e+04
1.686492821217207529e+04
2.570581135264523255e+04
4.448429716133603506e+04
1.283559158676178777e+04
1.298395955053225225e+04
2.207527596080631338e+04
1.655842740807515656e+04
4.477815280780447938e+04
3.635621498574194266e+04
1.385084692527735206e+04
1.695517146713054535e+04
3.555007487913488876e+04
2.226920512795607647e+04
2.331596505608670486e+04
1.419930377929806491e+04
2.262211427961804657e+04
1.313869178187694888e+04
4.652518593715543830e+04
2.260375004495289249e+04
2.418919620585559096e+04
2.728673387923027985e+04
2.199428395906488004e+04
3.634644162874753965e+04
3.186438544403271953e+04
9.598980436293442835e+03
2.182305304991427329e+04
2.527779474025738818e+04
4.194073420892649301e+04
1.743111115660329961e+04
1.752437491730369584e+04
2.258015457173110917e+04
4.224988601264524914e+04
3.006900215778773054e+04
4.120698711971647572e+04
3.547691774263368279e+04
2.601241869731165934e+04
1.813064164766113390e+04
2.109479547969617124e+04
4.270410479312425741e+04
2.665657663595559279e+04
1.812104401699590017e+04
2.911778176163559692e+04
4.546467104746087716e+04
3.136463908898728550e+04
1.891576951193037530e+04
1.156684590374416439e+04
2.533337273501661184e+04
2.289155102092146626e+04
2.101071800174266173e+04
3.956926265618437901e+04
3.676976719662576215e+04
1.943901869167380573e+04
1.981482462232793478e+04
2.167582187671404972e+04
5.699456738072708686e+04
9.679134459827937462e+03
5.042651965929992730e+04
1.167350586733552336e+04
1.708234129026780647e+04
3.459463669123566069e+04
1.829481907808944015e+04
2.774618157162951320e+04
2.833104461505281506e+04
2.310344614970911789e+04
9.403636997213854556e+03
3.415928516193058022e+04
1.905946100050384848e+04
3.881874892870945769e+04
1.921387769798415320e+04
2.208235936539497925e+04
3.293222050147427944e+04
3.033464211319199603e+04
1.604402324861440138e+04
4.630647763892978401e+04
1.371563845780277006e+04
2.653068318260568776e+04
3.197231465586176637e+04
2.104715375854239028e+04
3.262071898220314688e+04
3.092299120431721531e+04
3.353996976278927468e+04
4.457875312295756157e+04
1.924496403834211378e+04
3.228697295978137117e+04
1.951656563478726821e+04
2.952493337862353656e+04
1.913416602014141608e+04
2.922121484865695311e+04
1.379089979260715154e+04
2.655304948148106268e+04
4.907575464960488171e+04
2.176035958440217655e+04
2.597192380707221309e+04
8.541785258712707218e+03
4.832305705568353733e+04
1.140127462420230768e+04
2.269813161928049158e+04
1.770290616120517006e+04
7.358970613639289695e+03
2.655260732614180961e+04
2.178618329254440323e+04
2.939751274846833985e+04
3.112716336173025775e+04
1.873235906950026038e+04
2.570924325296865936e+04
3.112739707510360313e+04
2.634826561787439277e+04
2.158527447545598989e+04
1.014850131485711245e+04
2.529884373680009230e+04
2.194099068605306093e+04
2.039892080907504351e+04
1.947538200026515915e+04
2.504933761231584504e+04
2.808056653049229135e+04
2.119060873412432193e+04
1.654361420165552772e+04
2.862419921585664270e+04
1.509341765763838703e+04
1.269253193535534228e+04
3.411249706753006467e+04
3.017815961550085922e+04
2.234368446935373504e+04
1.058157111539930520e+04
3.200071267608486960e+04
1.173083607558410222e+04
1.235954607159141051e+04
1.166475343134340983e+04
1.035247307218514834e+04
3.418827250958442164e+04
3.132179177119518499e+04
1.118035762415150748e+04
1.506954230893945169e+04
2.704941373329790440e+04
5.175411457089315809e+04
2.259091596136531007e+04
2.032643624889060811e+04
3.075688468636842299e+04
2.370833255821607236e+04
1.949214274786984242e+04
2.596761181508600930e+04
1.586567363094639222e+04
1.565870603473253141e+04
2.366762671536927519e+04
1.454144975572271505e+04
1.169627944153937824e+04
1.427425368815017100e+04
2.924546777760636178e+04
1.312662170159462585e+04
4.587442828469388769e+04
2.864898055695835865e+04
1.929909702147899588e+04
2.738767341187255442e+04
3.921867114943831257e+04
1.626767560797013539e+04
3.971068713238505734e+04
1.798801907385100276e+04
2.337559802990969911e+04
2.461633850027883818e+04
2.321795396851861733e+04
5.415570744965429185e+04
1.127200837199666603e+04
1.106314288240359929e+04
2.231132740871690112e+04
1.657130393094280953e+04
2.790074307963234241e+04
3.485585985901263484e+04
1.127137699784454708e+04
3.198123190320255162e+04
2.402705690890902042e+04
3.069532069516855336e+04
3.326129139910454251e+04
4.335325289695087122e+04
1.255787356047432695e+04
5.093309384828978364e+04
1.401371097622234811e+04
1.024253046060144334e+04
3.571748309105924272e+04
5.695177070795324835e+04
2.331609961390300305e+04
2.338965152417235004e+04
2.661806219311526002e+04
3.610243223746954754e+04
1.911073437242768341e+04
3.048296118323938572e+04
3.128018955876753171e+04
6.591839706120781557e+03
2.976851194223342827e+04
1.134524277627123774e+04
2.061301115781227418e+04
2.944103403154661646e+04
1.081560581361260483e+04
3.078630655200059846e+04
3.934250718659188715e+04
1.365808567826702892e+04
2.851637188130257709e+04
3.319376336092942802e+04
2.147336423542702687e+04
1.449358648659730170e+04
4.825274565239076037e+04
1.032453149619480610e+04
3.097752599029785051e+04
1.777944637458384750e+04
1.670187602134846384e+04
1.347985152816385380e+04
2.200327473350535729e+04
4.874190175705427100e+04
3.067156256643173037e+04
1.828904788141834797e+04
2.171381925792508264e+04
2.152984281237512187e+04
9.678345558929760955e+03
1.560381737524954951e+04
3.823440747607855155e+04
2.872992441241015331e+04
3.876358133746415115e+04
2.130227533374049017e+04
1.563861197157558126e+04
4.617963343918274040e+04
1.355968585780940339e+04
