9.681138795960554853e+04
1.434608493100894884e+04
9.875480952021431585e+04
3.336894020436803112e+04
4.085863573664526484e+04
1.280108188039468077e+05
7.904652012629358796e+04
3.876049645046870864e+04
5.551894369698437367e+04
2.525843048006722529e+04
6.266874595118096477e+04
5.177590660081789974e+04
6.344443072208312515e+04
7.748023992973357963e+04
7.501827418713053339e+04
4.391793429576460767e+04
3.466254308780166321e+04
5.496886812429904239e+04
3.603820367301518854e+04
4.161908584708403941e+04
5.325209261302812229e+04
5.142275912318012706e+04
8.968354872575683112e+04
4.479081567372094287e+04
6.420608337080119236e+04
5.125905283319728915e+04
3.662270496540975000e+04
1.301251960680034390e+05
2.481083494849470299e+04
8.681585772645918769e+04
6.989076808125361276e+04
3.569261610320868203e+04
9.547156482739756757e+04
7.530835065037177992e+04
7.724339798562173382e+04
7.862609214317298029e+04
3.874543058893029956e+04
5.905644642929537076e+04
1.021980779448519606e+05
2.948844588225409825e+04
2.982930595408888257e+04
5.071566636456760898e+04
3.804127664998749970e+04
1.028731809402617509e+05
8.352464869608065055e+04
3.182089015676367126e+04
3.895275514597105212e+04
8.167262506736733485e+04
5.116119859514936252e+04
5.356602141019029659e+04
3.262143378676573775e+04
5.197197091910437302e+04
3.018478727331023038e+04
1.068868091038832790e+05
5.192978098680308904e+04
5.557217978073367703e+04
6.268845264062737260e+04
5.052959560623100697e+04
8.350219541787610797e+04
7.320513428510370431e+04
2.205266607363799994e+04
5.013621027889910329e+04
5.807312247217273398e+04
9.635450478632347949e+04
4.004617742272134637e+04
4.026044127971612033e+04
5.187557282425260928e+04
9.706474912307568593e+04
6.908042663010612887e+04
9.466879663760465337e+04
8.150455410265686805e+04
5.976084513419203722e+04
4.165327647141816124e+04
4.846311373305176676e+04
9.810826985496567795e+04
6.124073146314917540e+04
4.163122690630410943e+04
6.689509602150696446e+04
1.044503856853992766e+05
7.205701865319079661e+04
4.345702664371498395e+04
2.657363372427022841e+04
5.820080717448063660e+04
5.259097400212637149e+04
4.826995441181677597e+04
9.090629384320920508e+04
8.447474218477589602e+04
4.465913758776463510e+04
4.552251289644568897e+04
4.979796186598034546e+04
1.309391315880177572e+05
2.223681166359893541e+04
1.158497203617269406e+05
2.681867397371310653e+04
3.924491467925711913e+04
7.947760451788495993e+04
4.203045715993943304e+04
6.374398625755974354e+04
6.508764868931755336e+04
5.307778117386689701e+04
2.160388469937762784e+04
7.847742934676856385e+04
4.378714299681782722e+04
8.918206607490294846e+04
4.414189940957722865e+04
5.073193975496516941e+04
7.565837503288626613e+04
6.969070698969486693e+04
3.685948622643509589e+04
1.063843493790912617e+05
3.151026266842422410e+04
6.095150425761332008e+04
7.345309050127201772e+04
4.835366179961461603e+04
7.494273246735462453e+04
7.104237825597394840e+04
7.705461618633267062e+04
1.024150807603205758e+05
4.421331706564136402e+04
7.417598545346922765e+04
4.483729367974360503e+04
6.783048480684381502e+04
4.395877006315322069e+04
6.713272285533434479e+04
3.168316781139357408e+04
6.100288851906434138e+04
1.127464772724784416e+05
4.999217851749349211e+04
5.966781230658436834e+04
1.962386935084242214e+04
1.110172322965830972e+05
2.619325081138126188e+04
5.214661290514738357e+04
4.067059837208651152e+04
1.690647487671794806e+04
6.100187271284263988e+04
5.005150581961928401e+04
6.753774907033989439e+04
7.151144269868705305e+04
4.303566009669748018e+04
5.906433086580744566e+04
7.151197963102205540e+04
6.053241874455451034e+04
4.958993856423157558e+04
2.331513353212322545e+04
5.812148036757861701e+04
5.040715981614883640e+04
4.686441355419858155e+04
4.474267853328691126e+04
5.754826581806514150e+04
6.451220116192258865e+04
4.868323478854882705e+04
3.800724483829458768e+04
6.576114110472389439e+04
3.467556806922483520e+04
2.915978110978003315e+04
7.836993853262593620e+04
6.933120461432758020e+04
5.133230718903887464e+04
2.431006666708664852e+04
7.351833201950292278e+04
2.695038420552666867e+04
2.839478048189424226e+04
2.679856615606039122e+04
2.378373757634036519e+04
7.854402478389996395e+04
7.195858136626315536e+04
2.568571682228279315e+04
3.462071692167394212e+04
6.214323411814702558e+04
1.188997325438261178e+05
5.190029600539318199e+04
4.669788776410548599e+04
7.066076568812981714e+04
5.446744521869089658e+04
4.478118461969094642e+04
5.965790595038174069e+04
3.644974640157591057e+04
3.597425972695880773e+04
5.437392774925713456e+04
3.340747882734143786e+04
2.687099390816384766e+04
3.279362346077692200e+04
6.718844145451043732e+04
3.015705751058025635e+04
1.053917606141146534e+05
6.581807367624022299e+04
4.433768200300220633e+04
6.292035079082807351e+04
9.010084606905894179e+04
3.737330442100137589e+04
9.123120196954529092e+04
4.132561583957587573e+04
5.370302200805841130e+04
5.655349508264096949e+04
5.334085106006843125e+04
1.244171441222371213e+05
2.589627494885075430e+04
2.541642806022834338e+04
5.125797018438672967e+04
3.807085913125980733e+04
6.409907535753717093e+04
8.007773776410998835e+04
2.589482443195089945e+04
7.347357695597493148e+04
5.519968149336787610e+04
7.051932877729312168e+04
7.641438143045683682e+04
9.959962057299581647e+04
2.885041740235524048e+04
1.170135222368801624e+05
3.219505349158101308e+04
2.353115578219980671e+04
8.205722814266834757e+04
1.308408106527884374e+05
5.356633054287476989e+04
5.373530845954134566e+04
6.115224850888054789e+04
8.294160904514639697e+04
4.390493827278594836e+04
7.003145473325111379e+04
7.186300458030338632e+04
1.514407085365016064e+04
6.839008139750626287e+04
2.606452342828952897e+04
4.735626401702898147e+04
6.763773472289864731e+04
2.484773721278633457e+04
7.072835938543506199e+04
9.038534657339425758e+04
3.137804110206780024e+04
6.551341894107195549e+04
7.625924273772098240e+04
4.933283634697438538e+04
3.329751791032315668e+04
1.108556991099832085e+05
2.371954469158810389e+04
7.116766629386607383e+04
4.084644160648492834e+04
3.837083502217481146e+04
3.096856655201217654e+04
5.055025098185085517e+04
1.119794847355106758e+05
7.046474693049753841e+04
4.201719843169453088e+04
4.988525692456296383e+04
4.946259004384008585e+04
2.223499924527095209e+04
3.584815870124662615e+04
8.783960194411553675e+04
6.600403382344939746e+04
8.905532423227767868e+04
4.893977726712323056e+04
3.592809569237161486e+04
1.060929379319105647e+05
3.115197767828444557e+04
