5.560354104708932573e+04
8.239662080448864799e+03
5.671974362195785943e+04
1.916542336037599307e+04
2.346712382905374034e+04
7.352290849095860904e+04
4.540030381865672825e+04
2.226205925576090885e+04
3.188725964794947504e+04
1.450715877113009628e+04
3.599374269192433712e+04
2.973744937041982485e+04
3.643925660209012131e+04
4.450071207603027142e+04
4.308668407673668844e+04
2.522422944020633804e+04
1.990840311248580474e+04
3.157132419521563133e+04
2.069851263812032630e+04
2.390388772451290788e+04
3.058529559236757996e+04
2.953461940710289127e+04
5.150967244578665850e+04
2.572556814168932760e+04
3.687671117442090326e+04
2.944059483409991662e+04
2.103422047465396463e+04
7.473729933349110070e+04
1.425008264571940526e+04
4.986261647902015102e+04
4.014170516220765421e+04
2.050002470164824626e+04
5.483401473311218433e+04
4.325328925481098122e+04
4.436468210023248685e+04
4.515883135235404916e+04
2.225340619057801814e+04
3.391902143265105406e+04
5.869738200955510547e+04
1.693666463818218836e+04
1.713243734008257888e+04
2.912850126277863455e+04
2.184897595491387983e+04
5.908512685969550512e+04
4.797231327944654186e+04
1.827630208880788632e+04
2.237248287938961585e+04
4.690860503158723441e+04
2.938439233296234670e+04
3.076560033881077834e+04
1.873609366425124972e+04
2.985005875036446741e+04
1.733660774339344789e+04
6.139035089425641490e+04
2.982582699744850834e+04
3.191783574886413044e+04
3.600506121279909712e+04
2.902163167577148124e+04
4.795941725757762470e+04
4.204530866531783977e+04
1.266593062104344608e+04
2.879569113657842172e+04
3.335425012666308612e+04
5.534113057230185223e+04
2.300048906469970825e+04
2.312355133473231399e+04
2.979469258387393347e+04
5.574905882293846662e+04
3.967628621624813968e+04
5.437294548358264728e+04
4.681207361124439194e+04
3.432359224943947629e+04
2.392352508147736808e+04
2.783474951159538978e+04
5.634840409700213058e+04
3.517356374526731088e+04
2.391086093188991799e+04
3.842114337863687251e+04
5.999099310781199893e+04
4.138588939645546634e+04
2.495950750934886310e+04
1.526254467268147164e+04
3.342758573041277123e+04
3.020558266196720069e+04
2.772380861431790254e+04
5.221195509828575450e+04
4.851799869322535960e+04
2.564993894132574496e+04
2.614581783973923666e+04
2.860141843882835019e+04
7.520478252994814829e+04
1.277169448917748923e+04
6.653819160319112416e+04
1.540328333840302002e+04
2.254028446703082227e+04
4.564789678439968702e+04
2.414015849969788542e+04
3.661130607750624040e+04
3.738303749002199766e+04
3.048517996065674743e+04
1.240817340786034765e+04
4.507344699751454755e+04
2.514910956523229106e+04
5.122164629773894558e+04
2.535286361911297718e+04
2.913784787116858570e+04
4.345432547101259843e+04
4.002680023882142996e+04
2.117021559717093260e+04
6.110176356459598173e+04
1.809789344637169415e+04
3.500744633765759500e+04
4.218772211412974866e+04
2.777188588365013857e+04
4.304329675211657013e+04
4.080313151885719708e+04
4.425625542908412172e+04
5.882201739813436870e+04
2.539388229113228226e+04
4.260291623534205428e+04
2.575226274622021447e+04
3.895838315813643567e+04
2.524768342961850431e+04
3.855762415519721253e+04
1.819720137302140211e+04
3.503695884595836105e+04
6.475584648730328627e+04
2.871296661288144242e+04
3.427015892142265511e+04
1.127095322099471196e+04
6.376265605770434922e+04
1.504407205952920231e+04
2.995036423140497573e+04
2.335912472338043517e+04
9.710219939842301756e+03
3.503637541849042464e+04
2.874704120006059748e+04
3.879025062865098153e+04
4.107253829572327231e+04
2.471749597964396889e+04
3.392354985227680299e+04
4.107284668236825382e+04
3.476674491793072229e+04
2.848194042656841702e+04
1.339102776744307994e+04
3.338202444411501347e+04
2.895131078044140668e+04
2.691653737880433255e+04
2.569792061467390886e+04
3.305279913907175796e+04
3.705252967596914095e+04
2.796117585877023157e+04
2.182942981185927056e+04
3.776985730486211833e+04
1.991588399985314027e+04
1.674789629643896842e+04
4.501170973682308249e+04
3.982032034522046888e+04
2.948266841312571341e+04
1.396246679517534358e+04
4.222519352646441985e+04
1.547893100171327751e+04
1.630851881502691504e+04
1.539173442987289309e+04
1.366017011481167174e+04
4.511169603205611929e+04
4.132935202167338866e+04
1.475257033033795597e+04
1.988438028837243473e+04
3.569191540285555675e+04
6.828996359134024533e+04
2.980889232262716905e+04
2.682089342823206971e+04
4.058395265439282230e+04
3.128333236180067615e+04
2.572003655372875801e+04
3.426446921388566261e+04
2.093488186577467422e+04
2.066178648529683414e+04
3.122962068014965189e+04
1.918755798678269275e+04
1.543333324972157970e+04
1.883499066189331279e+04
3.858962608680537232e+04
1.732068117697725756e+04
6.053167102383739984e+04
3.780255648048539297e+04
2.546531119061513891e+04
3.613825172463030322e+04
5.174934683168453921e+04
2.146532665460384669e+04
5.239856581340946286e+04
2.373533346708011231e+04
3.084428651951313077e+04
3.248145338538129363e+04
3.063627393342123105e+04
7.145888439332139387e+04
1.487350421714789445e+04
1.459790455134238800e+04
2.943997301564605004e+04
2.186596662870099681e+04
3.681525121001696243e+04
4.599258282075855095e+04
1.487267111395951542e+04
4.219948849253823573e+04
3.170389166389597449e+04
4.050271848098584451e+04
4.388853712364087551e+04
5.720496015526456904e+04
1.657021350553164666e+04
6.720662025295660715e+04
1.849120249241032798e+04
1.351509996909594156e+04
4.712950149154976680e+04
7.514831198166830291e+04
3.076577788891383898e+04
3.086283021636670310e+04
3.512274363326048478e+04
4.763744493548343598e+04
2.521676518509778907e+04
4.022250842506743356e+04
4.127445757326944295e+04
8.697984638773241386e+03
3.927978699971438618e+04
1.497013759292893155e+04
2.719903128758323510e+04
3.884767730595975445e+04
1.427127743086313603e+04
4.062277503884417820e+04
5.191274946234744129e+04
1.802195209848731611e+04
3.762757828392046940e+04
4.379943334306983888e+04
2.833427397955370907e+04
1.912440202453625898e+04
6.366987960484198993e+04
1.362330098425295364e+04
4.087509060037094605e+04
2.346012014042584269e+04
2.203825753491741125e+04
1.778677072745629266e+04
2.903349507376966721e+04
6.431532495454834861e+04
4.047136944217244309e+04
2.413254336003575372e+04
2.865155628392496146e+04
2.840879790862591472e+04
1.277065352820152839e+04
2.058936046489732325e+04
5.045060312839994003e+04
3.790936253808249603e+04
5.114885222467247513e+04
2.810852082033287297e+04
2.063527221000166901e+04
6.093439163959410507e+04
1.789211275697484962e+04
