2.041292889174491501e+10
1.272792206135785591e+03
5.316221439536149025e+09
5.316221423327513695e+09
4.247000741401409149e+09
9.998773975767086029e+09
1.397656533524057388e+10
1.584957389047374964e+09
9.732637263436456680e+09
1.249868791246126556e+10
1.396411637437573624e+10
4.037675633981410503e+09
1.038174073716572952e+10
8.780086693522446156e+08
2.983076186732203484e+09
5.215366398879983902e+09
3.373380997079213858e+08
1.656379275752587318e+10
6.820973976562678337e+09
3.989570387116946697e+09
1.024069115646669388e+10
6.011223680606564522e+09
1.430977880627834797e+09
1.247402084623593330e+10
1.204336734194034195e+10
1.001799902199735641e+10
4.385287332830899239e+09
1.399269614054622459e+10
2.029814133958482742e+08
6.566582027954506874e+09
6.855421666168275833e+09
5.145797817125663757e+09
1.181505695221446419e+10
8.396636010312072754e+09
1.481721489106567383e+10
8.495863780025494576e+09
4.696942492303401947e+09
5.890041841292630434e+08
5.890458592898028374e+09
1.475366461541699171e+09
1.343758426169542503e+10
1.843671145335044384e+09
1.092851611825162315e+10
3.733664786548119545e+09
8.123372895077425003e+09
5.978327975665111542e+09
5.928174710725798607e+09
4.997794802534597397e+09
8.067449528669051170e+09
1.187433052330178833e+10
8.236694472240077019e+09
1.430225612410758209e+10
1.878847599456479311e+09
5.089936008546835899e+09
1.551664643725100756e+09
3.095424777341710091e+09
3.528347464309433460e+09
1.020035053837837410e+10
5.316245531008806229e+09
7.940749088227308273e+09
5.794836877626791000e+09
6.389206126526697159e+09
5.766621183181394577e+09
6.331548257489213943e+09
5.684287080150301933e+09
1.105810630703231430e+10
7.965842710412163734e+09
1.306157158895368767e+10
4.813545305152946472e+09
4.741515700512001038e+09
4.928656853600482941e+08
6.932506713048577309e+09
5.272877827613905907e+09
5.814359850019854546e+09
2.181467399610552311e+09
1.150128050086817551e+10
2.063629605169160604e+09
1.215312129477669716e+10
7.849987058321154594e+09
6.147718274631879807e+09
9.657525039762821198e+09
7.288791989589471817e+09
1.042843893299384689e+10
9.506596366955038071e+09
5.999187945937315941e+09
5.580309541802016258e+09
5.899545515104922295e+09
4.524412375265555382e+08
5.972549765304658890e+09
4.305378919754835129e+09
1.313210360350323677e+10
1.268181545951684475e+09
1.023301091299211311e+10
2.008220192120288372e+09
6.026490690564447403e+09
9.441582256208829880e+09
4.275421146014420509e+09
9.482100961545488358e+09
7.120286422232269287e+09
9.671227749773958206e+09
6.417610235611951828e+09
6.855005260823930740e+09
6.280177733539608002e+09
7.635461785488336563e+09
9.155587692109067917e+09
1.338956543588545799e+10
6.226955224919124603e+09
1.366231360105674553e+10
2.893982023780814648e+09
6.292722289422048569e+09
2.194885474127393246e+09
4.285294134084115982e+09
1.223324084675862885e+10
3.338389729262984276e+09
1.023022172460413933e+10
5.372014229678155899e+09
8.392355020735795975e+09
7.439384701327302933e+09
6.940761709210732460e+09
5.189601315674716949e+09
1.348046640393009377e+10
1.025801888784532166e+10
1.377158816457906151e+10
6.213806937279132843e+09
6.809595806190470695e+09
2.563984233503221989e+09
5.863430955917814255e+09
1.472217907119814634e+09
4.538665411523746490e+09
7.839187270583856106e+08
4.408864349134963036e+09
1.654736027632181644e+09
1.577951596472104073e+10
4.141067029044643879e+09
8.351723614249675751e+09
1.223996048917433357e+10
1.355692391772338104e+10
1.887672912426530600e+09
8.214437113077091217e+09
2.494794920153873444e+09
9.113762576154045105e+09
5.914674686632158279e+09
4.874843804167746544e+09
7.227092260320897102e+09
1.213916348970952034e+09
5.572192414279673576e+09
1.540328962992487192e+09
4.045852784815842628e+09
3.290674438940324783e+09
1.831114985385257721e+10
1.091918097715210533e+10
9.745409399405014038e+09
1.063516894964201689e+09
1.342503107893366432e+10
2.480543790327671051e+09
1.053384241598085594e+10
7.202564631271706581e+09
7.942682000098896027e+09
9.013175021730485916e+09
5.162204443589831352e+09
1.681121151550115013e+10
3.597921019415938854e+08
6.765725686040717125e+09
7.461541602093910217e+09
6.450930438262044907e+09
9.888584242999523163e+09
8.394405994701767921e+09
3.143277444948214531e+09
5.395800201466488838e+09
3.151218376265893936e+09
8.666836639157655716e+09
1.364936842260953426e+09
2.095906219909518433e+10
2.375220491836604595e+09
6.977369700591822624e+09
9.760848089626611710e+09
1.237967149154639721e+09
1.707747057568097878e+10
7.175301037416114807e+09
5.097468505376070976e+09
1.264815293914810944e+10
7.090046256100547791e+09
4.606484308257207870e+09
5.835924682565869331e+09
4.320524088181312561e+09
4.858233824296061516e+09
1.762409184188750029e+09
7.335610549951071739e+09
2.730054542741992474e+09
2.067970779855031586e+10
9.458759123201412201e+09
7.646972418103736877e+09
3.803855189970639229e+09
1.090468852170313072e+10
2.745458255264180183e+09
1.112081794890724373e+10
1.085499498173410034e+10
3.126176370302761078e+09
5.175611055231439590e+09
1.276716796546289825e+10
5.140713572854084969e+09
4.936248843611209869e+09
7.452809820958755016e+08
5.268695467264427185e+09
1.044722479845634079e+10
1.234352470837022018e+10
6.940795002827219963e+09
1.329945559953066063e+10
1.189514880036136246e+10
4.065619660365084171e+09
9.223571558747356415e+09
2.757853147864108562e+09
3.873316732409744740e+09
8.309831368914817810e+09
1.506962197414717484e+10
4.161558335297512054e+09
3.127476479830416679e+09
2.809197347739290237e+09
7.511854204517835617e+09
1.161593077719309568e+09
1.143054510891296196e+10
1.062548588742813110e+10
1.301149678739749718e+10
7.521327460841685295e+09
1.796344531671361208e+09
5.578962494379454613e+09
3.870770614569497585e+09
4.983058309076353073e+09
8.934850022035875320e+09
7.607318900662796021e+09
3.849511391944311619e+09
1.621016061341878128e+10
7.725479097619400024e+09
5.194703966936494827e+09
7.893923821566957235e+08
1.380133735861294174e+10
6.543333693026019096e+09
4.711918118203521729e+09
8.688927686579404831e+09
6.977806424329629898e+09
7.719910928344499588e+09
1.156525539314052343e+09
4.087541581962238789e+09
2.396904918269275665e+09
7.445687049264866829e+09
9.688763109792453766e+09
1.638252872637304878e+10
4.246210139584849834e+09
3.727278299048378944e+09
7.836022435865907669e+09
1.587690096385790253e+10
9.089401068014369011e+08
7.314772009157444954e+09
4.063578834670505524e+09
8.991804987015218735e+09
6.561151779936842918e+09
