2.513126336507878494e+10
1.566991013933023396e+03
6.545036325389397621e+09
6.545036305434226990e+09
5.228671236248062134e+09
1.230993472056418228e+10
1.720717033023164749e+10
1.951311434915420532e+09
1.198228199399234772e+10
1.538768979756831932e+10
1.719184386161095428e+10
4.970961799675106049e+09
1.278142210935692024e+10
1.080955468141419649e+09
3.672597581877608299e+09
6.420869205527885437e+09
4.153119168637977242e+08
2.039242091723096085e+10
8.397604004816198349e+09
4.911737293745343208e+09
1.260776970607465935e+10
7.400684451745437622e+09
1.761740423355107069e+09
1.535732107679139328e+10
1.482712442089046478e+10
1.233360352882687759e+10
5.398922000726988792e+09
1.722702968106645584e+10
2.498994331151535511e+08
8.084410778487320900e+09
8.440014085426769257e+09
6.335220234756725311e+09
1.454604136007085037e+10
1.033747151498645401e+10
1.824213133446660614e+10
1.045963522931781006e+10
5.782614509201680183e+09
7.251492107275224924e+08
7.252005188685963631e+09
1.816389176763520002e+09
1.654360679263789177e+10
2.269825430624463081e+09
1.345458156513535690e+10
4.596680543261356354e+09
1.000104515729208946e+10
7.360185088383724213e+09
7.298439176442681313e+09
6.153007150184727669e+09
9.932195417162979126e+09
1.461901568597401237e+10
1.014056038392732430e+10
1.760814272542316437e+10
2.313132725597351074e+09
6.266446281205558777e+09
1.910323257506987572e+09
3.810914921553677559e+09
4.343905269024260521e+09
1.255810457948434258e+10
6.545065985471369743e+09
9.776208877744787216e+09
7.134281048135321617e+09
7.866035428382454872e+09
7.099543453550224304e+09
7.795050265031584740e+09
6.998178282575729370e+09
1.361412580207701683e+10
9.807102750508260727e+09
1.608068089124501228e+10
5.926169410821700096e+09
5.837490565472557068e+09
6.067888350604367256e+08
8.534916910245882988e+09
6.491674079717138290e+09
7.158316646528928757e+09
2.685701401924593449e+09
1.415973723495667458e+10
2.540626059617187023e+09
1.496224738676746368e+10
9.664467711681982040e+09
7.568729008631485939e+09
1.188980799944263840e+10
8.973555538016254425e+09
1.283891433226399422e+10
1.170399300710177231e+10
7.385866724246890068e+09
6.870166917124881744e+09
7.263192502195481300e+09
5.570205019476791620e+08
7.353071276979321480e+09
5.300543204389136314e+09
1.616751598691965294e+10
1.561314625405535460e+09
1.259831421722780037e+10
2.472409070295347214e+09
7.419480345763565063e+09
1.162395124786799049e+10
5.263660858612373352e+09
1.167383562557918739e+10
8.766100850146919250e+09
1.190667801432053566e+10
7.901004988598806381e+09
8.439501430313392639e+09
7.731805731460426331e+09
9.400356120512563705e+09
1.127185063802955246e+10
1.648448868350656891e+10
7.666281137308116913e+09
1.682028106330727577e+10
3.562909800898364544e+09
7.747249891352986336e+09
2.702220989403848171e+09
5.275815932717399597e+09
1.506088612558971786e+10
4.110039864750170231e+09
1.259488032352618027e+10
6.613725307277654648e+09
1.033220099858603287e+10
9.158956913762746811e+09
8.545080002653104782e+09
6.389148667280354500e+09
1.659640090248236656e+10
1.262910264575739861e+10
1.695481383170848083e+10
7.650093696435088158e+09
8.383595833928368568e+09
3.156634864981938839e+09
7.218730264411858559e+09
1.812512851576904535e+09
5.587752565439265251e+09
9.651171613343895674e+08
5.427948712633080482e+09
2.037219015979919434e+09
1.942686292525322723e+10
5.098251538095143318e+09
1.028217786948430061e+10
1.506915897580948830e+10
1.669053114344721413e+10
2.323997960356450081e+09
1.011315836053800201e+10
3.071452828388717651e+09
1.122035788018402481e+10
7.281818697199773788e+09
6.001636715430199623e+09
8.897594261022354126e+09
1.494506331303645134e+09
6.860173560923340797e+09
1.896367397501568794e+09
4.981029053241995811e+09
4.051295451638297081e+09
2.254366984449217987e+10
1.344308865832289696e+10
1.199800633783651924e+10
1.309342883733108997e+09
1.652815201181105232e+10
3.053907629519335270e+09
1.296868124149054527e+10
8.867397207545848846e+09
9.778588571396980286e+09
1.109652007450343132e+10
6.355419161269922256e+09
2.069702913886896133e+10
4.429560362710179090e+08
8.329585380593229294e+09
9.186235258358592987e+09
7.942026969942988396e+09
1.217427524665942955e+10
1.033472604372615623e+10
3.869828465941076279e+09
6.643009273560840607e+09
3.879604899169593334e+09
1.067012750967197800e+10
1.680434367918223858e+09
2.580363233536464691e+10
2.924239438986999989e+09
8.590149726725713730e+09
1.201701359505220032e+10
1.524116339586267471e+09
2.102483249331182861e+10
8.833831786282831192e+09
6.275719872595410347e+09
1.557170283016427612e+10
8.728870838555229187e+09
5.671247421271883011e+09
7.184866069642673492e+09
5.319189093886561394e+09
5.981187431505403519e+09
2.169780221141750813e+09
9.031195947046291351e+09
3.361091398423713684e+09
2.545970672579051971e+10
1.164509845170467567e+10
9.414527371551080704e+09
4.683095066305417061e+09
1.342524635276124191e+10
3.380055593040175915e+09
1.369133288962302208e+10
1.336406642864903641e+10
3.848774573429132462e+09
6.371924636294372559e+09
1.571822751491582680e+10
6.328960795825690269e+09
6.077235186692243576e+09
9.175485174795496464e+08
6.486524990138282776e+09
1.286204244557799149e+10
1.519666148569493294e+10
8.545120991903043747e+09
1.637355046189093590e+10
1.464464599147137260e+10
5.005364931643729210e+09
1.135554859563886833e+10
3.395315495818588257e+09
4.768612256221642494e+09
1.023060246567781448e+10
1.855288090469108200e+10
5.123479295310502052e+09
3.850375196010841846e+09
3.458527620652583122e+09
9.248177337753652573e+09
1.430088828214254856e+09
1.407265175232524872e+10
1.308150758938239288e+10
1.601903157905975151e+10
9.259840284352945328e+09
2.211559534609886169e+09
6.868508507216084480e+09
4.765477617466904640e+09
6.134864398591317177e+09
1.100009068870416832e+10
9.365708165084190369e+09
4.739304444299851418e+09
1.995704867863433075e+10
9.511180431447048187e+09
6.395430767874539375e+09
9.718560212292510271e+08
1.699143938574480629e+10
8.055788720820542336e+09
5.801051667364955902e+09
1.069732477929020119e+10
8.590687396715688705e+09
9.504325210951696396e+09
1.423849956617211819e+09
5.032353982947851181e+09
2.950936099446171761e+09
9.166716014217033386e+09
1.192826657484329605e+10
2.016925871793678665e+10
5.227697891238425255e+09
4.588817854855153084e+09
9.647275244761734009e+09
1.954675792288417053e+10
1.119036534553720474e+09
9.005540693965955734e+09
5.002852380491237640e+09
1.107021047565074348e+10
8.077725358977297783e+09
