1.020646444587245750e+10
6.363961030678927955e+02
2.658110719768074512e+09
2.658110711663756847e+09
2.123500370700704575e+09
4.999386987883543015e+09
6.988282667620286942e+09
7.924786945236874819e+08
4.866318631718228340e+09
6.249343956230632782e+09
6.982058187187868118e+09
2.018837816990705252e+09
5.190870368582864761e+09
4.390043346761223078e+08
1.491538093366101742e+09
2.607683199439991951e+09
1.686690498539606929e+08
8.281896378762936592e+09
3.410486988281339169e+09
1.994785193558473349e+09
5.120345578233346939e+09
3.005611840303282261e+09
7.154889403139173985e+08
6.237010423117966652e+09
6.021683670970170975e+09
5.008999510998678207e+09
2.192643666415449619e+09
6.996348070273112297e+09
1.014907066979241371e+08
3.283291013977253437e+09
3.427710833084137917e+09
2.572898908562831879e+09
5.907528476107232094e+09
4.198318005156036377e+09
7.408607445532836914e+09
4.247931890012747288e+09
2.348471246151700974e+09
2.945020920646315217e+08
2.945229296449014187e+09
7.376832307708495855e+08
6.718792130847712517e+09
9.218355726675221920e+08
5.464258059125811577e+09
1.866832393274059772e+09
4.061686447538712502e+09
2.989163987832555771e+09
2.964087355362899303e+09
2.498897401267298698e+09
4.033724764334525585e+09
5.937165261650894165e+09
4.118347236120038509e+09
7.151128062053791046e+09
9.394237997282396555e+08
2.544968004273417950e+09
7.758323218625503778e+08
1.547712388670855045e+09
1.764173732154716730e+09
5.100175269189187050e+09
2.658122765504403114e+09
3.970374544113654137e+09
2.897418438813395500e+09
3.194603063263348579e+09
2.883310591590697289e+09
3.165774128744606972e+09
2.842143540075150967e+09
5.529053153516157150e+09
3.982921355206081867e+09
6.530785794476843834e+09
2.406772652576473236e+09
2.370757850256000519e+09
2.464328426800241470e+08
3.466253356524288654e+09
2.636438913806952953e+09
2.907179925009927273e+09
1.090733699805276155e+09
5.750640250434087753e+09
1.031814802584580302e+09
6.076560647388348579e+09
3.924993529160577297e+09
3.073859137315939903e+09
4.828762519881410599e+09
3.644395994794735909e+09
5.214219466496923447e+09
4.753298183477519035e+09
2.999593972968657970e+09
2.790154770901008129e+09
2.949772757552461147e+09
2.262206187632777691e+08
2.986274882652329445e+09
2.152689459877417564e+09
6.566051801751618385e+09
6.340907729758422375e+08
5.116505456496056557e+09
1.004110096060144186e+09
3.013245345282223701e+09
4.720791128104414940e+09
2.137710573007210255e+09
4.741050480772744179e+09
3.560143211116134644e+09
4.835613874886979103e+09
3.208805117805975914e+09
3.427502630411965370e+09
3.140088866769804001e+09
3.817730892744168282e+09
4.577793846054533958e+09
6.694782717942728996e+09
3.113477612459562302e+09
6.831156800528372765e+09
1.446991011890407324e+09
3.146361144711024284e+09
1.097442737063696623e+09
2.142647067042057991e+09
6.116620423379314423e+09
1.669194864631492138e+09
5.115110862302069664e+09
2.686007114839077950e+09
4.196177510367897987e+09
3.719692350663651466e+09
3.470380854605366230e+09
2.594800657837358475e+09
6.740233201965046883e+09
5.129009443922660828e+09
6.885794082289530754e+09
3.106903468639566422e+09
3.404797903095235348e+09
1.281992116751610994e+09
2.931715477958907127e+09
7.361089535599073172e+08
2.269332705761873245e+09
3.919593635291928053e+08
2.204432174567481518e+09
8.273680138160908222e+08
7.889757982360520363e+09
2.070533514522321939e+09
4.175861807124837875e+09
6.119980244587166786e+09
6.778461958861690521e+09
9.438364562132652998e+08
4.107218556538545609e+09
1.247397460076936722e+09
4.556881288077022552e+09
2.957337343316079140e+09
2.437421902083873272e+09
3.613546130160448551e+09
6.069581744854760170e+08
2.786096207139836788e+09
7.701644814962435961e+08
2.022926392407921314e+09
1.645337219470162392e+09
9.155574926926288605e+09
5.459590488576052666e+09
4.872704699702507019e+09
5.317584474821008444e+08
6.712515539466832161e+09
1.240271895163835526e+09
5.266921207990427971e+09
3.601282315635853291e+09
3.971341000049448013e+09
4.506587510865242958e+09
2.581102221794915676e+09
8.405605757750575066e+09
1.798960509707969427e+08
3.382862843020358562e+09
3.730770801046955109e+09
3.225465219131022453e+09
4.944292121499761581e+09
4.197202997350883961e+09
1.571638722474107265e+09
2.697900100733244419e+09
1.575609188132946968e+09
4.333418319578827858e+09
6.824684211304767132e+08
1.047953109954759216e+10
1.187610245918302298e+09
3.488684850295911312e+09
4.880424044813305855e+09
6.189835745773198605e+08
8.538735287840489388e+09
3.587650518708057404e+09
2.548734252688035488e+09
6.324076469574054718e+09
3.545023128050273895e+09
2.303242154128603935e+09
2.917962341282934666e+09
2.160262044090656281e+09
2.429116912148030758e+09
8.812045920943750143e+08
3.667805274975535870e+09
1.365027271370996237e+09
1.033985389927515793e+10
4.729379561600706100e+09
3.823486209051868439e+09
1.901927594985319614e+09
5.452344260851565361e+09
1.372729127632090092e+09
5.560408974453621864e+09
5.427497490867050171e+09
1.563088185151380539e+09
2.587805527615719795e+09
6.383583982731449127e+09
2.570356786427042484e+09
2.468124421805604935e+09
3.726404910479377508e+08
2.634347733632213593e+09
5.223612399228170395e+09
6.171762354185110092e+09
3.470397501413609982e+09
6.649727799765330315e+09
5.947574400180681229e+09
2.032809830182542086e+09
4.611785779373678207e+09
1.378926573932054281e+09
1.936658366204872370e+09
4.154915684457408905e+09
7.534810987073587418e+09
2.080779167648756027e+09
1.563738239915208340e+09
1.404598673869645119e+09
3.755927102258917809e+09
5.807965388596547842e+08
5.715272554456480980e+09
5.312742943714065552e+09
6.505748393698748589e+09
3.760663730420842648e+09
8.981722658356806040e+08
2.789481247189727306e+09
1.935385307284748793e+09
2.491529154538176537e+09
4.467425011017937660e+09
3.803659450331398010e+09
1.924755695972155809e+09
8.105080306709390640e+09
3.862739548809700012e+09
2.597351983468247414e+09
3.946961910783478618e+08
6.900668679306470871e+09
3.271666846513009548e+09
2.355959059101760864e+09
4.344463843289702415e+09
3.488903212164814949e+09
3.859955464172249794e+09
5.782627696570261717e+08
2.043770790981119394e+09
1.198452459134637833e+09
3.722843524632433414e+09
4.844381554896226883e+09
8.191264363186524391e+09
2.123105069792424917e+09
1.863639149524189472e+09
3.918011217932953835e+09
7.938450481928951263e+09
4.544700534007184505e+08
3.657386004578722477e+09
2.031789417335252762e+09
4.495902493507609367e+09
3.280575889968421459e+09
