1.172414891930941391e+10
7.310271567206119698e+02
3.053367411197571278e+09
3.053367401888155460e+09
2.439261382659492970e+09
5.742787608975406647e+09
8.027428804549714088e+09
9.103189727695574760e+08
5.589932207146150589e+09
7.178611122332789421e+09
8.020278754116283417e+09
2.319035679383028030e+09
5.962744253393988609e+09
5.042835570790294409e+08
1.713327354265054941e+09
2.995441401550123215e+09
1.937498601061575115e+08
9.513400746540885925e+09
3.917620793177566051e+09
2.291406470413060188e+09
5.881732542732987404e+09
3.452541376715991020e+09
8.218809687571685314e+08
7.164443613134968758e+09
6.917098127155941963e+09
5.753829498465133667e+09
2.518686172706093788e+09
8.036693519309403419e+09
1.165822078313920051e+08
3.771510986732217312e+09
3.937405795369265079e+09
2.955484743839791298e+09
6.785968242602517128e+09
4.822600986277172089e+09
8.510255185502354622e+09
4.879592374197088242e+09
2.697685057212295532e+09
3.382940686978275180e+08
3.383180047920056820e+09
8.473755136953729391e+08
7.717865468271789551e+09
1.058911005900932431e+09
6.276784243797110558e+09
2.144427299209090233e+09
4.665652540801469803e+09
3.433647755639633656e+09
3.404842269172873974e+09
2.870479334142111301e+09
4.633533001301871300e+09
6.820011969403922081e+09
4.730738695437673569e+09
8.214489041254323959e+09
1.079114573392892838e+09
2.923400560028962135e+09
8.911973118770416975e+08
1.777854674874742746e+09
2.026503464055102825e+09
5.858562941914177895e+09
3.053381248115077019e+09
4.560762707545456886e+09
3.328259794403024673e+09
3.669635283639097214e+09
3.312054133505761147e+09
3.636519533981101513e+09
3.264765609149775028e+09
6.351214262135178566e+09
4.575175208807786942e+09
7.501902898953554153e+09
2.764655786866445065e+09
2.723285642685374260e+09
2.830770010037868023e+08
3.981679528642400742e+09
3.028473043340216160e+09
3.339472797539306641e+09
1.252924006706150532e+09
6.605750995853373528e+09
1.185243966390497684e+09
6.980135219694712639e+09
4.508633610320761681e+09
3.530936934527424812e+09
5.546791563259113312e+09
4.186311684178495407e+09
5.989565323758532524e+09
5.460105804171020508e+09
3.445628662408117771e+09
3.205046195521116734e+09
3.388399114215579510e+09
2.598592526397885382e+08
3.430329045271694183e+09
2.472790841380645275e+09
7.542412903497401237e+09
7.283790278361482620e+08
5.877321401210373878e+09
1.153419615580202341e+09
3.461309971328162670e+09
5.422765003138137817e+09
2.455584618673151493e+09
5.446036888221552849e+09
4.089530650162965298e+09
5.554661703483510971e+09
3.685949160329791546e+09
3.937166633302234650e+09
3.607014915802977085e+09
4.385421196316587448e+09
5.258504260478391647e+09
7.690285895163391113e+09
3.576446611752395153e+09
7.846938579493749619e+09
1.662156195054005861e+09
3.614219871156141281e+09
1.260630666768511772e+09
2.461255161250433445e+09
7.026151818477085114e+09
1.917401395171693325e+09
5.875719433153851509e+09
3.085411954325980186e+09
4.820142203435157776e+09
4.272804484302390099e+09
3.986420778898387909e+09
2.980643247202997208e+09
7.742494791393646240e+09
5.891684710998216629e+09
7.909700335174301147e+09
3.568894903560851574e+09
3.911085750382850647e+09
1.472622235631742239e+09
3.367656746850742340e+09
8.455671440528542995e+08
2.606778746049633980e+09
4.502430761116685271e+08
2.532227612628202438e+09
9.503962764477076530e+08
9.062952015662254333e+09
2.378418442098020554e+09
4.796805588539246559e+09
7.030011239571629524e+09
7.786408101554402351e+09
1.084183384638408661e+09
4.717955199509122849e+09
1.432883410417856693e+09
5.234482039530845642e+09
3.397088541438481331e+09
2.799862529357489109e+09
4.150874495421208382e+09
6.972118565834695101e+08
3.200384130005008221e+09
8.846866729718793631e+08
2.323732219239065647e+09
1.889996157420770884e+09
1.051699385761232567e+10
6.271422613184768677e+09
5.597267872934591293e+09
6.108300538784663677e+08
7.710655558077584267e+09
1.424698285723752737e+09
6.050103727517600060e+09
4.136787071850817204e+09
4.561872873889080048e+09
5.176709660381086349e+09
2.964907876255011082e+09
9.655505506681690216e+09
2.066462978206171989e+08
3.885888982958078861e+09
4.285530282033607006e+09
3.705086591315956116e+09
5.679500226591575623e+09
4.821320178645584106e+09
1.805338815155648232e+09
3.099073407658612251e+09
1.809899682526529789e+09
4.977790495214215279e+09
7.839503526900022030e+08
1.203782013519058609e+10
1.364205935863977909e+09
4.007446548637990475e+09
5.606135071965019226e+09
7.110254138871518373e+08
9.808431178897502899e+09
4.121128249144204617e+09
2.927726843387343407e+09
7.264456237475172043e+09
4.072162235617792606e+09
2.645730473607354641e+09
3.351858541375003815e+09
2.481489456409469128e+09
2.790322601079919815e+09
1.012238265354641676e+09
4.213201885813845158e+09
1.568004581149954557e+09
1.187737316500705147e+10
5.432630522567328453e+09
4.392032318691730499e+09
2.184741099683103561e+09
6.263098883317716599e+09
1.576851690767496586e+09
6.387232642065625191e+09
6.234557439509513855e+09
1.795516826998691559e+09
2.972607952624411106e+09
7.332812419949035645e+09
2.952564612324208736e+09
2.835130463256105900e+09
4.280515190720534325e+08
3.026070908113491058e+09
6.000354970135513306e+09
7.089493263685063362e+09
3.986439901059633732e+09
7.638531384768486977e+09
6.831968929710024834e+09
2.335085307952487946e+09
5.297550738365262985e+09
1.583970687137448072e+09
2.224636279450781822e+09
4.772744811887604713e+09
8.655224986065013885e+09
2.390187606990225792e+09
1.796263543836558342e+09
1.613460186105077982e+09
4.314427283853598595e+09
6.671600287760568857e+08
6.565124181663860321e+09
6.102739079966452599e+09
7.473142477866353989e+09
4.319868240831434250e+09
1.031729004269405842e+09
3.204272519941916943e+09
2.223173918763421535e+09
2.862015441245156765e+09
5.131723761228915215e+09
4.369257353564602852e+09
2.210963701734388351e+09
9.310292415435939789e+09
4.437122565499691010e+09
2.983573950758261204e+09
4.533868654152935147e+08
7.926786760298904419e+09
3.758158324687830925e+09
2.706286295630554676e+09
4.990478470130977631e+09
4.007697380557593822e+09
4.433924492056479454e+09
6.642494922610552311e+08
2.347676145591000557e+09
1.376660368350109577e+09
4.276424232656639099e+09
5.564733123087273598e+09
9.409291899338195801e+09
2.438807301156423569e+09
2.140759225366509438e+09
4.500613040899513245e+09
9.118885009817205429e+09
5.220490027368198633e+08
4.201233287048756123e+09
2.333913161393388748e+09
5.164435798519258499e+09
3.768392128249659538e+09
