4.442621686308064461e+09
2.770074930026061111e+02
1.157009892198781252e+09
1.157009888671172142e+09
9.243072219365131855e+08
2.176109579218665123e+09
3.041826706384690285e+09
3.449463869588865638e+08
2.118188213010363340e+09
2.720184950663902283e+09
3.039117343911355972e+09
8.787501993923877478e+08
2.259457561683485508e+09
1.910877354208692014e+08
6.492296636787433624e+08
1.135060039085161686e+09
7.341746818049374223e+07
3.604904778846101761e+09
1.484500684381210566e+09
8.682806869535483122e+08
2.228759863700929165e+09
1.308268540312761068e+09
3.114346500112137794e+08
2.714816468564570904e+09
2.621090055877077103e+09
2.180293672924954414e+09
9.544035894528239965e+08
3.045337376796003819e+09
4.417639594259978086e+07
1.429135420841499805e+09
1.491997798278811216e+09
1.119919297076677799e+09
2.571401121281521797e+09
1.827424052142423391e+09
3.224783692474234581e+09
1.849019749847082853e+09
1.022231483111056685e+09
1.281894810693759471e+08
1.281985511529968023e+09
3.210952760408338308e+08
2.924524137089520454e+09
4.012522385260582566e+08
2.378456465683680058e+09
8.125859957720919847e+08
1.767951712418529510e+09
1.301109196696059704e+09
1.290193958435045242e+09
1.087708270146233559e+09
1.755780682886472940e+09
2.584301281456182480e+09
1.792614753126667500e+09
3.112709281311823368e+09
4.089079590136020780e+08
1.107761664845418215e+09
3.377006324103914499e+08
6.736809458889012337e+08
7.679012181397570372e+08
2.219980226750803471e+09
1.157015135410054445e+09
1.728205897937366486e+09
1.261174627006788731e+09
1.390531748115715742e+09
1.255033829833480835e+09
1.377983225523456812e+09
1.237114829890431166e+09
2.406660168643850803e+09
1.733667214669408083e+09
2.842689626074070454e+09
1.047608644213077664e+09
1.031932290989534497e+09
1.072661250048800558e+08
1.508774406024649858e+09
1.147576690755232096e+09
1.265423560660287619e+09
4.747694183857742548e+08
2.503111554664379120e+09
4.491234788036426306e+08
2.644976647243493080e+09
1.708452663872191191e+09
1.337974901741664410e+09
2.101840965852986574e+09
1.586315493071347713e+09
2.269620846854255676e+09
2.068993205570398569e+09
1.305649111413761854e+09
1.214485403745620251e+09
1.283963167841428041e+09
9.846824354678457975e+07
1.299851640625025988e+09
9.370125109489574432e+08
2.858040047323200703e+09
2.760040397974970937e+08
2.227088353630167007e+09
4.370643048682418466e+08
1.311591216342431545e+09
2.054843687887321472e+09
9.304925717477533817e+08
2.063662083326035976e+09
1.549642338926011086e+09
2.104823191332706451e+09
1.396713551406738997e+09
1.491907172802041531e+09
1.366803065883170128e+09
1.661763889595724821e+09
1.992600505668151855e+09
2.914073433125099182e+09
1.355219844668271542e+09
2.973433700332061291e+09
6.298394202428113222e+08
1.369533233430609703e+09
4.776896964680206180e+08
9.326413055791256428e+08
2.662413677520719051e+09
7.265592648279713392e+08
2.226481321249594688e+09
1.169152503420277834e+09
1.826492347670650244e+09
1.619090135579262495e+09
1.510571003914392710e+09
1.129452587160732508e+09
2.933856905358954430e+09
2.232531030279006004e+09
2.997215958539134026e+09
1.352358282365427971e+09
1.482024366224509239e+09
5.580194796896526814e+08
1.276103280380545855e+09
3.204100320844488144e+08
9.877844326536579132e+08
1.706102223547644913e+08
9.595348356589102745e+08
3.601328452403965592e+08
3.434216627907021046e+09
9.012520586954553127e+08
1.817649424219648838e+09
2.663876124643254280e+09
2.950496938284195900e+09
4.108286793079377413e+08
1.787770713987461805e+09
5.429612807620657682e+08
1.983497786104509592e+09
1.287255845040237665e+09
1.060949504924712777e+09
1.572887309553853512e+09
2.641938903477590978e+08
1.212718811261389494e+09
3.352335615986110568e+08
8.805298552086559534e+08
7.161746216109141111e+08
3.985195454967774868e+09
2.376424787598021507e+09
2.120967910550844193e+09
2.314613079965076149e+08
2.921792092008418083e+09
5.398596984876140356e+08
2.292560612226184368e+09
1.567549174232580900e+09
1.728626572317019701e+09
1.961606148063507318e+09
1.123489996554220438e+09
3.658752413627452850e+09
7.830430425368775427e+07
1.472476576772450209e+09
1.623912311190079212e+09
1.403965281703283787e+09
2.152128145736102581e+09
1.826938716805995941e+09
6.840954875739172697e+08
1.174329226204997778e+09
6.858237331318427324e+08
1.886229879553545952e+09
2.970616342234764099e+08
4.561480850895202637e+09
5.169373842802131772e+08
1.518538280793879747e+09
2.124327950668085337e+09
2.694282497596670985e+08
3.716700407333014488e+09
1.561615589985465288e+09
1.109401019684847593e+09
2.752714166457727909e+09
1.543060940510976553e+09
1.002544377342017174e+09
1.270116879940367699e+09
9.403086696751785278e+08
1.057334548091304660e+09
3.835665770134446621e+08
1.596504974095223904e+09
5.941626300032958984e+08
4.500682818206806183e+09
2.058582020696335077e+09
1.664269036522532701e+09
8.278620695814561844e+08
2.373270683784359455e+09
5.975150576565563679e+08
2.420308582433711529e+09
2.362455498981304646e+09
6.803736500325251818e+08
1.126407779883343935e+09
2.778616316007488728e+09
1.118812774148038387e+09
1.074313552843894720e+09
1.622011946943632364e+08
1.146666451715695620e+09
2.273709358294350624e+09
2.686415596982830048e+09
1.510578249858539581e+09
2.894462140925801754e+09
2.588832122161449432e+09
8.848318713696550131e+08
2.007396354017404795e+09
6.002126528402720690e+08
8.429795158059014082e+08
1.808532094776148796e+09
3.279716974563367844e+09
9.057117382457323074e+08
6.806566028029370308e+08
6.113870833711041212e+08
1.634862227285339832e+09
2.528063770323557854e+08
2.487716870836483002e+09
2.312505681148893833e+09
2.831791464398649216e+09
1.636923964442583799e+09
3.909521859801038504e+08
1.214192235522495747e+09
8.424253847258899212e+08
1.084501054475962639e+09
1.944559679912429094e+09
1.655638938536311865e+09
8.377985776679916382e+08
3.527941113283090115e+09
1.681355045041249990e+09
1.130563116143293619e+09
1.718014957370451391e+08
3.003690502945084095e+09
1.424075708074577093e+09
1.025490743001822114e+09
1.891037722997747183e+09
1.518633328317867994e+09
1.680143201816551685e+09
2.517034899290504456e+08
8.896029066683890820e+08
5.216567316916419268e+08
1.620461763716046095e+09
2.108639545718131542e+09
3.565454902739747524e+09
9.241351572223260403e+08
8.111960556994961500e+08
1.705413436386032581e+09
3.455411269370817661e+09
1.978195804946074784e+08
1.591969723238683462e+09
8.843877108801538944e+08
1.956955224123748779e+09
1.427953594473846197e+09
