3.809187221978576660e+10
2.375114239391209594e+03
9.920419986805049896e+09
9.920419956558668137e+09
7.925183613617590904e+09
1.865837198862067795e+10
2.608119313229830551e+10
2.957635068322479248e+09
1.816174332289344788e+10
2.332337634649733353e+10
2.605796254990381622e+10
7.534569151257901192e+09
1.937301323471455765e+10
1.638422110721952677e+09
5.566616996977918625e+09
9.732217826215074539e+09
6.294951526596473455e+08
3.090913021550013733e+10
1.272838750909397697e+10
7.444801586476766586e+09
1.910980541024529266e+10
1.121734002702648163e+10
2.670299145570377827e+09
2.327734597331201935e+10
2.247371811845457077e+10
1.869424719341400528e+10
8.183235517799360275e+09
2.611129427935876465e+10
3.787767107341954112e+08
1.225367534742845535e+10
1.279266917086246109e+10
9.602398262312662125e+09
2.204767586660482788e+10
1.566867683109431076e+10
2.764990067210946655e+10
1.585384239673278999e+10
8.764804609340381622e+09
1.099120671891645432e+09
1.099198440491067886e+10
2.753131166450651169e+09
2.507541888543520355e+10
3.440412008284096718e+09
2.039333217374105835e+10
6.967264850377254486e+09
1.515874982732621002e+10
1.115595447104600906e+10
1.106236516940267754e+10
9.326214871391923904e+09
1.505439313561258125e+10
2.215828426130618286e+10
1.537021536761768723e+10
2.668895363440343857e+10
3.506053592725255966e+09
9.498156441570741653e+09
2.895508608793449879e+09
5.776266880160583496e+09
6.584129179611878395e+09
1.903452715509451294e+10
9.920464943082658768e+09
1.481796175366380119e+10
1.081354797479987335e+10
1.192268021155700302e+10
1.076089562720652008e+10
1.181508682348964310e+10
1.060725475829331970e+10
2.063515601676479340e+10
1.486478810841506195e+10
2.437375442762725830e+10
8.982393151929615021e+09
8.847981156934906006e+09
9.197198896746493578e+08
1.293651495464942551e+10
9.839537947013408661e+09
1.084997912947105408e+10
4.070762107597307205e+09
2.146214830445796585e+10
3.850869007869804859e+09
2.267852623635035706e+10
1.464859381710121727e+10
1.147204794581056404e+10
1.802157895738306046e+10
1.360136678947236443e+10
1.946015514942031860e+10
1.773993609518600845e+10
1.119488055197889709e+10
1.041322581097785187e+10
1.100894120133180237e+10
8.442852026880346537e+08
1.114517194924932480e+10
8.034121146396723747e+09
2.450537182069582367e+10
2.366510443262146473e+09
1.909547356915565491e+10
3.747471387037229061e+09
1.124582927497213173e+10
1.761861547470272827e+10
7.978217963891119957e+09
1.769422605240964890e+10
1.328692428226856995e+10
1.804714911841076660e+10
1.197568415330050850e+10
1.279189213101420975e+10
1.171922603621461296e+10
1.424827550295830917e+10
1.708493074729219246e+10
2.498581258804408646e+10
1.161990932334408760e+10
2.549477866101597214e+10
5.400361410203914642e+09
1.174263500521960258e+10
4.095801120011531353e+09
7.996641611079269409e+09
2.282803460688293839e+10
6.229655512019989014e+09
1.909026875958447266e+10
1.002453301458981323e+10
1.566068822207212830e+10
1.388238272614514160e+10
1.295191932217802620e+10
9.684138480894664764e+09
2.515543979234064484e+10
1.914214010033478546e+10
2.569869220682018280e+10
1.159537375104343033e+10
1.270715509241278267e+10
4.784563759277438164e+09
1.094154905093904114e+10
2.747255756148116112e+09
8.469449132997271538e+09
1.462844070058022738e+09
8.227231785906747818e+09
3.087846612130774975e+09
2.944561797113296509e+10
7.727504316527926445e+09
1.558486733658394241e+10
2.284057390301330185e+10
2.529811455798067856e+10
3.522522209048646927e+09
1.532868166681058693e+10
4.655451935243998528e+09
1.700688232117041779e+10
1.103717323367086029e+10
9.096780195754604340e+09
1.348623102351942635e+10
2.265248005111612320e+09
1.039807871542813683e+10
2.874355480583337307e+09
7.549828254268497467e+09
6.140615631876392365e+09
3.416981385323768616e+10
2.037591218448805237e+10
1.818557697135556412e+10
1.984592700116771221e+09
2.505199381810417557e+10
4.628858386654954910e+09
1.965684500351985550e+10
1.344046084930528450e+10
1.482156869475564957e+10
1.681917930754004669e+10
9.633014109854440689e+09
3.137082994333212280e+10
6.713958024117625952e+08
1.262529055352797699e+10
1.392372896495604515e+10
1.203786185001496696e+10
1.845275067661915970e+10
1.566451547482219887e+10
5.865563115380409241e+09
1.006891920741837120e+10
5.880381417186255455e+09
1.617288903318815422e+10
2.547062210387081623e+09
3.911099300685559082e+10
4.432318162115668297e+09
1.302023224960293198e+10
1.821438658600129700e+10
2.310128385200093269e+09
3.186768691821885300e+10
1.338958518423502922e+10
9.512212577671386719e+09
2.360228794845684433e+10
1.323049413692766953e+10
8.596003669201166153e+09
1.089022052991585159e+10
8.062383030005293846e+09
9.065784877336517334e+09
3.288771826871147156e+09
1.368873331233962631e+10
5.094461914146423340e+09
3.858969926277689362e+10
1.765066864189336395e+10
1.426975510292556572e+10
7.098244774542231560e+09
2.034886830636351395e+10
5.123206258097123146e+09
2.075218007841029358e+10
2.025613688184879684e+10
5.833651381710526466e+09
9.658031731787122726e+09
2.382437784053748322e+10
9.592910727027832031e+09
9.211366051049345016e+09
1.390743488520808935e+09
9.831733386636291504e+09
1.949521081392247391e+10
2.303383156951832962e+10
1.295198145026320839e+10
2.481766168768207169e+10
2.219713253995325470e+10
7.586714548322586060e+09
1.721179312822371674e+10
5.146335945541700363e+09
7.227864596019670486e+09
1.550669364260999107e+10
2.812090894373469543e+10
7.765742446075147629e+09
5.836077471874354362e+09
5.242147610356909752e+09
1.401761560085924149e+10
2.167609328505788803e+09
2.133015139573096085e+10
1.982785776815839386e+10
2.428031154383408737e+10
1.403529332223411369e+10
3.352097424432230473e+09
1.041071213160502243e+10
7.223113372129088402e+09
9.298715602239709854e+09
1.667301968998568153e+10
1.419575902291980934e+10
7.183442259961640358e+09
3.024922930086050415e+10
1.441625374701380539e+10
9.693660364837755203e+09
1.473058271640056849e+09
2.575420616583066177e+10
1.221029242045530510e+10
8.792750115407831192e+09
1.621411238531234741e+10
1.302104720491405487e+10
1.440586317574191856e+10
2.158152967469819546e+09
7.627622300498642921e+09
4.472782732644137383e+09
1.389414332324492455e+10
1.807987125724222565e+10
3.057087957301105499e+10
7.923708298461553574e+09
6.955347243302662849e+09
1.462253491017101479e+10
2.962734480528391647e+10
1.696142213953459501e+09
1.364984722022774696e+10
7.582906232916550636e+09
1.677930141270078659e+10
1.224354214632304192e+10
