8.165171556697966003e+10
5.091168824543142364e+03
2.126488575814459610e+10
2.126488569331005478e+10
1.698800296560563660e+10
3.999509590306834412e+10
5.590626134096229553e+10
6.339829556189499855e+09
3.893054905374582672e+10
4.999475164984506226e+10
5.585646549750294495e+10
1.615070253592564201e+10
4.152696294866291809e+10
3.512034677408978462e+09
1.193230474692881393e+10
2.086146559551993561e+10
1.349352398831685543e+09
6.625517103010349274e+10
2.728389590625071335e+10
1.595828154846778679e+10
4.096276462586677551e+10
2.404489472242625809e+10
5.723911522511339188e+09
4.989608338494373322e+10
4.817346936776136780e+10
4.007199608798942566e+10
1.754114933132359695e+10
5.597078456218489838e+10
8.119256535833930969e+08
2.626632811181802750e+10
2.742168666467310333e+10
2.058319126850265503e+10
4.726022780885785675e+10
3.358654404124829102e+10
5.926885956426269531e+10
3.398345512010197830e+10
1.878776996921360779e+10
2.356016736517052174e+09
2.356183437159211349e+10
5.901465846166796684e+09
5.375033704678170013e+10
7.374684581340177536e+09
4.371406447300649261e+10
1.493465914619247818e+10
3.249349158030970001e+10
2.391331190266044617e+10
2.371269884290319443e+10
1.999117921013838959e+10
3.226979811467620468e+10
4.749732209320715332e+10
3.294677788896030807e+10
5.720902449643032837e+10
7.515390397825917244e+09
2.035974403418734360e+10
6.206658574900403023e+09
1.238169910936684036e+10
1.411338985723773384e+10
4.080140215351349640e+10
2.126498212403522491e+10
3.176299635290923309e+10
2.317934751050716400e+10
2.555682450610678864e+10
2.306648473272557831e+10
2.532619302995685577e+10
2.273714832060120773e+10
4.423242522812925720e+10
3.186337084164865494e+10
5.224628635581475067e+10
1.925418122061178589e+10
1.896606280204800415e+10
1.971462741440193176e+09
2.773002685219430923e+10
2.109151131045562363e+10
2.325743940007941818e+10
8.725869598442209244e+09
4.600512200347270203e+10
8.254518420676642418e+09
4.861248517910678864e+10
3.139994823328461838e+10
2.459087309852751923e+10
3.863010015905128479e+10
2.915516795835788727e+10
4.171375573197538757e+10
3.802638546782015228e+10
2.399675178374926376e+10
2.232123816720806503e+10
2.359818206041968918e+10
1.809764950106222153e+09
2.389019906121863556e+10
1.722151567901934052e+10
5.252841441401294708e+10
5.072726183806737900e+09
4.093204365196845245e+10
8.032880768481153488e+09
2.410596276225778961e+10
3.776632902483531952e+10
1.710168458405768204e+10
3.792840384618195343e+10
2.848114568892907715e+10
3.868491099909583282e+10
2.567044094244780731e+10
2.742002104329572296e+10
2.512071093415843201e+10
3.054184714195334625e+10
3.662235076843627167e+10
5.355826174354183197e+10
2.490782089967649841e+10
5.464925440422698212e+10
1.157592809512325859e+10
2.517088915768819427e+10
8.779541896509572983e+09
1.714117653633646393e+10
4.893296338703451538e+10
1.335355891705193710e+10
4.092088689841655731e+10
2.148805691871262360e+10
3.356942008294318390e+10
2.975753880530921173e+10
2.776304683684292984e+10
2.075840526269886780e+10
5.392186561572037506e+10
4.103207555138128662e+10
5.508635265831624603e+10
2.485522774911653137e+10
2.723838322476188278e+10
1.025593693401288795e+10
2.345372382367125702e+10
5.888871628479258537e+09
1.815466164609498596e+10
3.135674908233542442e+09
1.763545739653985214e+10
6.618944110528726578e+09
6.311806385888416290e+10
1.656426811617857552e+10
3.340689445699870300e+10
4.895984195669733429e+10
5.422769567089352417e+10
7.550691649706122398e+09
3.285774845230836487e+10
9.979179680615493774e+09
3.645505030461618042e+10
2.365869874652863312e+10
1.949937521667098618e+10
2.890836904128358841e+10
4.855665395883808136e+09
2.228876965711869431e+10
6.161315851969948769e+09
1.618341113926337051e+10
1.316269775576129913e+10
7.324459941541030884e+10
4.367672390860842133e+10
3.898163759762005615e+10
4.254067579856806755e+09
5.370012431573465729e+10
9.922175161310684204e+09
4.213536966392342377e+10
2.881025852508682632e+10
3.177072800039558411e+10
3.605270008692194366e+10
2.064881777435932541e+10
6.724484606200460052e+10
1.439168407766375542e+09
2.706290274416286850e+10
2.984616640837564087e+10
2.580372175304817963e+10
3.955433697199809265e+10
3.357762397880707169e+10
1.257310977979285812e+10
2.158320080586595535e+10
1.260487350506357574e+10
3.466734655663062286e+10
5.459747369043813705e+09
8.383624879638073730e+10
9.500881967346418381e+09
2.790947880236729050e+10
3.904339235850644684e+10
4.951868596618558884e+09
6.830988230272391510e+10
2.870120414966445923e+10
2.038987402150428391e+10
5.059261175659243774e+10
2.836018502440219116e+10
1.842593723302883148e+10
2.334369873026347733e+10
1.728209635272525024e+10
1.943293529718424606e+10
7.049636736755000114e+09
2.934244219980428696e+10
1.092021817096796989e+10
8.271883119420126343e+10
3.783503649280564880e+10
3.058788967241494751e+10
1.521542075988255692e+10
4.361875408681252289e+10
1.098183302105672073e+10
4.448327179562897491e+10
4.341997992693640137e+10
1.250470548121104431e+10
2.070244422092575836e+10
5.106867186185159302e+10
2.056285429141633987e+10
1.974499537444483948e+10
2.981123928383502007e+09
2.107478186905770874e+10
4.178889919382536316e+10
4.937409883348088074e+10
2.776318001130887985e+10
5.319782239812264252e+10
4.758059520144544983e+10
1.626247864146033669e+10
3.689428623498942566e+10
1.103141259145643425e+10
1.549326692963897896e+10
3.323932547565927124e+10
6.027848789658869934e+10
1.664623334119004822e+10
1.250990591932166672e+10
1.123678939095716095e+10
3.004741681807134247e+10
4.646372310877238274e+09
4.572218043565184784e+10
4.250194354971252441e+10
5.204598714958998871e+10
3.008530984336674118e+10
7.185378126685444832e+09
2.231584997751781845e+10
1.548308245827799034e+10
1.993223323630541229e+10
3.573940008814350128e+10
3.042927560265118408e+10
1.539804556777724648e+10
6.484064245367512512e+10
3.090191639047760010e+10
2.077881586774597931e+10
3.157569528626782894e+09
5.520534943445176697e+10
2.617333477210407639e+10
1.884767247281408691e+10
3.475571074631761932e+10
2.791122569731851959e+10
3.087964371337799835e+10
4.626102157256209373e+09
1.635016632784895515e+10
9.587619673077102661e+09
2.978274819705946732e+10
3.875505243916981506e+10
6.553011490549219513e+10
1.698484055833939934e+10
1.490911319619351578e+10
3.134408974346363068e+10
6.350760385543161011e+10
3.635760427205747604e+09
2.925908803662977982e+10
1.625431533868202209e+10
3.596721994806087494e+10
2.624460711974737167e+10
