7.108194698092904663e+10
4.432119888041698687e+03
1.851215827518050385e+10
1.851215821873875809e+10
1.478891555098421288e+10
3.481775326749864960e+10
4.866922730215505219e+10
5.519142191342185974e+09
3.389101140816582108e+10
4.352295921062244415e+10
4.862587750258170319e+10
1.406000319027820778e+10
3.615132098693577576e+10
3.057403766733907700e+09
1.038767461885989571e+10
1.816096062536259079e+10
1.174679490887900114e+09
5.767847646153763580e+10
2.375201095009937286e+10
1.389249099125677490e+10
3.566015781921486664e+10
2.093229664500418091e+10
4.982954400179421425e+09
4.343706349703314209e+10
4.193744089403324127e+10
3.488469876679927063e+10
1.527045743124518585e+10
4.872539802873606873e+10
7.068223350815966129e+08
2.286616673346400070e+10
2.387196477246098328e+10
1.791870875322684860e+10
4.114241794050435638e+10
2.923878483427877808e+10
5.159653907958776093e+10
2.958431599755333328e+10
1.635570372977691078e+10
2.051031697110015631e+09
2.051176818447949219e+10
5.137524416653342247e+09
4.679238619343233490e+10
6.420035816416933060e+09
3.805530345093888855e+10
1.300137593235347366e+10
2.828722739869647598e+10
2.081774714713695908e+10
2.064310333496072769e+10
1.740333232233974075e+10
2.809249092618357468e+10
4.134882050329892731e+10
2.868183605002668381e+10
4.980334850098918152e+10
6.542527344217634201e+09
1.772418663752669525e+10
5.403210118566264153e+09
1.077889513422242165e+10
1.228641949023611450e+10
3.551968362801286316e+10
1.851224216656087494e+10
2.765129436699786758e+10
2.017879403210862350e+10
2.224850796985145569e+10
2.008054127733569717e+10
2.204773160837531281e+10
1.979383727824690247e+10
3.850656269830162048e+10
2.773867543471053314e+10
4.548303401718513489e+10
1.676173830740924454e+10
1.651091665583255577e+10
1.716258000078081131e+09
2.414039049639440155e+10
1.836122705208371735e+10
2.024677697056460571e+10
7.596310694172389984e+09
4.004978487463007355e+10
7.185975660858283997e+09
4.231962635589589691e+10
2.733524262195506287e+10
2.140759842786663437e+10
3.362945545364779282e+10
2.538104788914156723e+10
3.631393354966809845e+10
3.310389128912638474e+10
2.089038578262019348e+10
1.943176645992992783e+10
2.054341068546285248e+10
1.575491896748553753e+09
2.079762625000041962e+10
1.499220017518332100e+10
4.572864075717121887e+10
4.416064636759953499e+09
3.563341365808267975e+10
6.993028877891870499e+09
2.098545946147890854e+10
3.287749900619715118e+10
1.488788114796405792e+10
3.301859333321657944e+10
2.479427742281618500e+10
3.367717106132330704e+10
2.234741682250782776e+10
2.387051476483266830e+10
2.186884905413072586e+10
2.658822223353160477e+10
3.188160809069043732e+10
4.662517493000159454e+10
2.168351751469234848e+10
4.757493920531298828e+10
1.007743072388498306e+10
2.191253173488975906e+10
7.643035143488330841e+09
1.492226088926601410e+10
4.259861884033151245e+10
1.162494823724754524e+10
3.562370113999351501e+10
1.870644005472444916e+10
2.922387756273040771e+10
2.590544216926820374e+10
2.416913606263028717e+10
1.807124139457172394e+10
4.694171048574327850e+10
3.572049648446410370e+10
4.795545533662615204e+10
2.163773251784685135e+10
2.371238985959215164e+10
8.928311675034442902e+09
2.041765248608873749e+10
5.126560513351181984e+09
1.580455092245853043e+10
2.729763557676232338e+09
1.535255737054256821e+10
5.762125523846346855e+09
5.494746604651234436e+10
1.442003293912728882e+10
2.908239078751438522e+10
4.262201799429207611e+10
4.720795101254714203e+10
6.573258868927004814e+09
2.860433142379939651e+10
8.687380492193054199e+09
3.173596457767215729e+10
2.059609352064380646e+10
1.697519207879540825e+10
2.516619695286166000e+10
4.227102245564146042e+09
1.940350098018223572e+10
5.363736985577777863e+09
1.408847768333849716e+10
1.145879394577462769e+10
6.376312727948441315e+10
3.802279660156835175e+10
3.393548656881351089e+10
3.703380927944122791e+09
4.674867347213469696e+10
8.637755175801826477e+09
3.668096979561895752e+10
2.508078678772129822e+10
2.765802515707231903e+10
3.138569836901612091e+10
1.797583994486753082e+10
5.854003861803926086e+10
1.252868868059004307e+09
2.355962522835920715e+10
2.598259697904127121e+10
2.246344450725254440e+10
3.443405033177764893e+10
2.923101946889593887e+10
1.094552780118267822e+10
1.878926761927996445e+10
1.097317973010948563e+10
3.017967807285673904e+10
4.752986147575623512e+09
7.298369361432325745e+10
8.270998148483412743e+09
2.429661249270207977e+10
3.398924721068937302e+10
4.310851996154674530e+09
5.946720651732824707e+10
2.498584943976745224e+10
1.775041631495756149e+10
4.404342666332365417e+10
2.468897504817563248e+10
1.604071003747227669e+10
2.032187007904588699e+10
1.504493871480286026e+10
1.691735276946087837e+10
6.137065232215115547e+09
2.554407958552358627e+10
9.506602080052736282e+09
7.201092509130891418e+10
3.293731233114136505e+10
2.662830458436053085e+10
1.324579311330330086e+10
3.797233094054975891e+10
9.560240922504903793e+09
3.872493731893939209e+10
3.779928798370088196e+10
1.088597840052040482e+10
1.802252447813350677e+10
4.445786105611982727e+10
1.790100438636861801e+10
1.718901684550231934e+10
2.595219115109812260e+09
1.834666322745113373e+10
3.637934973270961761e+10
4.298264955172528839e+10
2.416925199773663712e+10
4.631139425481283569e+10
4.142131395458319855e+10
1.415730994191448212e+10
3.211834166427848434e+10
9.603402445444355011e+09
1.348767225289442444e+10
2.893651351641838837e+10
5.247547159301389313e+10
1.449138781193171883e+10
1.089050564484699440e+10
9.782193333937667847e+09
2.615779563656544113e+10
4.044902032517693520e+09
3.980346993338373566e+10
3.700009089838230896e+10
4.530866343037839508e+10
2.619078343108134460e+10
6.255234975681662560e+09
1.942707576835993576e+10
1.347880615561424255e+10
1.735201687161540222e+10
3.111295487859886932e+10
2.649022301658099365e+10
1.340477724268787003e+10
5.644705781252945709e+10
2.690168072066000366e+10
1.808900985829270172e+10
2.748823931792722702e+09
4.805904804712135315e+10
2.278521132919323730e+10
1.640785188802915573e+10
3.025660356796395874e+10
2.429813325308589172e+10
2.688229122906483459e+10
4.027255838864808083e+09
1.423364650669422913e+10
8.346507707066272736e+09
2.592738821945674133e+10
3.373823273149010849e+10
5.704727844383596802e+10
1.478616251555722046e+10
1.297913689119194221e+10
2.728661498217652893e+10
5.528658030993309021e+10
3.165113287913720131e+09
2.547151557181893921e+10
1.415020337408246422e+10
3.131128358597998810e+10
2.284725751158154297e+10
