1.750242838305006714e+11
1.091315927887486760e+04
4.558228047889067841e+10
4.558228033991480255e+10
3.641458152004794312e+10
8.573136484100534058e+10
1.198376945897241364e+11
1.358972215065430260e+10
8.344945871554435730e+10
1.071660961687929840e+11
1.197309548625954437e+11
3.461978875864543152e+10
8.901499373620962524e+10
7.528211133508308411e+09
2.557745514930828476e+10
4.471753042978430939e+10
2.892400185354977608e+09
1.420210681317366333e+11
5.848431117384423828e+10
3.420732534266071701e+10
8.780560815624884033e+10
5.154136014595086670e+10
1.226947294346672630e+10
1.069545961129615021e+11
1.032620921333433075e+11
8.589620399593043518e+10
3.760027671139774323e+10
1.199760031421716309e+11
1.740400738126232386e+09
5.630310685703516388e+10
5.877967213036397552e+10
4.412103635177976990e+10
1.013045159979071960e+11
7.199433320343276978e+10
1.270455816715342560e+11
7.284513072603683472e+10
4.027246654647891235e+10
5.050232430980676651e+09
5.050589761629584503e+10
1.265006896797172546e+10
1.152163696982440338e+11
1.580798245771195221e+10
9.370314848353785706e+10
3.201314268982806778e+10
6.965132396184483337e+10
5.125930619724948120e+10
5.082928268987741852e+10
4.285203072446715546e+10
6.917182652142732239e+10
1.018127387220764160e+11
7.062296443493034363e+10
1.226302285457254944e+11
1.610959197797978592e+10
4.364206671974721527e+10
1.330426390320315933e+10
2.654075305305727386e+10
3.025271343083257294e+10
8.745972012481385803e+10
4.558248704369922638e+10
6.808547316337036133e+10
4.968601908133654022e+10
5.478225258468492889e+10
4.944409242106767273e+10
5.428788319315879059e+10
4.873814436754403687e+10
9.481427908625956726e+10
6.830063059006348419e+10
1.119923664644685364e+11
4.127224095023273468e+10
4.065464560006356049e+10
4.225922897309297085e+09
5.944061379120136261e+10
4.521064421466082764e+10
4.985341271110224915e+10
1.870431094632516098e+10
9.861413780813310242e+10
1.769394757859643936e+10
1.042031431258110352e+11
6.730726248289563751e+10
5.271169041519884491e+10
8.280543241118041992e+10
6.249547062711283875e+10
8.941539283250482178e+10
8.151134164117077637e+10
5.143816349778584290e+10
4.784662143713170624e+10
5.058381059291569519e+10
3.879316093904335499e+09
5.120976273704719543e+10
3.691512697885124207e+10
1.125971211960959778e+11
1.087362661303413010e+10
8.773975630711386108e+10
1.721885687075249100e+10
5.167226235495195007e+10
8.095389845246531677e+10
3.665826340371810150e+10
8.130131343739459229e+10
6.105067226404827118e+10
8.292292201881855774e+10
5.502579474744142914e+10
5.877610179278215790e+10
5.384742267855260468e+10
6.546788252717105865e+10
7.850172737861123657e+10
1.148046472726018372e+11
5.339108289976026154e+10
1.171432412356902466e+11
2.481354507316282654e+10
5.395498205530543518e+10
1.881936003580904007e+10
3.674291625659039307e+10
1.048901032029672852e+11
2.862398015542229462e+10
8.771584128234390259e+10
4.606065833389115906e+10
7.195762719526278687e+10
6.378668080384872437e+10
5.951139367776085663e+10
4.449661577026875305e+10
1.155840492347546387e+11
8.795417937750939941e+10
1.180801818541978912e+11
5.327834701359756470e+10
5.838675260538705444e+10
2.198408207864169693e+10
5.027415758373218536e+10
1.262307267137390900e+10
3.891536914722012329e+10
6.721466307571273804e+09
3.780243047460160065e+10
1.418801729535115814e+10
1.352965317012462921e+11
3.550628598651246643e+10
7.160924588952400208e+10
1.049477186783183746e+11
1.162396103091158142e+11
1.618526186789881134e+10
7.043212565975411987e+10
2.139083991913017654e+10
7.814311098382647705e+10
5.071353094934010315e+10
4.179782578653168488e+10
6.196644556730698395e+10
1.040834662852809906e+10
4.777702366216793823e+10
1.320706964889116669e+10
3.468990118475344086e+10
2.821486030002196503e+10
1.570032358550761414e+11
9.362310723154188538e+10
8.355896940667239380e+10
9.118793479853036880e+09
1.151087363530086517e+11
2.126864805705910873e+10
9.031914207989978027e+10
6.175614107199613190e+10
6.810204631256547546e+10
7.728065441188569641e+10
4.426170984661209869e+10
1.441424830031893921e+11
3.084925015129224300e+09
5.801060196078878021e+10
6.397665822987831879e+10
5.531148841917503357e+10
8.478657738961143494e+10
7.197521263101544189e+10
2.695105080707504272e+10
4.626460372063813782e+10
2.701913784270794296e+10
7.431108411189129639e+10
1.170322468458701134e+10
1.797069333171022339e+11
2.036558632658300018e+10
5.982527746719293976e+10
8.369134363447900391e+10
1.061456270364521599e+10
1.464254381620741272e+11
6.152237790089380646e+10
4.370665176141291809e+10
1.084476373622348938e+11
6.079138740354692841e+10
3.949686109743943787e+10
5.003831363307711792e+10
3.704498449569237518e+10
4.165540870141381836e+10
1.511122714994992256e+10
6.289690175151057434e+10
2.340800008150017548e+10
1.773116962519284668e+11
8.110117613416262817e+10
6.556657685176457977e+10
3.261496838353184891e+10
9.349884619828428650e+10
2.354007440394672394e+10
9.535198047468859863e+10
9.307276445909794617e+10
2.680442298318825150e+10
4.437666065125214386e+10
1.094680945370128937e+11
4.407744308708113098e+10
4.232432412046367645e+10
6.390179029946764946e+09
4.517478387199414825e+10
8.957646636909263611e+10
1.058356977327379150e+11
5.951167914347784424e+10
1.140320286220533600e+11
1.019912385371818542e+11
3.485938608596091461e+10
7.908463381175942993e+10
2.364635053962345123e+10
3.321054468635642624e+10
7.125005391483631897e+10
1.292097673787578278e+11
3.568198229254869843e+10
2.681557036630930328e+10
2.408658534667448425e+10
6.440804792675114441e+10
9.959717079723310471e+09
9.800763928045547485e+10
9.110491040559494019e+10
1.115630157168709564e+11
6.448927340460479736e+10
1.540219518894040680e+10
4.783507159968946838e+10
3.318871379408708572e+10
4.272567726351207733e+10
7.660908116287892151e+10
6.522658015024922180e+10
3.300643322893648529e+10
1.389889597513063049e+11
6.623970785765841675e+10
4.454036685995635223e+10
6.768398453790836334e+09
1.183352570277767334e+11
5.610377126963909912e+10
4.040087037387586975e+10
7.450049689898138428e+10
5.982902201849406433e+10
6.619196532914842987e+10
9.916267054258205414e+09
3.504734875648596954e+10
2.055151266898986053e+10
6.384071831801793671e+10
8.307327348700929260e+10
1.404668763053210754e+11
3.640780275167657471e+10
3.195838374725972748e+10
6.718752718880065155e+10
1.361315289630383606e+11
7.793423084037472725e+09
6.271822819134586334e+10
3.484188766339202118e+10
7.709742372307528687e+10
5.625654689127259064e+10
