2.010501069206302490e+11
1.253592811146418535e+04
5.236029060311517334e+10
5.236029044347381592e+10
4.182936988998448944e+10
9.847947776451345825e+10
1.376573626418531799e+11
1.561049147932336235e+10
9.585825595193876648e+10
1.231015183805465393e+11
1.375347508928876038e+11
3.976769439740084076e+10
1.022513768748553467e+11
8.647643745131357193e+09
2.938078065502086258e+10
5.136695364422307587e+10
3.322495334910381317e+09
1.631393673378476868e+11
6.718083203852957916e+10
3.929389834996274567e+10
1.008621576485972595e+11
5.920547561396349335e+10
1.409392338684085464e+10
1.228585686143311310e+11
1.186169953671237030e+11
9.866882823061502075e+10
4.319137600581591034e+10
1.378162374485316162e+11
1.999195464921228170e+09
6.467528622789855957e+10
6.752011268341414642e+10
5.068176187805379486e+10
1.163683308805667877e+11
8.269977211989161682e+10
1.459370506757328186e+11
8.367708183454246521e+10
4.626091607361343384e+10
5.801193685820178986e+09
5.801604150948770142e+10
1.453111341410815811e+10
1.323488543411031189e+11
1.815860344499570084e+10
1.076366525210828400e+11
3.677344434609085083e+10
8.000836125833671570e+10
5.888148070706978607e+10
5.838751341154144287e+10
4.922405720147781372e+10
7.945756333730383301e+10
1.169521254877920837e+11
8.112448307141857910e+10
1.408651418033852844e+11
1.850506180477880859e+10
5.013157024964446259e+10
1.528258606005589867e+10
3.048731937242941666e+10
3.475124215219407654e+10
1.004648366358747253e+11
5.236052788377095032e+10
7.820967102195828247e+10
5.707424838508256531e+10
6.292828342705963135e+10
5.679634762840178680e+10
6.236040212025267029e+10
5.598542626060582733e+10
1.089130064166161194e+11
7.845682200406607056e+10
1.286454471299600830e+11
4.740935528657359314e+10
4.669992452378044891e+10
4.854310680483492851e+09
6.827933528196705627e+10
5.193339263773709869e+10
5.726653317223142242e+10
2.148561121539674377e+10
1.132778978796533813e+11
2.032500847693749619e+10
1.196979790941396942e+11
7.731574169345585632e+10
6.054983206905187988e+10
9.511846399554109192e+10
7.178844430413002014e+10
1.027113146581119385e+11
9.363194405681417847e+10
5.908693379397511292e+10
5.496133533699904633e+10
5.810554001756384277e+10
4.456164015581432343e+09
5.882457021583456421e+10
4.240434563511308289e+10
1.293401278953572083e+11
1.249051700324428368e+10
1.007865137378224030e+11
1.977927256236277771e+10
5.935584276610851288e+10
9.299160998294390869e+10
4.210928686889897919e+10
9.339068500463348389e+10
7.012880680117533875e+10
9.525342411456427002e+10
6.320803990879044342e+10
6.751601144250713348e+10
6.185444585168340302e+10
7.520284896410050964e+10
9.017480510423640442e+10
1.318759094680525360e+11
6.133024909846492004e+10
1.345622485064581909e+11
2.850327840718691254e+10
6.197799913082388306e+10
2.161776791523078156e+10
4.220652746173918915e+10
1.204870890047177277e+11
3.288031891800135803e+10
1.007590425882094269e+11
5.290980245822122955e+10
8.265760798868826294e+10
7.327165531010195923e+10
6.836064002122482300e+10
5.111318933824282837e+10
1.327712072198589172e+11
1.010328211660591736e+11
1.356385106536678162e+11
6.120074957148069763e+10
6.706876667142694092e+10
2.525307891985550690e+10
5.774984211529486084e+10
1.450010281261523438e+10
4.470202052351412201e+10
7.720937290675115585e+09
4.342358970106463623e+10
1.629775212783935356e+10
1.554149034020257874e+11
4.078601230476113892e+10
8.225742295587438965e+10
1.205532718064758911e+11
1.335242491475776978e+11
1.859198368285160065e+10
8.090526688430400085e+10
2.457162262710973740e+10
8.976286304147218323e+10
5.825454957759818268e+10
4.801309372344158936e+10
7.118075408817883301e+10
1.195605065042915916e+10
5.488138848738671875e+10
1.517093918001254845e+10
3.984823242593596649e+10
3.241036361310637283e+10
1.803493587559374084e+11
1.075447092665831604e+11
9.598405070269213867e+10
1.047474306986487007e+10
1.322252160944884033e+11
2.443126103615467834e+10
1.037494499319243469e+11
7.093917766036677551e+10
7.822870857117584229e+10
8.877216059602743530e+10
5.084335329015937042e+10
1.655762331109516907e+11
3.543648290168142796e+09
6.663668304474582672e+10
7.348988206686872864e+10
6.353621575954389954e+10
9.739420197327543640e+10
8.267780834980923462e+10
3.095862772752860641e+10
5.314407418848671722e+10
3.103683919335674286e+10
8.536102007737580872e+10
1.344347494334579086e+10
2.064290586829171448e+11
2.339391551189599609e+10
6.872119781380569458e+10
9.613610876041758728e+10
1.219293071669013786e+10
1.681986599464945984e+11
7.067065429026264954e+10
5.020575898076327515e+10
1.245736226413141937e+11
6.983096670844181824e+10
4.536997937017505646e+10
5.747892855714138031e+10
4.255351275109248352e+10
4.784949945204322052e+10
1.735824176913400650e+10
7.224956757637031555e+10
2.688873118738970566e+10
2.036776538063241272e+11
9.316078761363739014e+10
7.531621897240863037e+10
3.746476053044333649e+10
1.074019708220899200e+11
2.704044474432140350e+10
1.095306631169841614e+11
1.069125314291922760e+11
3.079019658743305588e+10
5.097539709035497284e+10
1.257458201193265991e+11
5.063168636660551453e+10
4.861788149353794098e+10
7.340388139836396217e+09
5.189219992110625458e+10
1.028963395646239166e+11
1.215732918855594482e+11
6.836096793522433472e+10
1.309884036951274719e+11
1.171571679317709656e+11
4.004291945314982605e+10
9.084438876511093140e+10
2.716252396654870605e+10
3.814889804977313995e+10
8.184481972542251587e+10
1.484230472375286255e+11
4.098783436248400879e+10
3.080300156808673096e+10
2.766822096522066116e+10
7.398541870202922058e+10
1.144071062571403694e+10
1.125812140186019745e+11
1.046520607150591431e+11
1.281522526324779968e+11
7.407872227482354736e+10
1.769247627687908554e+10
5.494806805772866821e+10
3.812382093973522949e+10
4.907891518873052979e+10
8.800072550963333130e+10
7.492566532067352295e+10
3.791443555439880371e+10
1.596563894290746155e+11
7.608944345157637024e+10
5.116344614299630737e+10
7.774848169834007263e+09
1.359315150859584351e+11
6.444630976656433105e+10
4.640841333891964722e+10
8.557859823432160950e+10
6.872549917372550964e+10
7.603460168761355591e+10
1.139079965293769264e+10
4.025883186358280182e+10
2.360748879556937027e+10
7.333372811373626709e+10
9.542613259874635315e+10
1.613540697434942627e+11
4.182158312990739441e+10
3.671054283884122467e+10
7.717820195809385681e+10
1.563740633830733643e+11
8.952292276429761887e+09
7.204432555172764587e+10
4.002281904392990112e+10
8.856168380520593262e+10
6.462180287181836700e+10
