2.253865450174255784e+03
1.414213562373095101e+03
1.897974520476001999e+03
1.947300946994309015e+03
2.040519678551132756e+03
1.830924258309765037e+03
1.691895042014347609e+03
2.044518618802305355e+03
1.936866094223817299e+03
2.193714749915978700e+03
2.092122997031674458e+03
1.887528630734484068e+03
2.211597805702641381e+03
1.617811721965890001e+03
1.630047296454712978e+03
1.858356238242321751e+03
1.693675390531557468e+03
1.931119414822543831e+03
2.208524877462494260e+03
1.673117111760577700e+03
1.733574405349995004e+03
2.056091017799425117e+03
1.996887636531804219e+03
1.811703492630548908e+03
1.703699587872565189e+03
2.156784419442853050e+03
2.030370975185457610e+03
1.826567489079299548e+03
1.976044142771803763e+03
1.851584125466927844e+03
1.866324077694372363e+03
1.872306462907369678e+03
1.967842285821808218e+03
1.839828200272650975e+03
1.970483012304122894e+03
1.869949566439983300e+03
1.971780954637366904e+03
1.939879865312811262e+03
1.989108305814008645e+03
1.910606891051385446e+03
2.116462140436499340e+03
1.995240309478577728e+03
1.915316455952980959e+03
1.961893316465703492e+03
2.004844910257028459e+03
1.778795998622173556e+03
1.730664266440468509e+03
1.964438054557055693e+03
2.114534862318926571e+03
1.808739023234062188e+03
1.860561102760725817e+03
1.929284168994330912e+03
1.576767671365239266e+03
2.305640410122633966e+03
1.905170317712091673e+03
1.586381415102787059e+03
1.549797531516199115e+03
2.076877119503337781e+03
1.868617317034432745e+03
1.996253774445018053e+03
1.687274656450360453e+03
2.169643919388042377e+03
2.172864479698635023e+03
1.642803031437329309e+03
1.936330154013845686e+03
1.960361333179150051e+03
2.036505965614539718e+03
1.976912656607242525e+03
1.658547699738290930e+03
1.908130622196736567e+03
2.080430926359279965e+03
1.684171227879202888e+03
1.963982410568279647e+03
1.866164459555442590e+03
2.000296072083861873e+03
1.833638988951507599e+03
1.876523377909829151e+03
2.126116103620584909e+03
2.141409687339096763e+03
1.939336161802565584e+03
1.883052047063677946e+03
2.103487479713506673e+03
2.169991531032431340e+03
1.692800594754320173e+03
2.063953240568902856e+03
1.713689261151736673e+03
1.746130024874803212e+03
1.887675202240788849e+03
1.806768476341250107e+03
1.925864413100267257e+03
2.051466154966456997e+03
1.914533393596326050e+03
1.911511059744838576e+03
1.659814510652406170e+03
1.900432062776553494e+03
1.844859868579695785e+03
1.748509172108776511e+03
1.951791635400841869e+03
2.029290735888714380e+03
1.881805132551007318e+03
1.835627926697885869e+03
2.169161955450686492e+03
1.967621658262371284e+03
1.938296105807548201e+03
1.998430342709824572e+03
1.939358892943322871e+03
1.865690766772086135e+03
2.063555239301637357e+03
2.133401990176687377e+03
1.769121096467650887e+03
1.905207740100049023e+03
1.986164751206850042e+03
1.898418585667612206e+03
1.903623953011045387e+03
1.953263035385361263e+03
2.069824913827999808e+03
2.169848355816175172e+03
1.742881170094131221e+03
1.785479667328915639e+03
2.208570551282418364e+03
1.718816137716101593e+03
2.168674852413716962e+03
2.108619968951496958e+03
1.803285887640427063e+03
1.774976777996398368e+03
1.669277413607594099e+03
1.813405449233347781e+03
2.080782864651304862e+03
1.820183597119081014e+03
1.858344280897211547e+03
1.956585239078145378e+03
1.510810315902410821e+03
2.112483395431400368e+03
1.815334132113234546e+03
1.734319784783263913e+03
1.914991137562663880e+03
1.895941423366093886e+03
1.922963565269389619e+03
2.146422413326700735e+03
1.668444496327505931e+03
2.172354471564561209e+03
1.684536915284270435e+03
1.939633329037743124e+03
2.091643573148989617e+03
2.125921320577679126e+03
1.741100344042688675e+03
1.775475335290589101e+03
2.149717135016075190e+03
1.970286645768098424e+03
2.071977031854194138e+03
1.859140901837909951e+03
2.006916960724859337e+03
2.101057828143103961e+03
1.781683089469700690e+03
1.598671283591254678e+03
2.055330962195095708e+03
2.145293967624159450e+03
1.925414175249763503e+03
1.811998267899917437e+03
2.007438159191772684e+03
1.770193822242477154e+03
2.089975981134919493e+03
1.966594296547613112e+03
1.531330292254253209e+03
2.252236086633666218e+03
1.909628537008160947e+03
1.877248498846026223e+03
1.977312821812021411e+03
1.884341806044054238e+03
2.229792446567788375e+03
2.073087474892870887e+03
1.629810843258239402e+03
1.671138188773978300e+03
2.130826894239647118e+03
1.974418414488175131e+03
1.834621591836639027e+03
2.067042916920239350e+03
1.894311930358785276e+03
1.992265518875114594e+03
1.846919570043029353e+03
1.860999852027200177e+03
2.096243821407764699e+03
1.916884767793520950e+03
1.968945523809788028e+03
1.918252585015306067e+03
1.818259844580175468e+03
1.718837037091515640e+03
2.032187111025317108e+03
2.061170003373999862e+03
1.745707956784588760e+03
1.767994022935775774e+03
1.872143282033659489e+03
1.744976837097502766e+03
1.972739244176701504e+03
1.907605033355042451e+03
1.882803306563155047e+03
2.008949027296304848e+03
1.869631440491573812e+03
1.754747006558084877e+03
1.973806802631894243e+03
2.012280103464896683e+03
1.786885122298832357e+03
1.823957872259971282e+03
1.991451659941974413e+03
2.098657567184688560e+03
1.672014241778386804e+03
1.722790510255818390e+03
2.020243332621917489e+03
1.829485422322271006e+03
1.765725484046288557e+03
2.236735924750921185e+03
1.559787311914071324e+03
1.984012406893924208e+03
1.842503656802494334e+03
1.786893068762646635e+03
2.299324635033439790e+03
1.661564682234731663e+03
2.026382499499176902e+03
2.144677809962759056e+03
2.025318631914823072e+03
1.855293607349496369e+03
1.844687290039789559e+03
2.124971750142158726e+03
1.507785306031113350e+03
2.019392634811965763e+03
1.779034583627040092e+03
1.729219538595242739e+03
2.121564907377252439e+03
1.821634410712026920e+03
2.053412920483897778e+03
1.611454890036546658e+03
2.245469308826124688e+03
1.866005022852649290e+03
1.748038674200292007e+03
1.552683023719977655e+03
2.313720148670106028e+03
1.905560159194874814e+03
1.887637624692137251e+03
2.032124693237016345e+03
2.056366820990400811e+03
1.663136992190145975e+03
1.987435374947839819e+03
1.942838697004792493e+03
1.853774517315615185e+03
1.922645771754780981e+03
1.855128734799342965e+03
1.877792098732262048e+03
2.065280701682015206e+03
1.834557695149392885e+03
2.007244180357482264e+03
1.860450059823111815e+03
1.976593610010026850e+03
1.993287588998319052e+03
1.778273140134336700e+03
1.757691803593754685e+03
1.930004499630726286e+03
