2.973993291322640744e+03
1.866065983073614916e+03
2.504392394213475200e+03
2.569479004214538691e+03
2.692481857935982589e+03
2.415919042865728898e+03
2.232468892135369970e+03
2.697758491232113101e+03
2.555710133436125034e+03
2.894623966493315038e+03
2.760572844893190450e+03
2.490608960064480925e+03
2.918220800072609563e+03
2.134715365275109889e+03
2.150860302605962715e+03
2.452115757394900811e+03
2.234818076087760801e+03
2.548127344505468500e+03
2.914166046950498185e+03
2.207691264617578781e+03
2.287465141772734114e+03
2.713028363255432851e+03
2.634909033328303394e+03
2.390557090500890808e+03
2.248045083778369190e+03
2.845894103286568225e+03
2.679090563560886949e+03
2.410170251400717916e+03
2.607405878423837294e+03
2.443179901015122141e+03
2.462629384583649880e+03
2.470523189197490410e+03
2.596583463295290585e+03
2.427667864722819559e+03
2.600067922778892353e+03
2.467413245663901762e+03
2.601780567955334845e+03
2.559686828229310777e+03
2.624644144905653775e+03
2.521060907119508101e+03
2.792688537157293013e+03
2.632735372249941065e+03
2.527275215263462087e+03
2.588733751168965227e+03
2.645408718956921803e+03
2.347135391833128324e+03
2.283625190460165868e+03
2.592091553211349037e+03
2.790145478434896177e+03
2.386645449680982438e+03
2.455025093569117416e+03
2.545705723116928766e+03
2.080557415817388119e+03
3.042310760554475564e+03
2.513887305590812957e+03
2.093242826731225705e+03
2.044970102931928295e+03
2.740455788887875769e+03
2.465655332034155435e+03
2.634072647290449822e+03
2.226372256832868061e+03
2.862862315192829556e+03
2.867111869999777355e+03
2.167691595823247553e+03
2.555002956089365853e+03
2.586712287103186100e+03
2.687185731964576917e+03
2.608551889300314542e+03
2.188466810198861822e+03
2.517793450776598547e+03
2.745145065147650712e+03
2.222277258282706498e+03
2.591490327363663255e+03
2.462418767186628884e+03
2.639406491002603161e+03
2.419501151423125975e+03
2.476087441902292994e+03
2.805427017949004039e+03
2.825607022649648115e+03
2.558969407146426875e+03
2.484702072497615518e+03
2.775568369693709883e+03
2.863320991507477629e+03
2.233663776139385391e+03
2.723402628396017462e+03
2.261226536696272888e+03
2.304032381060373154e+03
2.490802362326543516e+03
2.384045297467368073e+03
2.541193328161799855e+03
2.706925820161091906e+03
2.526241958289227114e+03
2.522253964863192778e+03
2.190138377221489918e+03
2.507635140720111849e+03
2.434307190858350623e+03
2.307171684656494563e+03
2.575404503091775041e+03
2.677665179263306527e+03
2.483056758934088975e+03
2.422125570513506773e+03
2.862226359964780841e+03
2.596292343485279162e+03
2.557597045033354334e+03
2.636944646334199206e+03
2.558999401066476821e+03
2.461793725811714012e+03
2.722877462575363552e+03
2.815040802896774949e+03
2.334369281904281706e+03
2.513936684727762895e+03
2.620760101315715929e+03
2.504978341746703791e+03
2.511846865134842574e+03
2.577346027011259594e+03
2.731150347710869482e+03
2.863132070677001138e+03
2.299745491476324332e+03
2.355954545564659384e+03
2.914226313917203242e+03
2.267991490880508536e+03
2.861583623654138592e+03
2.782340729845194801e+03
2.379449994126664023e+03
2.342095900004430860e+03
2.202624752529736725e+03
2.392802835702076209e+03
2.745609450508080954e+03
2.401746655457689940e+03
2.452099979583435925e+03
2.581729701065087283e+03
1.993526163510526203e+03
2.787438551648116572e+03
2.395347748019459232e+03
2.288448675831460150e+03
2.526845955073918503e+03
2.501709706493581507e+03
2.537365636501008339e+03
2.832221354244828035e+03
2.201525711589641105e+03
2.866438910232308899e+03
2.222759785706563434e+03
2.559361521664066004e+03
2.759940241287374192e+03
2.805170000183005868e+03
2.297395677413735484e+03
2.342753750298089017e+03
2.836568765577752856e+03
2.599808815581196995e+03
2.733990084471350201e+03
2.453151127216574878e+03
2.648142805940745802e+03
2.772362425226141568e+03
2.350944931045560224e+03
2.109459405424117449e+03
2.712025463872892942e+03
2.830732361213447803e+03
2.540599235756330472e+03
2.390946048800723020e+03
2.648830531440920367e+03
2.335784752050255065e+03
2.757739840432867368e+03
2.594936731575430258e+03
2.020602434635655072e+03
2.971843333241307846e+03
2.519769961219936704e+03
2.477044244713871649e+03
2.609079910453636330e+03
2.486403919675211910e+03
2.942228772627842773e+03
2.735455322845346473e+03
2.150548300742688298e+03
2.205080060081950251e+03
2.811642943436851510e+03
2.605260717092822233e+03
2.420797703703205116e+03
2.727479480783334111e+03
2.499559577579889265e+03
2.628810112515778201e+03
2.437024983233049625e+03
2.455604026697075824e+03
2.766010305256347237e+03
2.529344615143613282e+03
2.598039194547895022e+03
2.531149460788250053e+03
2.399208248764234668e+03
2.268019067771697337e+03
2.681486969168619453e+03
2.719730124899786006e+03
2.303475458876450375e+03
2.332882099462950009e+03
2.470307870743743479e+03
2.302510740665618869e+03
2.603045038583297810e+03
2.517099932142169109e+03
2.484373857439445601e+03
2.650824133856985100e+03
2.466993475958353429e+03
2.315402556558448396e+03
2.604453690410136915e+03
2.655219515212829265e+03
2.357809054515699700e+03
2.406726841363527910e+03
2.627736219215246820e+03
2.769195261903593291e+03
2.206236018951523874e+03
2.273235706887023298e+03
2.665727059080815707e+03
2.414020487397925535e+03
2.329888744452375249e+03
2.951390747018765524e+03
2.058151697193804921e+03
2.617920065968103245e+03
2.431198150778876879e+03
2.357819539937565423e+03
3.033977045361621549e+03
2.192447742469578316e+03
2.673827738340914038e+03
2.829919336304946228e+03
2.672423956647344312e+03
2.448074591704040358e+03
2.434079472109714516e+03
2.803917034481500195e+03
1.989534639055183334e+03
2.664604556590906668e+03
2.347450206634441201e+03
2.281718860639476588e+03
2.799421678502446866e+03
2.403661015470638631e+03
2.709494592661775187e+03
2.126327475256887283e+03
2.962914516393814210e+03
2.462208389196026019e+03
2.306550858944247466e+03
2.048777532721288026e+03
3.052972039484841844e+03
2.514401704511292792e+03
2.490752778453830615e+03
2.681404608403183829e+03
2.713392287747741648e+03
2.194522417893934744e+03
2.622436699393567778e+03
2.563591030053525628e+03
2.446070140387157608e+03
2.536946305444490008e+03
2.447857041069843490e+03
2.477761529064055139e+03
2.725154223836012534e+03
2.420713391518911521e+03
2.648574574834551640e+03
2.454878571534500225e+03
2.608130904791383273e+03
2.630158742128711310e+03
2.346445475922212609e+03
2.319288239542635438e+03
2.546656205090024741e+03
