8.540553003786337740e+02
5.358867312681466046e+02
7.191978558750262209e+02
7.378890763351651003e+02
7.732123702676059338e+02
6.937905575864684806e+02
6.411083359944881295e+02
7.747276852644027940e+02
7.339350065318323004e+02
8.312624471614659569e+02
7.927663714445732239e+02
7.152396038417363116e+02
8.380388581403844910e+02
6.130360071196033687e+02
6.176724228579736291e+02
7.041853341954578127e+02
6.417829619299124033e+02
7.317574222390986733e+02
8.368744360800623099e+02
6.339928310018841557e+02
6.569018613668497437e+02
7.791128044829534929e+02
7.566789180377624007e+02
6.865072493462179182e+02
6.455814224238461065e+02
8.172684687352607398e+02
7.693667308126175612e+02
6.921396507616987037e+02
7.487807108387652306e+02
7.016191833144724797e+02
7.072045807596498435e+02
7.094714808532964980e+02
7.456727882249510913e+02
6.971645206715668337e+02
7.466734364441679190e+02
7.085783840980046762e+02
7.471652646183861179e+02
7.350770122236468751e+02
7.537311029264309354e+02
7.239846292138779518e+02
8.019891821629146307e+02
7.560546978115033880e+02
7.257692205994790129e+02
7.434185503732734333e+02
7.596941609401575306e+02
6.740376408885089177e+02
6.557991249278458099e+02
7.443828257938964725e+02
8.012588803201451810e+02
6.853839255024258819e+02
7.050208216148217844e+02
7.310619941127383754e+02
5.974832202565789885e+02
8.736743415096760828e+02
7.219245531450238786e+02
6.011261479188756311e+02
5.872634483140058137e+02
7.869892641594011593e+02
7.080735559743255862e+02
7.564387292213062892e+02
6.393575372587379206e+02
8.221413080112515672e+02
8.233616721653042987e+02
6.225059425657655083e+02
7.337319231681040037e+02
7.428380372615118858e+02
7.716914574698031402e+02
7.491098160409197817e+02
6.284720562102602344e+02
7.230462987823467529e+02
7.883359051408336882e+02
6.381815577341665175e+02
7.442101690083418362e+02
7.071440967952769370e+02
7.579704735957966477e+02
6.948192481382941423e+02
7.110693928354950231e+02
8.056473501455645874e+02
8.114425346964301298e+02
7.348709871192095306e+02
7.135432958339335983e+02
7.970727051122416924e+02
8.222730281932796288e+02
6.414514763169444223e+02
7.820920298082767204e+02
6.493668007446627826e+02
6.616595514959881257e+02
7.152951440568073167e+02
6.846372278597956438e+02
7.297661489472249059e+02
7.773603091795114324e+02
7.254724954528309127e+02
7.243272450807747873e+02
6.289520877825503931e+02
7.201290902694877332e+02
6.990711664241101744e+02
6.625610797151632596e+02
7.395907290383695454e+02
7.689573966631502344e+02
7.130708035879642921e+02
6.955729146112799981e+02
8.219586778301737695e+02
7.455891860132342117e+02
7.344768795937729919e+02
7.572634943655832558e+02
7.348796006108649408e+02
7.069646007954844436e+02
7.819412155297051186e+02
8.084081848842645286e+02
6.703715385197646128e+02
7.219387335783701474e+02
7.526157043058063891e+02
7.193661251169097568e+02
7.213385904962132145e+02
7.401482853714944667e+02
7.843169779162640225e+02
8.222187749314814482e+02
6.604284657426753711e+02
6.765702777344779406e+02
8.368917432214409473e+02
6.513095236804282422e+02
8.217741002944908359e+02
7.990175548536062706e+02
6.833175735127508688e+02
6.725904268950974938e+02
6.325378574766650672e+02
6.871521703008038457e+02
7.884692648157364374e+02
6.897206080609697665e+02
7.041808032089389826e+02
7.414071651651131560e+02
5.724900561670228853e+02
8.004815197333773540e+02
6.878830044489512829e+02
6.571843073556852914e+02
7.256459479810804396e+02
7.184274561323230728e+02
7.286669331686782698e+02
8.133420026521272348e+02
6.322222408466743673e+02
8.231684152208366640e+02
6.383201273486728269e+02
7.349835924445552564e+02
7.925847037642316764e+02
8.055735411743127088e+02
6.597536588556141623e+02
6.727793447826372812e+02
8.145904687137837072e+02
7.465990274412276904e+02
7.851324781526111565e+02
7.044826660982004114e+02
7.604793212453417937e+02
7.961520393282147552e+02
6.751316437451631600e+02
6.057831372359268016e+02
7.788247972652158069e+02
8.129144016906900561e+02
7.295955407050053054e+02
6.866189482860128237e+02
7.606768185330267897e+02
6.707780255768212783e+02
7.919528045537551861e+02
7.451998887205198798e+02
5.802656731922452309e+02
8.534378870507988495e+02
7.236139023560709802e+02
7.113441622894243892e+02
7.492614502984757792e+02
7.140320230972739637e+02
8.449333377856371499e+02
7.855532573800832097e+02
6.175828238511987820e+02
6.332429594132248667e+02
8.074324059912331677e+02
7.481646750157301540e+02
6.951915850061177480e+02
7.832627982159957583e+02
7.178099937457755004e+02
7.549274629616112406e+02
6.998516473316202564e+02
7.051870764977566068e+02
7.943278718882032763e+02
7.263634996590192259e+02
7.460908372487472207e+02
7.268818054647737199e+02
6.889916421626983265e+02
6.513174430628143909e+02
7.700549176074946445e+02
7.810373801270661716e+02
6.614996175968547050e+02
6.699444575137799802e+02
7.094096468648915561e+02
6.612225750414002050e+02
7.475283884509568679e+02
7.228471378537145711e+02
7.134490408095824705e+02
7.612493304869897202e+02
7.084578369054444238e+02
6.649247769686547826e+02
7.479329174600203487e+02
7.625115723202503659e+02
6.771028455798247023e+02
6.911507909003736358e+02
7.546190680946705243e+02
7.952425105035601973e+02
6.335749214262057194e+02
6.528155292554114340e+02
7.655290719093042071e+02
6.932453407007844817e+02
6.690848420196376765e+02
8.475644240134815846e+02
5.910488672252198512e+02
7.518001183228222999e+02
6.981783291178822992e+02
6.771058567265367856e+02
8.712811102764148927e+02
6.296152787979419827e+02
7.678553811444126040e+02
8.126809215969481102e+02
7.674522507138680112e+02
7.030248141001172826e+02
6.990057713861200455e+02
8.052137212642660415e+02
5.713437917730772142e+02
7.652067177183946569e+02
6.741280476996081461e+02
6.552516754455689352e+02
8.039227692596998622e+02
6.902703636104063207e+02
7.780979953659856392e+02
6.106272182531463386e+02
8.508737577446024716e+02
7.070836815823435018e+02
6.623827943465637418e+02
5.883568453979568176e+02
8.767359899020451621e+02
7.220722754434657418e+02
7.152809048285523659e+02
7.700312656885515707e+02
7.792173143493681664e+02
6.302110728597197067e+02
7.530971806693112285e+02
7.361981997769098598e+02
7.024491866175235373e+02
7.285465119449727354e+02
7.029623390862096812e+02
7.115501481277045741e+02
7.825950435084123455e+02
6.951673726892668128e+02
7.606033142998552421e+02
7.049787442097879193e+02
7.489889199876976136e+02
7.553147551160803914e+02
6.738395145705201230e+02
6.660406463816486848e+02
7.313349483824757726e+02
