1.486996645661320372e+03
9.330329915368074580e+02
1.252196197106737600e+03
1.284739502107269345e+03
1.346240928967991294e+03
1.207959521432864449e+03
1.116234446067684985e+03
1.348879245616056551e+03
1.277855066718062517e+03
1.447311983246657519e+03
1.380286422446595225e+03
1.245304480032240463e+03
1.459110400036304782e+03
1.067357682637554944e+03
1.075430151302981358e+03
1.226057878697450406e+03
1.117409038043880400e+03
1.274063672252734250e+03
1.457083023475249092e+03
1.103845632308789391e+03
1.143732570886367057e+03
1.356514181627716425e+03
1.317454516664151697e+03
1.195278545250445404e+03
1.124022541889184595e+03
1.422947051643284112e+03
1.339545281780443474e+03
1.205085125700358958e+03
1.303702939211918647e+03
1.221589950507561070e+03
1.231314692291824940e+03
1.235261594598745205e+03
1.298291731647645292e+03
1.213833932361409779e+03
1.300033961389446176e+03
1.233706622831950881e+03
1.300890283977667423e+03
1.279843414114655388e+03
1.312322072452826887e+03
1.260530453559754051e+03
1.396344268578646506e+03
1.316367686124970533e+03
1.263637607631731044e+03
1.294366875584482614e+03
1.322704359478460901e+03
1.173567695916564162e+03
1.141812595230082934e+03
1.296045776605674519e+03
1.395072739217448088e+03
1.193322724840491219e+03
1.227512546784558708e+03
1.272852861558464383e+03
1.040278707908694059e+03
1.521155380277237782e+03
1.256943652795406479e+03
1.046621413365612852e+03
1.022485051465964148e+03
1.370227894443937885e+03
1.232827666017077718e+03
1.317036323645224911e+03
1.113186128416434030e+03
1.431431157596414778e+03
1.433555934999888677e+03
1.083845797911623777e+03
1.277501478044682926e+03
1.293356143551593050e+03
1.343592865982288458e+03
1.304275944650157271e+03
1.094233405099430911e+03
1.258896725388299274e+03
1.372572532573825356e+03
1.111138629141353249e+03
1.295745163681831627e+03
1.231209383593314442e+03
1.319703245501301581e+03
1.209750575711562988e+03
1.238043720951146497e+03
1.402713508974502020e+03
1.412803511324824058e+03
1.279484703573213437e+03
1.242351036248807759e+03
1.387784184846854941e+03
1.431660495753738815e+03
1.116831888069692695e+03
1.361701314198008731e+03
1.130613268348136444e+03
1.152016190530186577e+03
1.245401181163271758e+03
1.192022648733684036e+03
1.270596664080899927e+03
1.353462910080545953e+03
1.263120979144613557e+03
1.261126982431596389e+03
1.095069188610744959e+03
1.253817570360055925e+03
1.217153595429175311e+03
1.153585842328247281e+03
1.287702251545887520e+03
1.338832589631653263e+03
1.241528379467044488e+03
1.211062785256753386e+03
1.431113179982390420e+03
1.298146171742639581e+03
1.278798522516677167e+03
1.318472323167099603e+03
1.279499700533238411e+03
1.230896862905857006e+03
1.361438731287681776e+03
1.407520401448387474e+03
1.167184640952140853e+03
1.256968342363881447e+03
1.310380050657857964e+03
1.252489170873351895e+03
1.255923432567421287e+03
1.288673013505629797e+03
1.365575173855434741e+03
1.431566035338500569e+03
1.149872745738162166e+03
1.177977272782329692e+03
1.457113156958601621e+03
1.133995745440254268e+03
1.430791811827069296e+03
1.391170364922597400e+03
1.189724997063332012e+03
1.171047950002215430e+03
1.101312376264868362e+03
1.196401417851038104e+03
1.372804725254040477e+03
1.200873327728844970e+03
1.226049989791717962e+03
1.290864850532543642e+03
9.967630817552631015e+02
1.393719275824058286e+03
1.197673874009729616e+03
1.144224337915730075e+03
1.263422977536959252e+03
1.250854853246790753e+03
1.268682818250504170e+03
1.416110677122414018e+03
1.100762855794820553e+03
1.433219455116154450e+03
1.111379892853281717e+03
1.279680760832033002e+03
1.379970120643687096e+03
1.402585000091502934e+03
1.148697838706867742e+03
1.171376875149044508e+03
1.418284382788876428e+03
1.299904407790598498e+03
1.366995042235675101e+03
1.226575563608287439e+03
1.324071402970372901e+03
1.386181212613070784e+03
1.175472465522780112e+03
1.054729702712058725e+03
1.356012731936446471e+03
1.415366180606723901e+03
1.270299617878165236e+03
1.195473024400361510e+03
1.324415265720460184e+03
1.167892376025127533e+03
1.378869920216433684e+03
1.297468365787715129e+03
1.010301217317827536e+03
1.485921666620653923e+03
1.259884980609968352e+03
1.238522122356935824e+03
1.304539955226818165e+03
1.243201959837605955e+03
1.471114386313921386e+03
1.367727661422673236e+03
1.075274150371344149e+03
1.102540030040975125e+03
1.405821471718425755e+03
1.302630358546411117e+03
1.210398851851602558e+03
1.363739740391667056e+03
1.249779788789944632e+03
1.314405056257889100e+03
1.218512491616524812e+03
1.227802013348537912e+03
1.383005152628173619e+03
1.264672307571806641e+03
1.299019597273947511e+03
1.265574730394125027e+03
1.199604124382117334e+03
1.134009533885848668e+03
1.340743484584309726e+03
1.359865062449893003e+03
1.151737729438225188e+03
1.166441049731475005e+03
1.235153935371871739e+03
1.151255370332809434e+03
1.301522519291648905e+03
1.258549966071084555e+03
1.242186928719722800e+03
1.325412066928492550e+03
1.233496737979176714e+03
1.157701278279224198e+03
1.302226845205068457e+03
1.327609757606414632e+03
1.178904527257849850e+03
1.203363420681763955e+03
1.313868109607623410e+03
1.384597630951796646e+03
1.103118009475761937e+03
1.136617853443511649e+03
1.332863529540407853e+03
1.207010243698962768e+03
1.164944372226187625e+03
1.475695373509382762e+03
1.029075848596902460e+03
1.308960032984051622e+03
1.215599075389438440e+03
1.178909769968782712e+03
1.516988522680810775e+03
1.096223871234789158e+03
1.336913869170457019e+03
1.414959668152473114e+03
1.336211978323672156e+03
1.224037295852020179e+03
1.217039736054857258e+03
1.401958517240750098e+03
9.947673195275916669e+02
1.332302278295453334e+03
1.173725103317220601e+03
1.140859430319738294e+03
1.399710839251223433e+03
1.201830507735319316e+03
1.354747296330887593e+03
1.063163737628443641e+03
1.481457258196907105e+03
1.231104194598013009e+03
1.153275429472123733e+03
1.024388766360644013e+03
1.526486019742420922e+03
1.257200852255646396e+03
1.245376389226915308e+03
1.340702304201591915e+03
1.356696143873870824e+03
1.097261208946967372e+03
1.311218349696783889e+03
1.281795515026762814e+03
1.223035070193578804e+03
1.268473152722245004e+03
1.223928520534921745e+03
1.238880764532027570e+03
1.362577111918006267e+03
1.210356695759455761e+03
1.324287287417275820e+03
1.227439285767250112e+03
1.304065452395691636e+03
1.315079371064355655e+03
1.173222737961106304e+03
1.159644119771317719e+03
1.273328102545012371e+03
