7.434983228306601859e+02
4.665164957684037290e+02
6.260980985533687999e+02
6.423697510536346726e+02
6.731204644839956472e+02
6.039797607164322244e+02
5.581172230338424924e+02
6.744396228080282754e+02
6.389275333590312584e+02
7.236559916233287595e+02
6.901432112232976124e+02
6.226522400161202313e+02
7.295552000181523908e+02
5.336788413187774722e+02
5.377150756514906789e+02
6.130289393487252028e+02
5.587045190219402002e+02
6.370318361263671250e+02
7.285415117376245462e+02
5.519228161543946953e+02
5.718662854431835285e+02
6.782570908138582126e+02
6.587272583320758486e+02
5.976392726252227021e+02
5.620112709445922974e+02
7.114735258216420561e+02
6.697726408902217372e+02
6.025425628501794790e+02
6.518514696059593234e+02
6.107949752537805352e+02
6.156573461459124701e+02
6.176307972993726025e+02
6.491458658238226462e+02
6.069169661807048897e+02
6.500169806947230882e+02
6.168533114159754405e+02
6.504451419888337114e+02
6.399217070573276942e+02
6.561610362264134437e+02
6.302652267798770254e+02
6.981721342893232531e+02
6.581838430624852663e+02
6.318188038158655218e+02
6.471834377922413069e+02
6.613521797392304507e+02
5.867838479582820810e+02
5.709062976150414670e+02
6.480228883028372593e+02
6.975363696087240442e+02
5.966613624202456094e+02
6.137562733922793541e+02
6.364264307792321915e+02
5.201393539543470297e+02
7.605776901386188911e+02
6.284718263977032393e+02
5.233107066828064262e+02
5.112425257329820738e+02
6.851139472219689424e+02
6.164138330085388588e+02
6.585181618226124556e+02
5.565930642082170152e+02
7.157155787982073889e+02
7.167779674999443387e+02
5.419228989558118883e+02
6.387507390223414632e+02
6.466780717757965249e+02
6.717964329911442292e+02
6.521379723250786355e+02
5.471167025497154555e+02
6.294483626941496368e+02
6.862862662869126780e+02
5.555693145706766245e+02
6.478725818409158137e+02
6.156046917966572209e+02
6.598516227506507903e+02
6.048752878557814938e+02
6.190218604755732486e+02
7.013567544872510098e+02
7.064017556624120289e+02
6.397423517866067186e+02
6.211755181244038795e+02
6.938920924234274707e+02
7.158302478768694073e+02
5.584159440348463477e+02
6.808506570990043656e+02
5.653066341740682219e+02
5.760080952650932886e+02
6.227005905816358791e+02
5.960113243668420182e+02
6.352983320404499636e+02
6.767314550402729765e+02
6.315604895723067784e+02
6.305634912157981944e+02
5.475345943053724795e+02
6.269087851800279623e+02
6.085767977145876557e+02
5.767929211641236407e+02
6.438511257729437602e+02
6.694162948158266317e+02
6.207641897335222438e+02
6.055313926283766932e+02
7.155565899911952101e+02
6.490730858713197904e+02
6.393992612583385835e+02
6.592361615835498014e+02
6.397498502666192053e+02
6.154484314529285029e+02
6.807193656438408880e+02
7.037602007241937372e+02
5.835923204760704266e+02
6.284841711819407237e+02
6.551900253289289822e+02
6.262445854366759477e+02
6.279617162837106434e+02
6.443365067528148984e+02
6.827875869277173706e+02
7.157830176692502846e+02
5.749363728690810831e+02
5.889886363911648459e+02
7.285565784793008106e+02
5.669978727201271340e+02
7.153959059135346479e+02
6.955851824612987002e+02
5.948624985316660059e+02
5.855239750011077149e+02
5.506561881324341812e+02
5.982007089255190522e+02
6.864023626270202385e+02
6.004366638644224849e+02
6.130249948958589812e+02
6.454324252662718209e+02
4.983815408776315508e+02
6.968596379120291431e+02
5.988369370048648079e+02
5.721121689578650376e+02
6.317114887684796258e+02
6.254274266233953767e+02
6.343414091252520848e+02
7.080553385612070088e+02
5.503814278974102763e+02
7.166097275580772248e+02
5.556899464266408586e+02
6.398403804160165009e+02
6.899850603218435481e+02
7.012925000457514670e+02
5.743489193534338710e+02
5.856884375745222542e+02
7.091421913944382140e+02
6.499522038952992489e+02
6.834975211178375503e+02
6.132877818041437195e+02
6.620357014851864506e+02
6.930906063065353919e+02
5.877362327613900561e+02
5.273648513560293623e+02
6.780063659682232355e+02
7.076830903033619506e+02
6.351498089390826181e+02
5.977365122001807549e+02
6.622076328602300919e+02
5.839461880125637663e+02
6.894349601082168419e+02
6.487341828938575645e+02
5.051506086589137681e+02
7.429608333103269615e+02
6.299424903049841760e+02
6.192610611784679122e+02
6.522699776134090826e+02
6.216009799188029774e+02
7.355571931569606932e+02
6.838638307113366182e+02
5.376370751856720744e+02
5.512700150204875627e+02
7.029107358592128776e+02
6.513151792732055583e+02
6.051994259258012789e+02
6.818698701958335278e+02
6.248898943949723161e+02
6.572025281289445502e+02
6.092562458082624062e+02
6.139010066742689560e+02
6.915025763140868094e+02
6.323361537859033206e+02
6.495097986369737555e+02
6.327873651970625133e+02
5.998020621910586669e+02
5.670047669429243342e+02
6.703717422921548632e+02
6.799325312249465014e+02
5.758688647191125938e+02
5.832205248657375023e+02
6.175769676859358697e+02
5.756276851664047172e+02
6.507612596458244525e+02
6.292749830355422773e+02
6.210934643598614002e+02
6.627060334642462749e+02
6.167483689895883572e+02
5.788506391396120989e+02
6.511134226025342286e+02
6.638048788032073162e+02
5.894522636289249249e+02
6.016817103408819776e+02
6.569340548038117049e+02
6.922988154758983228e+02
5.515590047378809686e+02
5.683089267217558245e+02
6.664317647702039267e+02
6.035051218494813838e+02
5.824721861130938123e+02
7.378476867546913809e+02
5.145379242984512302e+02
6.544800164920258112e+02
6.077995376947192199e+02
5.894548849843913558e+02
7.584942613404053873e+02
5.481119356173945789e+02
6.684569345852285096e+02
7.074798340762365569e+02
6.681059891618360780e+02
6.120186479260100896e+02
6.085198680274286289e+02
7.009792586203750488e+02
4.973836597637958334e+02
6.661511391477266670e+02
5.868625516586103004e+02
5.704297151598691471e+02
6.998554196256117166e+02
6.009152538676596578e+02
6.773736481654437966e+02
5.315818688142218207e+02
7.407286290984535526e+02
6.155520972990065047e+02
5.766377147360618665e+02
5.121943831803220064e+02
7.632430098712104609e+02
6.286004261278231979e+02
6.226881946134576538e+02
6.703511521007959573e+02
6.783480719369354119e+02
5.486306044734836860e+02
6.556091748483919446e+02
6.408977575133814071e+02
6.115175350967894019e+02
6.342365763611225020e+02
6.119642602674608725e+02
6.194403822660137848e+02
6.812885559590031335e+02
6.051783478797278804e+02
6.621436437086379101e+02
6.137196428836250561e+02
6.520327261978458182e+02
6.575396855321778276e+02
5.866113689805531521e+02
5.798220598856588595e+02
6.366640512725061853e+02
