4.576769032421411794e+02
2.871745887492587599e+02
3.854085881199274013e+02
3.954249651557235552e+02
4.143542496788032281e+02
3.717931540897174614e+02
3.435614505648469503e+02
4.151662868792783456e+02
3.933060316136094912e+02
4.454625156353184252e+02
4.248329794527417107e+02
3.832874133762721840e+02
4.490939043645407196e+02
3.285178620050004952e+02
3.310024556798359185e+02
3.773635769489713425e+02
3.439229736522101462e+02
3.921390930849156007e+02
4.484699060328181304e+02
3.397483458530381881e+02
3.520249912518423230e+02
4.175162140835285527e+02
4.054941920067743695e+02
3.678901258440312176e+02
3.459585182301554482e+02
4.379633282790624094e+02
4.122934225216336586e+02
3.709084550277632957e+02
4.012616475680251824e+02
3.759884107414192158e+02
3.789815511211487546e+02
3.801963528024445509e+02
3.995961530774739572e+02
3.736012161388101731e+02
4.001323871808193644e+02
3.797177541015450402e+02
4.003959513734467350e+02
3.939180173108856025e+02
4.039144970023800738e+02
3.879737564378062302e+02
4.297753613416984990e+02
4.051596806701329569e+02
3.889300952820852899e+02
3.983881369236375463e+02
4.071100206697183239e+02
3.612078281274359028e+02
3.514340494260942478e+02
3.989048793268374311e+02
4.293840022743376608e+02
3.672881515012259115e+02
3.778113035711499492e+02
3.917664223794484428e+02
3.201833298908641723e+02
4.681904870644707444e+02
3.868697890071042593e+02
3.221355264880587015e+02
3.147066897102527605e+02
4.217371043135054265e+02
3.794472234084943807e+02
4.053654780070364723e+02
3.426232207532373764e+02
4.405746181906681613e+02
4.412285951481403004e+02
3.335926747565646906e+02
3.931972019336461699e+02
3.980770476497173149e+02
4.135392126910448383e+02
4.014380106790511036e+02
3.367898358958872791e+02
3.874709176100035393e+02
4.224587513472370688e+02
3.419930289297765285e+02
3.988123548463952943e+02
3.789491385671868215e+02
4.061863194930205054e+02
3.723444157070217670e+02
3.810526526314391162e+02
4.317357250243506428e+02
4.348412875304096019e+02
3.938076111911095154e+02
3.823783844227468194e+02
4.271406865256585661e+02
4.406452052884571913e+02
3.437453349106143037e+02
4.191127414048273181e+02
3.479870522451112151e+02
3.545745742635330089e+02
3.833171766405805556e+02
3.668880061422711947e+02
3.910719961494718291e+02
4.165770751038042476e+02
3.887710842131629079e+02
3.881573597347981490e+02
3.370470784460673030e+02
3.859076242756198667e+02
3.746229622988269057e+02
3.550576912740527860e+02
3.963368582605974098e+02
4.120740657822792059e+02
3.821251820975047622e+02
3.727482955696964950e+02
4.404767490998994504e+02
3.995513517615102614e+02
3.935964141975351254e+02
4.058074587042669918e+02
3.938122270469975206e+02
3.788529490425823383e+02
4.190319220340550146e+02
4.332152197280440760e+02
3.592432125125550897e+02
3.868773881131781991e+02
4.033167696815125964e+02
3.854987613739333483e+02
3.865557793985879016e+02
3.966356453014535646e+02
4.203050615736578379e+02
4.406161316853315384e+02
3.539148517432794847e+02
3.625650346083114641e+02
4.484791807002391124e+02
3.490281316889182222e+02
4.403778364476368097e+02
4.281829056963661060e+02
3.661808208878295545e+02
3.604322853510611253e+02
3.389686448465268427e+02
3.682357304263106244e+02
4.225302170275037383e+02
3.696121221420715983e+02
3.773611488534163527e+02
3.973102622791154204e+02
3.067898248828635701e+02
4.289674250504780275e+02
3.686273747490604933e+02
3.521763503095592114e+02
3.888640351215568103e+02
3.849957411200404636e+02
3.904829409989480382e+02
4.358591872043367061e+02
3.387995100823472967e+02
4.411250313158746508e+02
3.420672865475473827e+02
3.938679548908323795e+02
4.247356261533464590e+02
4.316961717760082138e+02
3.535532316863349820e+02
3.605335239402929233e+02
4.365282236012170074e+02
4.000925123834568353e+02
4.207420773296623793e+02
3.775229131704338101e+02
4.075307776591849915e+02
4.266473139480659711e+02
3.617940897422864168e+02
3.246311452707238914e+02
4.173618748370334970e+02
4.356300415228250245e+02
3.909805694562213034e+02
3.679499838237640006e+02
4.076366138351169184e+02
3.594610435328640392e+02
4.243969997509532277e+02
3.993427325078260424e+02
3.109566748741028732e+02
4.573460396320463133e+02
3.877750888337827178e+02
3.811998979359576651e+02
4.015192694656811341e+02
3.826402868783799249e+02
4.527885645254298765e+02
4.209675673344578968e+02
3.309544407609704990e+02
3.393464996185207383e+02
4.326923127666170217e+02
4.009315221444748545e+02
3.725439460940503977e+02
4.197401406599119014e+02
3.846648512200324603e+02
4.045556104710527165e+02
3.750412116611697115e+02
3.779003973569232357e+02
4.256697668213523684e+02
3.892485615447633336e+02
3.998201800023459214e+02
3.895263147488064419e+02
3.692214789896410139e+02
3.490323755808587975e+02
4.126622126936422887e+02
4.185475686345304211e+02
3.544888678091074894e+02
3.590143454682713013e+02
3.801632167885169338e+02
3.543404043796427345e+02
4.005905446171286712e+02
3.873641899109624660e+02
3.823278744058416692e+02
4.079434153947380537e+02
3.796531544605603585e+02
3.563243652689338319e+02
4.008073263454988364e+02
4.086198340448339650e+02
3.628504306501329211e+02
3.703785381489955739e+02
4.043903457538679618e+02
4.261599095192276536e+02
3.395243936565622107e+02
3.498351800937675762e+02
4.102368720362150043e+02
3.715009795950160196e+02
3.585536889309679509e+02
4.541985287237540660e+02
3.167352454770638701e+02
4.028797079750231660e+02
3.741445026332382895e+02
3.628520442837018436e+02
4.669079862017095479e+02
3.374024737115119592e+02
4.114835102881361308e+02
4.355049226385734755e+02
4.112674780394368668e+02
3.767416696285083049e+02
3.745879179656772635e+02
4.315033490605680413e+02
3.061755570036229415e+02
4.100641267025378625e+02
3.612562759379202362e+02
3.511406785125024612e+02
4.308115450106170101e+02
3.699067288464556782e+02
4.169723913429755271e+02
3.272270240130397383e+02
4.559719567595998910e+02
3.789167628562091181e+02
3.549621505106410382e+02
3.152926266995493734e+02
4.698311838137497602e+02
3.869489514267517052e+02
3.833095460270951662e+02
4.126495379441116711e+02
4.175722195342268037e+02
3.377217518437869899e+02
4.035747864761340793e+02
3.945188468439421854e+02
3.764331984984330575e+02
3.904184088630011615e+02
3.767081900975194344e+02
3.813102830135211434e+02
4.193822997723760864e+02
3.725309710347166288e+02
4.075972238918682251e+02
3.777887548481060662e+02
4.013732240882666815e+02
4.047631551977569302e+02
3.611016548625107134e+02
3.569223448811852109e+02
3.919126949508436724e+02
