4.270276501893168870e+02
2.679433656340733023e+02
3.595989279375131105e+02
3.689445381675825502e+02
3.866061851338029669e+02
3.468952787932342403e+02
3.205541679972440647e+02
3.873638426322013970e+02
3.669675032659161502e+02
4.156312235807329785e+02
3.963831857222866120e+02
3.576198019208681558e+02
4.190194290701922455e+02
3.065180035598016843e+02
3.088362114289868146e+02
3.520926670977289064e+02
3.208914809649562017e+02
3.658787111195493367e+02
4.184372180400311549e+02
3.169964155009420779e+02
3.284509306834248719e+02
3.895564022414767464e+02
3.783394590188812003e+02
3.432536246731089591e+02
3.227907112119230533e+02
4.086342343676303699e+02
3.846833654063087806e+02
3.460698253808493519e+02
3.743903554193826153e+02
3.508095916572362398e+02
3.536022903798249217e+02
3.547357404266482490e+02
3.728363941124755456e+02
3.485822603357834168e+02
3.733367182220839595e+02
3.542891920490023381e+02
3.735826323091930590e+02
3.675385061118234375e+02
3.768655514632154677e+02
3.619923146069389759e+02
4.009945910814573153e+02
3.780273489057516940e+02
3.628846102997395064e+02
3.717092751866367166e+02
3.798470804700787653e+02
3.370188204442544588e+02
3.278995624639229050e+02
3.721914128969482363e+02
4.006294401600725905e+02
3.426919627512129409e+02
3.525104108074108922e+02
3.655309970563691877e+02
2.987416101282894942e+02
4.368371707548380414e+02
3.609622765725119393e+02
3.005630739594378156e+02
2.936317241570029068e+02
3.934946320797005797e+02
3.540367779871627931e+02
3.782193646106531446e+02
3.196787686293689603e+02
4.110706540056257836e+02
4.116808360826521493e+02
3.112529712828827542e+02
3.668659615840520019e+02
3.714190186307559429e+02
3.858457287349015701e+02
3.745549080204598908e+02
3.142360281051301172e+02
3.615231493911733764e+02
3.941679525704168441e+02
3.190907788670832588e+02
3.721050845041709181e+02
3.535720483976384685e+02
3.789852367978983239e+02
3.474096240691470712e+02
3.555346964177475115e+02
4.028236750727822937e+02
4.057212673482150649e+02
3.674354935596047653e+02
3.567716479169667991e+02
3.985363525561208462e+02
4.111365140966398144e+02
3.207257381584722111e+02
3.910460149041383602e+02
3.246834003723313913e+02
3.308297757479940628e+02
3.576475720284036584e+02
3.423186139298978219e+02
3.648830744736124529e+02
3.886801545897557162e+02
3.627362477264154563e+02
3.621636225403873937e+02
3.144760438912751965e+02
3.600645451347438666e+02
3.495355832120550872e+02
3.312805398575816298e+02
3.697953645191847727e+02
3.844786983315751172e+02
3.565354017939821460e+02
3.477864573056399990e+02
4.109793389150868848e+02
3.727945930066171059e+02
3.672384397968864960e+02
3.786317471827916279e+02
3.674398003054324704e+02
3.534823003977422218e+02
3.909706077648525593e+02
4.042040924421322643e+02
3.351857692598823064e+02
3.609693667891850737e+02
3.763078521529031946e+02
3.596830625584548784e+02
3.606692952481066072e+02
3.700741426857472334e+02
3.921584889581320112e+02
4.111093874657407241e+02
3.302142328713376855e+02
3.382851388672389703e+02
4.184458716107204737e+02
3.256547618402141211e+02
4.108870501472454180e+02
3.995087774268031353e+02
3.416587867563754344e+02
3.362952134475487469e+02
3.162689287383325336e+02
3.435760851504019229e+02
3.942346324078682187e+02
3.448603040304848832e+02
3.520904016044694913e+02
3.707035825825565780e+02
2.862450280835114427e+02
4.002407598666886770e+02
3.439415022244756415e+02
3.285921536778426457e+02
3.628229739905402198e+02
3.592137280661615364e+02
3.643334665843391349e+02
4.066710013260636174e+02
3.161111204233371836e+02
4.115842076104183320e+02
3.191600636743364134e+02
3.674917962222776282e+02
3.962923518821158382e+02
4.027867705871563544e+02
3.298768294278070812e+02
3.363896723913186406e+02
4.072952343568918536e+02
3.732995137206138452e+02
3.925662390763055782e+02
3.522413330491002057e+02
3.802396606226708968e+02
3.980760196641073776e+02
3.375658218725815800e+02
3.028915686179634008e+02
3.894123986326079034e+02
4.064572008453450280e+02
3.647977703525026527e+02
3.433094741430064119e+02
3.803384092665133949e+02
3.353890127884106391e+02
3.959764022768775931e+02
3.725999443602599399e+02
2.901328365961226154e+02
4.267189435253994247e+02
3.618069511780354901e+02
3.556720811447121946e+02
3.746307251492378896e+02
3.570160115486369818e+02
4.224666688928185749e+02
3.927766286900416048e+02
3.087914119255993910e+02
3.166214797066124333e+02
4.037162029956165838e+02
3.740823375078650770e+02
3.475957925030588740e+02
3.916313991079978791e+02
3.589049968728877502e+02
3.774637314808056203e+02
3.499258236658101282e+02
3.525935382488783034e+02
3.971639359441016381e+02
3.631817498295096129e+02
3.730454186243736103e+02
3.634409027323868600e+02
3.444958210813491633e+02
3.256587215314071955e+02
3.850274588037473222e+02
3.905186900635330858e+02
3.307498087984273525e+02
3.349722287568899901e+02
3.547048234324457781e+02
3.306112875207001025e+02
3.737641942254784340e+02
3.614235689268572855e+02
3.567245204047912353e+02
3.806246652434948601e+02
3.542289184527222119e+02
3.324623884843273913e+02
3.739664587300101743e+02
3.812557861601251830e+02
3.385514227899123512e+02
3.455753954501868179e+02
3.773095340473352621e+02
3.976212552517800987e+02
3.167874607131028597e+02
3.264077646277057170e+02
3.827645359546521036e+02
3.466226703503922408e+02
3.345424210098188382e+02
4.237822120067407923e+02
2.955244336126099256e+02
3.759000591614111499e+02
3.490891645589411496e+02
3.385529283632683928e+02
4.356405551382074464e+02
3.148076393989709914e+02
3.839276905722063020e+02
4.063404607984740551e+02
3.837261253569340056e+02
3.515124070500586413e+02
3.495028856930600227e+02
4.026068606321330208e+02
2.856718958865386071e+02
3.826033588591973285e+02
3.370640238498040731e+02
3.276258377227844676e+02
4.019613846298499311e+02
3.451351818052031604e+02
3.890489976829928196e+02
3.053136091265731693e+02
4.254368788723012358e+02
3.535418407911717509e+02
3.311913971732818709e+02
2.941784226989784088e+02
4.383679949510225811e+02
3.610361377217328709e+02
3.576404524142761829e+02
3.850156328442757854e+02
3.896086571746840832e+02
3.151055364298598533e+02
3.765485903346556142e+02
3.680990998884549299e+02
3.512245933087617686e+02
3.642732559724863677e+02
3.514811695431048406e+02
3.557750740638522871e+02
3.912975217542061728e+02
3.475836863446334064e+02
3.803016571499276210e+02
3.524893721048939597e+02
3.744944599938488068e+02
3.776573775580401957e+02
3.369197572852600615e+02
3.330203231908243424e+02
3.656674741912378863e+02
