5.549667714826318843e+03
3.482202253184496385e+03
4.673361455110051793e+03
4.794817363986616328e+03
5.024348805137182353e+03
4.508264343751503475e+03
4.165934257883853206e+03
5.034195351036244574e+03
4.769123742601681442e+03
5.401559317662794456e+03
5.151411079651937143e+03
4.647640657514678423e+03
5.445592566113365137e+03
3.983519726684448415e+03
4.013647245036408549e+03
4.575809801433417306e+03
4.170317990145392287e+03
4.754973758121356695e+03
5.438026129242431125e+03
4.119697570031634314e+03
4.268560888528762916e+03
5.062689939784849230e+03
4.916914115587328524e+03
4.460937267179145238e+03
4.195000459254689304e+03
5.310626177572853521e+03
4.999359766234490962e+03
4.497536719554861520e+03
4.865591413792900312e+03
4.559134903813481287e+03
4.595428923489059343e+03
4.610159283755977413e+03
4.845396073066817735e+03
4.530188420560211853e+03
4.851898304378565626e+03
4.604355923918667031e+03
4.855094213283399768e+03
4.776544517480312606e+03
4.897759156481775790e+03
4.704466000032423835e+03
5.211341080508838786e+03
4.912857920590265167e+03
4.716062309068193827e+03
4.830747992290961520e+03
4.936507221771860713e+03
4.379909512367960815e+03
4.261395286007720642e+03
4.837013872460149287e+03
5.206595565134016397e+03
4.453637887307112578e+03
4.581238814701448064e+03
4.750454852824319460e+03
3.882457419488373944e+03
5.677152620209523775e+03
4.691079586243601625e+03
3.906129233275997194e+03
3.816049145483820212e+03
5.113871325760832406e+03
4.601075541093016000e+03
4.915353364053372388e+03
4.154557534134648449e+03
5.342289980604712582e+03
5.350219930273165119e+03
4.045055548760321471e+03
4.767804103010894323e+03
4.826975806961805574e+03
5.014465884619869030e+03
4.867729945705727005e+03
4.083823469597716667e+03
4.698368710899742837e+03
5.122621824674432901e+03
4.146915996639456353e+03
4.835891945357638178e+03
4.595035897529035537e+03
4.925306668363652534e+03
4.514948794678138256e+03
4.620542546449633846e+03
5.235111926190287704e+03
5.272769146500425450e+03
4.775205762402001710e+03
4.636618015560310596e+03
5.179393718380522841e+03
5.343145900872717903e+03
4.168163990277465018e+03
5.082049003063080818e+03
4.219597920152275037e+03
4.299476450196866608e+03
4.648001558896963616e+03
4.448785831710472848e+03
4.742034426096359311e+03
5.051302191706258782e+03
4.714134183376800138e+03
4.706692324503756936e+03
4.086942723957071394e+03
4.679412634057817741e+03
4.542577841212257226e+03
4.305334597848129306e+03
4.805874735874167527e+03
4.996699905083969497e+03
4.633547751887924278e+03
4.519846133868027209e+03
5.341103246186892648e+03
4.844852824292356672e+03
4.772644844146338983e+03
4.920712703772333043e+03
4.775261733035906218e+03
4.593869529081292967e+03
5.081069008989685244e+03
5.253051883249908315e+03
4.356087108893561890e+03
4.691171730971336729e+03
4.890511274861817583e+03
4.674454871869676026e+03
4.687271989718227815e+03
4.809497747615641856e+03
5.096506758522928976e+03
5.342793362137472286e+03
4.291476831370880973e+03
4.396366635145867804e+03
5.438138591378902674e+03
4.232221771032529432e+03
5.339903857821516795e+03
5.192031389284332363e+03
4.440210692464480417e+03
4.370505488094450811e+03
4.110243124171681302e+03
4.465127975905727908e+03
5.123488398398570098e+03
4.481817733710420725e+03
4.575780358996155883e+03
4.817677972648371906e+03
3.720051360094241772e+03
5.201544261138536058e+03
4.469876950211101757e+03
4.270396227978945717e+03
4.715261281230598797e+03
4.668355382812749667e+03
4.734891700894462701e+03
5.285111925690959652e+03
4.108192241259363072e+03
5.348964142943113984e+03
4.147816424651015950e+03
4.775937473964838318e+03
5.150230599582354444e+03
5.234632314080113247e+03
4.287091923282135213e+03
4.371733080149400848e+03
5.293224482093759434e+03
4.851414793250976800e+03
5.101805894692545735e+03
4.577741869837544073e+03
4.941609208487137948e+03
5.173411214465971170e+03
4.387018363903464888e+03
3.936390439136638633e+03
5.060818463362646980e+03
5.282333366446066975e+03
4.740925810467711926e+03
4.461663089031296295e+03
4.942892549648707245e+03
4.358728469583018523e+03
5.146124506398632548e+03
4.842323163021138498e+03
3.770577468589322962e+03
5.545655751185709050e+03
4.702057009803245819e+03
4.622328003628830629e+03
4.868715268018283496e+03
4.639793774686813776e+03
5.490393027021250418e+03
5.104540126179354047e+03
4.013065028972696837e+03
4.114824890072850394e+03
5.246711253296480209e+03
4.861588401204888214e+03
4.517368246783270479e+03
5.089656678621065112e+03
4.664343100387684899e+03
4.905533126925615761e+03
4.547649421111740594e+03
4.582319142118006312e+03
5.161557739469935768e+03
4.719923945789920253e+03
4.848112563637800122e+03
4.723291906852075954e+03
4.477080899328557280e+03
4.232273231331095303e+03
5.003831617220727821e+03
5.075195869216044230e+03
4.298437196654229410e+03
4.353311928329168040e+03
4.609757485313911275e+03
4.296636968817744673e+03
4.857453798908837598e+03
4.697074559367406437e+03
4.636005544605128307e+03
4.946612743301098817e+03
4.603572605950418620e+03
4.320693947915402532e+03
4.860082436164896535e+03
4.954814814931874935e+03
4.399827271214709981e+03
4.491111089218687994e+03
4.903529171168042922e+03
5.167501078726924788e+03
4.116981985597193670e+03
4.242007824130177141e+03
4.974422585109577994e+03
4.504721513976056485e+03
4.347726130368671875e+03
5.507489875769942955e+03
3.840646870138586564e+03
4.885211581508910967e+03
4.536776167279939727e+03
4.399846837703771598e+03
5.661601357775515680e+03
4.091252151889021661e+03
4.989538987116638054e+03
5.280816208320920850e+03
4.986919437850606300e+03
4.568268719605737715e+03
4.542152903001720006e+03
5.232294197406575222e+03
3.712602912087520053e+03
4.972327921397243699e+03
4.380496977559659172e+03
4.257837948776813391e+03
5.223905566532257581e+03
4.485390055809941259e+03
5.056095690688039213e+03
3.967867370451680927e+03
5.528993989797507311e+03
4.594643318317183912e+03
4.304176096105087709e+03
3.823154060696685065e+03
5.697047270157539970e+03
4.692039488570838330e+03
4.647909032118784125e+03
5.003677926598008526e+03
5.063369046900354988e+03
4.095123633124331718e+03
4.893639917502183380e+03
4.783830015695532893e+03
4.564528281188576329e+03
4.734109201474247129e+03
4.567862755767667295e+03
4.623666503554899464e+03
5.085317595729762616e+03
4.517210914684202180e+03
4.942414917732419781e+03
4.580965394916878722e+03
4.866944360834208965e+03
4.908049758770075641e+03
4.378622083755419226e+03
4.327944888753201667e+03
4.752228514901838025e+03
