3.661415225937129435e+03
2.297396709994070079e+03
3.083268704959419210e+03
3.163399721245788442e+03
3.314833997430425825e+03
2.974345232717739691e+03
2.748491604518775603e+03
3.321330295034226765e+03
3.146448252908875929e+03
3.563700125082547402e+03
3.398663835621933686e+03
3.066299307010177472e+03
3.592751234916325757e+03
2.628142896040003961e+03
2.648019645438687348e+03
3.018908615591770740e+03
2.751383789217681169e+03
3.137112744679324805e+03
3.587759248262545043e+03
2.717986766824305505e+03
2.816199930014738584e+03
3.340129712668228422e+03
3.243953536054194956e+03
2.943121006752249741e+03
2.767668145841243586e+03
3.503706626232499275e+03
3.298347380173069268e+03
2.967267640222106365e+03
3.210093180544201459e+03
3.007907285931353726e+03
3.031852408969190037e+03
3.041570822419556407e+03
3.196769224619791657e+03
2.988809729110481385e+03
3.201059097446554915e+03
3.037742032812360321e+03
3.203167610987573880e+03
3.151344138487084820e+03
3.231315976019040590e+03
3.103790051502449842e+03
3.438202890733587992e+03
3.241277445361063656e+03
3.111440762256682319e+03
3.187105095389100370e+03
3.256880165357746591e+03
2.889662625019487223e+03
2.811472395408753982e+03
3.191239034614699449e+03
3.435072018194701286e+03
2.938305212009807292e+03
3.022490428569199594e+03
3.134131379035587543e+03
2.561466639126913378e+03
3.745523896515765955e+03
3.094958312056834075e+03
2.577084211904469612e+03
2.517653517682022084e+03
3.373896834508043412e+03
3.035577787267955046e+03
3.242923824056291778e+03
2.740985766025899011e+03
3.524596945525345291e+03
3.529828761185122403e+03
2.668741398052517525e+03
3.145577615469169359e+03
3.184616381197738519e+03
3.308313701528358706e+03
3.211504085432408829e+03
2.694318687167098233e+03
3.099767340880028314e+03
3.379670010777896550e+03
2.735944231438212228e+03
3.190498838771162355e+03
3.031593108537494572e+03
3.249490555944164043e+03
2.978755325656174136e+03
3.048421221051512930e+03
3.453885800194805142e+03
3.478730300243276815e+03
3.150460889528876123e+03
3.059027075381974555e+03
3.417125492205268529e+03
3.525161642307657530e+03
2.749962679284914429e+03
3.352901931238618545e+03
2.783896417960889721e+03
2.836596594108264071e+03
3.066537413124644445e+03
2.935104049138169557e+03
3.128575969195774633e+03
3.332616600830433981e+03
3.110168673705303263e+03
3.105258877878385192e+03
2.696376627568538424e+03
3.087260994204958934e+03
2.996983698390615245e+03
2.840461530192422288e+03
3.170694866084779278e+03
3.296592526258233647e+03
3.057001456780038097e+03
2.981986364557571960e+03
3.523813992799195603e+03
3.196410814092082092e+03
3.148771313580281003e+03
3.246459669634135935e+03
3.150497816375980165e+03
3.030823592340658706e+03
3.352255376272440117e+03
3.465721757824352608e+03
2.873945700100440718e+03
3.095019104905425593e+03
3.226534157452100771e+03
3.083990090991466786e+03
3.092446235188703213e+03
3.173085162411628517e+03
3.362440492589262703e+03
3.524929053482652307e+03
2.831318813946235878e+03
2.900520276866491713e+03
3.587833445601912899e+03
2.792225053511345777e+03
3.523022691581094477e+03
3.425463245570928848e+03
2.929446567102636436e+03
2.883458282808489002e+03
2.711749158772214741e+03
2.945885843410484995e+03
3.380241736220029907e+03
2.956896977136572787e+03
3.018889190827330822e+03
3.178482098232923363e+03
2.454318599062908561e+03
3.431739400403824220e+03
2.949018997992483946e+03
2.817410802476473691e+03
3.110912280972454482e+03
3.079965928960323708e+03
3.123863527991584306e+03
3.486873497634693649e+03
2.710396080658778374e+03
3.529000250526997206e+03
2.736538292380379062e+03
3.150943639126659036e+03
3.397885009226771672e+03
3.453569374208065710e+03
2.828425853490679856e+03
2.884268191522343386e+03
3.492225788809736059e+03
3.200740099067654683e+03
3.365936618637299034e+03
3.020183305363470481e+03
3.260246221273479932e+03
3.413178511584527769e+03
2.894352717938291335e+03
2.597049162165791131e+03
3.338894998696267976e+03
3.485040332182600196e+03
3.127844555649770427e+03
2.943599870590112005e+03
3.261092910680935347e+03
2.875688348262912314e+03
3.395175998007625822e+03
3.194741860062608339e+03
2.487653398992822986e+03
3.658768317056370506e+03
3.102200710670261742e+03
3.049599183487661321e+03
3.212154155725449073e+03
3.061122295027039399e+03
3.622308516203439012e+03
3.367740538675663174e+03
2.647635526087763992e+03
2.714771996948165906e+03
3.461538502132936173e+03
3.207452177155798836e+03
2.980351568752403182e+03
3.357921125279295211e+03
3.077318809760259683e+03
3.236444883768421732e+03
3.000329693289357692e+03
3.023203178855385886e+03
3.405358134570818947e+03
3.113988492358106669e+03
3.198561440018767371e+03
3.116210517990451535e+03
2.953771831917128111e+03
2.792259004646870380e+03
3.301297701549138310e+03
3.348380549076243369e+03
2.835910942472859915e+03
2.872114763746170411e+03
3.041305734308135470e+03
2.834723235037141876e+03
3.204724356937029370e+03
3.098913519287699728e+03
3.058622995246733353e+03
3.263547323157904430e+03
3.037225235684482868e+03
2.850594922151470655e+03
3.206458610763990691e+03
3.268958672358671720e+03
2.902803445201063369e+03
2.963028305191964591e+03
3.235122766030943694e+03
3.409279276153821229e+03
2.716195149252497686e+03
2.798681440750140609e+03
3.281894976289720034e+03
2.972007836760128157e+03
2.868429511447743607e+03
3.633588229790032528e+03
2.533881963816510961e+03
3.223037663800185328e+03
2.993156021065906316e+03
2.902816354269614749e+03
3.735263889613676383e+03
2.699219789692095674e+03
3.291868082305089047e+03
3.484039381108587804e+03
3.290139824315494934e+03
3.013933357028066439e+03
2.996703343725418108e+03
3.452026792484544330e+03
2.449404456028983532e+03
3.280513013620302900e+03
2.890050207503361889e+03
2.809125428100019690e+03
3.446492360084936081e+03
2.959253830771645426e+03
3.335779130743804217e+03
2.617816192104317906e+03
3.647775654076799128e+03
3.031334102849672945e+03
2.839697204085128305e+03
2.522341013596394987e+03
3.758649470509998082e+03
3.095591611414013641e+03
3.066476368216761330e+03
3.301196303552893369e+03
3.340577756273814430e+03
2.701774014750295919e+03
3.228598291809072634e+03
3.156150774751537483e+03
3.011465587987464460e+03
3.123347270904009292e+03
3.013665520780155475e+03
3.050482264108169147e+03
3.355058398179008691e+03
2.980247768277733030e+03
3.260777791134945801e+03
3.022310038784848530e+03
3.210985792706133452e+03
3.238105241582055442e+03
2.888813238900085707e+03
2.855378759049481687e+03
3.135301559606749379e+03
