1.189597316529056297e+04
7.464263932294459664e+03
1.001756957685390080e+04
1.027791601685815476e+04
1.076992743174393036e+04
9.663676171462915590e+03
8.929875568541479879e+03
1.079103396492845241e+04
1.022284053374450014e+04
1.157849586597326015e+04
1.104229137957276180e+04
9.962435840257923701e+03
1.167288320029043825e+04
8.538861461100439556e+03
8.603441210423850862e+03
9.808463029579603244e+03
8.939272304351043203e+03
1.019250937802187400e+04
1.165666418780199274e+04
8.830765058470315125e+03
9.149860567090936456e+03
1.085211345302173140e+04
1.053963613331321358e+04
9.562228362003563234e+03
8.992180335113476758e+03
1.138357641314627290e+04
1.071636225424354780e+04
9.640681005602871664e+03
1.042962351369534917e+04
9.772719604060488564e+03
9.850517538334599521e+03
9.882092756789961641e+03
1.038633385318116234e+04
9.710671458891278235e+03
1.040027169111556941e+04
9.869652982655607047e+03
1.040712227182133938e+04
1.023874731291724311e+04
1.049857657962261510e+04
1.008424362847803241e+04
1.117075414862917205e+04
1.053094148899976426e+04
1.010910086105384835e+04
1.035493500467586091e+04
1.058163487582768721e+04
9.388541567332513296e+03
9.134500761840663472e+03
1.036836621284539615e+04
1.116058191373958471e+04
9.546581798723929751e+03
9.820100374276469665e+03
1.018282289246771506e+04
8.322229663269552475e+03
1.216924304221790226e+04
1.005554922236325183e+04
8.372971306924902819e+03
8.179880411727713181e+03
1.096182315555150308e+04
9.862621328136621742e+03
1.053629058916179929e+04
8.905489027331472244e+03
1.145144926077131822e+04
1.146844747999910942e+04
8.670766383292990213e+03
1.022001182435746341e+04
1.034684914841274440e+04
1.074874292785830767e+04
1.043420755720125817e+04
8.753867240795447287e+03
1.007117380310639419e+04
1.098058026059060285e+04
8.889109033130825992e+03
1.036596130945465302e+04
9.849675068746515535e+03
1.055762596401041264e+04
9.678004605692503901e+03
9.904349767609171977e+03
1.122170807179601616e+04
1.130242809059859246e+04
1.023587762858570750e+04
9.938808289990462072e+03
1.110227347877483953e+04
1.145328396602991052e+04
8.934655104557541563e+03
1.089361051358406985e+04
9.044906146785091551e+03
9.216129524241492618e+03
9.963209449306174065e+03
9.536181189869472291e+03
1.016477331264719942e+04
1.082770328064436762e+04
1.010496783315690845e+04
1.008901585945277111e+04
8.760553508885959673e+03
1.003054056288044740e+04
9.737228763433402492e+03
9.228686738625978251e+03
1.030161801236710016e+04
1.071066071705322611e+04
9.932227035736355901e+03
9.688502282054027091e+03
1.144890543985912336e+04
1.038516937394111665e+04
1.023038818013341734e+04
1.054777858533679682e+04
1.023599760426590728e+04
9.847174903246856047e+03
1.089150985030145421e+04
1.126016321158709979e+04
9.337477127617126825e+03
1.005574673891105158e+04
1.048304040526286371e+04
1.001991336698681516e+04
1.004738746053937030e+04
1.030938410804503837e+04
1.092460139084347793e+04
1.145252828270800455e+04
9.198981965905297329e+03
9.423818182258637535e+03
1.165690525566881297e+04
9.071965963522034144e+03
1.144633449461655437e+04
1.112936291938077920e+04
9.517799976506656094e+03
9.368383600017723438e+03
8.810499010118946899e+03
9.571211342808304835e+03
1.098243780203232382e+04
9.606986621830759759e+03
9.808399918333743699e+03
1.032691880426034913e+04
7.974104654042104812e+03
1.114975420659246629e+04
9.581390992077836927e+03
9.153794703325840601e+03
1.010738382029567401e+04
1.000683882597432603e+04
1.014946254600403336e+04
1.132888541697931214e+04
8.806102846358564420e+03
1.146575564092923560e+04
8.891039142826253737e+03
1.023744608665626401e+04
1.103976096514949677e+04
1.122068000073202347e+04
9.189582709654941937e+03
9.371015001192356067e+03
1.134627506231101142e+04
1.039923526232478798e+04
1.093596033788540080e+04
9.812604508866299511e+03
1.059257122376298321e+04
1.108944970090456627e+04
9.403779724182240898e+03
8.437837621696469796e+03
1.084810185549157177e+04
1.132292944485379121e+04
1.016239694302532189e+04
9.563784195202892079e+03
1.059532212576368147e+04
9.343139008201020260e+03
1.103095936173146947e+04
1.037974692630172103e+04
8.082409738542620289e+03
1.188737333296523138e+04
1.007907984487974682e+04
9.908176978855486595e+03
1.043631964181454532e+04
9.945615678700847639e+03
1.176891509051137109e+04
1.094182129138138589e+04
8.602193202970753191e+03
8.820320240327801002e+03
1.124657177374740604e+04
1.042104286837128893e+04
9.683190814812820463e+03
1.090991792313333644e+04
9.998238310319557058e+03
1.051524045006311280e+04
9.748099932932198499e+03
9.822416106788303296e+03
1.106404122102538895e+04
1.011737846057445313e+04
1.039215677819158009e+04
1.012459784315300021e+04
9.596832995056938671e+03
9.072076271086789347e+03
1.072594787667447781e+04
1.087892049959914402e+04
9.213901835505801500e+03
9.331528397851800037e+03
9.881231482974973915e+03
9.210042962662475475e+03
1.041218015433319124e+04
1.006839972856867644e+04
9.937495429757782404e+03
1.060329653542794040e+04
9.867973903833413715e+03
9.261610226233793583e+03
1.041781476164054766e+04
1.062087806085131706e+04
9.431236218062798798e+03
9.626907365454111641e+03
1.051094487686098728e+04
1.107678104761437316e+04
8.824944075806095498e+03
9.092942827548093192e+03
1.066290823632326283e+04
9.656081949591702141e+03
9.319554977809500997e+03
1.180556298807506209e+04
8.232606788775219684e+03
1.047168026387241298e+04
9.724792603115507518e+03
9.431278159750261693e+03
1.213590818144648620e+04
8.769790969878313263e+03
1.069531095336365615e+04
1.131967734521978491e+04
1.068969582658937725e+04
9.792298366816161433e+03
9.736317888438858063e+03
1.121566813792600078e+04
7.958138556220733335e+03
1.065841822636362667e+04
9.389800826537764806e+03
9.126875442557906354e+03
1.119768671400978747e+04
9.614644061882554524e+03
1.083797837064710075e+04
8.505309901027549131e+03
1.185165806557525684e+04
9.848833556784104076e+03
9.226203435776989863e+03
8.195110130885152103e+03
1.221188815793936737e+04
1.005760681804517117e+04
9.963011113815322460e+03
1.072561843361273532e+04
1.085356915099096659e+04
8.778089671575738976e+03
1.048974679757427111e+04
1.025436412021410251e+04
9.784280561548630430e+03
1.014778522177796003e+04
9.791428164279373959e+03
9.911046116256220557e+03
1.090061689534405014e+04
9.682853566075646086e+03
1.059429829933820656e+04
9.819514286138000898e+03
1.043252361916553309e+04
1.052063496851484524e+04
9.385781903688850434e+03
9.277152958170541751e+03
1.018662482036009897e+04
