2.379194633058112595e+04
1.492852786458891933e+04
2.003513915370780160e+04
2.055583203371630952e+04
2.153985486348786071e+04
1.932735234292583118e+04
1.785975113708295976e+04
2.158206792985690481e+04
2.044568106748900027e+04
2.315699173194652030e+04
2.208458275914552360e+04
1.992487168051584740e+04
2.334576640058087651e+04
1.707772292220087911e+04
1.720688242084770172e+04
1.961692605915920649e+04
1.787854460870208641e+04
2.038501875604374800e+04
2.331332837560398548e+04
1.766153011694063025e+04
1.829972113418187291e+04
2.170422690604346280e+04
2.107927226662642715e+04
1.912445672400712647e+04
1.798436067022695352e+04
2.276715282629254580e+04
2.143272450848709559e+04
1.928136201120574333e+04
2.085924702739069835e+04
1.954543920812097713e+04
1.970103507666919904e+04
1.976418551357992328e+04
2.077266770636232468e+04
1.942134291778255647e+04
2.080054338223113882e+04
1.973930596531121409e+04
2.081424454364267876e+04
2.047749462583448621e+04
2.099715315924523020e+04
2.016848725695606481e+04
2.234150829725834410e+04
2.106188297799952852e+04
2.021820172210769670e+04
2.070987000935172182e+04
2.116326975165537442e+04
1.877708313466502659e+04
1.826900152368132694e+04
2.073673242569079230e+04
2.232116382747916941e+04
1.909316359744785950e+04
1.964020074855293933e+04
2.036564578493543013e+04
1.664445932653910495e+04
2.433848608443580451e+04
2.011109844472650366e+04
1.674594261384980564e+04
1.635976082345542636e+04
2.192364631110300616e+04
1.972524265627324348e+04
2.107258117832359858e+04
1.781097805466294449e+04
2.290289852154263644e+04
2.293689495999821884e+04
1.734153276658598043e+04
2.044002364871492682e+04
2.069369829682548880e+04
2.149748585571661533e+04
2.086841511440251634e+04
1.750773448159089457e+04
2.014234760621278838e+04
2.196116052118120570e+04
1.777821806626165198e+04
2.073192261890930604e+04
1.969935013749303107e+04
2.111525192802082529e+04
1.935600921138500780e+04
1.980869953521834395e+04
2.244341614359203231e+04
2.260485618119718492e+04
2.047175525717141500e+04
1.987761657998092414e+04
2.220454695754967906e+04
2.290656793205982103e+04
1.786931020911508313e+04
2.178722102716813970e+04
1.808981229357018310e+04
1.843225904848298524e+04
1.992641889861234813e+04
1.907236237973894458e+04
2.032954662529439884e+04
2.165540656128873525e+04
2.020993566631381691e+04
2.017803171890554222e+04
1.752110701777191935e+04
2.006108112576089479e+04
1.947445752686680498e+04
1.845737347725195650e+04
2.060323602473420033e+04
2.142132143410645222e+04
1.986445407147271180e+04
1.937700456410805418e+04
2.289781087971824672e+04
2.077033874788223329e+04
2.046077636026683467e+04
2.109555717067359365e+04
2.047199520853181457e+04
1.969434980649371209e+04
2.178301970060290842e+04
2.252032642317419959e+04
1.867495425523425365e+04
2.011149347782210316e+04
2.096608081052572743e+04
2.003982673397363033e+04
2.009477492107874059e+04
2.061876821609007675e+04
2.184920278168695586e+04
2.290505656541600911e+04
1.839796393181059466e+04
1.884763636451727507e+04
2.331381051133762594e+04
1.814393192704406829e+04
2.289266898923310873e+04
2.225872583876155841e+04
1.903559995301331219e+04
1.873676720003544688e+04
1.762099802023789380e+04
1.914242268561660967e+04
2.196487560406464763e+04
1.921397324366151952e+04
1.961679983666748740e+04
2.065383760852069827e+04
1.594820930808420962e+04
2.229950841318493258e+04
1.916278198415567385e+04
1.830758940665168120e+04
2.021476764059134803e+04
2.001367765194865206e+04
2.029892509200806671e+04
2.265777083395862428e+04
1.761220569271712884e+04
2.293151128185847119e+04
1.778207828565250747e+04
2.047489217331252803e+04
2.207952193029899354e+04
2.244136000146404695e+04
1.837916541930988387e+04
1.874203000238471213e+04
2.269255012462202285e+04
2.079847052464957596e+04
2.187192067577080161e+04
1.962520901773259902e+04
2.118514244752596642e+04
2.217889940180913254e+04
1.880755944836448180e+04
1.687567524339293959e+04
2.169620371098314354e+04
2.264585888970758242e+04
2.032479388605064378e+04
1.912756839040578416e+04
2.119064425152736294e+04
1.868627801640204052e+04
2.206191872346293894e+04
2.075949385260344206e+04
1.616481947708524058e+04
2.377474666593046277e+04
2.015815968975949363e+04
1.981635395771097319e+04
2.087263928362909064e+04
1.989123135740169528e+04
2.353783018102274218e+04
2.188364258276277178e+04
1.720438640594150638e+04
1.764064048065560200e+04
2.249314354749481208e+04
2.084208573674257786e+04
1.936638162962564093e+04
2.181983584626667289e+04
1.999647662063911412e+04
2.103048090012622561e+04
1.949619986586439700e+04
1.964483221357660659e+04
2.212808244205077790e+04
2.023475692114890626e+04
2.078431355638316018e+04
2.024919568630600043e+04
1.919366599011387734e+04
1.814415254217357869e+04
2.145189575334895562e+04
2.175784099919828805e+04
1.842780367101160300e+04
1.866305679570360007e+04
1.976246296594994783e+04
1.842008592532495095e+04
2.082436030866638248e+04
2.013679945713735287e+04
1.987499085951556481e+04
2.120659307085588080e+04
1.973594780766682743e+04
1.852322045246758717e+04
2.083562952328109532e+04
2.124175612170263412e+04
1.886247243612559760e+04
1.925381473090822328e+04
2.102188975372197456e+04
2.215356209522874633e+04
1.764988815161219100e+04
1.818588565509618638e+04
2.132581647264652565e+04
1.931216389918340428e+04
1.863910995561900199e+04
2.361112597615012419e+04
1.646521357755043937e+04
2.094336052774482596e+04
1.944958520623101504e+04
1.886255631950052339e+04
2.427181636289297239e+04
1.753958193975662653e+04
2.139062190672731231e+04
2.263935469043956982e+04
2.137939165317875450e+04
1.958459673363232287e+04
1.947263577687771613e+04
2.243133627585200156e+04
1.591627711244146667e+04
2.131683645272725335e+04
1.877960165307552961e+04
1.825375088511581271e+04
2.239537342801957493e+04
1.922928812376510905e+04
2.167595674129420149e+04
1.701061980205509826e+04
2.370331613115051368e+04
1.969766711356820815e+04
1.845240687155397973e+04
1.639022026177030421e+04
2.442377631587873475e+04
2.011521363609034233e+04
1.992602222763064492e+04
2.145123686722547063e+04
2.170713830198193318e+04
1.755617934315147795e+04
2.097949359514854223e+04
2.050872824042820503e+04
1.956856112309726086e+04
2.029557044355592006e+04
1.958285632855874792e+04
1.982209223251244111e+04
2.180123379068810027e+04
1.936570713215129217e+04
2.118859659867641312e+04
1.963902857227600180e+04
2.086504723833106618e+04
2.104126993702969048e+04
1.877156380737770087e+04
1.855430591634108350e+04
2.037324964072019793e+04
