2.071209227999855284e+04
1.299603834169977017e+04
1.744160167597655891e+04
1.789489115597224736e+04
1.875153278472611782e+04
1.682543746915675001e+04
1.554781641271616536e+04
1.878828139343214571e+04
1.779899917027544871e+04
2.015933219648973682e+04
1.922574596113400912e+04
1.734560826507606180e+04
2.032367009060541386e+04
1.486702130973710700e+04
1.497946118403914443e+04
1.707752603093946527e+04
1.556417708002048676e+04
1.774618956087594415e+04
2.029543114968956434e+04
1.537525499197412864e+04
1.593083254152401787e+04
1.889462695896303194e+04
1.835057234558400523e+04
1.664880657381675701e+04
1.565629531198673612e+04
1.981995771757792318e+04
1.865827039383408555e+04
1.678540055997164745e+04
1.815902924962797624e+04
1.701529311249986858e+04
1.715074718351107367e+04
1.720572283193610201e+04
1.808365757293693241e+04
1.690726101704279790e+04
1.810792475826678856e+04
1.718406392717622293e+04
1.811985231205141463e+04
1.782669448141357134e+04
1.827908351039592890e+04
1.755768794237380644e+04
1.944941263306328256e+04
1.833543409057453755e+04
1.760096689801552202e+04
1.802898900243064782e+04
1.842369640349141264e+04
1.634640029994079123e+04
1.590408956729853162e+04
1.805237409410612236e+04
1.943170174343706458e+04
1.662156432486328777e+04
1.709778782490172307e+04
1.772932440996487639e+04
1.448984344247804620e+04
2.118788277058046879e+04
1.750772807956046745e+04
1.457818977541151980e+04
1.424199900024898670e+04
1.908564264563571487e+04
1.717182110557140913e+04
1.834474741489291409e+04
1.550535697834173334e+04
1.993813120904291281e+04
1.996772682769048333e+04
1.509668111836962089e+04
1.779407410117487962e+04
1.801491070898147518e+04
1.871464842114456042e+04
1.816701053294046142e+04
1.524136811498792849e+04
1.753493205469488385e+04
1.911830066235090271e+04
1.547683775198541480e+04
1.804818691410315296e+04
1.714928035876214199e+04
1.838189446007810329e+04
1.685038472213618661e+04
1.724447453854800187e+04
1.953812856609337177e+04
1.967867028176908570e+04
1.782169807079096790e+04
1.730447031068677097e+04
1.933018086163011321e+04
1.994132561643560985e+04
1.555613806825832035e+04
1.896687753785838504e+04
1.574809628208867434e+04
1.604621349747694512e+04
1.734695519666151449e+04
1.660345581306954773e+04
1.769789826620485837e+04
1.885212638033649273e+04
1.759377087848792507e+04
1.756599687910028297e+04
1.525300958389302104e+04
1.746418547436039080e+04
1.695349996990034197e+04
1.606807687758863358e+04
1.793615872705535730e+04
1.864834344100871022e+04
1.729301168149055593e+04
1.686866223827583599e+04
1.993370215958684275e+04
1.808163009682019401e+04
1.781214038590631390e+04
1.836474917797548915e+04
1.782190696058292815e+04
1.714492731779401583e+04
1.896322007065042999e+04
1.960508285330688886e+04
1.625749194642353177e+04
1.750807197584435926e+04
1.825203345971523231e+04
1.744568245161747109e+04
1.749351762685392896e+04
1.794968028498943750e+04
1.902083578916882470e+04
1.994000989535249391e+04
1.601635786433948851e+04
1.640782045393102817e+04
2.029585087322406980e+04
1.579521015949474531e+04
1.992922588392859689e+04
1.937734631718787205e+04
1.657145226177541554e+04
1.631130324033920260e+04
1.533996975235798891e+04
1.666444685181604655e+04
1.912153482984777656e+04
1.672673523042619490e+04
1.707741614787820072e+04
1.798020996432436732e+04
1.388372259671719985e+04
1.941284961032480351e+04
1.668217065062754409e+04
1.593768227055477655e+04
1.759797735641706095e+04
1.742291835353095303e+04
1.767124067315345383e+04
1.972473516253717389e+04
1.533231558668210164e+04
1.996304006365331952e+04
1.548019826815056877e+04
1.782442891490462716e+04
1.922134025373091936e+04
1.953633859040563766e+04
1.599999280869286486e+04
1.631588477588887145e+04
1.975501229361523656e+04
1.810612023093152311e+04
1.904061286466041929e+04
1.708473676519129003e+04
1.844273769120236102e+04
1.930785336753301090e+04
1.637293147199904342e+04
1.469112858913818127e+04
1.888764236198383878e+04
1.971436521275947598e+04
1.769376076637901133e+04
1.665151543675289577e+04
1.844752728977492370e+04
1.626734985308677824e+04
1.920601577210397227e+04
1.807218906712635726e+04
1.407229270135671504e+04
2.069711910224841631e+04
1.754869727293335018e+04
1.725113810036066934e+04
1.817068788584011418e+04
1.731632266283957506e+04
2.049087132285786356e+04
1.905081737739518212e+04
1.497728827685656142e+04
1.535706950733914709e+04
1.958141878557219025e+04
1.814408947838736640e+04
1.685941443667831118e+04
1.899527038699641344e+04
1.740794398603515583e+04
1.830809699399326928e+04
1.697242777536207359e+04
1.710181974938696294e+04
1.926361463459038350e+04
1.761537903586632819e+04
1.809379587423263001e+04
1.762794871100713863e+04
1.670905673941129862e+04
1.579540221612001187e+04
1.867495993184766849e+04
1.894130073795957651e+04
1.604233486610953696e+04
1.624713460632732676e+04
1.720422326712651920e+04
1.603561617825464418e+04
1.812865859699096836e+04
1.753010211039201022e+04
1.730218448825659652e+04
1.846141154342527079e+04
1.718114048114726393e+04
1.612539999895394794e+04
1.813846901812171564e+04
1.849202275714712232e+04
1.642073600442675524e+04
1.676141925959137006e+04
1.830061796665168731e+04
1.928579596101705101e+04
1.536512007249958151e+04
1.583173300108289004e+04
1.856520154301219736e+04
1.681221516090118894e+04
1.622628767120252087e+04
2.055467901859324047e+04
1.433380095472752691e+04
1.823225430474206951e+04
1.693184735716037540e+04
1.642080902914605031e+04
2.112984340693656486e+04
1.526909293763365895e+04
1.862161795015587631e+04
1.970870297842291984e+04
1.861184144660322272e+04
1.704938171839105053e+04
1.695191404442115891e+04
1.952761243042774367e+04
1.385592400581312722e+04
1.855738398161306395e+04
1.634859279756172873e+04
1.589081311530469611e+04
1.949630495298949245e+04
1.674006760792718705e+04
1.887001635111608630e+04
1.480860465069527163e+04
2.063493520995918880e+04
1.714781520133634331e+04
1.606375319620058872e+04
1.426851548143168475e+04
2.126213222960677012e+04
1.751131056172032913e+04
1.734660987451494657e+04
1.867438633816172296e+04
1.889716147633724540e+04
1.528354181650829923e+04
1.826370996692399058e+04
1.785388492219190448e+04
1.703542190860695700e+04
1.766832028205377355e+04
1.704786660777388897e+04
1.725613355872143438e+04
1.897907635703402411e+04
1.685882725252207820e+04
1.844574470443209430e+04
1.709676738618355012e+04
1.816407862652935000e+04
1.831748939614700066e+04
1.634159544646179529e+04
1.615246146703934028e+04
1.773594395090152830e+04
