1.932506542099346552e+04
1.212573253208318602e+04
1.627358978892980303e+04
1.669652382848234629e+04
1.749579873003352986e+04
1.569868825576281051e+04
1.450662565942163747e+04
1.753008639434933139e+04
1.660705344220325787e+04
1.880932202667509773e+04
1.793825526864355561e+04
1.618402476958949046e+04
1.896265470364470821e+04
1.387142136786547781e+04
1.397633148015353072e+04
1.593389520069515129e+04
1.452189070178012662e+04
1.655778033436334226e+04
1.893630684012416168e+04
1.434562016080285321e+04
1.486399234389007506e+04
1.762931031549328691e+04
1.712168941201285270e+04
1.553388580308591190e+04
1.460784005132667880e+04
1.849267444136476479e+04
1.740878184246166347e+04
1.566133249861395052e+04
1.694297338418477739e+04
1.587582983463138953e+04
1.600221295172281134e+04
1.605350704543449137e+04
1.687264912320458825e+04
1.577503232542508522e+04
1.689529120772908209e+04
1.603329857273297057e+04
1.690642000891846692e+04
1.663289408120599910e+04
1.705498797025583917e+04
1.638190210534276594e+04
1.814694365266081149e+04
1.710756492065472412e+04
1.642228279879574620e+04
1.682164154332207181e+04
1.718991657051551374e+04
1.525173077271192415e+04
1.483904026664587764e+04
1.684346060536540244e+04
1.813041880833007963e+04
1.550846788604866924e+04
1.595280012292965694e+04
1.654204459215607130e+04
1.351950197403528364e+04
1.976899364576587323e+04
1.633528790508526617e+04
1.360193201734350987e+04
1.328825493266653211e+04
1.780753425305995916e+04
1.602187561626617935e+04
1.711625455950465039e+04
1.446700960634829971e+04
1.860293420762669120e+04
1.863054789622981843e+04
1.408570154614964304e+04
1.660245819024682351e+04
1.680850603106945346e+04
1.746138440194010036e+04
1.695042018483013089e+04
1.422069928744089884e+04
1.636067011138662383e+04
1.783800526009338864e+04
1.444040022726474854e+04
1.683955382828112852e+04
1.600084435583925551e+04
1.715091397820054044e+04
1.572196486584084232e+04
1.608966366618174834e+04
1.822971854505285228e+04
1.836084860246547760e+04
1.662823226525584323e+04
1.614564170093994471e+04
1.803569647627428640e+04
1.860591469511248943e+04
1.451439003858667274e+04
1.769672248926028624e+04
1.469349338508687106e+04
1.497164658238921220e+04
1.618528150119606107e+04
1.549157204711747545e+04
1.651272296323119735e+04
1.758965587347532346e+04
1.641556867516875354e+04
1.638965461743315973e+04
1.423156116199929966e+04
1.629466121789613499e+04
1.581817479393529175e+04
1.499204583733992513e+04
1.673502783378347522e+04
1.739951966797015848e+04
1.613495042186208957e+04
1.573901839140248012e+04
1.859880175836302806e+04
1.687075742109811836e+04
1.661931462993575406e+04
1.713491686434959774e+04
1.662842716632333759e+04
1.599678282500248315e+04
1.769330995168980007e+04
1.829218910394789418e+04
1.516877634565710287e+04
1.633560877166380487e+04
1.702974938054800805e+04
1.627739728723383450e+04
1.632202908388539254e+04
1.674764389343294897e+04
1.774706731789855985e+04
1.860468708393428096e+04
1.494379029168874513e+04
1.530903780273008670e+04
1.893669845602917849e+04
1.473745218706595551e+04
1.859462524549467344e+04
1.807970340237053824e+04
1.546171167791370863e+04
1.521898405819770596e+04
1.431269786812671373e+04
1.554847869845605783e+04
1.784102284506812794e+04
1.560659581068866282e+04
1.593379267617377809e+04
1.677612909147347818e+04
1.295397122808222230e+04
1.811282914617549977e+04
1.556501558748254502e+04
1.487038336705886104e+04
1.641949345785480909e+04
1.625615763269653144e+04
1.648785054943927389e+04
1.840382865597331693e+04
1.430555627902842207e+04
1.862617499075959495e+04
1.444353569971543038e+04
1.663078023290863348e+04
1.793414459828541658e+04
1.822804843868214448e+04
1.492852115486211005e+04
1.522325878201744672e+04
1.843207821815822899e+04
1.689360752419114942e+04
1.776551998180833107e+04
1.594062305364530766e+04
1.720768272015116963e+04
1.801486418766334828e+04
1.527648523154641043e+04
1.370730765657551456e+04
1.762279345607911091e+04
1.839415315071014265e+04
1.650886253939120070e+04
1.553641326157488220e+04
1.721215157363559047e+04
1.517797409780140151e+04
1.791984635134927521e+04
1.686194862891969024e+04
1.312991335692843677e+04
1.931109495216443975e+04
1.637351351413882003e+04
1.609588098919411277e+04
1.695385127640702922e+04
1.615670033652582424e+04
1.911865896956184952e+04
1.777504112885242284e+04
1.397430408606463243e+04
1.432865250367133012e+04
1.827010974803745921e+04
1.692903408473127638e+04
1.573038988741280446e+04
1.772321395422979549e+04
1.624218605379555811e+04
1.708205850765157084e+04
1.583583506088847571e+04
1.595656204149377299e+04
1.797358799032408933e+04
1.643572979888912232e+04
1.688210849279161630e+04
1.644745772048839717e+04
1.559010119533117722e+04
1.473763138223357237e+04
1.742435373204184361e+04
1.767285849113676159e+04
1.496802769136141069e+04
1.515911260564277654e+04
1.605210790199420262e+04
1.496175893393295701e+04
1.691463656329994774e+04
1.635616361400475944e+04
1.614350895319979827e+04
1.722510604035423239e+04
1.603057090113897357e+04
1.504553020075163295e+04
1.692379000987580002e+04
1.725366731266770148e+04
1.532108843744645856e+04
1.563895715417919564e+04
1.707508032839727093e+04
1.799428389967621479e+04
1.433616394656653210e+04
1.477152920321236707e+04
1.732194553416042254e+04
1.568635140593610413e+04
1.513966172739890317e+04
1.917819365479690168e+04
1.337390918488257194e+04
1.701129477641332778e+04
1.579797219189593125e+04
1.532115657191875653e+04
1.971484100467831013e+04
1.424656746165387267e+04
1.737458390328944733e+04
1.838887009926832252e+04
1.736546210293294644e+04
1.590763562856335739e+04
1.581669507314109251e+04
1.821990664353334432e+04
1.292803422565048641e+04
1.731465149146167096e+04
1.525377644532612430e+04
1.482665289892507644e+04
1.819069573420166125e+04
1.561903535875271336e+04
1.760634780643031627e+04
1.381691669772408932e+04
1.925307532911642193e+04
1.599947731562318950e+04
1.498801169995998680e+04
1.331299568442945565e+04
1.983827084064117298e+04
1.633863047913200899e+04
1.618495930424060498e+04
1.742381855020911826e+04
1.763167510382105320e+04
1.426004874233463124e+04
1.704064394699969853e+04
1.665826365950661420e+04
1.589461066547921837e+04
1.648512572819508205e+04
1.590622198037171802e+04
1.610054191665255530e+04
1.770810439000894621e+04
1.572984202522292981e+04
1.721048836270050015e+04
1.595184801993976180e+04
1.694768461942046270e+04
1.709082192873078384e+04
1.524724768589652012e+04
1.507077944327472505e+04
1.654822084223879574e+04
