2.779435849728613719e+07
1.915211239251472989e+03
1.960287812041404890e+06
3.286925479176173685e+05
1.732082390275739817e+04
1.197439331236622296e+07
3.027459455640064552e+05
2.113980619357029721e+07
3.705378231056365166e+03
8.766247252114759758e+06
6.161946802606006386e+05
1.416497142576655932e+07
1.247039941229614615e+08
2.372333137967576022e+03
3.518367031403461006e+05
3.527786357193485019e+05
1.299485034674849128e+06
1.670101373354434595e+07
4.244032008608618379e+07
1.202589614456616800e+04
2.273468729491464546e+04
1.959297085452926904e+07
4.332870102660448174e+04
9.600163200230496004e+06
3.492310334254257032e+05
9.351521500440174341e+07
6.906029571343610296e+05
9.690879141662255279e+04
1.110854028624570370e+07
4.056741113075339817e+05
1.512529160701936856e+07
2.107721635503851940e+04
2.550039539925102890e+07
4.128969882170790515e+04
3.758013177243013401e+06
6.127580278641306795e+05
1.482865469697474909e+05
4.683232802607498597e+05
3.095976764758893987e+05
4.153921204438000917e+07
1.798902525523032455e+04
1.530066399828247540e+07
7.890141330569249112e+04
3.962031961254821625e+06
1.525482598005948067e+08
4.120077296025568103e+03
1.530245014922267001e+05
1.114836431363640353e+07
1.365905673084637849e+06
7.064733381213726534e+04
1.176535579864736646e+08
2.156209353663199181e+03
9.243418954957610695e+05
3.144578740166713670e+07
2.073744086339811111e+04
3.031635641780307516e+06
1.345042436773777008e+05
8.595717205094613135e+07
2.250181929157371633e+05
1.006129513466489501e+07
6.414083876777389087e+06
2.571479189780204033e+05
5.594016392901026644e+06
3.912476287540383055e+03
4.354764433681658469e+06
1.650518804340043804e+06
2.411616050544956326e+07
2.367622196069294660e+03
1.469171416267999215e+06
4.181381500406350824e+04
2.499767745174985976e+03
2.526732423984915912e+08
5.904670909983200254e+05
3.703611750555831473e+06
2.519233710352748403e+03
9.693544264108618721e+06
6.006675775388170034e+07
5.955062428749987885e+04
1.711235481116326526e+07
1.044967827664264914e+05
1.477360259162627044e+05
4.546216140490560210e+05
7.854007086372645199e+07
6.001425336799885554e+04
1.793707425505207793e+05
1.105104093083448894e+07
1.676681456031228183e+06
8.548428161288361996e+06
5.130823906813877329e+03
3.837539128148535639e+07
9.323643291470652446e+06
1.703867862715216819e+06
5.417803694404575974e+06
8.757963391557980503e+04
2.335381536082533747e+07
7.129820957693092350e+04
8.780394122541347519e+06
1.578829186222816861e+04
1.647209536397774704e+07
1.023632847141407365e+04
2.468413045668737218e+07
4.158224618629210163e+05
2.232490771037439481e+04
7.990350948513972759e+07
2.136797600444879208e+05
1.522937797159131849e+06
8.535627687423826501e+03
5.451037731140566617e+07
2.094892078916789591e+07
1.182960173948400654e+06
1.581424557218811242e+06
4.363216783192124421e+04
5.694015399178952910e+06
4.611566397941318573e+05
1.213148402081487030e+08
2.889930265902597457e+05
6.590219830617771549e+03
3.116942301630355883e+06
1.019190671223183163e+05
1.078542322018011473e+07
2.375445355961619953e+03
6.620131518309477717e+07
2.045318849992766045e+05
8.071297922407862497e+05
5.810484935624554753e+06
1.142628217253019102e+04
2.459054727083737403e+07
1.474736294866317767e+05
8.691903905062675476e+06
2.970543481626541507e+03
1.167370993158066086e+07
2.406093058986804448e+06
3.443488942636492993e+03
5.986772767656069994e+07
5.925962910119710723e+05
4.363402529755917494e+05
2.604445907357488977e+03
2.855138637471690029e+07
3.842693727607460693e+06
1.030331161836436251e+06
6.273473342644841410e+06
1.117795319871229876e+05
2.117722349540614709e+07
1.216185867031458765e+06
9.333569021297843754e+07
1.238419163307860254e+04
2.089045538897916558e+05
5.712893459416782716e+05
3.918749261287585978e+04
1.359912086923095956e+07
3.839056144665345528e+03
3.496857333525162935e+07
3.430333027571074199e+06
1.492756756919580046e+06
2.736439464723605852e+03
4.965274674000103027e+07
1.651555352452868223e+07
3.341100242890441677e+03
4.991793495194438100e+07
1.482853249713920741e+04
5.816201102626197040e+07
2.591043365068156163e+03
2.997174866729258560e+06
3.394030651513737394e+04
2.508040321390086774e+03
1.695982475572472513e+08
3.667909263383470941e+06
2.301042959367989388e+05
4.452368952690284459e+03
3.572235942638997734e+07
1.336958752942518040e+05
4.615526824608851224e+06
7.216166221101210685e+05
9.908371719103635405e+04
4.524025942056041956e+07
6.016447396308758471e+03
8.487987986923949420e+07
1.127848054128097137e+06
2.617716895988674834e+06
2.780749644988899236e+05
2.829502491705470253e+06
7.540463807359551080e+06
7.631252108063600645e+03
5.790160427322011441e+06
1.291331332713570009e+05
1.492534462675738148e+06
2.345176688290100174e+03
3.918978675166509300e+07
2.671968772608007118e+07
5.324649447012253106e+06
2.827484090608705766e+06
1.367896113710280952e+04
4.408710359072614461e+06
3.382763241294783540e+06
9.726487092907229438e+06
3.912838533459622795e+03
1.035049766875907197e+06
5.769871778884050995e+07
1.543037123195468739e+05
3.472449616002573166e+06
1.341839436370323785e+07
3.155316307808978949e+06
9.435335362393032483e+03
2.275858242733881623e+07
4.985492280827806826e+04
1.962815267633178970e+06
1.619576890700127482e+08
2.375083737713810478e+03
4.732617687773612887e+07
2.289513921276711699e+03
2.788533121083872858e+06
5.127021163372689043e+05
3.626807580528088874e+04
1.421074726132044010e+07
1.030682109883118028e+04
2.063647808519757539e+07
4.282503418503557914e+05
2.978192035559503711e+05
8.281579837175078865e+03
8.242709417485101521e+07
3.142729594824513793e+07
3.310270123826203417e+03
1.134973218367068097e+07
6.086231905190456018e+04
2.152497808787810616e+06
2.170331223285626766e+04
1.098981113209799677e+08
2.608469562717908957e+03
1.497407374710354779e+05
2.107901276109214500e+07
3.277099217158922693e+04
1.268295289341818541e+06
8.199718379944610206e+03
7.364785207129121758e+06
3.777962505899638018e+03
5.238974792373140901e+07
5.836108635709009832e+05
3.434794096442253795e+06
9.393226923623871803e+07
2.639819710208594643e+03
4.581931294834099710e+07
3.101836009038695011e+03
8.216312138750839513e+05
2.861412204328512889e+05
5.864275685742753922e+03
5.063752396616221406e+06
3.623759399775316007e+06
1.775402376506648585e+07
1.205785686929279240e+06
5.896043305751691805e+05
5.410695937760200351e+06
1.153890023331176490e+08
3.012549967804057058e+06
1.155337932027310853e+04
1.145794384509399533e+07
4.847994231155858724e+05
