1.596366694201522507e+07
1.100000000000000000e+03
1.125889692506349413e+06
1.887842945463755750e+05
9.948200962145374433e+03
6.877482950001289137e+06
1.738818848256980709e+05
1.214163029975516722e+07
2.128180939328135082e+03
5.034886899000751786e+06
3.539109077866379521e+05
8.135639687679026276e+06
7.162363645530287921e+07
1.362547586544154456e+03
2.020771210624478408e+05
2.026181192644569383e+05
7.463581608371321345e+05
9.592213501252640039e+06
2.437556293421741202e+07
6.907063559314171471e+03
1.305764894852022189e+04
1.125320669505131058e+07
2.488580379670945695e+04
5.513845837903920561e+06
2.005805568048505229e+05
5.371038682137516886e+07
3.966472404081642162e+05
5.565948464251255791e+04
6.380180976614366286e+06
2.329985921619241708e+05
8.687198793916804716e+06
1.210568187747467528e+04
1.464613112344680913e+07
2.371470455740944453e+04
2.158411777378115337e+06
3.519370693093771115e+05
8.516825628616975155e+04
2.689810908211693750e+05
1.778171708393791923e+05
2.385801227162617072e+07
1.033198185934159665e+04
8.787923782594718039e+06
4.531696183559506608e+04
2.275589798169544898e+06
8.761596754530179501e+07
2.366363006202601355e+03
8.788949656918106484e+04
6.403053873990893364e+06
7.845067998767207609e+05
4.057623806746424088e+04
6.757422425930528343e+07
1.238417068791068459e+03
5.308950074054109864e+05
1.806086212994076312e+07
1.191053210331685113e+04
1.741217437331710011e+06
7.725240172616206110e+04
4.936943106755946577e+07
1.292390140233563725e+05
5.778696585164618678e+06
3.683923799033596180e+06
1.476926957604814379e+05
3.212918714175928384e+06
2.247127537731272241e+03
2.501155370684857946e+06
9.479741177185407141e+05
1.385109695072718896e+07
1.359841860939633079e+03
8.438173945378575008e+05
2.401573025565904754e+04
1.435739548378576956e+03
1.451226689474571943e+08
3.391342880548273679e+05
2.127166362705586478e+06
1.446919809467639652e+03
5.567479175136256963e+06
3.449929291094465554e+07
3.420285207904879644e+04
9.828466910854419693e+06
6.001764123313831078e+04
8.485206497190515802e+04
2.611115501021238160e+05
4.510942510125657171e+07
3.446913706009777525e+04
1.030214384511899552e+05
6.347156269127240404e+06
9.630006151985526085e+05
4.909782683341135271e+06
2.946884490768280557e+03
2.204087441870489344e+07
5.355026855745740235e+06
9.786151055166417500e+05
3.111711095729697961e+06
5.030129070503453113e+04
1.341324464394227602e+07
4.095006802762720326e+04
5.043012142394440249e+06
9.067992445177285845e+03
9.460734423977762461e+06
5.879226838161330306e+03
1.417731002506449819e+07
2.388272889563773642e+05
1.282229238118384637e+04
4.589251495203499496e+07
1.227267944296322239e+05
8.746980711797515396e+05
4.902430741705447872e+03
3.130799037393969297e+07
1.203199542474017479e+07
6.794322029207671294e+05
9.082898937145814998e+05
2.506009970674124270e+04
3.270353061182324309e+06
2.648649367637397372e+05
6.967707869191429019e+07
1.659829071249229019e+05
3.785087339249736488e+03
1.790213247251731111e+06
5.853713237311971898e+04
6.194598955483861268e+06
1.364335086389229446e+03
3.802267092473060638e+07
1.174727199215558940e+05
4.635743323080448899e+05
3.337247243643489666e+06
6.562675767658688528e+03
1.412356059924386069e+07
8.470135779836807342e+04
4.992187858768899925e+06
1.706129205395786585e+03
6.704785697559627704e+06
1.381937569413963007e+06
1.977765041928509618e+03
3.438498014973787218e+07
3.403571923313977313e+05
2.506116654060261790e+05
1.495861364730154037e+03
1.639846528076103143e+07
2.207047981830057222e+06
5.917698553518491099e+05
3.603164254406940192e+06
6.420048225797331543e+04
1.216312089628880098e+07
6.985153524148397846e+05
5.360727690508059412e+07
7.112850278442718263e+03
1.199841587022965687e+05
3.281195659552689176e+05
2.250730415043448011e+04
7.810643885945726186e+06
2.204958739059170966e+03
2.008417133339836448e+07
1.970208952931445790e+06
8.573636155421151780e+05
1.571671755838486661e+03
2.851801425066178665e+07
9.485694582745790482e+06
1.918958176444222318e+03
2.867032488207375258e+07
8.516755443241941975e+03
3.340530319459326938e+07
1.488163625589886578e+03
1.721424919525178382e+06
1.949358713101672402e+04
1.440490895723513859e+03
9.740861398969492316e+07
2.106660668563489802e+06
1.321602131101759442e+05
2.557214445897600854e+03
2.051710775485349819e+07
7.678811601019788941e+04
2.650924035436437931e+06
4.144599133782065473e+05
5.690865147216744663e+04
2.598370578801843524e+07
3.455541613533032432e+03
4.875068918907067925e+07
6.477786022317759925e+05
1.503483546135067707e+06
1.597121271428668697e+05
1.625122428841042798e+06
4.330859185714297928e+06
4.383003371550156771e+03
3.325573879016861785e+06
7.416750888221034256e+04
8.572359410260020522e+05
1.346950302008116296e+03
2.250862178716114536e+07
1.534643066849132255e+07
3.058208030359423719e+06
1.623963161831253907e+06
7.856500078129184658e+03
2.532139168562550098e+06
1.942887285309878178e+06
5.586399861761214212e+06
2.247335593377039913e+03
5.944799822752096225e+05
3.313921110473962873e+07
8.862421025569961057e+04
1.994398580856120912e+06
7.706843766143698245e+06
1.812253326137746219e+06
5.419177104813114966e+03
1.307137309817426279e+07
2.863413390918658843e+04
1.127341334546648897e+06
9.302026550692245364e+07
1.364127391246031721e+03
2.718175076387710497e+07
1.314980437556684819e+03
1.601591704521896318e+06
2.944700388200596208e+05
2.083053950821695980e+04
8.161931001178705133e+06
5.919714220738054792e+03
1.185254421469940990e+07
2.459652316052108072e+05
1.710522146056236525e+05
4.756518567869812614e+03
4.734193374291852117e+07
1.805024157887708768e+07
1.901250922917495700e+03
6.518709344519709237e+06
3.495622288811373437e+04
1.236285346044640290e+06
1.246527952993451072e+04
6.311988984584536403e+07
1.498172347876948606e+03
8.600346940451067348e+04
1.210671364181402884e+07
1.882199239956263045e+04
7.284443562587177148e+05
4.709501507240663159e+03
4.229958326167860068e+06
2.169869657883695254e+03
3.009000862934980169e+07
3.351964194711464806e+05
1.972771164168372052e+06
5.394992157640300691e+07
1.516178279302681176e+03
2.631628470542682335e+07
1.781536960526658731e+03
4.719032118962630047e+05
1.643449746040301397e+05
3.368141916730905450e+03
2.908362024052673485e+06
2.081303230713474331e+06
1.019700894675507024e+07
6.925420175273164641e+05
3.386387623154124594e+05
3.107628761547140777e+06
6.627357858240064234e+07
1.730255596181445522e+06
6.635673909927240857e+03
6.580860623253936879e+06
2.784441499181925319e+05
