9.168718978006716818e+06
6.317840952483692263e+02
6.466538188450804446e+05
1.084281042973486619e+05
5.713741040198156043e+03
3.950076675593317952e+06
9.986891753153162426e+04
6.973535376155458391e+06
1.222318972071136614e+03
2.891783149239142891e+06
2.032684387950091623e+05
4.672697963042744435e+06
4.113697668755603582e+07
7.825780856342250900e+02
1.160628282734852546e+05
1.163735501458373474e+05
4.286701957961130538e+05
5.509279934834628366e+06
1.400008452233111858e+07
3.967066274222076572e+03
7.499649933646970567e+03
6.463270009523529559e+06
1.429314094202955857e+04
3.166872821853740606e+06
1.152032778230605472e+05
3.084851649398403987e+07
2.278140162854858208e+05
3.196797922441845003e+04
3.664451696210149210e+06
1.338225497665136645e+05
4.989485482052229345e+06
6.952888429386288408e+03
8.411993364287111908e+06
1.362052105716845836e+04
1.239682029040233698e+06
2.021347662890794745e+05
4.891631794694453129e+04
1.544890682757926406e+05
1.021291458167107921e+05
1.370282972495802678e+07
5.934165282842448505e+03
5.047336796452936716e+06
2.602775975700572963e+04
1.306983128902695375e+06
5.032215889538088441e+07
1.359118646275383298e+03
5.047926006526791753e+04
3.677588726005365141e+06
4.505808352511886042e+05
2.330492896003212081e+04
3.881120012343235314e+07
7.112838248602751037e+02
3.049191108413671027e+05
1.037324130924559943e+07
6.840804317109720614e+03
1.000066802977544023e+06
4.436985339120622666e+04
2.835529212722253427e+07
7.422832140503409028e+04
3.318989630702790339e+06
2.115858603942159563e+06
8.482717833257128950e+04
1.845337220856538741e+06
1.290635853030225007e+03
1.436536529948847601e+06
5.444681548015265726e+05
7.955366141102383845e+06
7.810240543587316324e+02
4.846458265117604169e+05
1.379341491936403327e+04
8.246158287133285967e+02
8.335108554636166990e+07
1.947814994058353768e+05
1.221736250822466565e+06
8.310372024740504457e+02
3.197677084979633335e+06
1.981464050768149644e+07
1.964437995970513293e+04
5.644971886320630088e+06
3.447108287765409477e+04
4.873471372566449281e+04
1.499692040365177381e+05
2.590856120433769003e+07
1.979732051955082352e+04
5.917027843915508856e+04
3.645483982627789024e+06
5.530986112698549405e+05
2.819929645873445086e+06
1.692540683455899398e+03
1.265915809373126924e+07
3.075655270080037881e+06
5.620667809411080088e+05
1.787208708445362514e+06
2.889050494355040428e+04
7.703886028834640980e+06
2.351963789017602176e+04
2.896449876099282876e+06
5.208194002450343760e+03
5.433765034943537787e+06
3.376729098825169331e+03
8.142726352037279867e+06
1.371702569762961066e+05
7.364473082778448770e+03
2.635832821603971347e+07
7.048803343768889317e+04
5.023821177416299470e+05
2.815707064241970784e+03
1.798171852040376514e+07
6.910566675865444355e+06
3.902313269135484006e+05
5.216755533851857181e+05
1.439324765459767150e+04
1.878324590819826582e+06
1.521249585784507508e+05
4.001897283720044792e+07
9.533214618601227994e+04
2.173961800058138124e+03
1.028207506105981767e+06
3.362075383162315120e+04
3.557862815015330911e+06
7.836047347000226182e+02
2.183828977191581577e+07
6.747036006545933196e+04
2.662535364705499960e+05
1.916745209495832678e+06
3.769267429344219181e+03
8.111855413526179269e+06
4.864815518450034142e+04
2.867258990602002479e+06
9.799139058252691257e+02
3.850888150697195437e+06
7.937147063472099835e+05
1.135927725116960346e+03
1.974898506730479747e+07
1.954838734712429869e+05
1.439386038974848052e+05
8.591467444845737873e+02
9.418445046243093908e+06
1.267616193063856335e+06
3.398825296897511580e+05
2.069474425910684979e+06
3.687349417987513880e+04
6.985878482598503120e+06
4.011917181295502814e+05
3.078929539836831018e+07
4.085259707093675843e+03
6.891280286351562245e+04
1.884552028275792545e+05
1.292705162651101091e+04
4.486036891626751982e+06
1.266416238196803079e+03
1.153532728607665375e+07
1.131587891616391251e+06
4.924260874037689646e+05
9.026883802634855556e+02
1.637929802875859663e+07
5.448100881602187641e+06
1.102152050294793980e+03
1.646677751463433914e+07
4.891591483782030991e+03
1.918630841390324011e+07
8.547255543407629830e+02
9.886989866547377314e+05
1.119612573519513899e+04
8.273447611529028336e+02
5.594655732625185698e+07
1.209958822257917142e+06
7.590610969785833731e+04
1.468734013688614141e+03
1.178398396364855953e+07
4.410319127211789601e+04
1.522556039363968885e+06
2.380447103548797022e+05
3.268543716558916640e+04
1.492372004771185480e+07
1.984687483544596944e+03
2.799991823822861165e+07
3.720511073929598206e+05
8.635245381052304292e+05
9.173052886104422214e+04
9.333877303392458707e+05
2.487425411176905967e+06
2.517374381423061550e+03
1.910040622123888694e+06
4.259804772361149662e+04
4.923527576504518511e+05
7.736197980897412663e+02
1.292780841008121334e+07
8.814209831986013800e+06
1.756479266856295988e+06
9.327219062856724486e+05
4.512374357890535066e+03
1.454332048775680363e+06
1.115895714290055912e+06
3.208544165780385025e+06
1.290755349619245408e+03
3.414390888590998948e+05
1.903347864095694199e+07
5.090124226681674190e+04
1.145481184518923517e+06
4.426419378194209188e+06
1.040866207286166959e+06
3.112499912868209776e+03
7.507532387712635100e+06
1.644599125912372619e+04
6.474875682569487253e+05
5.342611298459462076e+07
7.834854451653566230e+02
1.561181619420251250e+07
7.552579327373224487e+02
9.198728781805997714e+05
1.691286245942577370e+05
1.196400323339478200e+04
4.687798357326639816e+06
3.399982993707179048e+03
6.807499020977417007e+06
1.412699284656851669e+05
9.824369876803983061e+04
2.731902527212453151e+03
2.719080070643456280e+07
1.036714140447759628e+07
1.091981903795960761e+03
3.744015350376794580e+06
2.007707786424297228e+04
7.100594716542091919e+05
7.159423045306992208e+03
3.625285681675830483e+07
8.604740557541481394e+02
4.939602191449961538e+04
6.953481022385967895e+06
1.081039585357214310e+04
4.183814168706315104e+05
2.704898317111702909e+03
2.429473085487516131e+06
1.246262853284489893e+03
1.728217170719034970e+07
1.925197878237010154e+05
1.133059495532897301e+06
3.098609308351658657e+07
8.708157476586123948e+02
1.511473647537871078e+07
1.023224287961695154e+03
2.710372216115272604e+05
9.439140098983944335e+04
1.934489539572675540e+03
1.670415336382576497e+06
1.195394798685291084e+06
5.856643701513797976e+06
3.977609381499780575e+05
1.944968946049730876e+05
1.784864023165336577e+06
3.806417534868516773e+07
9.937708785290201195e+05
3.811193852315082040e+03
3.779711886198279448e+06
1.599241684847877768e+05
