4.277358648304954171e+06
2.947377021974805871e+02
3.016746735428631073e+05
5.058349925961010013e+04
2.665554447801357583e+03
1.842775928714300273e+06
4.659049744299383747e+04
3.253269286801041570e+06
5.702319635618640632e+02
1.349064541305163875e+06
9.482807976696192054e+04
2.179890679502859246e+06
1.919107821078516170e+07
3.650855861752244778e+02
5.414522393511635164e+04
5.429018081416465429e+04
1.999817175831581699e+05
2.570169969406230375e+06
6.531270371819380671e+06
1.850701856731100634e+03
3.498710406534726189e+03
3.015222076047934592e+06
6.667986025799531490e+03
1.477398411395403324e+06
5.374422947104807099e+04
1.439134181442723796e+07
1.062789965644309123e+05
1.491358964457282855e+04
1.709527164228542009e+06
6.243042697186677105e+04
2.327677282774331048e+06
3.243637145545971634e+03
3.924333666734288912e+06
6.354197754129982968e+03
5.783321160549143096e+05
9.429920284214662388e+04
2.282026923450164031e+04
7.207169876654846303e+04
4.764493122223225510e+04
6.392596105398538522e+06
2.768385993062177931e+03
2.354665875244144816e+06
1.214237927454019336e+04
6.097291893241093494e+05
2.347611722737389803e+07
6.340512681938884043e+02
2.354940751463071138e+04
1.715655805333411321e+06
2.102033923217849515e+05
1.087213379256577355e+04
1.810606507814989984e+07
3.318256374705625262e+02
1.422497950825320731e+05
4.839288185349305160e+06
3.191348058255394790e+03
4.665476604593944503e+05
2.069926852182335642e+04
1.322821151968126372e+07
3.462873638864730310e+04
1.548363412007134175e+06
9.870829414525231114e+05
3.957327798163262196e+04
8.608802537849973887e+05
6.021029154687250866e+02
6.701679879950389732e+05
2.540033756354969810e+05
3.711309534701692872e+06
3.643606049502667474e+02
2.260952726730482245e+05
6.434855592861328660e+03
3.846968867665003131e+02
3.888465634758109599e+07
9.086878254332573852e+04
5.699601144869247219e+05
3.876925635513713928e+02
1.491769108283622889e+06
9.243856654554236680e+06
9.164427300344696050e+03
2.633472503117456567e+06
1.608132878942541174e+04
2.273554786957332544e+04
6.996310754029300006e+04
1.208677118344883248e+07
9.235776594384764394e+03
2.760391095107536603e+04
1.700678412955360720e+06
2.580296259439832938e+05
1.315543696706315270e+06
7.895981485913052893e+02
5.905706073265737854e+06
1.434843918789362768e+06
2.622134250324727618e+05
8.337623438707052264e+05
1.347789712724487981e+04
3.593989913971100468e+06
1.097229905026669076e+04
1.351241646366664674e+06
2.429708415305151902e+03
2.534941022930737119e+06
1.575299826343117957e+03
3.798716163753469475e+06
6.399218760823309276e+04
3.435648175758535672e+03
1.229659491366028786e+07
3.288383035295669833e+04
2.343695451055348385e+05
1.313573792720503889e+03
8.388768312032569200e+06
3.223893349398653489e+06
1.820493511707629659e+05
2.433702510932996811e+05
6.714687458549701660e+03
8.762694060248864116e+05
7.096880259493242193e+04
1.866951097226168588e+07
4.447401877277964377e+04
1.014189040897493669e+03
4.796757626713322243e+05
1.568463626262096477e+04
1.659801692885660799e+06
3.655645348997842916e+02
1.018792241796913929e+07
3.147603594597053598e+04
1.242116668201858702e+05
8.941932584148708265e+05
1.758425432751644621e+03
3.784314361698188819e+06
2.269516688227060149e+04
1.337623616756096715e+06
4.571460015003341368e+02
1.796502845659324434e+06
3.702810034449480008e+05
5.299290217677389592e+02
9.213227308581566438e+06
9.119645163103830419e+04
6.714973309605091345e+04
4.008061285877755040e+02
4.393859978560608812e+06
5.913638643674345221e+05
1.585608067237631767e+05
9.654439572581818793e+05
1.720209329153197905e+04
3.259027549565747380e+06
1.871625544731029659e+05
1.436371419642502256e+07
1.905841042857197181e+03
3.214895930546612362e+04
8.791746083244604233e+04
6.030682825417161439e+03
2.092810210569494637e+06
5.908040656277765947e+02
5.381420463042130694e+06
5.279044178508350160e+05
2.297248927205520158e+05
4.211190199313775793e+02
7.641212719522783533e+06
2.541628931877803523e+06
5.141721123074887601e+02
7.682023342725156806e+06
2.282008117744559513e+03
8.950729367985980585e+06
3.987435704547590944e+02
4.612443866239400231e+05
5.223177344165679642e+03
3.859699787653992189e+02
2.609999187414913252e+07
5.644657497838283889e+05
3.541145230365691532e+04
6.851886452818749831e+02
5.497422904912391677e+06
2.057486624447209033e+04
7.102975080950985430e+05
1.110517841109631408e+05
1.524829560914900503e+04
6.962161580487210304e+06
9.258894500186368077e+02
1.306242373830022849e+07
1.735679788677176693e+05
4.028484415268815355e+05
4.279380487923677720e+04
4.354407731510887970e+05
1.160424986307531130e+06
1.174396674958639551e+03
8.910654578085383400e+05
1.987269195059446429e+04
2.296906831809989526e+05
3.609063972618861271e+02
6.031035877436386421e+06
4.111974283785526175e+06
8.194265524636541959e+05
4.351301552468173904e+05
2.105097073038293274e+03
6.784698910785136977e+05
5.205837582735767355e+05
1.496838780738021480e+06
6.021586625986911940e+02
1.592869672529039090e+05
8.879431757861992344e+06
2.374626917257390960e+04
5.343858681704084156e+05
2.064997657116519287e+06
4.855812555868916097e+05
1.452032552430739088e+03
3.502387701383495703e+06
7.672326211644198338e+03
3.020636313968368922e+05
2.492416301209989935e+07
3.655088843640900222e+02
7.283169783499773592e+06
3.523402841819044511e+02
4.291358716812091297e+05
7.890129327984298288e+04
5.581404863805186324e+03
2.186935262528903782e+06
1.586148151896439913e+03
3.175810588213223964e+06
6.590475198526452004e+04
4.583230608059258520e+04
1.274477593775999821e+03
1.268495706270288862e+07
4.836442479152415879e+06
5.094275712014018040e+02
1.746644921360894572e+06
9.366288010496018615e+03
3.312544565032858518e+05
3.339988950820171794e+03
1.691255572374777496e+07
4.014253411900512560e+02
2.304405904845163968e+04
3.243913599955599289e+06
5.043227991477758223e+03
1.951818324931067473e+05
1.261879684308804144e+03
1.133389270405287622e+06
5.814021791206124590e+02
8.062418184106294066e+06
8.981365678158959781e+04
5.285909453531225445e+05
1.445552356287573092e+07
4.062499110576383714e+02
7.051273894956549630e+06
4.773510092050100866e+02
1.264433348490139615e+05
4.403514562045013736e+04
9.024712811020774552e+02
7.792763092069989070e+05
5.576713925424384652e+05
2.732220896594310179e+06
1.855620390192805498e+05
9.073600970894859347e+04
8.326685095101878978e+05
1.775756569798266515e+07
4.636105078480464872e+05
1.777984800676115356e+03
1.763297944163405104e+06
7.460726267019897932e+04
