6.948589624321533367e+06
4.788028098128681904e+02
4.900719530103511643e+05
8.217313697940432758e+04
4.330205975689349543e+03
2.993598328091555275e+06
7.568648639100161381e+04
5.284951548392574303e+06
9.263445577640911779e+02
2.191561813028689940e+06
1.540486700651501305e+05
3.541242856441639364e+06
3.117599853074036166e+07
5.930832844918940054e+02
8.795917578508651059e+04
8.819465892983711092e+04
3.248712586687122239e+05
4.175253433386086021e+06
1.061008002152154408e+07
3.006474036141541546e+03
5.683671823728660456e+03
4.898242713632316329e+06
1.083217525665112043e+04
2.400040800057623535e+06
8.730775835635641124e+04
2.337880375110043585e+07
1.726507392835902283e+05
2.422719785415563456e+04
2.777135071561425459e+06
1.014185278268834809e+05
3.781322901754841674e+06
5.269304088759628939e+03
6.375098849812756293e+06
1.032242470542697629e+04
9.395032943107532337e+05
1.531895069660326408e+05
3.707163674243686546e+04
1.170808200651874504e+05
7.739941911897233513e+04
1.038480301109500043e+07
4.497256313807581137e+03
3.825165999570618384e+06
1.972535332642311914e+04
9.905079903137052897e+05
3.813706495014870167e+07
1.030019324006392026e+03
3.825612537305666774e+04
2.787091078409100417e+06
3.414764182711594622e+05
1.766183345303431270e+04
2.941338949661841244e+07
5.390523384157996816e+02
2.310854738739402383e+05
7.861446850416782312e+06
5.184360215849526867e+03
7.579089104450768791e+05
3.362606091934442520e+04
2.148929301273652911e+07
5.625454822893428354e+04
2.515323783666223753e+06
1.603520969194347272e+06
6.428697974450509355e+04
1.398504098225256428e+06
9.781190718850956500e+02
1.088691108420414384e+06
4.126297010850108927e+05
6.029040126362389885e+06
5.919055490173235512e+02
3.672928540669998038e+05
1.045345375101587524e+04
6.249419362937463802e+02
6.316831059962289035e+07
1.476167727495799772e+05
9.259029376389577519e+05
6.298084275881871008e+02
2.423386066027154215e+06
1.501668943847042322e+07
1.488765607187496789e+04
4.278088702790815383e+06
2.612419569160661922e+04
3.693400647906567610e+04
1.136554035122639907e+05
1.963501771593161300e+07
1.500356334199971025e+04
4.484268563763019483e+04
2.762760232708622236e+06
4.191703640078069875e+05
2.137107040322090499e+06
1.282705976703469105e+03
9.593847820371337235e+06
2.330910822867663112e+06
4.259669656788041466e+05
1.354450923601143993e+06
2.189490847889494762e+04
5.838453840206333436e+06
1.782455239423273088e+04
2.195098530635336414e+06
3.947072965557041698e+03
4.118023840994436294e+06
2.559082117853517957e+03
6.171032614171842113e+06
1.039556154657302395e+05
5.581226927593598703e+03
1.997587737128492817e+07
5.341994001112197293e+04
3.807344492897829623e+05
2.133906921855956170e+03
1.362759432785141468e+07
5.237230197291973047e+06
2.957400434871001053e+05
3.953561393047027523e+05
1.090804195798031105e+04
1.423503849794737995e+06
1.152891599485329498e+05
3.032871005203717202e+07
7.224825664756493643e+04
1.647554957654442660e+03
7.792355754075889708e+05
2.547976678057957542e+04
2.696355805045028217e+06
5.938613389904048745e+02
1.655032879577369243e+07
5.113297124981914385e+04
2.017824480601965333e+05
1.452621233906138688e+06
2.856570543132547300e+03
6.147636817709342577e+06
3.686840737165793689e+04
2.172975976265668403e+06
7.426358704066352630e+02
2.918427482895164751e+06
6.015232647467009956e+05
8.608722356591231346e+02
1.496693191914017312e+07
1.481490727529927681e+05
1.090850632438979228e+05
6.511114768393722443e+02
7.137846593679224141e+06
9.606734319018649403e+05
2.575827904591090337e+05
1.568368335661210353e+06
2.794488299678074327e+04
5.294305873851535842e+06
3.040464667578646913e+05
2.333392255324460566e+07
3.096047908269650634e+03
5.222613847244790668e+04
1.428223364854195388e+05
9.796873153218963125e+03
3.399780217307739425e+06
9.597640361663362683e+02
8.742143333812905475e+06
8.575832568927684333e+05
3.731891892298949533e+05
6.841098661809014629e+02
1.241318668500025570e+07
4.128888381132170092e+06
8.352750607226103057e+02
1.247948373798609339e+07
3.707133124284801397e+03
1.454050275656549074e+07
6.477608412670389271e+02
7.492937166823145235e+05
8.485076628784341665e+03
6.270100803475215798e+02
4.239956188931181282e+07
9.169773158458676189e+05
5.752607398419972742e+04
1.113092238172571115e+03
8.930589856597494334e+06
3.342396882356294373e+04
1.153881706152212573e+06
1.804041555275302380e+05
2.477092929775908487e+04
1.131006485514010303e+07
1.504111849077189390e+03
2.121996996730986983e+07
2.819620135320242262e+05
6.544292239971685922e+05
6.951874112472246634e+04
7.073756229263675632e+05
1.885115951839887537e+06
1.907813027015899934e+03
1.447540106830502627e+06
3.228328331783924659e+04
3.731336156689345371e+05
5.862941720725250434e+02
9.797446687916273251e+06
6.679921931520016864e+06
1.331162361753063044e+06
7.068710226521763252e+05
3.419740284275701924e+03
1.102177589768153615e+06
8.456908103236958850e+05
2.431621773226807360e+06
9.782096333649055850e+02
2.587624417189767701e+05
1.442467944721012563e+07
3.857592807988671120e+04
8.681124040006431751e+05
3.354598590925808996e+06
7.888290769522446208e+05
2.358833840598257666e+03
5.689645606834703125e+06
1.246373070206951525e+04
4.907038169082946843e+05
4.048942226750317961e+07
5.937709344284525059e+02
1.183154421943403222e+07
5.723784803191778110e+02
6.971332802709680982e+05
1.281755290843171970e+05
9.067018951320220367e+03
3.552686815330109559e+06
2.576705274707794615e+03
5.159119521299393848e+06
1.070625854625889333e+05
7.445480088898757822e+04
2.070394959293769261e+03
2.060677354371275008e+07
7.856823987061283551e+06
8.275675309565507405e+02
2.837433045917670242e+06
1.521557976297613641e+04
5.381244521969526540e+05
5.425828058214066004e+03
2.747452783024498820e+07
6.521173906794771256e+02
3.743518436775886948e+04
5.269753190273036249e+06
8.192748042897306732e+03
3.170738223354545771e+05
2.049929594986152097e+03
1.841196301782280207e+06
9.444906264749093907e+02
1.309743698093285039e+07
1.459027158927252167e+05
8.586985241105633322e+05
2.348306730905967578e+07
6.599549275521485470e+02
1.145482823708524741e+07
7.754590022596737526e+02
2.054078034687709587e+05
7.153530510821282223e+04
1.466068921435688253e+03
1.265938099154055119e+06
9.059398499438288854e+05
4.438505941266621463e+06
3.014464217323197518e+05
1.474010826437922951e+05
1.352673984440049855e+06
2.884725058327940851e+07
7.531374919510141481e+05
2.888344830068276679e+03
2.864485961273498368e+06
1.211998557788964536e+05
