5.186610691313873976e+07
3.573910543967436297e+03
3.658026403084269725e+06
6.133619825588598615e+05
3.232180028374395260e+04
2.234500802815079316e+07
5.649439105304487748e+05
3.944827322659044713e+07
6.914480271395767886e+03
1.635839579638390429e+07
1.149859931785229361e+06
2.643277132883273810e+07
2.327058813862703741e+08
4.426930169279577967e+03
6.565505033269694541e+05
6.583082116709946422e+05
2.424924818719972856e+06
3.116519361101236939e+07
7.919643762340129912e+07
2.244111571135105987e+04
4.242442659685611579e+04
3.656177641898983717e+07
8.085421507651344291e+04
1.791453797990525886e+07
6.516881517088314286e+05
1.745055616195293963e+08
1.288710686118476791e+06
1.808381991233356530e+05
2.072926914976594225e+07
7.570146593246083939e+05
2.822479215192769468e+07
3.933147645802022453e+04
4.758542040946925431e+07
7.704930242254384211e+04
7.012700553995582275e+06
1.143446911652528448e+06
2.767124810476935818e+05
8.739221423760361504e+05
5.777296925102875102e+05
7.751491055969932675e+07
3.356870809743746213e+04
2.855204860563405231e+07
1.472352433861846512e+05
7.393413066748060286e+06
2.846651183909661770e+08
7.688336089747233018e+03
2.855538168114418513e+05
2.080358341258871928e+07
2.548870112630512565e+06
1.318325864216757473e+05
2.195493023461375237e+08
4.023628927256041152e+03
1.724882967914425768e+06
5.867991418121587485e+07
3.869743297118794726e+04
5.657232144199779257e+06
2.509937937053988571e+05
1.604017547654766142e+08
4.198987953727533459e+05
1.877504059646222368e+07
1.196910373503522202e+07
4.798549842230538488e+05
1.043880369954876974e+07
7.300938909761251125e+03
8.126277773992177099e+06
3.079976995202290826e+06
4.500234676156282425e+07
4.418139240854959098e+03
2.741570803201798815e+06
7.802733780161604227e+04
4.664731554855673494e+03
4.715049424727389812e+08
1.101850552636397537e+06
6.911183902223959565e+06
4.701056330301591515e+03
1.808879320667144656e+07
1.120885333580419272e+08
1.111253942537009425e+05
3.193278320339787751e+07
1.949978916610616143e+05
2.756851724368198193e+05
8.483539291469652671e+05
1.465609545469910800e+08
1.119905567095837760e+05
3.347176410321818548e+05
2.062197155858441442e+07
3.128798229550213553e+06
1.595193100052873977e+07
9.574455957646241586e+03
7.161101225751958787e+07
1.739853358452589810e+07
3.179529858265209943e+06
1.010997917709893733e+07
1.634293756599037151e+05
4.357976041981821507e+07
1.330471635455642245e+05
1.638479479005390778e+07
2.946199437494195809e+04
3.073801682866346464e+07
1.910166435207373434e+04
4.606221616697567701e+07
7.759521510803224519e+05
4.165975085358751676e+04
1.491052209784191549e+08
3.987405314903514809e+05
2.841902417615721002e+06
1.592804447168290790e+04
1.017199608253218681e+08
3.909206846676987410e+07
2.207481739935956430e+06
2.951042571023277007e+06
8.142050415890707518e+04
1.062540844350517355e+07
8.605487183883615071e+05
2.263814965544374883e+08
5.392800562655724352e+05
1.229778504689298279e+04
5.816420000275585800e+06
1.901877041835546552e+05
2.012631138423039764e+07
4.432737773410172849e+03
1.235360222979079783e+08
3.816699930510746199e+05
1.506157449225805234e+06
1.084274828353066370e+07
2.132219647515906763e+04
4.588758376727333665e+07
2.751955233854055405e+05
1.621966620538217202e+07
5.543230142304350011e+03
2.178391299959128723e+07
4.489928409484812059e+06
6.425777578944090237e+03
1.117171301011447012e+08
1.105823780353031820e+06
8.142397031234874157e+05
4.860067912475105913e+03
5.327877088345070183e+07
7.170720048458629288e+06
1.922665932403689018e+06
1.170671520042866282e+07
2.085879822450592183e+05
3.951809638072472811e+07
2.269483075562295970e+06
1.741705565131359696e+08
2.310971873435286034e+04
3.898296817229090375e+05
1.066063614954140037e+06
7.312644692683620087e+04
2.537685685377838090e+07
7.163932078669739894e+03
6.525366517752812058e+07
6.401227773364305496e+06
2.785582605090917088e+06
5.106376599860892384e+03
9.265530165768523514e+07
3.081911262375451624e+07
6.234713509296845587e+03
9.315016035910484195e+07
2.767102007181312001e+04
1.085341502832599580e+08
4.835057884222275788e+03
5.592926064126663841e+06
6.333485144298963132e+04
4.680168727923057304e+03
3.164815205554769039e+08
6.844560705400494859e+06
4.293897992067647283e+05
8.308414246708436622e+03
6.666027976071542501e+07
2.494853249638553825e+05
8.612877601366356015e+06
1.346584231340184109e+06
1.848967541266792687e+05
8.442130917013344169e+07
1.122708782520359273e+04
1.583914564713627100e+08
2.104638887884210795e+06
4.884832452921518125e+06
5.189062319957814761e+05
5.280038348793610930e+06
1.407100300751141272e+07
1.424041996711629690e+04
1.080482140996458940e+07
2.409709472853909247e+05
2.785167789364250842e+06
4.376254442315390406e+03
7.313072794119124115e+07
4.986070034398760647e+07
9.936147204861300066e+06
5.276271879166739993e+06
2.552584406173352545e+04
8.226944430289668031e+06
6.312459413372037932e+06
1.815026669887875393e+07
7.301614884548652299e+03
1.931471160755405668e+06
1.076696145327197313e+08
2.879409086214834824e+05
6.479820106359438039e+06
2.503960926957333460e+07
5.888028427839770913e+06
1.760695835865319532e+04
4.246901649063389748e+07
9.303257554128859192e+04
3.662742801987808663e+06
3.022237342707641721e+08
4.432062969899076961e+03
8.831376878046844900e+07
4.272384046267953636e+03
5.203586799928712659e+06
9.567359787468285067e+05
6.767862253176985541e+04
2.651819205840660632e+07
1.923320824615428137e+04
3.850902976523132622e+07
7.991433951665958157e+05
5.557502848618355347e+05
1.545397442026073804e+04
1.538143965232947767e+08
5.864540790900749713e+07
6.177182472856960885e+03
2.117934914494367689e+07
1.135731032337322686e+05
4.016702939619427547e+06
4.049981267775854212e+04
2.050771271401180327e+08
4.867576318870796968e+03
2.794260964750559069e+05
3.933482867024868727e+07
6.115283372297439200e+04
2.366722695933274925e+06
1.530121553959812627e+04
1.374317514766742103e+07
7.049927317586864774e+03
9.776272646227672696e+07
1.089056379861874506e+06
6.409552422232962213e+06
1.752838123346572518e+08
4.926077762667506249e+03
8.550186126070354879e+07
5.788230661539930225e+03
1.533218058843775885e+06
5.339583978049125290e+05
1.094312537253024857e+04
9.449296094033021480e+06
6.762174146763977595e+06
3.313017981067111343e+07
2.250075653255779296e+06
1.100240584759213729e+06
1.009671563420890085e+07
2.153234920746328235e+08
5.621617017228663899e+06
2.155936813910780984e+04
2.138127924529759958e+07
9.046677120897071436e+05
