1.037322138262774795e+08
7.147821087934872594e+03
7.316052806168539450e+06
1.226723965117719723e+06
6.464360056748790521e+04
4.469001605630158633e+07
1.129887821060897550e+06
7.889654645318089426e+07
1.382896054279153577e+04
3.271679159276780859e+07
2.299719863570458721e+06
5.286554265766547620e+07
4.654117627725407481e+08
8.853860338559155934e+03
1.313101006653938908e+06
1.316616423341989284e+06
4.849849637439945713e+06
6.233038722202473879e+07
1.583928752468025982e+08
4.488223142270211974e+04
8.484885319371223159e+04
7.312355283797967434e+07
1.617084301530268858e+05
3.582907595981051773e+07
1.303376303417662857e+06
3.490111232390587926e+08
2.577421372236953583e+06
3.616763982466713060e+05
4.145853829953188449e+07
1.514029318649216788e+06
5.644958430385538936e+07
7.866295291604044905e+04
9.517084081893850863e+07
1.540986048450876842e+05
1.402540110799116455e+07
2.286893823305056896e+06
5.534249620953871636e+05
1.747844284752072301e+06
1.155459385020575020e+06
1.550298211193986535e+08
6.713741619487492426e+04
5.710409721126810461e+07
2.944704867723693023e+05
1.478682613349612057e+07
5.693302367819323540e+08
1.537667217949446604e+04
5.711076336228837026e+05
4.160716682517743856e+07
5.097740225261025131e+06
2.636651728433514945e+05
4.390986046922750473e+08
8.047257854512082304e+03
3.449765935828851536e+06
1.173598283624317497e+08
7.739486594237589452e+04
1.131446428839955851e+07
5.019875874107977143e+05
3.208035095309532285e+08
8.397975907455066917e+05
3.755008119292444736e+07
2.393820747007044405e+07
9.597099684461076977e+05
2.087760739909753948e+07
1.460187781952250225e+04
1.625255554798435420e+07
6.159953990404581651e+06
9.000469352312564850e+07
8.836278481709918196e+03
5.483141606403597631e+06
1.560546756032320845e+05
9.329463109711346988e+03
9.430098849454779625e+08
2.203701105272795074e+06
1.382236780444791913e+07
9.402112660603183031e+03
3.617758641334289312e+07
2.241770667160838544e+08
2.222507885074018850e+05
6.386556640679575503e+07
3.899957833221232286e+05
5.513703448736396385e+05
1.696707858293930534e+06
2.931219090939821601e+08
2.239811134191675519e+05
6.694352820643637097e+05
4.124394311716882885e+07
6.257596459100427106e+06
3.190386200105747953e+07
1.914891191529248317e+04
1.432220245150391757e+08
3.479706716905179620e+07
6.359059716530419886e+06
2.021995835419787467e+07
3.268587513198074303e+05
8.715952083963643014e+07
2.660943270911284490e+05
3.276958958010781556e+07
5.892398874988391617e+04
6.147603365732692927e+07
3.820332870414746867e+04
9.212443233395135403e+07
1.551904302160644904e+06
8.331950170717503352e+04
2.982104419568383098e+08
7.974810629807029618e+05
5.683804835231442004e+06
3.185608894336581579e+04
2.034399216506437361e+08
7.818413693353974819e+07
4.414963479871912859e+06
5.902085142046554014e+06
1.628410083178141504e+05
2.125081688701034710e+07
1.721097436776723014e+06
4.527629931088749766e+08
1.078560112531144870e+06
2.459557009378596558e+04
1.163284000055117160e+07
3.803754083671093103e+05
4.025262276846079528e+07
8.865475546820345699e+03
2.470720445958159566e+08
7.633399861021492397e+05
3.012314898451610468e+06
2.168549656706132740e+07
4.264439295031813526e+04
9.177516753454667330e+07
5.503910467708110809e+05
3.243933241076434404e+07
1.108646028460870002e+04
4.356782599918257445e+07
8.979856818969624117e+06
1.285155515788818047e+04
2.234342602022894025e+08
2.211647560706063639e+06
1.628479406246974831e+06
9.720135824950211827e+03
1.065575417669014037e+08
1.434144009691725858e+07
3.845331864807378035e+06
2.341343040085732564e+07
4.171759644901184365e+05
7.903619276144945621e+07
4.538966151124591939e+06
3.483411130262719393e+08
4.621943746870572068e+04
7.796593634458180750e+05
2.132127229908280075e+06
1.462528938536724017e+05
5.075371370755676180e+07
1.432786415733947979e+04
1.305073303550562412e+08
1.280245554672861099e+07
5.571165210181834176e+06
1.021275319972178477e+04
1.853106033153704703e+08
6.163822524750903249e+07
1.246942701859369117e+04
1.863003207182096839e+08
5.534204014362624002e+04
2.170683005665199161e+08
9.670115768444551577e+03
1.118585212825332768e+07
1.266697028859792626e+05
9.360337455846114608e+03
6.329630411109538078e+08
1.368912141080098972e+07
8.587795984135294566e+05
1.661682849341687324e+04
1.333205595214308500e+08
4.989706499277107650e+05
1.722575520273271203e+07
2.693168462680368219e+06
3.697935082533585373e+05
1.688426183402668834e+08
2.245417565040718546e+04
3.167829129427254200e+08
4.209277775768421590e+06
9.769664905843036249e+06
1.037812463991562952e+06
1.056007669758722186e+07
2.814200601502282545e+07
2.848083993423259381e+04
2.160964281992917880e+07
4.819418945707818493e+05
5.570335578728501685e+06
8.752508884630780813e+03
1.462614558823824823e+08
9.972140068797521293e+07
1.987229440972260013e+07
1.055254375833347999e+07
5.105168812346705090e+04
1.645388886057933606e+07
1.262491882674407586e+07
3.630053339775750786e+07
1.460322976909730460e+04
3.862942321510811336e+06
2.153392290654394627e+08
5.758818172429669648e+05
1.295964021271887608e+07
5.007921853914666921e+07
1.177605685567954183e+07
3.521391671730639064e+04
8.493803298126779497e+07
1.860651510825771838e+05
7.325485603975617327e+06
6.044474685415283442e+08
8.864125939798153922e+03
1.766275375609368980e+08
8.544768092535907272e+03
1.040717359985742532e+07
1.913471957493657013e+06
1.353572450635397108e+05
5.303638411681321263e+07
3.846641649230856274e+04
7.701805953046265244e+07
1.598286790333191631e+06
1.111500569723671069e+06
3.090794884052147609e+04
3.076287930465895534e+08
1.172908158180149943e+08
1.235436494571392177e+04
4.235869828988735378e+07
2.271462064674645371e+05
8.033405879238855094e+06
8.099962535551708424e+04
4.101542542802360654e+08
9.735152637741593935e+03
5.588521929501118138e+05
7.866965734049737453e+07
1.223056674459487840e+05
4.733445391866549850e+06
3.060243107919625254e+04
2.748635029533484206e+07
1.409985463517372955e+04
1.955254529245534539e+08
2.178112759723749012e+06
1.281910484446592443e+07
3.505676246693145037e+08
9.852155525335012499e+03
1.710037225214070976e+08
1.157646132307986045e+04
3.066436117687551770e+06
1.067916795609825058e+06
2.188625074506049714e+04
1.889859218806604296e+07
1.352434829352795519e+07
6.626035962134222686e+07
4.500151306511558592e+06
2.200481169518427458e+06
2.019343126841780171e+07
4.306469841492656469e+08
1.124323403445732780e+07
4.311873627821561968e+04
4.276255849059519917e+07
1.809335424179414287e+06
