1.111774339891445488e+08
7.660844957005891956e+03
7.841151248165619560e+06
1.314770191670469474e+06
6.928329561102959269e+04
4.789757324946489185e+07
1.210983782256025821e+06
8.455922477428118885e+07
1.482151292422546067e+04
3.506498900845903903e+07
2.464778721042402554e+06
5.665988570306623727e+07
4.988159764918458462e+08
9.489332551870304087e+03
1.407346812561384402e+06
1.411114542877394008e+06
5.197940138699396513e+06
6.680405493417738378e+07
1.697612803443447351e+08
4.810358457826467202e+04
9.093874917965858185e+04
7.837188341811707616e+07
1.733148041064179270e+05
3.840065280092198402e+07
1.396924133701702813e+06
3.740608600176069736e+08
2.762411828537444118e+06
3.876351656664902112e+05
4.443416114498281479e+07
1.622696445230135927e+06
6.050116642807747424e+07
8.430886542015407758e+04
1.020015815970041156e+08
1.651587952868316206e+05
1.503205270897205360e+07
2.451032111456522718e+06
5.931461878789899638e+05
1.873293121042999439e+06
1.238390705903557595e+06
1.661568481775200367e+08
7.195610102092129819e+04
6.120265599312990159e+07
3.156056532227699645e+05
1.584812784501928650e+07
6.101930392023792267e+08
1.648030918410227241e+04
6.120980059689068003e+05
4.459345725454561412e+07
5.463622692338551395e+06
2.825893352485490614e+05
4.706142319458946586e+08
8.624837414652796724e+03
3.697367581983044278e+06
1.257831496066685468e+08
8.294976345359244442e+04
1.212654256712123007e+07
5.380169747095108032e+05
3.438286882037845254e+08
9.000727716629486531e+05
4.024518053865958005e+07
2.565633550710955635e+07
1.028591675912081613e+06
2.237606557160410658e+07
1.564990515016153222e+04
1.741905773472663388e+07
6.602075217360175215e+06
9.646464202179825306e+07
9.470488784277178638e+03
5.876685665071996860e+06
1.672552600162540330e+05
9.999070980699943902e+03
1.010692969593966365e+09
2.361868363993280102e+06
1.481444700222332589e+07
1.007693484141099361e+04
3.877417705643447489e+07
2.402670310155268013e+08
2.382024971499995154e+05
6.844941924465306103e+07
4.179871310657059657e+05
5.909441036650508177e+05
1.818486456196224084e+06
3.141602834549058080e+08
2.400570134719954222e+05
7.174829702020831173e+05
4.420416372333795577e+07
6.706725824124912731e+06
3.419371264515344799e+07
2.052329562725550932e+04
1.535015651259414256e+08
3.729457316588260978e+07
6.815471450860867277e+06
2.167121477761830389e+07
3.503185356623192201e+05
9.341526144330134988e+07
2.851928383077236940e+05
3.512157649016539007e+07
6.315316744891267444e+04
6.588838145591098815e+07
4.094531388565629459e+04
9.873652182674948871e+07
1.663289847451684065e+06
8.929963084149757924e+04
3.196140379405589104e+08
8.547190401779516833e+05
6.091751188636527397e+06
3.414251074969530600e+04
2.180415092456226647e+08
8.379568315667158365e+07
4.731840695793602616e+06
6.325698228875244968e+06
1.745286713276849769e+05
2.277606159671581164e+07
1.844626559176527429e+06
4.852593608325948119e+08
1.155972106361038983e+06
2.636087932247108620e+04
1.246776920652142353e+07
4.076762684892732650e+05
4.314169288072045892e+07
9.501781423846479811e+03
2.648052607323791087e+08
8.181275399971064180e+05
3.228519168963144999e+06
2.324193974249821901e+07
4.570512869012076408e+04
9.836218908334949613e+07
5.898945179465271067e+05
3.476761562025070190e+07
1.188217392650616603e+04
4.669483972632264346e+07
9.624372235947217792e+06
1.377395577054597197e+04
2.394709107062427998e+08
2.370385164047884289e+06
1.745361011902366998e+06
1.041778362942995591e+04
1.142055454988676012e+08
1.537077491042984277e+07
4.121324647345745005e+06
2.509389337057936564e+07
4.471181279484919505e+05
8.470889398162458837e+07
4.864743468125835061e+06
3.733427608519137502e+08
4.953676653231441014e+04
8.356182155591666233e+05
2.285157383766713087e+06
1.567499704515034391e+05
5.439648347692383826e+07
1.535622457866138211e+04
1.398742933410065174e+08
1.372133211028429680e+07
5.971027027678320184e+06
1.094575785889442341e+04
1.986109869600041211e+08
6.606221409811472893e+07
1.336440097156176671e+04
1.996717398077775240e+08
5.931412998855682963e+04
2.326480441050478816e+08
1.036417346027262465e+04
1.198869946691703424e+07
1.357612260605494957e+05
1.003216128556034710e+04
6.783929902289890051e+08
1.467163705353388377e+07
9.204171837471957551e+05
1.780947581076113784e+04
1.428894377055599093e+08
5.347835011770072160e+05
1.846210729843540490e+07
2.886466488440484274e+06
3.963348687641454162e+05
1.809610376822416782e+08
2.406578958523503388e+04
3.395195194769579768e+08
4.511392216512388550e+06
1.047086758395469934e+07
1.112299857995559694e+06
1.131800996682188101e+07
3.016185522943820432e+07
3.052500843225440258e+04
2.316064170928804576e+07
5.165325330854280037e+05
5.970137850702952594e+06
9.380706753160400694e+03
1.567591470066603720e+08
1.068787509043202847e+08
2.129859778804901242e+07
1.130993636243482307e+07
5.471584454841123807e+04
1.763484143629045784e+07
1.353105296517913416e+07
3.890594837162891775e+07
1.565135413383849118e+04
4.140199067503628787e+06
2.307948711553620398e+08
6.172148492781874957e+05
1.388979846401029266e+07
5.367357745481295139e+07
1.262126523123591579e+07
3.774134144957212993e+04
9.103432970935526490e+07
1.994196912331122730e+05
7.851261070532715879e+06
6.478307562800509930e+08
9.500334950855241914e+03
1.893047075109445155e+08
9.158055685106846795e+03
1.115413248433549143e+07
2.050808465349075617e+06
1.450723032211235550e+05
5.684298904528176039e+07
4.122728439532472112e+04
8.254591234079030156e+07
1.713001367401423166e+06
1.191276814223801484e+06
3.312631934870031546e+04
3.297083766994040608e+08
1.257091837929805517e+08
1.324108049530481367e+04
4.539892873468272388e+07
2.434492762076182407e+05
8.609991235151242465e+06
8.681324893142507062e+04
4.395924452839198709e+08
1.043387825087163583e+04
5.989629498841419118e+05
8.431605104436857998e+07
1.310839686863569077e+05
5.073181157367274165e+06
3.279887351977844082e+04
2.945914082851648703e+07
1.511185002359855207e+04
2.095589916949256361e+08
2.334443454283603933e+06
1.373917638576901518e+07
3.757290769449548721e+08
1.055927884083437857e+04
1.832772517933639884e+08
1.240734403615478004e+04
3.286524855500335805e+06
1.144564881731405156e+06
2.345710274297101569e+04
2.025500958646488562e+07
1.449503759910126403e+07
7.101609506026594341e+07
4.823142747717116959e+06
2.358417322300676722e+06
2.164278375104080141e+07
4.615560093324705958e+08
1.205019987121622823e+07
4.621351728109243413e+04
4.583177538037598133e+07
1.939197692462343490e+06
