6.385466776806090027e+07
4.400000000000000000e+03
4.503558770025397651e+06
7.551371781855023000e+05
3.979280384858149773e+04
2.750993180000515655e+07
6.955275393027922837e+05
4.856652119902066886e+07
8.512723757312540329e+03
2.013954759600300714e+07
1.415643631146551808e+06
3.254255875071610510e+07
2.864945458212115169e+08
5.450190346176617822e+03
8.083084842497913633e+05
8.104724770578277530e+05
2.985432643348528538e+06
3.836885400501056015e+07
9.750225173686964810e+07
2.762825423725668588e+04
5.223059579408088757e+04
4.501282678020524234e+07
9.954321518683782779e+04
2.205538335161568224e+07
8.023222272194020916e+05
2.148415472855006754e+08
1.586588961632656865e+06
2.226379385700502316e+05
2.552072390645746514e+07
9.319943686476966832e+05
3.474879517566721886e+07
4.842272750989870110e+04
5.858452449378723651e+07
9.485881822963777813e+04
8.633647109512461349e+06
1.407748277237508446e+06
3.406730251446790062e+05
1.075924363284677500e+06
7.112686833575167693e+05
9.543204908650468290e+07
4.132792743736638658e+04
3.515169513037887216e+07
1.812678473423802643e+05
9.102359192678179592e+06
3.504638701812071800e+08
9.465452024810405419e+03
3.515579862767242594e+05
2.561221549596357346e+07
3.138027199506883044e+06
1.623049522698569635e+05
2.702968970372211337e+08
4.953668275164273837e+03
2.123580029621643946e+06
7.224344851976305246e+07
4.764212841326740454e+04
6.964869749326840043e+06
3.090096069046482444e+05
1.974777242702378631e+08
5.169560560934254900e+05
2.311478634065847471e+07
1.473569519613438472e+07
5.907707830419257516e+05
1.285167485670371354e+07
8.988510150925088965e+03
1.000462148273943178e+07
3.791896470874162856e+06
5.540438780290875584e+07
5.439367443758532318e+03
3.375269578151430003e+06
9.606292102263619017e+04
5.742958193514307823e+03
5.804906757898287773e+08
1.356537152219309472e+06
8.508665450822345912e+06
5.787679237870558609e+03
2.226991670054502785e+07
1.379971716437786222e+08
1.368114083161951858e+05
3.931386764341767877e+07
2.400705649325532431e+05
3.394082598876206321e+05
1.044446200408495264e+06
1.804377004050262868e+08
1.378765482403911010e+05
4.120857538047598209e+05
2.538862507650896162e+07
3.852002460794210434e+06
1.963913073336454108e+07
1.178753796307312223e+04
8.816349767481957376e+07
2.142010742298296094e+07
3.914460422066567000e+06
1.244684438291879185e+07
2.012051628201381245e+05
5.365297857576910406e+07
1.638002721105088131e+05
2.017204856957776099e+07
3.627196978070914338e+04
3.784293769591104984e+07
2.351690735264532123e+04
5.670924010025799274e+07
9.553091558255094569e+05
5.128916952473538549e+04
1.835700598081399798e+08
4.909071777185288956e+05
3.498792284719006158e+06
1.960972296682179149e+04
1.252319614957587719e+08
4.812798169896069914e+07
2.717728811683068518e+06
3.633159574858325999e+06
1.002403988269649708e+05
1.308141224472929724e+07
1.059459747054958949e+06
2.787083147676571608e+08
6.639316284996916074e+05
1.514034935699894595e+04
7.160852989006924443e+06
2.341485294924788759e+05
2.477839582193544507e+07
5.457340345556917782e+03
1.520906836989224255e+08
4.698908796862235758e+05
1.854297329232179560e+06
1.334898897457395867e+07
2.625070307063475411e+04
5.649424239697544277e+07
3.388054311934722937e+05
1.996875143507559970e+07
6.824516821583146339e+03
2.681914279023851082e+07
5.527750277655852027e+06
7.911060167714038471e+03
1.375399205989514887e+08
1.361428769325590925e+06
1.002446661624104716e+06
5.983445458920616147e+03
6.559386112304412574e+07
8.828191927320228890e+06
2.367079421407396439e+06
1.441265701762776077e+07
2.568019290318932617e+05
4.865248358515520394e+07
2.794061409659359138e+06
2.144291076203223765e+08
2.845140111377087305e+04
4.799366348091862747e+05
1.312478263821075670e+06
9.002921660173792043e+04
3.124257554378290474e+07
8.819834956236683865e+03
8.033668533359345794e+07
7.880835811725783162e+06
3.429454462168460712e+06
6.286687023353946643e+03
1.140720570026471466e+08
3.794277833098316193e+07
7.675832705776889270e+03
1.146812995282950103e+08
3.406702177296776790e+04
1.336212127783730775e+08
5.952654502359546314e+03
6.885699678100713529e+06
7.797434852406689606e+04
5.761963582894055435e+03
3.896344559587796926e+08
8.426642674253959209e+06
5.286408524407037767e+05
1.022885778359040341e+04
8.206843101941399276e+07
3.071524640407915576e+05
1.060369614174575172e+07
1.657839653512826189e+06
2.276346058886697865e+05
1.039348231520737410e+08
1.382216645413212973e+04
1.950027567562827170e+08
2.591114408927103970e+06
6.013934184540270828e+06
6.388485085714674788e+05
6.500489715364171192e+06
1.732343674285719171e+07
1.753201348620062709e+04
1.330229551606744714e+07
2.966700355288413703e+05
3.428943764104008209e+06
5.387801208032465183e+03
9.003448714864458144e+07
6.138572267396529019e+07
1.223283212143769488e+07
6.495852647325015627e+06
3.142600031251673863e+04
1.012855667425020039e+07
7.771549141239512712e+06
2.234559944704485685e+07
8.989342373508159653e+03
2.377919929100838490e+06
1.325568444189585149e+08
3.544968410227984423e+05
7.977594323424483649e+06
3.082737506457479298e+07
7.249013304550984874e+06
2.167670841925245986e+04
5.228549239269705117e+07
1.145365356367463537e+05
4.509365338186595589e+06
3.720810620276898146e+08
5.456509564984126882e+03
1.087270030555084199e+08
5.259921750226739277e+03
6.406366818087585270e+06
1.177880155280238483e+06
8.332215803286783921e+04
3.264772400471482053e+07
2.367885688295221917e+04
4.741017685879763961e+07
9.838609264208432287e+05
6.842088584224946098e+05
1.902607427147925046e+04
1.893677349716740847e+08
7.220096631550835073e+07
7.605003691669982800e+03
2.607483737807883695e+07
1.398248915524549375e+05
4.945141384178561158e+06
4.986111811973804288e+04
2.524795593833814561e+08
5.992689391507794426e+03
3.440138776180426939e+05
4.842685456725611538e+07
7.528796959825052181e+04
2.913777425034870859e+06
1.883800602896265264e+04
1.691983330467144027e+07
8.679478631534781016e+03
1.203600345173992068e+08
1.340785677884585923e+06
7.891084656673488207e+06
2.157996863056120276e+08
6.064713117210724704e+03
1.052651388217072934e+08
7.126147842106634926e+03
1.887612847585052019e+06
6.573798984161205590e+05
1.347256766692362180e+04
1.163344809621069394e+07
8.325212922853897326e+06
4.078803578702028096e+07
2.770168070109265856e+06
1.354555049261649838e+06
1.243051504618856311e+07
2.650943143296025693e+08
6.921022384725782089e+06
2.654269563970896343e+04
2.632344249301574752e+07
1.113776599672770128e+06
