1.277093355361218005e+08
8.800000000000000000e+03
9.007117540050795302e+06
1.510274356371004600e+06
7.958560769716299546e+04
5.501986360001031309e+07
1.391055078605584567e+06
9.713304239804133773e+07
1.702544751462508066e+04
4.027909519200601429e+07
2.831287262293103617e+06
6.508511750143221021e+07
5.729890916424230337e+08
1.090038069235323564e+04
1.616616968499582727e+06
1.620944954115655506e+06
5.970865286697057076e+06
7.673770801002112031e+07
1.950045034737392962e+08
5.525650847451337177e+04
1.044611915881617751e+05
9.002565356041048467e+07
1.990864303736756556e+05
4.411076670323136449e+07
1.604644454438804183e+06
4.296830945710013509e+08
3.173177923265313730e+06
4.452758771401004633e+05
5.104144781291493028e+07
1.863988737295393366e+06
6.949759035133443773e+07
9.684545501979740220e+04
1.171690489875744730e+08
1.897176364592755563e+05
1.726729421902492270e+07
2.815496554475016892e+06
6.813460502893580124e+05
2.151848726569355000e+06
1.422537366715033539e+06
1.908640981730093658e+08
8.265585487473277317e+04
7.030339026075774431e+07
3.625356946847605286e+05
1.820471838535635918e+07
7.009277403624143600e+08
1.893090404962081084e+04
7.031159725534485187e+05
5.122443099192714691e+07
6.276054399013766088e+06
3.246099045397139271e+05
5.405937940744422674e+08
9.907336550328547673e+03
4.247160059243287891e+06
1.444868970395261049e+08
9.528425682653480908e+04
1.392973949865368009e+07
6.180192138092964888e+05
3.949554485404757261e+08
1.033912112186850980e+06
4.622957268131694943e+07
2.947139039226876944e+07
1.181541566083851503e+06
2.570334971340742707e+07
1.797702030185017793e+04
2.000924296547886357e+07
7.583792941748325713e+06
1.108087756058175117e+08
1.087873488751706464e+04
6.750539156302860007e+06
1.921258420452723803e+05
1.148591638702861565e+04
1.160981351579657555e+09
2.713074304438618943e+06
1.701733090164469182e+07
1.157535847574111722e+04
4.453983340109005570e+07
2.759943432875572443e+08
2.736228166323903715e+05
7.862773528683535755e+07
4.801411298651064862e+05
6.788165197752412641e+05
2.088892400816990528e+06
3.608754008100525737e+08
2.757530964807822020e+05
8.241715076095196418e+05
5.077725015301792324e+07
7.704004921588420868e+06
3.927826146672908217e+07
2.357507592614624446e+04
1.763269953496391475e+08
4.284021484596592188e+07
7.828920844133134000e+06
2.489368876583758369e+07
4.024103256402762490e+05
1.073059571515382081e+08
3.276005442210176261e+05
4.034409713915552199e+07
7.254393956141828676e+04
7.568587539182209969e+07
4.703381470529064245e+04
1.134184802005159855e+08
1.910618311651018914e+06
1.025783390494707710e+05
3.671401196162799597e+08
9.818143554370577913e+05
6.997584569438012317e+06
3.921944593364358298e+04
2.504639229915175438e+08
9.625596339792139828e+07
5.435457623366137035e+06
7.266319149716651998e+06
2.004807976539299416e+05
2.616282448945859447e+07
2.118919494109917898e+06
5.574166295353143215e+08
1.327863256999383215e+06
3.028069871399789190e+04
1.432170597801384889e+07
4.682970589849577518e+05
4.955679164387089014e+07
1.091468069111383556e+04
3.041813673978448510e+08
9.397817593724471517e+05
3.708594658464359120e+06
2.669797794914791733e+07
5.250140614126950823e+04
1.129884847939508855e+08
6.776108623869445873e+05
3.993750287015119940e+07
1.364903364316629268e+04
5.363828558047702163e+07
1.105550055531170405e+07
1.582212033542807694e+04
2.750798411979029775e+08
2.722857538651181851e+06
2.004893323248209432e+06
1.196689091784123229e+04
1.311877222460882515e+08
1.765638385464045778e+07
4.734158842814792879e+06
2.882531403525552154e+07
5.136038580637865234e+05
9.730496717031040788e+07
5.588122819318718277e+06
4.288582152406447530e+08
5.690280222754174611e+04
9.598732696183725493e+05
2.624956527642151341e+06
1.800584332034758409e+05
6.248515108756580949e+07
1.763966991247336773e+04
1.606733706671869159e+08
1.576167162345156632e+07
6.858908924336921424e+06
1.257337404670789329e+04
2.281441140052942932e+08
7.588555666196632385e+07
1.535166541155377854e+04
2.293625990565900207e+08
6.813404354593553580e+04
2.672424255567461550e+08
1.190530900471909263e+04
1.377139935620142706e+07
1.559486970481337921e+05
1.152392716578811087e+04
7.792689119175593853e+08
1.685328534850791842e+07
1.057281704881407553e+06
2.045771556718080683e+04
1.641368620388279855e+08
6.143049280815831153e+05
2.120739228349150345e+07
3.315679307025652379e+06
4.552692117773395730e+05
2.078696463041474819e+08
2.764433290826425946e+04
3.900055135125654340e+08
5.182228817854207940e+06
1.202786836908054166e+07
1.277697017142934958e+06
1.300097943072834238e+07
3.464687348571438342e+07
3.506402697240125417e+04
2.660459103213489428e+07
5.933400710576827405e+05
6.857887528208016418e+06
1.077560241606493037e+04
1.800689742972891629e+08
1.227714453479305804e+08
2.446566424287538975e+07
1.299170529465003125e+07
6.285200062503347726e+04
2.025711334850040078e+07
1.554309828247902542e+07
4.469119889408971369e+07
1.797868474701631931e+04
4.755839858201676980e+06
2.651136888379170299e+08
7.089936820455968846e+05
1.595518864684896730e+07
6.165475012914958596e+07
1.449802660910196975e+07
4.335341683850491972e+04
1.045709847853941023e+08
2.290730712734927074e+05
9.018730676373191178e+06
7.441621240553796291e+08
1.091301912996825376e+04
2.174540061110168397e+08
1.051984350045347855e+04
1.281273363617517054e+07
2.355760310560476966e+06
1.666443160657356784e+05
6.529544800942964107e+07
4.735771376590443833e+04
9.482035371759527922e+07
1.967721852841686457e+06
1.368417716844989220e+06
3.805214854295850091e+04
3.787354699433481693e+08
1.444019326310167015e+08
1.521000738333996560e+04
5.214967475615767390e+07
2.796497831049098750e+05
9.890282768357122317e+06
9.972223623947608576e+04
5.049591187667629123e+08
1.198537878301558885e+04
6.880277552360853879e+05
9.685370913451223075e+07
1.505759391965010436e+05
5.827554850069741718e+06
3.767601205792530527e+04
3.383966660934288055e+07
1.735895726306956203e+04
2.407200690347984135e+08
2.681571355769171845e+06
1.578216931334697641e+07
4.315993726112240553e+08
1.212942623442144941e+04
2.105302776434145868e+08
1.425229568421326985e+04
3.775225695170104038e+06
1.314759796832241118e+06
2.694513533384724360e+04
2.326689619242138788e+07
1.665042584570779465e+07
8.157607157404056191e+07
5.540336140218531713e+06
2.709110098523299675e+06
2.486103009237712622e+07
5.301886286592051387e+08
1.384204476945156418e+07
5.308539127941792685e+04
5.264688498603149503e+07
2.227553199345540255e+06
