6.963212505531724673e+03
1.435872943746293686e+03
2.567760135119828192e+03
2.567772010208517258e+03
2.520431578738994631e+03
3.359516260194001006e+03
2.251229152021927803e+03
3.105076505196595008e+03
2.995972503401187623e+03
5.533552378721557943e+03
2.216586590022717701e+03
4.046264462405792528e+03
5.801717526350606931e+03
1.539417321620476741e+03
4.484798564204912509e+03
3.768945016666325500e+03
2.936544190724255714e+03
3.232862260166632950e+03
4.378792674224287111e+03
2.239729668573496383e+03
1.806795367306841399e+03
5.004803622560206350e+03
3.890618003449458229e+03
2.662545133593958326e+03
2.181438235685852760e+03
4.664228739924295951e+03
4.325219567579725663e+03
3.114255940254045981e+03
4.113888911172671214e+03
3.764341962602042713e+03
3.577043556569699831e+03
2.733582738978316684e+03
4.911547883177474432e+03
2.373012554784034364e+03
2.788017951058047856e+03
2.391684673135782305e+03
2.350007273155640632e+03
3.279433613201951630e+03
2.047350670982790234e+03
4.472079854815899125e+03
2.293060682972820814e+03
3.697898128786415782e+03
2.845067480946315754e+03
4.915899793908142783e+03
7.058767309725284576e+03
2.409438485875103197e+03
3.086956083759592730e+03
2.439313900520261996e+03
3.731846865648437870e+03
2.866694454106293051e+03
3.323056386214363556e+03
2.798343212611528998e+03
3.003576833772766349e+03
5.160184583371500594e+03
2.235555962965373510e+03
3.253752982853577578e+03
4.395058939521494722e+03
5.232948589724107478e+03
2.342476028052199126e+03
3.297628521082767293e+03
2.663713869995963250e+03
3.109654307981358670e+03
4.723127841510323378e+03
4.229504197763893899e+03
3.526655785715792263e+03
2.224160249200220733e+03
3.541138054610911240e+03
5.179398560185702081e+03
3.717653878921422802e+03
4.550288220400940190e+03
3.119300573951220940e+03
5.129298330693336538e+03
2.284363340595050886e+03
3.185959459279796192e+03
1.831235814190642031e+03
4.382598453152110778e+03
3.854068762521627832e+03
1.851525246743779917e+03
3.351599830314734390e+03
2.355992217012318179e+03
4.564558066866513400e+03
2.783240136489065662e+03
5.331131176964398037e+03
1.580635729115128697e+03
2.225941577687865447e+03
4.832613448816422533e+03
3.970820694786973490e+03
4.147664798138173865e+03
2.845829639513973234e+03
4.097327879518084046e+03
2.598127768994407234e+03
3.324864285645739983e+03
4.332317111880062839e+03
1.950024894983684817e+03
4.622307184559564121e+03
2.145659872136969625e+03
4.109784126852876398e+03
3.834269723330353372e+03
2.734628883401117491e+03
2.935611159978331216e+03
2.257761133630905988e+03
3.373392091934414566e+03
4.304641075478670246e+03
5.056998403998769390e+03
2.296188441131809213e+03
2.726540944727452370e+03
1.610591160690548577e+03
5.858652922963129640e+03
3.292663440704528966e+03
2.708309467965932527e+03
2.793861008125642456e+03
2.563243941561712290e+03
3.003200990403691321e+03
2.375108508441770937e+03
7.306708371135276138e+03
2.280537063342419970e+03
2.984276651317459255e+03
5.926479869905629130e+03
2.144833933111801798e+03
4.075493553860426800e+03
1.893092612250222146e+03
5.175871539408200988e+03
2.813582886211785080e+03
3.201294243816189919e+03
2.777141273326595638e+03
2.351919729432537679e+03
6.547286639902407842e+03
1.992764718842900493e+03
6.949998789861205296e+03
2.342330490337144511e+03
5.477805217854057446e+03
1.632406004511709853e+03
2.276534337652614340e+03
5.061406859840001744e+03
2.636560366032211732e+03
5.097772537620946423e+03
2.354909651000581562e+03
4.330720258599081717e+03
3.105508652635212911e+03
2.369199161269835258e+03
4.596291881727760483e+03
1.812296616718736686e+03
3.657814189754395102e+03
1.862153340805490188e+03
4.938419385953809979e+03
1.969711799573680764e+03
3.884996282910117770e+03
4.420986207756283875e+03
2.546803122359255667e+03
6.446630203243815231e+03
2.535326250875103142e+03
3.493214998362949245e+03
2.269624059019353808e+03
3.316524488380248840e+03
1.792242218578022175e+03
4.276487329462230264e+03
4.755619379365584791e+03
2.089130305745643454e+03
2.866005861563402959e+03
2.624648147035483817e+03
4.444133681588620675e+03
2.325524091684223549e+03
8.199910633515382870e+03
2.104642457154825479e+03
2.242868275708109195e+03
7.834185931558576158e+03
2.339087057156469200e+03
3.620367357427573097e+03
2.069851003322930410e+03
4.300454533308912687e+03
2.772727087022773048e+03
2.731569568213258208e+03
3.409445629369669859e+03
2.409083229602360461e+03
4.695659510447399953e+03
1.783559131388640026e+03
5.388779465089311088e+03
3.341851693209494897e+03
2.843844633257375790e+03
2.720086228451503302e+03
1.968352296580541406e+03
3.852453929793127372e+03
3.036913723013726667e+03
4.879203379653484262e+03
1.825346902509596703e+03
3.773015300966106679e+03
2.241091131831132316e+03
3.903617719338049028e+03
3.773262528961237877e+03
3.692705445487153156e+03
2.455840572494304979e+03
2.580331209021802351e+03
3.128601160091571273e+03
2.645537138588698781e+03
4.211836355226105297e+03
2.041194350689314660e+03
1.844987182465187971e+03
3.649938205714037849e+03
2.863405447205980181e+03
3.388200213035040179e+03
2.752282878024211186e+03
3.552154127525076092e+03
5.589506607443559005e+03
3.531134556012494158e+03
2.819035368553975786e+03
4.858951165664686414e+03
4.219684223031550573e+03
3.301640667715231757e+03
4.179578450923879245e+03
2.028136937787362740e+03
4.039646631800985233e+03
1.844593710237261803e+03
2.350144900262154351e+03
2.965136351724266660e+03
2.630263681287447071e+03
3.933149872915186279e+03
3.452832550638002431e+03
4.945552218996823285e+03
2.876537802691114393e+03
4.162848224053422200e+03
4.393517723330830449e+03
1.930196520805606724e+03
4.200848680081478051e+03
4.259969194748372502e+03
2.665588746900304614e+03
2.621408740868229415e+03
4.505680387864042132e+03
2.515922310955254034e+03
2.500883196063701689e+03
3.508265364934914487e+03
1.702607751366424509e+03
3.991714157420672109e+03
5.233236288148353196e+03
4.288082080283935284e+03
2.900674307652294374e+03
3.522483677695618553e+03
2.743102189694655863e+03
4.066738623569016454e+03
4.191363432789526087e+03
4.960498617446796743e+03
4.265638894067743422e+03
2.589345553240011213e+03
3.518323272566954984e+03
2.608269285947599656e+03
2.110044837545712653e+03
2.813300688345240360e+03
2.130035053841738772e+03
5.363061392227646138e+03
2.679179974482150556e+03
2.650832882819783663e+03
3.370599462140157357e+03
5.607306321104644667e+03
4.963102031062445349e+03
3.008307405325268064e+03
3.414138611509607927e+03
2.396892987581565194e+03
