2.638564137691702854e+03
5.440941020600774891e+02
9.729991439065253189e+02
9.730036437236890379e+02
9.550649746626626211e+02
1.273018612759276039e+03
8.530563301826978204e+02
1.176603974802172388e+03
1.135261289053702512e+03
2.096824253020321521e+03
8.399292539005562048e+02
1.533247519537687367e+03
2.198439842225835491e+03
5.833300842883055566e+02
1.699420870306858205e+03
1.428163100006989453e+03
1.112742169542656256e+03
1.225025721245203385e+03
1.659252149409030153e+03
8.486988407904229916e+02
6.846474176303048580e+02
1.896465940711439544e+03
1.474268540447988244e+03
1.008915942017500925e+03
8.266105181620653184e+02
1.767412192774293317e+03
1.638951738093882341e+03
1.180082330249118513e+03
1.558872393861960290e+03
1.426418868681545291e+03
1.355446044455492029e+03
1.035834160849075943e+03
1.861128623435293775e+03
8.992036104558310399e+02
1.056461249036764684e+03
9.062790202352279039e+02
8.904862388354827090e+02
1.242672964075312620e+03
7.758008323661986196e+02
1.694601380675468363e+03
8.689075162988881402e+02
1.401241363767342818e+03
1.078078978427584161e+03
1.862777689232905686e+03
2.674772637623161700e+03
9.130064572571558301e+02
1.169737619061118721e+03
9.243271224844145308e+02
1.414105529485810393e+03
1.086274068803097634e+03
1.259202904008321639e+03
1.060373791534306065e+03
1.138142791434057472e+03
1.955344314816934912e+03
8.471173021069306515e+02
1.232941824860947690e+03
1.665415911355587696e+03
1.982916717285513414e+03
8.876324305930486389e+02
1.249567544900583471e+03
1.009358810299101606e+03
1.178338637681943055e+03
1.789730778780923856e+03
1.602682395169001438e+03
1.336352649697292691e+03
8.427991340716674813e+02
1.341840403418540063e+03
1.962625050558392786e+03
1.408727393208210515e+03
1.724236809514705783e+03
1.181993888965814676e+03
1.943640613601505265e+03
8.656118398172383195e+02
1.207252883165224375e+03
6.939086151889782741e+02
1.660694269951374508e+03
1.460418967956064989e+03
7.015968724504498368e+02
1.270018846780370495e+03
8.927541084737829351e+02
1.729644070187062880e+03
1.054650795863284657e+03
2.020120960791253765e+03
5.989489400595106190e+02
8.434741313464475070e+02
1.831218065978000368e+03
1.504659677432736316e+03
1.571671061717509019e+03
1.078367782519410866e+03
1.552596936352620105e+03
9.845063253438808033e+02
1.259887969788002010e+03
1.641641204463272970e+03
7.389212596086175608e+02
1.751526893784241793e+03
8.130530535736468210e+02
1.557316971463093978e+03
1.452916535030264185e+03
1.036230575457226223e+03
1.112388617002990713e+03
8.555314883669152550e+02
1.278276569770039941e+03
1.631153947746039194e+03
1.916244064439394151e+03
8.700927150132922634e+02
1.033165819798077791e+03
6.102999260334687506e+02
2.220014323192445772e+03
1.247686131254745533e+03
1.026257381958231690e+03
1.058675353635869442e+03
9.712878265581243795e+02
1.138000373428827515e+03
8.999978283762484352e+02
2.768724731197486108e+03
8.641619518622698024e+02
1.130829389863012011e+03
2.245715929976587631e+03
8.127400812078033141e+02
1.544323274073146649e+03
7.173479585815266546e+02
1.961288559602671739e+03
1.066148547970335585e+03
1.213063679906644211e+03
1.052339758880225645e+03
8.912109242508875013e+02
2.480957706448069530e+03
7.551166243769049515e+02
2.633557075754962170e+03
8.875772821116083833e+02
2.075700029204623661e+03
6.185662060773615849e+02
8.626452024524610351e+02
1.917914556827215847e+03
9.990695563499355103e+02
1.931694571893455077e+03
8.923438926642003253e+02
1.641036110220205728e+03
1.176767728060144236e+03
8.977586045248073106e+02
1.741668937413004414e+03
6.867320013478336023e+02
1.386052391156886188e+03
7.056241670103911474e+02
1.871311018916574312e+03
7.463812014662091769e+02
1.472138306709545759e+03
1.675240508852544963e+03
9.650579210500831095e+02
2.442816049305736215e+03
9.607089999900229031e+02
1.323680960850328802e+03
8.600266965015518963e+02
1.256727777568841248e+03
6.791328054745144982e+02
1.620485672934428294e+03
1.802042769330578494e+03
7.916323535044011805e+02
1.086013141021889169e+03
9.945556694306254713e+02
1.684011761242679540e+03
8.812088478962059526e+02
3.107185097781009517e+03
7.975103597226799366e+02
8.498881504978479597e+02
2.968601350396507314e+03
8.863482507605286855e+02
1.371862695126611015e+03
7.843268639861836391e+02
1.629567544915265444e+03
1.050667095053133835e+03
1.035071311779122652e+03
1.291938305763019798e+03
9.128718403026675787e+02
1.779322227669307495e+03
6.758425306991643993e+02
2.041965577126727567e+03
1.266324993554613911e+03
1.077615605802473056e+03
1.030719939700182749e+03
7.458660461639786945e+02
1.459807060776382286e+03
1.150775110258668974e+03
1.848872348478577123e+03
6.916771349405590854e+02
1.429705449342885913e+03
8.492147388939964685e+02
1.479194511631054638e+03
1.429799131234867218e+03
1.399273704742009386e+03
9.305895601094995300e+02
9.777626901495376615e+02
1.185518152088611259e+03
1.002471117069351408e+03
1.595987534761745337e+03
7.734680232018073411e+02
6.991194093654569315e+02
1.383067951285001072e+03
1.085027768241554895e+03
1.283887798387817611e+03
1.042920188486053576e+03
1.346014714472011747e+03
2.118026940880383790e+03
1.338049786281369052e+03
1.068214652424001770e+03
1.841198194415743728e+03
1.598961320572869454e+03
1.251087864180107317e+03
1.583764074773797574e+03
7.685201889389935559e+02
1.530739830667170736e+03
6.989703112718746070e+02
8.905383897568186740e+02
1.123576572567668336e+03
9.966835590045022855e+02
1.490385105236453683e+03
1.308378874597093272e+03
1.874013857218936209e+03
1.090004000433085139e+03
1.577424504266540225e+03
1.664831899627396751e+03
7.314077108014475925e+02
1.591823984450708849e+03
1.614226470326017079e+03
1.010069255795120966e+03
9.933281640322846897e+02
1.707333601821631191e+03
9.533562816920009482e+02
9.476575227953060221e+02
1.329383983336624169e+03
6.451676937537765752e+02
1.512576819294151846e+03
1.983025734602460489e+03
1.624879261910682999e+03
1.099150025539915305e+03
1.334771716386430626e+03
1.039441358137784619e+03
1.541005775852812803e+03
1.588229747836243860e+03
1.879677483154008769e+03
1.616374884622392756e+03
9.811784878664792586e+02
1.333195217642203033e+03
9.883492416577557833e+02
7.995574790869445678e+02
1.066041614974996719e+03
8.071323545889478055e+02
2.032220249852940697e+03
1.015219367996375240e+03
1.004477828885115628e+03
1.277218360959218444e+03
2.124771771099195576e+03
1.880663992440688162e+03
1.139935342851854784e+03
1.293716613456979985e+03
9.082526023574951068e+02
