1.515457142260314868e+03
3.125000000000000000e+02
5.588412580094745863e+02
5.588438424757614484e+02
5.485407826551428343e+02
7.311571931785940706e+02
4.899522016003363660e+02
6.757815251691141611e+02
6.520363876139008426e+02
1.204309285081165172e+03
4.824126761347280308e+02
8.806194517481129651e+02
1.262672115162379441e+03
3.350351541211292101e+02
9.760609790845589941e+02
8.202643018227474840e+02
6.391025498447405653e+02
7.035925154117109059e+02
9.529901072757238580e+02
4.874494811519247719e+02
3.932266811924496324e+02
1.089233653201567677e+03
8.467449236182420691e+02
5.794700414628937324e+02
4.747630712180056776e+02
1.015111739220766822e+03
9.413305827339871712e+02
6.777793157591152067e+02
8.953370772397620385e+02
8.192625039956114961e+02
7.784993207766309524e+02
5.949304983085339700e+02
1.068937694089009256e+03
5.164568540690039526e+02
6.067776494433223888e+02
5.205206098562655370e+02
5.114500388489079796e+02
7.137281948163007428e+02
4.455805699721914834e+02
9.732929091788075766e+02
4.990563173085461699e+02
8.048018247566744776e+02
6.191937745383251013e+02
1.069884833673508638e+03
1.536253464414403425e+03
5.243845077764829057e+02
6.718378393968278033e+02
5.308865225384950008e+02
8.121903477562808575e+02
6.239006179550272009e+02
7.232221522209242721e+02
6.090248150087131762e+02
6.536913761360177659e+02
1.123050398941509002e+03
4.865411257098788838e+02
7.081391230124065714e+02
9.565302588800258263e+02
1.138886585620995220e+03
5.098109564321274547e+02
7.176880916424920542e+02
5.797244024961712512e+02
6.767778273673477543e+02
1.027930400736604952e+03
9.204993154566700468e+02
7.675330452016046365e+02
4.840609894505250850e+02
7.706849320377175445e+02
1.127232083526199403e+03
8.091014196087664914e+02
9.903139933574393581e+02
6.788772179357897585e+02
1.116328387774738530e+03
4.971634482320093866e+02
6.933847004786605339e+02
3.985458423929250102e+02
9.538183880230731120e+02
8.387904330487998550e+02
4.029615866274482414e+02
7.294342800559215902e+02
5.127525879103395710e+02
9.934196490771278150e+02
6.057378171522344701e+02
1.160254812277971723e+03
3.440058310867888167e+02
4.844486735801087320e+02
1.051758590014890615e+03
8.642000481486768422e+02
9.026879815956731363e+02
6.193596489309238677e+02
8.917327733808456287e+02
5.654503982033459124e+02
7.236156191880161259e+02
9.428752755311566034e+02
4.243988176923780884e+02
1.005988030811512658e+03
4.669763525826822388e+02
8.944437216643103739e+02
8.344814168686283438e+02
5.951581787126734753e+02
6.388994872343812403e+02
4.913738066676203289e+02
7.341770964630488834e+02
9.368519282613975747e+02
1.100593202297182415e+03
4.997370352153365047e+02
5.933979388206075782e+02
3.505252605447288943e+02
1.275063400560509308e+03
7.166075032624705727e+02
5.894300832294923111e+02
6.080493185987138531e+02
5.578583642979815522e+02
6.536095784718529558e+02
5.169130124783503106e+02
1.590214772083080334e+03
4.963307062776082148e+02
6.494909299589713783e+02
1.289825097277371697e+03
4.667965971617801983e+02
8.869808022557294862e+02
4.120082099915405252e+02
1.126464471045046821e+03
6.123415416180010880e+02
6.967221268077061040e+02
6.044104749618459209e+02
5.118662613211909047e+02
1.424936018107057407e+03
4.337006121263324303e+02
1.512581340355263592e+03
5.097792819471719667e+02
1.192176604507324555e+03
3.552729916889111337e+02
4.954595625016131635e+02
1.101552648226145266e+03
5.738147779533943549e+02
1.109467188545356976e+03
5.125169807975089498e+02
9.425277401503418560e+02
6.758755767181430656e+02
5.156269161010400239e+02
1.000326121677876131e+03
3.944239601360391134e+02
7.960780508308112076e+02
4.052746599454947614e+02
1.074785944558647316e+03
4.286834291624725779e+02
8.455214256226879570e+02
9.621730083716572608e+02
5.542802231935445434e+02
1.403029388698927733e+03
5.517824239596930056e+02
7.602550711348337700e+02
4.939556257624335558e+02
7.218005653862039708e+02
3.900593682365481527e+02
9.307246133980206650e+02
1.035001782382168585e+03
4.546733911164685651e+02
6.237507542985035798e+02
5.712222307139672921e+02
9.672107699675630101e+02
5.061215769936021616e+02
1.784609205246173815e+03
4.580494191532681043e+02
4.881325602041753200e+02
1.705013743921222613e+03
5.090733888015594744e+02
7.879282105868686585e+02
4.504774892204562775e+02
9.359407791003612829e+02
6.034497818685241555e+02
5.944923565726506922e+02
7.420237032938186985e+02
5.243071906393952304e+02
1.021952257966696834e+03
3.881696016255816630e+02
1.172801249703021767e+03
7.273127184939080507e+02
6.189276368522171197e+02
5.919931495981215903e+02
4.283875501383525375e+02
8.384389846634436481e+02
6.609467380628324236e+02
1.061898312648423371e+03
3.972641935476412414e+02
8.211501488952350201e+02
4.877457868033852151e+02
8.495741511156176102e+02
8.212039550128409928e+02
8.036717014138766899e+02
5.344833484375983517e+02
5.615771968761248445e+02
6.809013755616563230e+02
5.757684615548021156e+02
9.166541278882951929e+02
4.442407229473623715e+02
4.015386577422996197e+02
7.943639402451001388e+02
6.231848062525891692e+02
7.373999010044256011e+02
5.990003524535637780e+02
7.730824441579019322e+02
1.216487031414349758e+03
7.685077942027716063e+02
6.135282070115902116e+02
1.057490668574438132e+03
9.183621193229711253e+02
7.185612857702217298e+02
9.096335936980312908e+02
4.413989384081162939e+02
8.791791627079096543e+02
4.014530233748840260e+02
5.114799916876830821e+02
6.453252803108438229e+02
5.724443823405310923e+02
8.560014593485987007e+02
7.514663304812766000e+02
1.076338317514520440e+03
6.260429011188363120e+02
9.059924665914942352e+02
9.561948322242899394e+02
4.200834171148850373e+02
9.142627961916776940e+02
9.271296455280830742e+02
5.801324462824675265e+02
5.705172139980552402e+02
9.806056499218353792e+02
5.475593962528457723e+02
5.442863187677667156e+02
7.635305974090931613e+02
3.705515342560970566e+02
8.687472520649199623e+02
1.138949199627316830e+03
9.332480676127991046e+02
6.312959131163249822e+02
7.666250374548310447e+02
5.970022891043786331e+02
8.850753998815280283e+02
9.121984493484246741e+02
1.079591216411988626e+03
9.283635855121325449e+02
5.635390574853515773e+02
7.657195766977564517e+02
5.676575740274156487e+02
4.592251804763748169e+02
6.122801247400807370e+02
4.635758039906040153e+02
1.167204028998868353e+03
5.830904089892829916e+02
5.769210148356628451e+02
7.335693151029317960e+02
1.220360919102891557e+03
1.080157817209387531e+03
6.547209265684534785e+02
7.430450728551841166e+02
5.216541351249154559e+02
