1.299381398948554670e+04
2.679433656340732796e+03
4.791609840839620119e+03
4.791632000538668763e+03
4.703291631749365479e+03
6.269079012730712748e+03
4.200942140691779969e+03
5.794277641188468806e+03
5.590682374820856239e+03
1.032597385948838564e+04
4.136296834178534482e+03
7.550596471815097175e+03
1.082638771932486816e+04
2.872654297630266228e+03
8.368930041600176992e+03
7.033100087675848954e+03
5.479785222102971602e+03
6.032734291659437076e+03
8.171116056301888420e+03
4.179483345805743738e+03
3.371599373306294183e+03
9.339293792023201604e+03
7.260149909370818932e+03
4.968484902197879819e+03
4.070707685789493553e+03
8.703758588847038482e+03
8.071145104384895603e+03
5.811407072693011287e+03
7.676788155283074047e+03
7.024510485068241906e+03
6.674999300887377103e+03
5.101045761124637465e+03
9.165272429034706875e+03
4.428198005889099477e+03
5.202625458668021565e+03
4.463041410777221245e+03
4.385268632411325598e+03
6.119639509344357066e+03
3.820491442543925587e+03
8.345196090660740083e+03
4.279002537619132454e+03
6.900521906999903877e+03
5.309083645742860426e+03
9.173393381610580036e+03
1.317212555911040909e+04
4.496171196799926292e+03
5.760463739145920954e+03
4.551920691799477027e+03
6.963872490026441483e+03
5.349441004673540192e+03
6.201042482150160140e+03
5.221893078019311361e+03
5.604872557051313379e+03
9.629244917410451308e+03
4.171694935747062118e+03
6.071717758627368312e+03
8.201469980644656971e+03
9.765027354457204638e+03
4.371214832113604643e+03
6.153592408005905781e+03
4.970665841440841177e+03
5.802820123242335285e+03
8.813668198750323427e+03
7.892533908714262907e+03
6.580972395733992016e+03
4.150429781937066764e+03
6.607997265076898657e+03
9.665099465942997995e+03
6.937387440296943169e+03
8.491138061270770777e+03
5.820820692032376428e+03
9.571609131943114335e+03
4.262772722864830939e+03
5.945210570413635651e+03
3.417206859847271971e+03
8.178217890898196856e+03
7.191946614168231463e+03
3.455068279750549209e+03
6.254306432225625940e+03
4.396436932552877806e+03
8.517766536343860935e+03
5.193709741427411245e+03
9.948242540636469130e+03
2.949570565732502473e+03
4.153753858432540255e+03
9.017975566180390160e+03
7.409813423426709051e+03
7.739816188997538120e+03
5.310505883919673579e+03
7.645884177467843983e+03
4.848277849399406477e+03
6.204416141779870486e+03
8.084389590367112760e+03
3.638875122675752664e+03
8.625530200423376300e+03
4.003942898640881594e+03
7.669128356896050718e+03
7.155000300635852909e+03
5.102997935645407779e+03
5.478044125166839876e+03
4.213131249374356230e+03
6.294972230328351543e+03
8.032744280292167787e+03
9.436692698159664360e+03
4.284839140722900993e+03
5.087905308413296552e+03
3.005469377603682915e+03
1.093263292617630032e+04
6.144327240408848411e+03
5.053884169807427497e+03
5.213528988699017646e+03
4.783182325667843543e+03
5.604171208525318434e+03
4.432109193711900843e+03
1.363479993961476248e+04
4.255632637041888302e+03
5.568857143104350143e+03
1.105920248460143739e+04
4.002401641921922874e+03
7.605139885094738929e+03
3.532635726528108535e+03
9.658517812448510085e+03
5.250331314517893588e+03
5.973826290194763715e+03
5.182328860344505301e+03
4.388837402013758947e+03
1.221766888015423137e+04
3.718630454101993109e+03
1.296915632416278459e+04
4.370943249134285907e+03
1.022194597894061008e+04
3.046177315584415737e+03
4.248163286792567305e+03
9.444919167642872708e+03
4.919995611372829444e+03
9.512779921901308626e+03
4.394416792943944529e+03
8.081409756779515192e+03
5.795084056823346145e+03
4.421081961972178760e+03
8.576983928769588601e+03
3.381865067698236089e+03
6.825722631904654008e+03
3.474901004544013176e+03
9.215416426279694861e+03
3.675612185643159592e+03
7.249659407906008710e+03
8.249851973931623434e+03
4.752502672220276509e+03
1.202983732772822805e+04
4.731086072751591928e+03
6.518569680007653005e+03
4.235268250901478496e+03
6.188853529797007468e+03
3.344442237516833757e+03
7.980207532554794852e+03
8.874299552279773707e+03
3.898454997760126389e+03
5.348156045553054355e+03
4.897766624720112304e+03
8.293046687444233612e+03
4.339581400310096797e+03
1.530157429744667206e+04
3.927401695829088112e+03
4.185340193813876795e+03
1.461910787195533885e+04
4.364890788807456374e+03
6.755844371925710220e+03
3.862478547331712889e+03
8.024931916362480479e+03
5.174091697439991549e+03
5.097289051641843798e+03
6.362250510105752255e+03
4.495508265154087894e+03
8.762410480541997458e+03
3.328239023884665585e+03
1.005581805008879564e+04
6.236115765175200977e+03
5.306801731268049480e+03
5.075860381940356092e+03
3.673075263353775881e+03
7.188933229745223798e+03
5.667081392045362009e+03
9.104915451269183905e+03
3.406217762081948422e+03
7.040695506749109882e+03
4.182023926078022669e+03
7.284408236980139009e+03
7.041156850500887231e+03
6.890832017334276316e+03
4.582760552183654909e+03
4.815068294218799565e+03
5.838176199451530920e+03
4.936746861278278629e+03
7.859564548760193247e+03
3.809003342663365402e+03
3.442867820405119801e+03
6.811025526003712002e+03
5.343303500778772104e+03
6.322605161387464250e+03
5.135941454476927902e+03
6.628553984009080523e+03
1.043038814231563265e+04
6.589330076630668373e+03
5.260506006339965097e+03
9.067123483662760918e+03
7.874209187911593290e+03
6.161079338355851178e+03
7.799369170856564779e+03
3.784637348620086414e+03
7.538247163241722774e+03
3.442133575265303080e+03
4.385525453673139964e+03
5.533140081127656231e+03
4.908245582164485313e+03
7.339517184177340823e+03
6.443213367994881082e+03
9.228726763384205697e+03
5.367809342627210754e+03
7.768149463604500852e+03
8.198593969538696911e+03
3.601874068122385779e+03
7.839060821939741800e+03
7.949383603261437202e+03
4.974164485454482019e+03
4.891721679066039542e+03
8.407896902395021243e+03
4.694877040529557235e+03
4.666813059814895496e+03
6.546654657100385521e+03
3.177178407342343689e+03
7.448802003316072842e+03
9.765564218700072161e+03
8.001844102645394742e+03
5.412849653485555791e+03
6.573186966879837200e+03
5.118809684283944080e+03
7.588802607493756113e+03
7.821360724627188574e+03
9.256617729101164514e+03
7.959963636295570723e+03
4.831889655324114756e+03
6.565423376393432591e+03
4.867202589202523086e+03
3.937482894104146908e+03
5.249804714678638447e+03
3.974785956728444944e+03
1.000782642917143312e+04
4.999526612913176905e+03
4.946629069442964465e+03
6.289760998865970578e+03
1.046360358248703415e+04
9.261475870689197109e+03
5.613700115705932149e+03
6.371007924436263238e+03
4.472760469193647623e+03
