4.221702620306725294e+04
8.705505632961241645e+03
1.556798630250440692e+04
1.556805829957902642e+04
1.528103959460260376e+04
2.036829780414842025e+04
1.364890128292316695e+04
1.882566359683475821e+04
1.816418062485924020e+04
3.354918804832514434e+04
1.343886806240890110e+04
2.453196031260299787e+04
3.517503747561337514e+04
9.333281348612888905e+03
2.719073392490973492e+04
2.285060960011183488e+04
1.780387471268250010e+04
1.960041153992325781e+04
2.654803439054448609e+04
1.357918145264676969e+04
1.095435868208487773e+04
3.034345505138303633e+04
2.358829664716781554e+04
1.614265507228001661e+04
1.322576829059304691e+04
2.827859508438869670e+04
2.622322780950212109e+04
1.888131728398589985e+04
2.494195830179136829e+04
2.282270189890472830e+04
2.168713671128787610e+04
1.657334657358521872e+04
2.977805797496470404e+04
1.438725776729329846e+04
1.690337998458823859e+04
1.450046432376364828e+04
1.424777982136772516e+04
1.988276742520500557e+04
1.241281331785917973e+04
2.711362209080749744e+04
1.390252026078221206e+04
2.241986182027748873e+04
1.724926365484135022e+04
2.980444302772649462e+04
4.279636220197059447e+04
1.460810331611449510e+04
1.871580190497789954e+04
1.478923395975063431e+04
2.262568847177296630e+04
1.738038510084956215e+04
2.014724646413314622e+04
1.696598066454889704e+04
1.821028466294492318e+04
3.128550903707096222e+04
1.355387683371089224e+04
1.972706919777516305e+04
2.664665458168940677e+04
3.172666747656822190e+04
1.420211888948878004e+04
1.999308071840933917e+04
1.614974096478562751e+04
1.885341820291109252e+04
2.863569246049478534e+04
2.564291832270402301e+04
2.138164239515668669e+04
1.348478614514668152e+04
2.146944645469664465e+04
3.140200080893428822e+04
2.253963829133137187e+04
2.758778895223529616e+04
1.891190222345303482e+04
3.109824981762408788e+04
1.384978943707581493e+04
1.931604613064359000e+04
1.110253784302365420e+04
2.657110831922199577e+04
2.336670348729704347e+04
1.122554995920719921e+04
2.032030154848592792e+04
1.428406573558052878e+04
2.767430512299300972e+04
1.687441273381255451e+04
3.232193537266006388e+04
9.583183040952169904e+03
1.349558610154316193e+04
2.929948905564800953e+04
2.407455483892378470e+04
2.514673698748014795e+04
1.725388452031057386e+04
2.484155098164192532e+04
1.575210120550209467e+04
2.015820751660803580e+04
2.626625927141237116e+04
1.182274015373788279e+04
2.802443030054787232e+04
1.300884885717835095e+04
2.491707154340950729e+04
2.324666456048423061e+04
1.657968920731562321e+04
1.779821787204785505e+04
1.368850381387064590e+04
2.045242511632064270e+04
2.609846316393663074e+04
3.065990503103031006e+04
1.392148344021267803e+04
1.653065311676924466e+04
9.764798816535501828e+03
3.552022917107913236e+04
1.996297810007593216e+04
1.642011811133170704e+04
1.693880565817391471e+04
1.554060522492999189e+04
1.820800597486124389e+04
1.439996525401997678e+04
4.429959569915978500e+04
1.382659122979631866e+04
1.809327023780819218e+04
3.593145487962540938e+04
1.300384129932485484e+04
2.470917238517035003e+04
1.147756733730442829e+04
3.138061695364275147e+04
1.705837676752537300e+04
1.940901887850631101e+04
1.683743614208361396e+04
1.425937478801420184e+04
3.969532330316911975e+04
1.208186599003048104e+04
4.213691321207939473e+04
1.420123651378573595e+04
3.321120046727398585e+04
9.897059297237785358e+03
1.380232323923937838e+04
3.068663290923545719e+04
1.598511290159897180e+04
3.090711315029528487e+04
1.427750228262720702e+04
2.625657776352329529e+04
1.882828364896231142e+04
1.436413767239691879e+04
2.786670299860807427e+04
1.098771202156533946e+04
2.217683825851018264e+04
1.128998667216626018e+04
2.994097630266519263e+04
1.194209922345934865e+04
2.355421290735273215e+04
2.680384814164072304e+04
1.544092673680133157e+04
3.908505678889178671e+04
1.537134399984036827e+04
2.117889537360526083e+04
1.376042714402483216e+04
2.010764444110146360e+04
1.086612488759223379e+04
2.592777076695085634e+04
2.883268430928925955e+04
1.266611765607042071e+04
1.737621025635022670e+04
1.591289071089000936e+04
2.694418817988287628e+04
1.409934156633929706e+04
4.971496156449615955e+04
1.276016575556288080e+04
1.359821040796556917e+04
4.749762160634412430e+04
1.418157201216846079e+04
2.194980312202577989e+04
1.254922982377894004e+04
2.607308071864425074e+04
1.681067352085014136e+04
1.656114098846596244e+04
2.067101289220831677e+04
1.460594944484268308e+04
2.846915564270892355e+04
1.081348049118663039e+04
3.267144923402764471e+04
2.026119989687382258e+04
1.724184969283956889e+04
1.649151903520292399e+04
1.193385673862366093e+04
2.335691297242212022e+04
1.841240176413870722e+04
2.958195757565723761e+04
1.106683415904894537e+04
2.287528718948617825e+04
1.358743582230394532e+04
2.366711218609687785e+04
2.287678609975787913e+04
2.238837927587215381e+04
1.488943296175199430e+04
1.564420304239260440e+04
1.896829043341778015e+04
1.603953787310962434e+04
2.553580055618792903e+04
1.237548837122891928e+04
1.118591054984731272e+04
2.212908722056002080e+04
1.736044429186487832e+04
2.054220477420508541e+04
1.668672301577685721e+04
2.153623543155219159e+04
3.388843105408614792e+04
2.140879658050190847e+04
1.709143443878402832e+04
2.945917111065190329e+04
2.558338112916591490e+04
2.001740582688172071e+04
2.534022519638076119e+04
1.229632302302389871e+04
2.449183729067473541e+04
1.118352498034999553e+04
1.424861423610910060e+04
1.797722516108269701e+04
1.594693694407203839e+04
2.384616168378325892e+04
2.093406199355349600e+04
2.998422171550298299e+04
1.744006400692936586e+04
2.523879206826464724e+04
2.663731039403835166e+04
1.170252337282316330e+04
2.546918375121134522e+04
2.582762352521627690e+04
1.616110809272193910e+04
1.589325062451655685e+04
2.731733762914610270e+04
1.525370050707201699e+04
1.516252036472489817e+04
2.127014373338599034e+04
1.032268310006042702e+04
2.420122910870643318e+04
3.172841175363937145e+04
2.599806819057093162e+04
1.758640040863864851e+04
2.135634746218289365e+04
1.663106173020455390e+04
2.465609241364500849e+04
2.541167596537990539e+04
3.007483973046414394e+04
2.586199815395828773e+04
1.569885580586366996e+04
2.133112348227525217e+04
1.581358786652409435e+04
1.279291966539111490e+04
1.705666583959995114e+04
1.291411767342316671e+04
3.251552399764705478e+04
1.624350988794200748e+04
1.607164526216185186e+04
2.043549377534749510e+04
3.399634833758713648e+04
3.009062387905101423e+04
1.823896548562968019e+04
2.069946581531168340e+04
1.453204163771992353e+04
