2.985194550971901845e+04
6.155722066724581964e+03
1.100822868392015334e+04
1.100827959353984261e+04
1.080532672092363282e+04
1.440256149854041360e+04
9.651230652900740097e+03
1.331175438965859030e+04
1.284401529453527110e+04
2.372285837227338561e+04
9.502714738400653005e+03
1.734671549284083812e+04
2.487250752749715684e+04
6.599626532326099550e+03
1.922675234374278443e+04
1.615782100248550159e+04
1.258924054073349180e+04
1.385958391392679732e+04
1.877229514472767914e+04
9.601931288129124368e+03
7.745901307651949537e+03
2.145606283146214628e+04
1.667944451585226489e+04
1.141458086796461794e+04
9.352030444680356595e+03
1.999598634659981690e+04
1.854262220869860539e+04
1.335110748924119434e+04
1.763662785126878225e+04
1.613808727771462873e+04
1.533512143307137740e+04
1.171912574913693970e+04
2.105626672466369564e+04
1.017332752993191934e+04
1.195249461207530294e+04
1.025337665368688067e+04
1.007470172854197517e+04
1.405923967511745104e+04
8.777184470660913576e+03
1.917222604293936092e+04
9.830566351982472042e+03
1.585323632638358686e+04
1.219707130081296964e+04
2.107492377439352276e+04
3.026159792312905483e+04
1.032948891509825262e+04
1.323407044235397916e+04
1.045756762149405040e+04
1.599877774740495988e+04
1.228978816444436416e+04
1.424625459702524131e+04
1.199675997738237311e+04
1.287661577250573828e+04
2.212219559298589229e+04
9.584038220484224439e+03
1.394914440268308499e+04
1.884203015064816645e+04
2.243414171713207907e+04
1.004241457397507656e+04
1.413724295279725447e+04
1.141959135060609515e+04
1.333137985982432656e+04
2.024849232278835552e+04
1.813228143539678422e+04
1.511910433052106600e+04
9.535183726083623696e+03
1.518119117643747995e+04
2.220456771482288605e+04
1.593793108129238135e+04
1.950751264606889526e+04
1.337273430734058820e+04
2.198978332907530785e+04
9.793280028962126380e+03
1.365850720469025691e+04
7.850679797182289803e+03
1.878861087616416262e+04
1.652275448984308969e+04
7.937662498703783058e+03
1.436862302068990357e+04
1.010035974454340248e+04
1.956868881709397101e+04
1.193201167261948649e+04
2.285505968308127194e+04
6.776333713609199549e+03
9.542820448488093461e+03
2.071786739654974008e+04
1.702328098065041922e+04
1.778142824856178413e+04
1.220033874612120962e+04
1.756562915431034344e+04
1.113841758034732266e+04
1.425400523155917654e+04
1.857305004721971272e+04
8.359939734914541987e+03
1.981626470440715639e+04
9.198645242341681296e+03
1.761903025565521602e+04
1.643787415068739210e+04
1.172361066845829191e+04
1.258524055036064237e+04
9.679233871085851206e+03
1.446204849146038941e+04
1.845440028176690976e+04
2.167982675797707998e+04
9.843975344750611839e+03
1.168893691631007096e+04
6.904755460094626869e+03
2.511659491617027743e+04
1.411595718724223298e+04
1.161077686440669640e+04
1.197754434609583404e+04
1.098886733829108925e+04
1.287500449670956004e+04
1.018231307996819123e+04
3.132454452269829926e+04
9.776876419283422365e+03
1.279387407899491154e+04
2.540737540328158866e+04
9.195104364226290272e+03
1.747202335106133251e+04
8.115865695733187749e+03
2.218944704573832860e+04
1.206209388835225036e+04
1.372424886516953120e+04
1.190586527386278431e+04
1.008290060808533053e+04
2.806883228906326622e+04
8.543169370937674103e+03
2.979529707053037055e+04
1.004179064013189964e+04
2.348386506175527029e+04
6.998277742882205530e+03
9.759716358594838312e+03
2.169872622190266702e+04
1.130318173075320192e+04
2.185462929547371459e+04
1.009571868245211044e+04
1.856620418733923725e+04
1.331360704628504391e+04
1.015697915404901323e+04
1.970473465962726550e+04
7.769485680173800574e+03
1.568139271786981590e+04
7.983226135394505945e+03
2.117146737896028208e+04
8.444339342510707866e+03
1.665534367230082353e+04
1.895318278284859480e+04
1.091838400339688997e+04
2.763730869848668590e+04
1.086918157823827460e+04
1.497574053671668116e+04
9.730091345563396317e+03
1.421825173799083132e+04
7.683510593236380373e+03
1.833370253036128270e+04
2.038778659490940117e+04
8.956297685914054455e+03
1.228683610358848273e+04
1.125211292995074655e+04
1.905241817556160095e+04
9.969740031823876052e+03
3.515378644868380798e+04
9.022799734822878236e+03
9.615386791473943958e+03
3.358589032807861076e+04
1.002788573768967035e+04
1.552085463329408230e+04
8.873645507062552497e+03
1.843645218257757006e+04
1.188694124290627042e+04
1.171049509713076623e+04
1.461661339007505012e+04
1.032796589811615013e+04
2.013073300961474524e+04
7.646285383546505727e+03
2.310220330457298405e+04
1.432683184205565885e+04
1.219182883800605123e+04
1.166126494185901902e+04
8.438511025589566998e+03
1.651583155038372206e+04
1.301953414535363117e+04
2.091760280251999575e+04
7.825433480130433054e+03
1.617527069327543722e+04
9.607768008888133409e+03
1.673517551789187564e+04
1.617633058289294604e+04
1.583097480574556721e+04
1.052841901527733535e+04
1.106212205753502894e+04
1.341260679298563082e+04
1.134166599717427016e+04
1.805653773630769865e+04
8.750791747791230591e+03
7.909633203543177842e+03
1.564762763512655874e+04
1.227568788318894804e+04
1.452553229636308606e+04
1.179929500023745459e+04
1.522841811488054736e+04
2.396273940211709487e+04
1.513830523911627097e+04
1.208546919186948071e+04
2.083077966047680093e+04
1.809018228211317182e+04
1.415444340195117366e+04
1.791824507315505252e+04
8.694813393240467121e+03
1.731834423195366617e+04
7.907946351174633492e+03
1.007529174886392502e+04
1.271181781831899934e+04
1.127618725230761811e+04
1.686178263187396442e+04
1.480261719342125252e+04
2.120204650363309702e+04
1.233198752362718733e+04
1.784652102042718252e+04
1.883542281219542565e+04
8.274933633917326006e+03
1.800943254176777191e+04
1.826288773661363302e+04
1.142762912385247364e+04
1.123822529169298832e+04
1.931627468153165319e+04
1.078599506673930227e+04
1.072152096977610017e+04
1.504026287068978309e+04
7.299239220092500545e+03
1.711285321581558310e+04
2.243537510727735935e+04
1.838341031530298278e+04
1.243546298561025833e+04
1.510121811188563879e+04
1.175993652775971714e+04
1.743449014325057578e+04
1.796876839643533822e+04
2.126612311650979609e+04
1.828719426969788037e+04
1.110076739719600300e+04
1.508338206464443283e+04
1.118189521530849743e+04
9.045960246572796677e+03
1.206088407961406119e+04
9.131660179918560971e+03
2.299194751257015014e+04
1.148589599203452963e+04
1.136436934969929462e+04
1.445007622544369588e+04
2.403904844508787573e+04
2.127728419501082681e+04
1.289689617671613814e+04
1.463673264494601972e+04
1.027570518651701968e+04
