6.398904600479260262e+04
1.319507910772894138e+04
2.359665474591288876e+04
2.359676387307162804e+04
2.316172486704050607e+04
3.087256641336512257e+04
2.068786578919167005e+04
2.853437018927417012e+04
2.753174949018634652e+04
5.085106011781907728e+04
2.036951495734066702e+04
3.718349865478796710e+04
5.331538702941127849e+04
1.414660915999506688e+04
4.121344586556198192e+04
3.463504752575104794e+04
2.698562785008841820e+04
2.970866848148326608e+04
4.023929553403605678e+04
2.058219028742744194e+04
1.660370292993306066e+04
4.599207750654489064e+04
3.575317200387393677e+04
2.446768972051793025e+04
2.004651610287979202e+04
4.286233504704745428e+04
3.974698081823853863e+04
2.861872540487653896e+04
3.780493939923673315e+04
3.459274736069821665e+04
3.287155239347486349e+04
2.512049596410145750e+04
4.513509579116107489e+04
2.180700494454185173e+04
2.562073307266067059e+04
2.197859399762155954e+04
2.159559591123961945e+04
3.013663997445651694e+04
1.881430678288005583e+04
4.109656618113922013e+04
2.107228027551405830e+04
3.398215597986855573e+04
2.614499468174873255e+04
4.517508805274037877e+04
6.486715517590624950e+04
2.214174420153022220e+04
2.836785100290187256e+04
2.241628691879220787e+04
3.429413084536961833e+04
2.634373762968817755e+04
3.053751523525465018e+04
2.571561796035185762e+04
2.760163014449583716e+04
4.741996433919922856e+04
2.054383565729709881e+04
2.990064559176480543e+04
4.038877579154683190e+04
4.808863549440109637e+04
2.152638688034840015e+04
3.030384366047264484e+04
2.447842992517719540e+04
2.857643830550104030e+04
4.340359345586884592e+04
3.886739611539551697e+04
3.240850959754005453e+04
2.043911375604871500e+04
3.254159566519163491e+04
4.759653284767462173e+04
3.416370316132307926e+04
4.181526874829557346e+04
2.866508350431259896e+04
4.713613243805179081e+04
2.099235529245653379e+04
2.927765111969556528e+04
1.682830053897957259e+04
4.027426906998703635e+04
3.541729958043241641e+04
1.701475204136047614e+04
3.079981769352701667e+04
2.165059507254294294e+04
4.194640274158408283e+04
2.557682693077370641e+04
4.899089290601929679e+04
1.452538929507269859e+04
2.045548342887645049e+04
4.440972095193578571e+04
3.649020160071984719e+04
3.811532584560343821e+04
2.615199860409204848e+04
3.765275036068730697e+04
2.387572075452793797e+04
3.055412908407722716e+04
3.981220431793706666e+04
1.791992311256819812e+04
4.247709327355638379e+04
1.971772772405508658e+04
3.776721812727060023e+04
3.523535459043610899e+04
2.513010959912193721e+04
2.697705368302437637e+04
2.074789200142450500e+04
3.100007957412055111e+04
3.955787297804013360e+04
4.647172598316814401e+04
2.110102308073052700e+04
2.505578478432389238e+04
1.480066733486398880e+04
5.383859980085054849e+04
3.025821662316935908e+04
2.488824504540289854e+04
2.567442835299426588e+04
2.355515279302444105e+04
2.759817629921749540e+04
2.182626589269219403e+04
6.714563109092926607e+04
2.095719338536965734e+04
2.742426944179540806e+04
5.446190141986911476e+04
1.971013768565878127e+04
3.745210192896394437e+04
1.739673895639096008e+04
4.756412098395337671e+04
2.585566426431429863e+04
2.941857145386507909e+04
2.552078089811705649e+04
2.161317059427382264e+04
6.016685914359968592e+04
1.831268443544775073e+04
6.386761741715961398e+04
2.152504944887740930e+04
5.033876674194505176e+04
1.500113673655907041e+04
2.092040999004658443e+04
4.651223787095135049e+04
2.422890044249265702e+04
4.684642342491394083e+04
2.164064673816808136e+04
3.979752989604079630e+04
2.853834144568902047e+04
2.177196143368812045e+04
4.223802338901523763e+04
1.665425713913204163e+04
3.361380114124548709e+04
1.711241983468399849e+04
4.538203379944487824e+04
1.810083763190829268e+04
3.570151071478758240e+04
4.062703667451378715e+04
2.340406845724312006e+04
5.924186807792297623e+04
2.329860075008825152e+04
3.210120257816392404e+04
2.085690738445780153e+04
3.047748979287820111e+04
1.646996550589448452e+04
3.929915168415142398e+04
4.370217726455414231e+04
1.919824436467578926e+04
2.633740974871793151e+04
2.411943207156541393e+04
4.083975239542212512e+04
2.137060558898913587e+04
7.535379084673452599e+04
1.934079462712532768e+04
2.061103279024753283e+04
7.199293193857801089e+04
2.149524363800393621e+04
3.326968022369613027e+04
1.902107554084810181e+04
3.951940038521192037e+04
2.548021634975024062e+04
2.510199575653224747e+04
3.133139668727016397e+04
2.213847954316140749e+04
4.315117084221689584e+04
1.639017152212857400e+04
4.952065685591915826e+04
3.071023634107042380e+04
2.613375721671915380e+04
2.499646860857864885e+04
1.808834436109363378e+04
3.540245993484183418e+04
2.790798238315031631e+04
4.483786316723144409e+04
1.677418387369365519e+04
3.467245175678728265e+04
2.059470157226292213e+04
3.587263402192715876e+04
3.467472367991781357e+04
3.393443736575749062e+04
2.256816020607348037e+04
2.371217772120684094e+04
2.875055204831203082e+04
2.431139327344321282e+04
3.870503594211948075e+04
1.875773274292845599e+04
1.695466993190700668e+04
3.354142410195636330e+04
2.631351301516047170e+04
3.113616008891163801e+04
2.529234251578333351e+04
3.264282882387186692e+04
5.136525636172379745e+04
3.244966764611790495e+04
2.590577032429130122e+04
4.465175368807961058e+04
3.877715460482627532e+04
3.034071363036639741e+04
3.840859912925852404e+04
1.863774051316054101e+04
3.712268352575284371e+04
1.695105408469936083e+04
2.159686064748646459e+04
2.724837799654060291e+04
2.417103651122668816e+04
3.614402231179577939e+04
3.173010456798472296e+04
4.544758158810870373e+04
2.643419393630455306e+04
3.825485525657996186e+04
4.037461265152355190e+04
1.773770854616320867e+04
3.860406374720847816e+04
3.914735685076399386e+04
2.449565926930390560e+04
2.408966326728147396e+04
4.140534119745462522e+04
2.312028655915711352e+04
2.298208330686481349e+04
3.223950922875047399e+04
1.564626178559850086e+04
3.668220388998001727e+04
4.809127932405442698e+04
3.940570265371536516e+04
2.665599844465883143e+04
3.237016964858290885e+04
2.520797578312812766e+04
3.737164773677308403e+04
3.851689824352043797e+04
4.558493281460961589e+04
3.919945904501590849e+04
2.379501582020550995e+04
3.233193724436356933e+04
2.396891710525839153e+04
1.939044027086997085e+04
2.585307098251363277e+04
1.957414209947221025e+04
4.928431839200004470e+04
2.462055703542915944e+04
2.436005897493706652e+04
3.097441646011431658e+04
5.152882837613905576e+04
4.560885711011099920e+04
2.764510214258027190e+04
3.137452325418358305e+04
2.202645625551098419e+04
