4.849462855233007576e+04
1.000000000000000000e+04
1.788292025630318676e+04
1.788300295922436635e+04
1.755330504496457070e+04
2.339703018171501026e+04
1.567847045121076371e+04
2.162500880541165316e+04
2.086516440364482696e+04
3.853789712259728549e+04
1.543720563631129698e+04
2.817982245593961488e+04
4.040550768519614212e+04
1.072112493187613472e+04
3.123395133070588781e+04
2.624845765832791949e+04
2.045128159503169809e+04
2.251496049317474899e+04
3.049568343282316346e+04
1.559838339686159270e+04
1.258325379815838824e+04
3.485547690245016565e+04
2.709583755578374621e+04
1.854304132681259944e+04
1.519241827897618168e+04
3.248357565506453830e+04
3.012257864748758948e+04
2.168893810429168661e+04
2.865078647167238523e+04
2.621640012785956787e+04
2.491197826485219048e+04
1.903777594587308704e+04
3.420600621084829618e+04
1.652661933020812648e+04
1.941688478218631644e+04
1.665665951540049718e+04
1.636640124316505535e+04
2.283930223412162377e+04
1.425857823911012747e+04
3.114537309372184245e+04
1.596980215387347744e+04
2.575365839221358328e+04
1.981420078522640324e+04
3.423631467755227641e+04
4.916011086126090959e+04
1.678030424884745298e+04
2.149881086069848971e+04
1.698836872123184003e+04
2.599009112820098744e+04
1.996481977456087043e+04
2.314310887106957671e+04
1.948879408027882164e+04
2.091812403635256851e+04
3.593761276612828806e+04
1.556931602271612428e+04
2.266045193639701029e+04
3.060896828416082644e+04
3.644437073987184704e+04
1.631395060582807855e+04
2.296601893255974574e+04
1.855118087987748004e+04
2.165689047575512814e+04
3.289377282357135846e+04
2.945597809461344150e+04
2.456105744645134837e+04
1.548995166241680272e+04
2.466191782520696142e+04
3.607142667283838091e+04
2.589124542748052772e+04
3.169004778743805946e+04
2.172407097394527227e+04
3.572250840879163297e+04
1.590923034342430037e+04
2.218831041531713709e+04
1.275346695657360033e+04
3.052218841673833958e+04
2.684129385756159536e+04
1.289477077207834373e+04
2.334189696178949089e+04
1.640808281313086627e+04
3.178942877046809008e+04
1.938361014887150304e+04
3.712815399289509514e+04
1.100818659477724214e+04
1.550235755456347943e+04
3.365627488047649967e+04
2.765440154075765895e+04
2.888601541106154036e+04
1.981950876578956377e+04
2.853544874818706012e+04
1.809441274250706920e+04
2.315569981401651603e+04
3.017200881699701131e+04
1.358076216615609883e+04
3.219161698596840506e+04
1.494324328264583164e+04
2.862219909325793196e+04
2.670340533979610700e+04
1.904506171880555121e+04
2.044478359150019969e+04
1.572396181336385052e+04
2.349366708681756427e+04
2.997926170436472239e+04
3.521898247350983729e+04
1.599158512689076815e+04
1.898873404225944250e+04
1.121680833743132462e+04
4.080202881793629786e+04
2.293144010439905833e+04
1.886176266334375396e+04
1.945757819515884330e+04
1.785146765753540967e+04
2.091550651109929458e+04
1.654121639930720994e+04
5.088687270665857068e+04
1.588258260088346287e+04
2.078370975868708410e+04
4.127440311287589429e+04
1.493749110917696635e+04
2.838338567218334356e+04
1.318426271972929680e+04
3.604686307344149827e+04
1.959492933177603481e+04
2.229510805784659533e+04
1.934113519877906947e+04
1.637972036227810895e+04
4.559795257942583703e+04
1.387841958804263777e+04
4.840260289136843494e+04
1.631293702230950294e+04
3.814965134423438576e+04
1.136873573404515628e+04
1.585470600005162123e+04
3.524968474323664850e+04
1.836207289450861936e+04
3.550295003345142322e+04
1.640054338552028639e+04
3.016088768481093939e+04
2.162801845498057810e+04
1.650006131523328077e+04
3.201043589369203619e+04
1.262156672435325163e+04
2.547449762658595864e+04
1.296878911825583236e+04
3.439315022587671410e+04
1.371786973319912249e+04
2.705668561992601462e+04
3.078953626789303235e+04
1.773696714219342539e+04
4.489694043836568744e+04
1.765703756671017618e+04
2.432816227631468064e+04
1.580658002439787379e+04
2.309761809235852706e+04
1.248189978356954089e+04
2.978318762873666128e+04
3.312005703622939473e+04
1.454954851572699408e+04
1.996002413755211455e+04
1.827911138284695335e+04
3.095074463896201632e+04
1.619589046379526917e+04
5.710749456787756208e+04
1.465758141290457934e+04
1.562024192653361024e+04
5.456043980547912361e+04
1.629034844164990318e+04
2.521370273877979707e+04
1.441527965505460088e+04
2.995010493121156105e+04
1.931039301979277298e+04
1.902375541032482215e+04
2.374475850540219835e+04
1.677783010046064737e+04
3.270247225493429869e+04
1.242142725201861322e+04
3.752963999049669656e+04
2.327400699180505762e+04
1.980568437927094783e+04
1.894378078713989089e+04
1.370840160442728120e+04
2.683004750923019674e+04
2.115029561801063755e+04
3.398074600474954786e+04
1.271245419352451972e+04
2.627680476464752064e+04
1.560786517770832688e+04
2.718637283569976353e+04
2.627852656041091177e+04
2.571749444524405408e+04
1.710346715000314725e+04
1.797047030003599502e+04
2.178884401797300234e+04
1.842459076975366770e+04
2.933293209242544617e+04
1.421570313431559589e+04
1.284923704775358783e+04
2.541964608784320444e+04
1.994191380008285341e+04
2.359679683214161923e+04
1.916801127851404090e+04
2.473863821305286183e+04
3.892758500525919226e+04
2.459224941448869140e+04
1.963290262437088677e+04
3.383970139438202023e+04
2.938758781833507601e+04
2.299396114464709535e+04
2.910827499833700131e+04
1.412476602905972140e+04
2.813373320665310894e+04
1.284649674799628883e+04
1.636735973400585863e+04
2.065040896994700233e+04
1.831822023489699495e+04
2.739204669915515842e+04
2.404692257540085120e+04
3.444282616046465409e+04
2.003337283580276198e+04
2.899175893092781553e+04
3.059823463117727806e+04
1.344266934767632119e+04
2.925640947813368621e+04
2.966814865689865837e+04
1.856423828103896085e+04
1.825655084793776768e+04
3.137938079749873214e+04
1.752190068009106471e+04
1.741716220056853490e+04
2.443297911709098116e+04
1.185764909619510581e+04
2.779991206607743879e+04
3.644637438807413855e+04
2.986393816360957135e+04
2.020146921972239943e+04
2.453200119855459343e+04
1.910407325134011626e+04
2.832241279620889691e+04
2.919035037914958957e+04
3.454691892518363602e+04
2.970763473638824144e+04
1.803324983953125047e+04
2.450302645432820646e+04
1.816504236887730076e+04
1.469520577524399414e+04
1.959296399168258358e+04
1.483442572769932849e+04
3.735052892796378728e+04
1.865889308765705573e+04
1.846147247474121104e+04
2.347421808329381747e+04
3.905154941129252984e+04
3.456505015070040099e+04
2.095106965019051131e+04
2.377744233136589173e+04
1.669293232399729459e+04
