1.093028233935596108e+04
2.650000000000000455e+03
6.669243166677536465e+03
6.826801114041731125e+03
7.278345428171634921e+03
7.151791699456193783e+03
6.880924261917756667e+03
7.007506178579544212e+03
6.593069686496250142e+03
6.469010717221240157e+03
6.842224772286572261e+03
6.435827085966064260e+03
7.375195311210318323e+03
5.792826360236809705e+03
6.364853400754984250e+03
5.994839127091512637e+03
6.734400908615278240e+03
6.788339583357891570e+03
6.902620583192023332e+03
6.486816366268783895e+03
5.988866804513407260e+03
7.180712078197383562e+03
7.408748243488764274e+03
5.760721346311785965e+03
5.869850007533499593e+03
7.299979662490966803e+03
7.046060578807208003e+03
6.692154695121663281e+03
5.848468754402864761e+03
7.481558677523132246e+03
6.729885151560975828e+03
6.724805482513966126e+03
6.321324296355101978e+03
7.054409141169302529e+03
7.465519167573326740e+03
6.408153395915200235e+03
7.080224309060618907e+03
6.588451580546617151e+03
6.211676754533751591e+03
7.084996127461277865e+03
7.469545102258996849e+03
5.922392733998178301e+03
7.151845892374148207e+03
5.442177886418755406e+03
7.029208613840780345e+03
6.196923820354498275e+03
7.327768760980163279e+03
6.057871597622346599e+03
7.000116203716379459e+03
6.714496188460817393e+03
5.876256652898449829e+03
6.688751845749990025e+03
6.031405654092365694e+03
7.802684188414151322e+03
6.490532569876488196e+03
6.801722091045206071e+03
6.817911361413284794e+03
6.344539734627762300e+03
6.911849274527744456e+03
6.614589660373833794e+03
5.276285040367896727e+03
7.483756261800146603e+03
7.800591591196485751e+03
5.490554689412472726e+03
6.461567609332216307e+03
6.412716269889824616e+03
5.148368785279668373e+03
8.359414656042608840e+03
6.628500828014928629e+03
6.366009803611372263e+03
7.314411099529822422e+03
5.939801029723301326e+03
6.279140751918485876e+03
6.892079867384924000e+03
6.933218575401652743e+03
7.246227891330111561e+03
6.319885518348779442e+03
6.124548014369883276e+03
7.184988743217910269e+03
6.408176912006090788e+03
5.763906954095909896e+03
7.522038131765964863e+03
7.219992308525283079e+03
6.801743474177611461e+03
5.339667187583656414e+03
7.438661706236842292e+03
7.401437804827350192e+03
5.716835095446211199e+03
6.283809957835079331e+03
6.228824503870791887e+03
7.904580630777361876e+03
5.733982133504307058e+03
6.769293538274542698e+03
5.733471295033572460e+03
7.588780538262390110e+03
6.214044295590145339e+03
6.011850399493111581e+03
7.560569489753795096e+03
5.703945094392389365e+03
7.517091462894054530e+03
7.389191078974042284e+03
6.234063706661012475e+03
6.682418308732689184e+03
6.651805285369299781e+03
7.020263537434091631e+03
6.522108276438804751e+03
6.394341461144664208e+03
6.037801984689604069e+03
7.878104500612916127e+03
5.549147542602113390e+03
6.089502653444655152e+03
7.073707140715635433e+03
6.458788515754549735e+03
7.237875534355862328e+03
6.181741087100979712e+03
6.885178258784302670e+03
7.087962581740363930e+03
6.453841524394578300e+03
6.223957878986646392e+03
6.410339442897315166e+03
5.794533772066479287e+03
7.758338601176472366e+03
6.873441230342924428e+03
7.101697668248158152e+03
6.893138767668271612e+03
5.859581925017455433e+03
5.435981971241106294e+03
7.683280725554174751e+03
7.168754983421777979e+03
5.761890991330959878e+03
7.537656008293782179e+03
5.711771109091971084e+03
6.739400673474289761e+03
6.655295308145887248e+03
6.446579581366946513e+03
6.854423210146751444e+03
6.625793976330611258e+03
6.525397898814764631e+03
7.314038845746533298e+03
6.195294954763139685e+03
7.020317570439881820e+03
6.131506505257625577e+03
6.159774116291881001e+03
7.475374971268756781e+03
6.789046845690880218e+03
6.035582912325151483e+03
7.082672508037326224e+03
6.546004994638526114e+03
5.851001000550550998e+03
7.260345050691156757e+03
6.578613733549500466e+03
6.579124282668986780e+03
6.483526574911567877e+03
6.781924358827071956e+03
5.737204437416814471e+03
6.774222080428605295e+03
6.359096166319330223e+03
7.706254373193325591e+03
7.104398588390286932e+03
6.562863505432072998e+03
7.554550663988115957e+03
5.666849188918334221e+03
6.138558246160318959e+03
5.616957273473753958e+03
7.711799545934230082e+03
6.190296747470121772e+03
6.771748420865917979e+03
6.829279936560962597e+03
7.220290244064887702e+03
6.001963641740418097e+03
6.050331100511350087e+03
6.077149030733276959e+03
6.974236623506437354e+03
6.741875018413440557e+03
6.392883878766300768e+03
7.694019360268242963e+03
7.467631346701847178e+03
6.312148271547950571e+03
6.048717495957451320e+03
6.815451068991259490e+03
5.836079817226307568e+03
7.115478577543212850e+03
6.503340503046483718e+03
6.953634950943477634e+03
7.264068974450364294e+03
6.614644540140068784e+03
5.765537200370194114e+03
7.771802293022014055e+03
6.205560118829882413e+03
6.714480098890858244e+03
6.468853271213810331e+03
6.804425267056424673e+03
7.314848186626684765e+03
6.255025076467343752e+03
6.361240649408655372e+03
7.206187452682474031e+03
6.935782748605690358e+03
5.904533068998131967e+03
7.102351529027558172e+03
6.230387599326013515e+03
5.981185322757011818e+03
6.875759182921277898e+03
5.708738329566348511e+03
7.526021780514523925e+03
6.811582901395609042e+03
6.417286867175766019e+03
6.697090866082396133e+03
6.568087339398143740e+03
6.588511307406198284e+03
6.196284850962529163e+03
7.456774762957547864e+03
6.134990475859393882e+03
6.591689744116945803e+03
6.676404345157577154e+03
7.198504788080967955e+03
6.396370986828080277e+03
6.835368189796900879e+03
6.750430269569566008e+03
6.395098310102123833e+03
6.303317651829878741e+03
6.720205138109226937e+03
6.493999062552420583e+03
5.981055934105312190e+03
7.314012654441597078e+03
7.316893839616975129e+03
6.274751031609735946e+03
7.084221216248772180e+03
6.571854721162255373e+03
7.550389206636587915e+03
6.103986184501153730e+03
6.359432185138941350e+03
6.425364882724658855e+03
6.122096413591772034e+03
7.375889365754796927e+03
6.777303456942864614e+03
6.366457287904506302e+03
6.306269427385569543e+03
6.643262701285566436e+03
6.356628127057912934e+03
7.025223118064272967e+03
6.982742510318914356e+03
5.955381539664291267e+03
6.859977862281126363e+03
6.357526053449285428e+03
6.881557840764747198e+03
6.591167244156957167e+03
7.450237709900849040e+03
6.237282329286656022e+03
6.301504931022671371e+03
6.928391862155150193e+03
7.229374223273493953e+03
6.165741515450878978e+03
7.345949353265223181e+03
5.832540333618995646e+03
5.426684514351160033e+03
7.749496302744782952e+03
