1.103028233935596108e+04
2.750000000000000455e+03
6.769243166677536465e+03
6.926801114041731125e+03
7.378345428171634921e+03
7.251791699456193783e+03
6.980924261917756667e+03
7.107506178579544212e+03
6.693069686496250142e+03
6.569010717221240157e+03
6.942224772286572261e+03
6.535827085966064260e+03
7.475195311210318323e+03
5.892826360236809705e+03
6.464853400754984250e+03
6.094839127091512637e+03
6.834400908615278240e+03
6.888339583357891570e+03
7.002620583192023332e+03
6.586816366268783895e+03
6.088866804513407260e+03
7.280712078197383562e+03
7.508748243488764274e+03
5.860721346311785965e+03
5.969850007533499593e+03
7.399979662490966803e+03
7.146060578807208003e+03
6.792154695121663281e+03
5.948468754402864761e+03
7.581558677523132246e+03
6.829885151560975828e+03
6.824805482513966126e+03
6.421324296355101978e+03
7.154409141169302529e+03
7.565519167573326740e+03
6.508153395915200235e+03
7.180224309060618907e+03
6.688451580546617151e+03
6.311676754533751591e+03
7.184996127461277865e+03
7.569545102258996849e+03
6.022392733998178301e+03
7.251845892374148207e+03
5.542177886418755406e+03
7.129208613840780345e+03
6.296923820354498275e+03
7.427768760980163279e+03
6.157871597622346599e+03
7.100116203716379459e+03
6.814496188460817393e+03
5.976256652898449829e+03
6.788751845749990025e+03
6.131405654092365694e+03
7.902684188414151322e+03
6.590532569876488196e+03
6.901722091045206071e+03
6.917911361413284794e+03
6.444539734627762300e+03
7.011849274527744456e+03
6.714589660373833794e+03
5.376285040367896727e+03
7.583756261800146603e+03
7.900591591196485751e+03
5.590554689412472726e+03
6.561567609332216307e+03
6.512716269889824616e+03
5.248368785279668373e+03
8.459414656042608840e+03
6.728500828014928629e+03
6.466009803611372263e+03
7.414411099529822422e+03
6.039801029723301326e+03
6.379140751918485876e+03
6.992079867384924000e+03
7.033218575401652743e+03
7.346227891330111561e+03
6.419885518348779442e+03
6.224548014369883276e+03
7.284988743217910269e+03
6.508176912006090788e+03
5.863906954095909896e+03
7.622038131765964863e+03
7.319992308525283079e+03
6.901743474177611461e+03
5.439667187583656414e+03
7.538661706236842292e+03
7.501437804827350192e+03
5.816835095446211199e+03
6.383809957835079331e+03
6.328824503870791887e+03
8.004580630777361876e+03
5.833982133504307058e+03
6.869293538274542698e+03
5.833471295033572460e+03
7.688780538262390110e+03
6.314044295590145339e+03
6.111850399493111581e+03
7.660569489753795096e+03
5.803945094392389365e+03
7.617091462894054530e+03
7.489191078974042284e+03
6.334063706661012475e+03
6.782418308732689184e+03
6.751805285369299781e+03
7.120263537434091631e+03
6.622108276438804751e+03
6.494341461144664208e+03
6.137801984689604069e+03
7.978104500612916127e+03
5.649147542602113390e+03
6.189502653444655152e+03
7.173707140715635433e+03
6.558788515754549735e+03
7.337875534355862328e+03
6.281741087100979712e+03
6.985178258784302670e+03
7.187962581740363930e+03
6.553841524394578300e+03
6.323957878986646392e+03
6.510339442897315166e+03
5.894533772066479287e+03
7.858338601176472366e+03
6.973441230342924428e+03
7.201697668248158152e+03
6.993138767668271612e+03
5.959581925017455433e+03
5.535981971241106294e+03
7.783280725554174751e+03
7.268754983421777979e+03
5.861890991330959878e+03
7.637656008293782179e+03
5.811771109091971084e+03
6.839400673474289761e+03
6.755295308145887248e+03
6.546579581366946513e+03
6.954423210146751444e+03
6.725793976330611258e+03
6.625397898814764631e+03
7.414038845746533298e+03
6.295294954763139685e+03
7.120317570439881820e+03
6.231506505257625577e+03
6.259774116291881001e+03
7.575374971268756781e+03
6.889046845690880218e+03
6.135582912325151483e+03
7.182672508037326224e+03
6.646004994638526114e+03
5.951001000550550998e+03
7.360345050691156757e+03
6.678613733549500466e+03
6.679124282668986780e+03
6.583526574911567877e+03
6.881924358827071956e+03
5.837204437416814471e+03
6.874222080428605295e+03
6.459096166319330223e+03
7.806254373193325591e+03
7.204398588390286932e+03
6.662863505432072998e+03
7.654550663988115957e+03
5.766849188918334221e+03
6.238558246160318959e+03
5.716957273473753958e+03
7.811799545934230082e+03
6.290296747470121772e+03
6.871748420865917979e+03
6.929279936560962597e+03
7.320290244064887702e+03
6.101963641740418097e+03
6.150331100511350087e+03
6.177149030733276959e+03
7.074236623506437354e+03
6.841875018413440557e+03
6.492883878766300768e+03
7.794019360268242963e+03
7.567631346701847178e+03
6.412148271547950571e+03
6.148717495957451320e+03
6.915451068991259490e+03
5.936079817226307568e+03
7.215478577543212850e+03
6.603340503046483718e+03
7.053634950943477634e+03
7.364068974450364294e+03
6.714644540140068784e+03
5.865537200370194114e+03
7.871802293022014055e+03
6.305560118829882413e+03
6.814480098890858244e+03
6.568853271213810331e+03
6.904425267056424673e+03
7.414848186626684765e+03
6.355025076467343752e+03
6.461240649408655372e+03
7.306187452682474031e+03
7.035782748605690358e+03
6.004533068998131967e+03
7.202351529027558172e+03
6.330387599326013515e+03
6.081185322757011818e+03
6.975759182921277898e+03
5.808738329566348511e+03
7.626021780514523925e+03
6.911582901395609042e+03
6.517286867175766019e+03
6.797090866082396133e+03
6.668087339398143740e+03
6.688511307406198284e+03
6.296284850962529163e+03
7.556774762957547864e+03
6.234990475859393882e+03
6.691689744116945803e+03
6.776404345157577154e+03
7.298504788080967955e+03
6.496370986828080277e+03
6.935368189796900879e+03
6.850430269569566008e+03
6.495098310102123833e+03
6.403317651829878741e+03
6.820205138109226937e+03
6.593999062552420583e+03
6.081055934105312190e+03
7.414012654441597078e+03
7.416893839616975129e+03
6.374751031609735946e+03
7.184221216248772180e+03
6.671854721162255373e+03
7.650389206636587915e+03
6.203986184501153730e+03
6.459432185138941350e+03
6.525364882724658855e+03
6.222096413591772034e+03
7.475889365754796927e+03
6.877303456942864614e+03
6.466457287904506302e+03
6.406269427385569543e+03
6.743262701285566436e+03
6.456628127057912934e+03
7.125223118064272967e+03
7.082742510318914356e+03
6.055381539664291267e+03
6.959977862281126363e+03
6.457526053449285428e+03
6.981557840764747198e+03
6.691167244156957167e+03
7.550237709900849040e+03
6.337282329286656022e+03
6.401504931022671371e+03
7.028391862155150193e+03
7.329374223273493953e+03
6.265741515450878978e+03
7.445949353265223181e+03
5.932540333618995646e+03
5.526684514351160033e+03
7.849496302744782952e+03
