1.128028233935596108e+04
3.000000000000000455e+03
7.019243166677536465e+03
7.176801114041731125e+03
7.628345428171634921e+03
7.501791699456193783e+03
7.230924261917756667e+03
7.357506178579544212e+03
6.943069686496250142e+03
6.819010717221240157e+03
7.192224772286572261e+03
6.785827085966064260e+03
7.725195311210318323e+03
6.142826360236809705e+03
6.714853400754984250e+03
6.344839127091512637e+03
7.084400908615278240e+03
7.138339583357891570e+03
7.252620583192023332e+03
6.836816366268783895e+03
6.338866804513407260e+03
7.530712078197383562e+03
7.758748243488764274e+03
6.110721346311785965e+03
6.219850007533499593e+03
7.649979662490966803e+03
7.396060578807208003e+03
7.042154695121663281e+03
6.198468754402864761e+03
7.831558677523132246e+03
7.079885151560975828e+03
7.074805482513966126e+03
6.671324296355101978e+03
7.404409141169302529e+03
7.815519167573326740e+03
6.758153395915200235e+03
7.430224309060618907e+03
6.938451580546617151e+03
6.561676754533751591e+03
7.434996127461277865e+03
7.819545102258996849e+03
6.272392733998178301e+03
7.501845892374148207e+03
5.792177886418755406e+03
7.379208613840780345e+03
6.546923820354498275e+03
7.677768760980163279e+03
6.407871597622346599e+03
7.350116203716379459e+03
7.064496188460817393e+03
6.226256652898449829e+03
7.038751845749990025e+03
6.381405654092365694e+03
8.152684188414151322e+03
6.840532569876488196e+03
7.151722091045206071e+03
7.167911361413284794e+03
6.694539734627762300e+03
7.261849274527744456e+03
6.964589660373833794e+03
5.626285040367896727e+03
7.833756261800146603e+03
8.150591591196485751e+03
5.840554689412472726e+03
6.811567609332216307e+03
6.762716269889824616e+03
5.498368785279668373e+03
8.709414656042608840e+03
6.978500828014928629e+03
6.716009803611372263e+03
7.664411099529822422e+03
6.289801029723301326e+03
6.629140751918485876e+03
7.242079867384924000e+03
7.283218575401652743e+03
7.596227891330111561e+03
6.669885518348779442e+03
6.474548014369883276e+03
7.534988743217910269e+03
6.758176912006090788e+03
6.113906954095909896e+03
7.872038131765964863e+03
7.569992308525283079e+03
7.151743474177611461e+03
5.689667187583656414e+03
7.788661706236842292e+03
7.751437804827350192e+03
6.066835095446211199e+03
6.633809957835079331e+03
6.578824503870791887e+03
8.254580630777361876e+03
6.083982133504307058e+03
7.119293538274542698e+03
6.083471295033572460e+03
7.938780538262390110e+03
6.564044295590145339e+03
6.361850399493111581e+03
7.910569489753795096e+03
6.053945094392389365e+03
7.867091462894054530e+03
7.739191078974042284e+03
6.584063706661012475e+03
7.032418308732689184e+03
7.001805285369299781e+03
7.370263537434091631e+03
6.872108276438804751e+03
6.744341461144664208e+03
6.387801984689604069e+03
8.228104500612917036e+03
5.899147542602113390e+03
6.439502653444655152e+03
7.423707140715635433e+03
6.808788515754549735e+03
7.587875534355862328e+03
6.531741087100979712e+03
7.235178258784302670e+03
7.437962581740363930e+03
6.803841524394578300e+03
6.573957878986646392e+03
6.760339442897315166e+03
6.144533772066479287e+03
8.108338601176472366e+03
7.223441230342924428e+03
7.451697668248158152e+03
7.243138767668271612e+03
6.209581925017455433e+03
5.785981971241106294e+03
8.033280725554174751e+03
7.518754983421777979e+03
6.111890991330959878e+03
7.887656008293782179e+03
6.061771109091971084e+03
7.089400673474289761e+03
7.005295308145887248e+03
6.796579581366946513e+03
7.204423210146751444e+03
6.975793976330611258e+03
6.875397898814764631e+03
7.664038845746533298e+03
6.545294954763139685e+03
7.370317570439881820e+03
6.481506505257625577e+03
6.509774116291881001e+03
7.825374971268756781e+03
7.139046845690880218e+03
6.385582912325151483e+03
7.432672508037326224e+03
6.896004994638526114e+03
6.201001000550550998e+03
7.610345050691156757e+03
6.928613733549500466e+03
6.929124282668986780e+03
6.833526574911567877e+03
7.131924358827071956e+03
6.087204437416814471e+03
7.124222080428605295e+03
6.709096166319330223e+03
8.056254373193325591e+03
7.454398588390286932e+03
6.912863505432072998e+03
7.904550663988115957e+03
6.016849188918334221e+03
6.488558246160318959e+03
5.966957273473753958e+03
8.061799545934230082e+03
6.540296747470121772e+03
7.121748420865917979e+03
7.179279936560962597e+03
7.570290244064887702e+03
6.351963641740418097e+03
6.400331100511350087e+03
6.427149030733276959e+03
7.324236623506437354e+03
7.091875018413440557e+03
6.742883878766300768e+03
8.044019360268242963e+03
7.817631346701847178e+03
6.662148271547950571e+03
6.398717495957451320e+03
7.165451068991259490e+03
6.186079817226307568e+03
7.465478577543212850e+03
6.853340503046483718e+03
7.303634950943477634e+03
7.614068974450364294e+03
6.964644540140068784e+03
6.115537200370194114e+03
8.121802293022014055e+03
6.555560118829882413e+03
7.064480098890858244e+03
6.818853271213810331e+03
7.154425267056424673e+03
7.664848186626684765e+03
6.605025076467343752e+03
6.711240649408655372e+03
7.556187452682474031e+03
7.285782748605690358e+03
6.254533068998131967e+03
7.452351529027558172e+03
6.580387599326013515e+03
6.331185322757011818e+03
7.225759182921277898e+03
6.058738329566348511e+03
7.876021780514523925e+03
7.161582901395609042e+03
6.767286867175766019e+03
7.047090866082396133e+03
6.918087339398143740e+03
6.938511307406198284e+03
6.546284850962529163e+03
7.806774762957547864e+03
6.484990475859393882e+03
6.941689744116945803e+03
7.026404345157577154e+03
7.548504788080967955e+03
6.746370986828080277e+03
7.185368189796900879e+03
7.100430269569566008e+03
6.745098310102123833e+03
6.653317651829878741e+03
7.070205138109226937e+03
6.843999062552420583e+03
6.331055934105312190e+03
7.664012654441597078e+03
7.666893839616975129e+03
6.624751031609735946e+03
7.434221216248772180e+03
6.921854721162255373e+03
7.900389206636587915e+03
6.453986184501153730e+03
6.709432185138941350e+03
6.775364882724658855e+03
6.472096413591772034e+03
7.725889365754796927e+03
7.127303456942864614e+03
6.716457287904506302e+03
6.656269427385569543e+03
6.993262701285566436e+03
6.706628127057912934e+03
7.375223118064272967e+03
7.332742510318914356e+03
6.305381539664291267e+03
7.209977862281126363e+03
6.707526053449285428e+03
7.231557840764747198e+03
6.941167244156957167e+03
7.800237709900849040e+03
6.587282329286656022e+03
6.651504931022671371e+03
7.278391862155150193e+03
7.579374223273493953e+03
6.515741515450878978e+03
7.695949353265223181e+03
6.182540333618995646e+03
5.776684514351160033e+03
8.099496302744782952e+03
