1.148028233935596108e+04
3.200000000000000455e+03
7.219243166677536465e+03
7.376801114041731125e+03
7.828345428171634921e+03
7.701791699456193783e+03
7.430924261917756667e+03
7.557506178579544212e+03
7.143069686496250142e+03
7.019010717221240157e+03
7.392224772286572261e+03
6.985827085966064260e+03
7.925195311210318323e+03
6.342826360236809705e+03
6.914853400754984250e+03
6.544839127091512637e+03
7.284400908615278240e+03
7.338339583357891570e+03
7.452620583192023332e+03
7.036816366268783895e+03
6.538866804513407260e+03
7.730712078197383562e+03
7.958748243488764274e+03
6.310721346311785965e+03
6.419850007533499593e+03
7.849979662490966803e+03
7.596060578807208003e+03
7.242154695121663281e+03
6.398468754402864761e+03
8.031558677523132246e+03
7.279885151560975828e+03
7.274805482513966126e+03
6.871324296355101978e+03
7.604409141169302529e+03
8.015519167573326740e+03
6.958153395915200235e+03
7.630224309060618907e+03
7.138451580546617151e+03
6.761676754533751591e+03
7.634996127461277865e+03
8.019545102258996849e+03
6.472392733998178301e+03
7.701845892374148207e+03
5.992177886418755406e+03
7.579208613840780345e+03
6.746923820354498275e+03
7.877768760980163279e+03
6.607871597622346599e+03
7.550116203716379459e+03
7.264496188460817393e+03
6.426256652898449829e+03
7.238751845749990025e+03
6.581405654092365694e+03
8.352684188414150412e+03
7.040532569876488196e+03
7.351722091045206071e+03
7.367911361413284794e+03
6.894539734627762300e+03
7.461849274527744456e+03
7.164589660373833794e+03
5.826285040367896727e+03
8.033756261800146603e+03
8.350591591196485751e+03
6.040554689412472726e+03
7.011567609332216307e+03
6.962716269889824616e+03
5.698368785279668373e+03
8.909414656042608840e+03
7.178500828014928629e+03
6.916009803611372263e+03
7.864411099529822422e+03
6.489801029723301326e+03
6.829140751918485876e+03
7.442079867384924000e+03
7.483218575401652743e+03
7.796227891330111561e+03
6.869885518348779442e+03
6.674548014369883276e+03
7.734988743217910269e+03
6.958176912006090788e+03
6.313906954095909896e+03
8.072038131765964863e+03
7.769992308525283079e+03
7.351743474177611461e+03
5.889667187583656414e+03
7.988661706236842292e+03
7.951437804827350192e+03
6.266835095446211199e+03
6.833809957835079331e+03
6.778824503870791887e+03
8.454580630777361876e+03
6.283982133504307058e+03
7.319293538274542698e+03
6.283471295033572460e+03
8.138780538262390110e+03
6.764044295590145339e+03
6.561850399493111581e+03
8.110569489753795096e+03
6.253945094392389365e+03
8.067091462894054530e+03
7.939191078974042284e+03
6.784063706661012475e+03
7.232418308732689184e+03
7.201805285369299781e+03
7.570263537434091631e+03
7.072108276438804751e+03
6.944341461144664208e+03
6.587801984689604069e+03
8.428104500612917036e+03
6.099147542602113390e+03
6.639502653444655152e+03
7.623707140715635433e+03
7.008788515754549735e+03
7.787875534355862328e+03
6.731741087100979712e+03
7.435178258784302670e+03
7.637962581740363930e+03
7.003841524394578300e+03
6.773957878986646392e+03
6.960339442897315166e+03
6.344533772066479287e+03
8.308338601176472366e+03
7.423441230342924428e+03
7.651697668248158152e+03
7.443138767668271612e+03
6.409581925017455433e+03
5.985981971241106294e+03
8.233280725554173841e+03
7.718754983421777979e+03
6.311890991330959878e+03
8.087656008293782179e+03
6.261771109091971084e+03
7.289400673474289761e+03
7.205295308145887248e+03
6.996579581366946513e+03
7.404423210146751444e+03
7.175793976330611258e+03
7.075397898814764631e+03
7.864038845746533298e+03
6.745294954763139685e+03
7.570317570439881820e+03
6.681506505257625577e+03
6.709774116291881001e+03
8.025374971268756781e+03
7.339046845690880218e+03
6.585582912325151483e+03
7.632672508037326224e+03
7.096004994638526114e+03
6.401001000550550998e+03
7.810345050691156757e+03
7.128613733549500466e+03
7.129124282668986780e+03
7.033526574911567877e+03
7.331924358827071956e+03
6.287204437416814471e+03
7.324222080428605295e+03
6.909096166319330223e+03
8.256254373193325591e+03
7.654398588390286932e+03
7.112863505432072998e+03
8.104550663988115957e+03
6.216849188918334221e+03
6.688558246160318959e+03
6.166957273473753958e+03
8.261799545934230991e+03
6.740296747470121772e+03
7.321748420865917979e+03
7.379279936560962597e+03
7.770290244064887702e+03
6.551963641740418097e+03
6.600331100511350087e+03
6.627149030733276959e+03
7.524236623506437354e+03
7.291875018413440557e+03
6.942883878766300768e+03
8.244019360268242963e+03
8.017631346701847178e+03
6.862148271547950571e+03
6.598717495957451320e+03
7.365451068991259490e+03
6.386079817226307568e+03
7.665478577543212850e+03
7.053340503046483718e+03
7.503634950943477634e+03
7.814068974450364294e+03
7.164644540140068784e+03
6.315537200370194114e+03
8.321802293022014055e+03
6.755560118829882413e+03
7.264480098890858244e+03
7.018853271213810331e+03
7.354425267056424673e+03
7.864848186626684765e+03
6.805025076467343752e+03
6.911240649408655372e+03
7.756187452682474031e+03
7.485782748605690358e+03
6.454533068998131967e+03
7.652351529027558172e+03
6.780387599326013515e+03
6.531185322757011818e+03
7.425759182921277898e+03
6.258738329566348511e+03
8.076021780514523925e+03
7.361582901395609042e+03
6.967286867175766019e+03
7.247090866082396133e+03
7.118087339398143740e+03
7.138511307406198284e+03
6.746284850962529163e+03
8.006774762957547864e+03
6.684990475859393882e+03
7.141689744116945803e+03
7.226404345157577154e+03
7.748504788080967955e+03
6.946370986828080277e+03
7.385368189796900879e+03
7.300430269569566008e+03
6.945098310102123833e+03
6.853317651829878741e+03
7.270205138109226937e+03
7.043999062552420583e+03
6.531055934105312190e+03
7.864012654441597078e+03
7.866893839616975129e+03
6.824751031609735946e+03
7.634221216248772180e+03
7.121854721162255373e+03
8.100389206636587915e+03
6.653986184501153730e+03
6.909432185138941350e+03
6.975364882724658855e+03
6.672096413591772034e+03
7.925889365754796927e+03
7.327303456942864614e+03
6.916457287904506302e+03
6.856269427385569543e+03
7.193262701285566436e+03
6.906628127057912934e+03
7.575223118064272967e+03
7.532742510318914356e+03
6.505381539664291267e+03
7.409977862281126363e+03
6.907526053449285428e+03
7.431557840764747198e+03
7.141167244156957167e+03
8.000237709900849040e+03
6.787282329286656022e+03
6.851504931022671371e+03
7.478391862155150193e+03
7.779374223273493953e+03
6.715741515450878978e+03
7.895949353265223181e+03
6.382540333618995646e+03
5.976684514351160033e+03
8.299496302744782952e+03
