4.448966976773926581e+04
3.570000000000000000e+03
9.320801569213703260e+03
7.823677450922605203e+03
7.131799685241999214e+03
2.457765302768374022e+04
8.391920182180883785e+03
8.614272264425442700e+03
9.308361991031084472e+03
1.733794078191526569e+04
1.061081959840920535e+04
8.438939090009325810e+03
1.606586675449480754e+04
1.027608441431426763e+04
9.182270420337365067e+03
1.170806650634962898e+04
5.669604448921691073e+03
1.058434499260992015e+04
1.902128958424903612e+04
6.925676599570736471e+03
1.356731168906677340e+04
8.512299061763216741e+03
9.277998255941414754e+03
7.779057352067720785e+03
9.481787871181200899e+03
2.109672146608864932e+04
9.620388467666161887e+03
9.227996855577928727e+03
7.397236871691933629e+03
7.773666436342903580e+03
1.356809441684024932e+04
1.193681251122186222e+04
1.760895385542776057e+04
6.769369898026281589e+03
1.101808100088504762e+04
6.185650327916745482e+03
1.063020986837246528e+04
6.476918242531373835e+03
1.782018928279609463e+04
1.753857730722113774e+04
9.758432000640237675e+03
6.792472323637299269e+03
2.765804444823162339e+04
1.749380336302705473e+04
1.402022480619701855e+04
8.287742370947238669e+03
6.323780215893644709e+03
7.969479565533399182e+03
1.061832615368466759e+04
2.507858049044162181e+04
9.680689922312420094e+03
9.984181506270950194e+03
5.196743230225486514e+03
1.254111882884766055e+04
9.089340464513263214e+03
1.478130820434692578e+04
7.484147372981139597e+03
1.513030889859115996e+04
1.105039416995093779e+04
1.389063162373123487e+04
7.455867935424413190e+03
3.566893612940811727e+04
6.623981144297925312e+03
9.118527372287655453e+03
7.804622421924693299e+03
1.163190988847521476e+04
1.067139019422272395e+04
1.786007127159924858e+04
7.831134923426981914e+03
8.198539468834056606e+03
8.535606551574193873e+03
1.269701869968922801e+04
1.292773675017109053e+04
7.669774703919829335e+03
8.445355539696302003e+03
1.266660502857000756e+04
9.939986562843765569e+03
1.049557424726596582e+04
1.575893510546296784e+04
1.263776805485831210e+04
9.656613890696427916e+03
1.278777116475251751e+04
1.335326626804042098e+04
8.907857086046924451e+03
8.340808399975641805e+03
1.285128273646391426e+04
1.046502263914477589e+04
1.180803841279327207e+04
1.390047401809645817e+04
7.796348488568328321e+03
2.979228715055215798e+04
5.158034491946514208e+03
1.732425534671959758e+04
6.493078442697827995e+03
6.811402193124349651e+03
1.764126842519679121e+04
7.400538597626939008e+03
8.821061558928809973e+03
8.750877350095113798e+03
1.498293220685326924e+04
8.294203048257350019e+03
1.504327324178164235e+04
6.363425806745664886e+03
2.869434953906586452e+04
1.534585541861593265e+04
2.430114155677262534e+04
1.122564845038672502e+04
1.087099366353682308e+04
9.073201173575293069e+03
1.397853194519244971e+04
5.677435843362456581e+03
1.707071563165263433e+04
1.829479478618119174e+04
8.529033056860167562e+03
2.478470600907188782e+04
9.371585289224505686e+03
8.055741313416795492e+03
7.718312087615673590e+03
9.896433087506538868e+03
6.543420392635007374e+03
1.233610482546350613e+04
1.426590499641306269e+04
1.023870271647248046e+04
7.194762918033422466e+03
2.000715893429950302e+04
6.154270040080118633e+03
3.812336022154091188e+04
8.602542269092446077e+03
1.978701962008874398e+04
5.162446854147350678e+03
3.095776572344414672e+04
7.138595659339171107e+03
1.265539250438312411e+04
1.048870899070389351e+04
1.049978468844230156e+04
1.095181842927182697e+04
1.633656962198538167e+04
6.467474355011654552e+03
3.084181771405175459e+04
6.001062755202630797e+03
2.614952182128982531e+04
7.595454251496289544e+03
1.524836740847247165e+04
8.764640945821491187e+03
7.567009061562920579e+03
9.907283504208349768e+03
6.086721455267195779e+03
1.151076024344687175e+04
6.983920777428701513e+03
4.800573452330369037e+04
1.166911933864486491e+04
1.086892148921700937e+04
1.042695914072398227e+04
2.539807348873745650e+04
7.892086865770581426e+03
2.182624957230577274e+04
8.615851281571893196e+03
8.005738998218865163e+03
9.122314156591684878e+03
7.769790977416273563e+03
2.418185117754312887e+04
7.120600379039819018e+03
7.058728598973850239e+03
1.070946198911335159e+04
5.796650114975375800e+03
2.030737939802634719e+04
1.336968199090422786e+04
7.189894508657418555e+03
9.072250372107078874e+03
8.337460035580570548e+03
1.242203711350658159e+04
8.862188261151071856e+03
2.291130401322569742e+04
8.410935945981938858e+03
1.641291321237574812e+04
6.710072012429282950e+03
1.070210843855371058e+04
1.353554186273156120e+04
9.661733304089886587e+03
1.385451628549760426e+04
1.439163872476666256e+04
1.456370902685682267e+04
7.431573514325020369e+03
1.205017273248303536e+04
9.984021756402949904e+03
6.740545090365727447e+03
1.318011761227262650e+04
1.107339865467173149e+04
8.305584640016830235e+03
1.428210769907479516e+04
6.827817529318470406e+03
2.010787376629957362e+04
2.120645582489261506e+04
3.652537393434043042e+04
6.665806717249913163e+03
1.354360467259572215e+04
1.693398948414054757e+04
7.164524439904225801e+03
8.978146762636999483e+03
1.181881659616051729e+04
6.297566119221151894e+03
9.410917237888510499e+03
8.808159532781159214e+03
1.248255944195330812e+04
1.029096659472196552e+04
2.007842856177331487e+04
7.941604148315915154e+03
1.861331567250536318e+04
1.750088622707661489e+04
5.982046394903771215e+03
1.694338875115853079e+04
5.395117812317825155e+03
6.780782710445251723e+03
1.249458225488578137e+04
3.608846346327377978e+04
7.261360100836499441e+03
1.017437263550355055e+04
6.695140626955204425e+03
1.684757154137928956e+04
1.051385681573908005e+04
9.398742131416183838e+03
1.115425436422309576e+04
1.210973039215139397e+04
6.831546853209296387e+03
9.788404963932360261e+03
7.583470260534390036e+03
1.020064863658938702e+04
8.106479107744166868e+03
1.282104999311335632e+04
1.590966591223305113e+04
6.140333036963308587e+03
1.904165907192610757e+04
1.365602554914692519e+04
6.577908664344195131e+03
6.295192517620875151e+03
1.200695853510874986e+04
5.813288205342265428e+03
1.028733230472305149e+04
1.416222670131462291e+04
8.880991205948803326e+03
1.209483321511110989e+04
7.359664052689118762e+03
1.961061446330772742e+04
1.139832695208105724e+04
1.084918159134050802e+04
2.147561151078072362e+04
7.539153705291819279e+03
8.111062094435985273e+03
6.429461201498614173e+03
2.551928658905081829e+04
8.339974274479262021e+03
1.093166613124800278e+04
1.052814861701678456e+04
5.806826996356030577e+03
1.519689737091437928e+04
1.234315101284928824e+04
