4.458966976773926581e+04
3.670000000000000000e+03
9.420801569213703260e+03
7.923677450922605203e+03
7.231799685241999214e+03
2.467765302768374022e+04
8.491920182180883785e+03
8.714272264425442700e+03
9.408361991031084472e+03
1.743794078191526569e+04
1.071081959840920535e+04
8.538939090009325810e+03
1.616586675449480754e+04
1.037608441431426763e+04
9.282270420337365067e+03
1.180806650634962898e+04
5.769604448921691073e+03
1.068434499260992015e+04
1.912128958424903612e+04
7.025676599570736471e+03
1.366731168906677340e+04
8.612299061763216741e+03
9.377998255941414754e+03
7.879057352067720785e+03
9.581787871181200899e+03
2.119672146608864932e+04
9.720388467666161887e+03
9.327996855577928727e+03
7.497236871691933629e+03
7.873666436342903580e+03
1.366809441684024932e+04
1.203681251122186222e+04
1.770895385542776057e+04
6.869369898026281589e+03
1.111808100088504762e+04
6.285650327916745482e+03
1.073020986837246528e+04
6.576918242531373835e+03
1.792018928279609463e+04
1.763857730722113774e+04
9.858432000640237675e+03
6.892472323637299269e+03
2.775804444823162339e+04
1.759380336302705473e+04
1.412022480619701855e+04
8.387742370947238669e+03
6.423780215893644709e+03
8.069479565533399182e+03
1.071832615368466759e+04
2.517858049044162181e+04
9.780689922312420094e+03
1.008418150627095019e+04
5.296743230225486514e+03
1.264111882884766055e+04
9.189340464513263214e+03
1.488130820434692578e+04
7.584147372981139597e+03
1.523030889859115996e+04
1.115039416995093779e+04
1.399063162373123487e+04
7.555867935424413190e+03
3.576893612940811727e+04
6.723981144297925312e+03
9.218527372287655453e+03
7.904622421924693299e+03
1.173190988847521476e+04
1.077139019422272395e+04
1.796007127159924858e+04
7.931134923426981914e+03
8.298539468834056606e+03
8.635606551574193873e+03
1.279701869968922801e+04
1.302773675017109053e+04
7.769774703919829335e+03
8.545355539696302003e+03
1.276660502857000756e+04
1.003998656284376557e+04
1.059557424726596582e+04
1.585893510546296784e+04
1.273776805485831210e+04
9.756613890696427916e+03
1.288777116475251751e+04
1.345326626804042098e+04
9.007857086046924451e+03
8.440808399975641805e+03
1.295128273646391426e+04
1.056502263914477589e+04
1.190803841279327207e+04
1.400047401809645817e+04
7.896348488568328321e+03
2.989228715055215798e+04
5.258034491946514208e+03
1.742425534671959758e+04
6.593078442697827995e+03
6.911402193124349651e+03
1.774126842519679121e+04
7.500538597626939008e+03
8.921061558928809973e+03
8.850877350095113798e+03
1.508293220685326924e+04
8.394203048257350019e+03
1.514327324178164235e+04
6.463425806745664886e+03
2.879434953906586452e+04
1.544585541861593265e+04
2.440114155677262534e+04
1.132564845038672502e+04
1.097099366353682308e+04
9.173201173575293069e+03
1.407853194519244971e+04
5.777435843362456581e+03
1.717071563165263433e+04
1.839479478618119174e+04
8.629033056860167562e+03
2.488470600907188782e+04
9.471585289224505686e+03
8.155741313416795492e+03
7.818312087615673590e+03
9.996433087506538868e+03
6.643420392635007374e+03
1.243610482546350613e+04
1.436590499641306269e+04
1.033870271647248046e+04
7.294762918033422466e+03
2.010715893429950302e+04
6.254270040080118633e+03
3.822336022154091188e+04
8.702542269092446077e+03
1.988701962008874398e+04
5.262446854147350678e+03
3.105776572344414672e+04
7.238595659339171107e+03
1.275539250438312411e+04
1.058870899070389351e+04
1.059978468844230156e+04
1.105181842927182697e+04
1.643656962198538167e+04
6.567474355011654552e+03
3.094181771405175459e+04
6.101062755202630797e+03
2.624952182128982531e+04
7.695454251496289544e+03
1.534836740847247165e+04
8.864640945821491187e+03
7.667009061562920579e+03
1.000728350420834977e+04
6.186721455267195779e+03
1.161076024344687175e+04
7.083920777428701513e+03
4.810573452330369037e+04
1.176911933864486491e+04
1.096892148921700937e+04
1.052695914072398227e+04
2.549807348873745650e+04
7.992086865770581426e+03
2.192624957230577274e+04
8.715851281571893196e+03
8.105738998218865163e+03
9.222314156591684878e+03
7.869790977416273563e+03
2.428185117754312887e+04
7.220600379039819018e+03
7.158728598973850239e+03
1.080946198911335159e+04
5.896650114975375800e+03
2.040737939802634719e+04
1.346968199090422786e+04
7.289894508657418555e+03
9.172250372107078874e+03
8.437460035580570548e+03
1.252203711350658159e+04
8.962188261151071856e+03
2.301130401322569742e+04
8.510935945981938858e+03
1.651291321237574812e+04
6.810072012429282950e+03
1.080210843855371058e+04
1.363554186273156120e+04
9.761733304089886587e+03
1.395451628549760426e+04
1.449163872476666256e+04
1.466370902685682267e+04
7.531573514325020369e+03
1.215017273248303536e+04
1.008402175640294990e+04
6.840545090365727447e+03
1.328011761227262650e+04
1.117339865467173149e+04
8.405584640016830235e+03
1.438210769907479516e+04
6.927817529318470406e+03
2.020787376629957362e+04
2.130645582489261506e+04
3.662537393434043042e+04
6.765806717249913163e+03
1.364360467259572215e+04
1.703398948414054757e+04
7.264524439904225801e+03
9.078146762636999483e+03
1.191881659616051729e+04
6.397566119221151894e+03
9.510917237888510499e+03
8.908159532781159214e+03
1.258255944195330812e+04
1.039096659472196552e+04
2.017842856177331487e+04
8.041604148315915154e+03
1.871331567250536318e+04
1.760088622707661489e+04
6.082046394903771215e+03
1.704338875115853079e+04
5.495117812317825155e+03
6.880782710445251723e+03
1.259458225488578137e+04
3.618846346327377978e+04
7.361360100836499441e+03
1.027437263550355055e+04
6.795140626955204425e+03
1.694757154137928956e+04
1.061385681573908005e+04
9.498742131416183838e+03
1.125425436422309576e+04
1.220973039215139397e+04
6.931546853209296387e+03
9.888404963932360261e+03
7.683470260534390036e+03
1.030064863658938702e+04
8.206479107744165958e+03
1.292104999311335632e+04
1.600966591223305113e+04
6.240333036963308587e+03
1.914165907192610757e+04
1.375602554914692519e+04
6.677908664344195131e+03
6.395192517620875151e+03
1.210695853510874986e+04
5.913288205342265428e+03
1.038733230472305149e+04
1.426222670131462291e+04
8.980991205948803326e+03
1.219483321511110989e+04
7.459664052689118762e+03
1.971061446330772742e+04
1.149832695208105724e+04
1.094918159134050802e+04
2.157561151078072362e+04
7.639153705291819279e+03
8.211062094435985273e+03
6.529461201498614173e+03
2.561928658905081829e+04
8.439974274479262021e+03
1.103166613124800278e+04
1.062814861701678456e+04
5.906826996356030577e+03
1.529689737091437928e+04
1.244315101284928824e+04
