2.237885726624610470e+04
3.100000000000000455e+03
9.440771294045965988e+03
9.458312183986723539e+03
4.648438695767458739e+03
7.966590368924407812e+03
7.863027396419598517e+03
4.489936633593052647e+03
5.020096501554723545e+03
1.658908082594876396e+04
1.287328339815434083e+04
6.617298143864229132e+03
9.431666450264243394e+03
4.618256151919567856e+03
4.349292353985872069e+03
6.437547413350786883e+03
5.016595709405910384e+03
8.877631365500335960e+03
7.502752567932227066e+03
5.860430865401747724e+03
4.341768661444059944e+03
4.444116101880788847e+03
4.808134340379992864e+03
4.940068757310435103e+03
9.499918171698307560e+03
4.325619709731691728e+03
4.837343375436594215e+03
6.218722345475189286e+03
5.084683973312448870e+03
5.255143714297055340e+03
4.318217423419097031e+03
5.892555462584117777e+03
4.906605412364377116e+03
6.908966639197244149e+03
3.966242796912039012e+03
9.800019825631083222e+03
4.626184142973759663e+03
4.724913655331341943e+03
5.363628973419686190e+03
4.616371596815201883e+03
7.063181151954997404e+03
5.719862920077219314e+03
1.018815987039945685e+04
4.259690193562901186e+03
4.242138075998590466e+03
5.095539371742048388e+03
4.938738894980941041e+03
4.119575632114308064e+03
9.901891097884201372e+03
7.883184955527820421e+03
1.017740629667718531e+04
9.021734233401693928e+03
5.336211997871361746e+03
4.715151278140077011e+03
5.602054556817749472e+03
4.792426286013436766e+03
7.253975969589263514e+03
9.824490734058053931e+03
8.682644228053486586e+03
1.042358292175939096e+04
5.636992101709020062e+03
4.488628337193266816e+03
4.625511153116647620e+03
4.505128120594644315e+03
6.596057667292401675e+03
5.520122548171243579e+03
5.800300707956856058e+03
5.842317530435541812e+03
4.635264347636460116e+03
4.548016929108176555e+03
4.672785899957837501e+03
4.255099983998124117e+03
6.067512591756078109e+03
6.352813429124037611e+03
6.172402269166652331e+03
5.457071407843093766e+03
4.331090492825000183e+03
4.091753962514445448e+03
4.080598458826096248e+03
4.549103004650703042e+03
8.769596449241189475e+03
8.688219860459561460e+03
6.389799409505303629e+03
1.272618184812959225e+04
4.846701585503251408e+03
5.278210187734204737e+03
6.795894642762141302e+03
4.401550529049479337e+03
1.022831646602838737e+04
8.224028145132420832e+03
1.582936388775626801e+04
6.252891746772773331e+03
4.224536354453749482e+03
6.091799622993597950e+03
4.451595069759978287e+03
6.808844976676969964e+03
6.467603612198289738e+03
1.257219031838275623e+04
1.247619313077685365e+04
7.932551813110506373e+03
7.737939258769767548e+03
3.898066190591235681e+03
4.464711084739426042e+03
4.739914481597571466e+03
1.115679226221370482e+04
6.623673692433985707e+03
6.371020957240478310e+03
1.367381211934085150e+04
4.338696643655906882e+03
6.510448820558944135e+03
5.930318896321342436e+03
5.097794809666872425e+03
1.254880686661190703e+04
4.851207982595698923e+03
4.680065299418533868e+03
8.434841460312971321e+03
6.655681982313159097e+03
5.518427459057592387e+03
5.118230372732142314e+03
4.671920782909019181e+03
4.373844666133648388e+03
1.311416360566294679e+04
7.712817000601823565e+03
4.484891995428616610e+03
6.406297957365624825e+03
7.867082851962267341e+03
4.444475645619330862e+03
4.601301121204824085e+03
4.860183414418085704e+03
5.560575834489822228e+03
4.578202762424723915e+03
4.479872358076022465e+03
6.204625769205941651e+03
6.281764570857418221e+03
8.421961314672502340e+03
3.907434705836384637e+03
4.689547322063797765e+03
4.636349891250349174e+03
3.637142774478450974e+03
4.571590783122568610e+03
7.114400032635777279e+03
6.252638474743570441e+03
4.642761122225047075e+03
8.527471929144794558e+03
5.361919410846008759e+03
4.549194839307172515e+03
5.142444796324756680e+03
4.686783156096737912e+03
6.961349949074686265e+03
1.122424143881016607e+04
7.494257878407511271e+03
1.171235553747582344e+04
4.110214148256372937e+03
6.010456641435603160e+03
4.657829524147320626e+03
5.513827046122860338e+03
1.210595847132070230e+04
6.681180698260985082e+03
1.269154327660582931e+04
7.316459616762424048e+03
7.935274171760766876e+03
4.837138656974002515e+03
4.294416906644935807e+03
7.272786895896623719e+03
5.717545253139537635e+03
1.653736326169494350e+04
1.322093421524877340e+04
6.545301521813436921e+03
4.430050709960957647e+03
6.943939402218140458e+03
9.419708037877448078e+03
5.027831535470397284e+03
1.699315553569326948e+04
4.799768983681995451e+03
6.938791031220740479e+03
1.253827422500361172e+04
5.558275804806951783e+03
4.481193555798997295e+03
4.633048824302968569e+03
4.309716297175022191e+03
9.927935906697637620e+03
5.464127940190317531e+03
6.254919607417132283e+03
6.919873141958454653e+03
5.451407681242299986e+03
5.938215223071612854e+03
5.428455201442187899e+03
4.578267480290947788e+03
4.412039539277148833e+03
1.114115776817459482e+04
5.575624672691508749e+03
5.991755651460430272e+03
4.417362954633194931e+03
8.571298712478252128e+03
4.679433892396955343e+03
4.554371956864340063e+03
1.557341264477832192e+04
5.425482360573307233e+03
8.872624004681136284e+03
1.140869164186950547e+04
8.170991301356869371e+03
4.541302775540895709e+03
5.202673282640436810e+03
5.563538044120217819e+03
6.051454862847294862e+03
1.278084376646683268e+04
1.171788198525854204e+04
6.979589051200966423e+03
4.758301218928589151e+03
6.168652448687427750e+03
4.876126518722521723e+03
4.868143718750139669e+03
5.046876556570423418e+03
9.572680292383445703e+03
1.147310157635882751e+04
4.368438337396091811e+03
5.778159376656280983e+03
4.583852201383372631e+03
5.898494174242354347e+03
5.144846991946646995e+03
1.278672073926182929e+04
4.150255656720086336e+03
4.771029067098974338e+03
7.747773521135594819e+03
4.741354645285981860e+03
4.980541815283059805e+03
4.559035464792723360e+03
5.353584746228857512e+03
5.067839450243578540e+03
7.463868212237145599e+03
5.699505666151151672e+03
6.472251796222093617e+03
4.680861052909378486e+03
4.296866362285599280e+03
4.687315443809744465e+03
4.394595147777728016e+03
7.311534769892787153e+03
4.901351338295736241e+03
6.371868519454978923e+03
5.678285151410704202e+03
6.846005715919310205e+03
4.808310540920986568e+03
5.673106832752486298e+03
5.264652475564949782e+03
7.520948126606462210e+03
9.842016844710353325e+03
1.120329422012444593e+04
7.626295536729006017e+03
5.036550429590521162e+03
5.120487211244229911e+03
5.787390933469361698e+03
4.490647715011284163e+03
9.801710599462776372e+03
7.911737831826074398e+03
7.699770956094059329e+03
1.214872806305053928e+04
