2.252885726624610470e+04
3.250000000000000455e+03
9.590771294045965988e+03
9.608312183986723539e+03
4.798438695767458739e+03
8.116590368924407812e+03
8.013027396419598517e+03
4.639936633593052647e+03
5.170096501554723545e+03
1.673908082594876396e+04
1.302328339815434083e+04
6.767298143864229132e+03
9.581666450264243394e+03
4.768256151919567856e+03
4.499292353985872069e+03
6.587547413350786883e+03
5.166595709405910384e+03
9.027631365500335960e+03
7.652752567932227066e+03
6.010430865401747724e+03
4.491768661444059944e+03
4.594116101880788847e+03
4.958134340379992864e+03
5.090068757310435103e+03
9.649918171698307560e+03
4.475619709731691728e+03
4.987343375436594215e+03
6.368722345475189286e+03
5.234683973312448870e+03
5.405143714297055340e+03
4.468217423419097031e+03
6.042555462584117777e+03
5.056605412364377116e+03
7.058966639197244149e+03
4.116242796912039012e+03
9.950019825631083222e+03
4.776184142973759663e+03
4.874913655331341943e+03
5.513628973419686190e+03
4.766371596815201883e+03
7.213181151954997404e+03
5.869862920077219314e+03
1.033815987039945685e+04
4.409690193562901186e+03
4.392138075998590466e+03
5.245539371742048388e+03
5.088738894980941041e+03
4.269575632114308064e+03
1.005189109788420137e+04
8.033184955527820421e+03
1.032740629667718531e+04
9.171734233401693928e+03
5.486211997871361746e+03
4.865151278140077011e+03
5.752054556817749472e+03
4.942426286013436766e+03
7.403975969589263514e+03
9.974490734058053931e+03
8.832644228053486586e+03
1.057358292175939096e+04
5.786992101709020062e+03
4.638628337193266816e+03
4.775511153116647620e+03
4.655128120594644315e+03
6.746057667292401675e+03
5.670122548171243579e+03
5.950300707956856058e+03
5.992317530435541812e+03
4.785264347636460116e+03
4.698016929108176555e+03
4.822785899957837501e+03
4.405099983998124117e+03
6.217512591756078109e+03
6.502813429124037611e+03
6.322402269166652331e+03
5.607071407843093766e+03
4.481090492825000183e+03
4.241753962514445448e+03
4.230598458826096248e+03
4.699103004650703042e+03
8.919596449241189475e+03
8.838219860459561460e+03
6.539799409505303629e+03
1.287618184812959225e+04
4.996701585503251408e+03
5.428210187734204737e+03
6.945894642762141302e+03
4.551550529049479337e+03
1.037831646602838737e+04
8.374028145132420832e+03
1.597936388775626801e+04
6.402891746772773331e+03
4.374536354453749482e+03
6.241799622993597950e+03
4.601595069759978287e+03
6.958844976676969964e+03
6.617603612198289738e+03
1.272219031838275623e+04
1.262619313077685365e+04
8.082551813110506373e+03
7.887939258769767548e+03
4.048066190591235681e+03
4.614711084739426042e+03
4.889914481597571466e+03
1.130679226221370482e+04
6.773673692433985707e+03
6.521020957240478310e+03
1.382381211934085150e+04
4.488696643655906882e+03
6.660448820558944135e+03
6.080318896321342436e+03
5.247794809666872425e+03
1.269880686661190703e+04
5.001207982595698923e+03
4.830065299418533868e+03
8.584841460312971321e+03
6.805681982313159097e+03
5.668427459057592387e+03
5.268230372732142314e+03
4.821920782909019181e+03
4.523844666133648388e+03
1.326416360566294679e+04
7.862817000601823565e+03
4.634891995428616610e+03
6.556297957365624825e+03
8.017082851962267341e+03
4.594475645619330862e+03
4.751301121204824085e+03
5.010183414418085704e+03
5.710575834489822228e+03
4.728202762424723915e+03
4.629872358076022465e+03
6.354625769205941651e+03
6.431764570857418221e+03
8.571961314672502340e+03
4.057434705836384637e+03
4.839547322063797765e+03
4.786349891250349174e+03
3.787142774478450974e+03
4.721590783122568610e+03
7.264400032635777279e+03
6.402638474743570441e+03
4.792761122225047075e+03
8.677471929144794558e+03
5.511919410846008759e+03
4.699194839307172515e+03
5.292444796324756680e+03
4.836783156096737912e+03
7.111349949074686265e+03
1.137424143881016607e+04
7.644257878407511271e+03
1.186235553747582344e+04
4.260214148256372937e+03
6.160456641435603160e+03
4.807829524147320626e+03
5.663827046122860338e+03
1.225595847132070230e+04
6.831180698260985082e+03
1.284154327660582931e+04
7.466459616762424048e+03
8.085274171760766876e+03
4.987138656974002515e+03
4.444416906644935807e+03
7.422786895896623719e+03
5.867545253139537635e+03
1.668736326169494350e+04
1.337093421524877340e+04
6.695301521813436921e+03
4.580050709960957647e+03
7.093939402218140458e+03
9.569708037877448078e+03
5.177831535470397284e+03
1.714315553569326948e+04
4.949768983681995451e+03
7.088791031220740479e+03
1.268827422500361172e+04
5.708275804806951783e+03
4.631193555798997295e+03
4.783048824302968569e+03
4.459716297175022191e+03
1.007793590669763762e+04
5.614127940190317531e+03
6.404919607417132283e+03
7.069873141958454653e+03
5.601407681242299986e+03
6.088215223071612854e+03
5.578455201442187899e+03
4.728267480290947788e+03
4.562039539277148833e+03
1.129115776817459482e+04
5.725624672691508749e+03
6.141755651460430272e+03
4.567362954633194931e+03
8.721298712478252128e+03
4.829433892396955343e+03
4.704371956864340063e+03
1.572341264477832192e+04
5.575482360573307233e+03
9.022624004681136284e+03
1.155869164186950547e+04
8.320991301356869371e+03
4.691302775540895709e+03
5.352673282640436810e+03
5.713538044120217819e+03
6.201454862847294862e+03
1.293084376646683268e+04
1.186788198525854204e+04
7.129589051200966423e+03
4.908301218928589151e+03
6.318652448687427750e+03
5.026126518722521723e+03
5.018143718750139669e+03
5.196876556570423418e+03
9.722680292383445703e+03
1.162310157635882751e+04
4.518438337396091811e+03
5.928159376656280983e+03
4.733852201383372631e+03
6.048494174242354347e+03
5.294846991946646995e+03
1.293672073926182929e+04
4.300255656720086336e+03
4.921029067098974338e+03
7.897773521135594819e+03
4.891354645285981860e+03
5.130541815283059805e+03
4.709035464792723360e+03
5.503584746228857512e+03
5.217839450243578540e+03
7.613868212237145599e+03
5.849505666151151672e+03
6.622251796222093617e+03
4.830861052909378486e+03
4.446866362285599280e+03
4.837315443809744465e+03
4.544595147777728016e+03
7.461534769892787153e+03
5.051351338295736241e+03
6.521868519454978923e+03
5.828285151410704202e+03
6.996005715919310205e+03
4.958310540920986568e+03
5.823106832752486298e+03
5.414652475564949782e+03
7.670948126606462210e+03
9.992016844710353325e+03
1.135329422012444593e+04
7.776295536729006017e+03
5.186550429590521162e+03
5.270487211244229911e+03
5.937390933469361698e+03
4.640647715011284163e+03
9.951710599462776372e+03
8.061737831826074398e+03
7.849770956094059329e+03
1.229872806305053928e+04
