2.292885726624610470e+04
3.650000000000000455e+03
9.990771294045965988e+03
1.000831218398672354e+04
5.198438695767458739e+03
8.516590368924407812e+03
8.413027396419598517e+03
5.039936633593052647e+03
5.570096501554723545e+03
1.713908082594876396e+04
1.342328339815434083e+04
7.167298143864229132e+03
9.981666450264243394e+03
5.168256151919567856e+03
4.899292353985872069e+03
6.987547413350786883e+03
5.566595709405910384e+03
9.427631365500335960e+03
8.052752567932227066e+03
6.410430865401747724e+03
4.891768661444059944e+03
4.994116101880788847e+03
5.358134340379992864e+03
5.490068757310435103e+03
1.004991817169830756e+04
4.875619709731691728e+03
5.387343375436594215e+03
6.768722345475189286e+03
5.634683973312448870e+03
5.805143714297055340e+03
4.868217423419097031e+03
6.442555462584117777e+03
5.456605412364377116e+03
7.458966639197244149e+03
4.516242796912039012e+03
1.035001982563108322e+04
5.176184142973759663e+03
5.274913655331341943e+03
5.913628973419686190e+03
5.166371596815201883e+03
7.613181151954997404e+03
6.269862920077219314e+03
1.073815987039945685e+04
4.809690193562901186e+03
4.792138075998590466e+03
5.645539371742048388e+03
5.488738894980941041e+03
4.669575632114308064e+03
1.045189109788420137e+04
8.433184955527820421e+03
1.072740629667718531e+04
9.571734233401693928e+03
5.886211997871361746e+03
5.265151278140077011e+03
6.152054556817749472e+03
5.342426286013436766e+03
7.803975969589263514e+03
1.037449073405805393e+04
9.232644228053486586e+03
1.097358292175939096e+04
6.186992101709020062e+03
5.038628337193266816e+03
5.175511153116647620e+03
5.055128120594644315e+03
7.146057667292401675e+03
6.070122548171243579e+03
6.350300707956856058e+03
6.392317530435541812e+03
5.185264347636460116e+03
5.098016929108176555e+03
5.222785899957837501e+03
4.805099983998124117e+03
6.617512591756078109e+03
6.902813429124037611e+03
6.722402269166652331e+03
6.007071407843093766e+03
4.881090492825000183e+03
4.641753962514445448e+03
4.630598458826096248e+03
5.099103004650703042e+03
9.319596449241189475e+03
9.238219860459561460e+03
6.939799409505303629e+03
1.327618184812959225e+04
5.396701585503251408e+03
5.828210187734204737e+03
7.345894642762141302e+03
4.951550529049479337e+03
1.077831646602838737e+04
8.774028145132420832e+03
1.637936388775626801e+04
6.802891746772773331e+03
4.774536354453749482e+03
6.641799622993597950e+03
5.001595069759978287e+03
7.358844976676969964e+03
7.017603612198289738e+03
1.312219031838275623e+04
1.302619313077685365e+04
8.482551813110505464e+03
8.287939258769767548e+03
4.448066190591235681e+03
5.014711084739426042e+03
5.289914481597571466e+03
1.170679226221370482e+04
7.173673692433985707e+03
6.921020957240478310e+03
1.422381211934085150e+04
4.888696643655906882e+03
7.060448820558944135e+03
6.480318896321342436e+03
5.647794809666872425e+03
1.309880686661190703e+04
5.401207982595698923e+03
5.230065299418533868e+03
8.984841460312971321e+03
7.205681982313159097e+03
6.068427459057592387e+03
5.668230372732142314e+03
5.221920782909019181e+03
4.923844666133648388e+03
1.366416360566294679e+04
8.262817000601822656e+03
5.034891995428616610e+03
6.956297957365624825e+03
8.417082851962266432e+03
4.994475645619330862e+03
5.151301121204824085e+03
5.410183414418085704e+03
6.110575834489822228e+03
5.128202762424723915e+03
5.029872358076022465e+03
6.754625769205941651e+03
6.831764570857418221e+03
8.971961314672502340e+03
4.457434705836384637e+03
5.239547322063797765e+03
5.186349891250349174e+03
4.187142774478450519e+03
5.121590783122568610e+03
7.664400032635777279e+03
6.802638474743570441e+03
5.192761122225047075e+03
9.077471929144794558e+03
5.911919410846008759e+03
5.099194839307172515e+03
5.692444796324756680e+03
5.236783156096737912e+03
7.511349949074686265e+03
1.177424143881016607e+04
8.044257878407511271e+03
1.226235553747582344e+04
4.660214148256372937e+03
6.560456641435603160e+03
5.207829524147320626e+03
6.063827046122860338e+03
1.265595847132070230e+04
7.231180698260985082e+03
1.324154327660582931e+04
7.866459616762424048e+03
8.485274171760767786e+03
5.387138656974002515e+03
4.844416906644935807e+03
7.822786895896623719e+03
6.267545253139537635e+03
1.708736326169494350e+04
1.377093421524877340e+04
7.095301521813436921e+03
4.980050709960957647e+03
7.493939402218140458e+03
9.969708037877448078e+03
5.577831535470397284e+03
1.754315553569326948e+04
5.349768983681995451e+03
7.488791031220740479e+03
1.308827422500361172e+04
6.108275804806951783e+03
5.031193555798997295e+03
5.183048824302968569e+03
4.859716297175022191e+03
1.047793590669763762e+04
6.014127940190317531e+03
6.804919607417132283e+03
7.469873141958454653e+03
6.001407681242299986e+03
6.488215223071612854e+03
5.978455201442187899e+03
5.128267480290947788e+03
4.962039539277148833e+03
1.169115776817459482e+04
6.125624672691508749e+03
6.541755651460430272e+03
4.967362954633194931e+03
9.121298712478252128e+03
5.229433892396955343e+03
5.104371956864340063e+03
1.612341264477832192e+04
5.975482360573307233e+03
9.422624004681136284e+03
1.195869164186950547e+04
8.720991301356869371e+03
5.091302775540895709e+03
5.752673282640436810e+03
6.113538044120217819e+03
6.601454862847294862e+03
1.333084376646683268e+04
1.226788198525854204e+04
7.529589051200966423e+03
5.308301218928589151e+03
6.718652448687427750e+03
5.426126518722521723e+03
5.418143718750139669e+03
5.596876556570423418e+03
1.012268029238344570e+04
1.202310157635882751e+04
4.918438337396091811e+03
6.328159376656280983e+03
5.133852201383372631e+03
6.448494174242354347e+03
5.694846991946646995e+03
1.333672073926182929e+04
4.700255656720086336e+03
5.321029067098974338e+03
8.297773521135593910e+03
5.291354645285981860e+03
5.530541815283059805e+03
5.109035464792723360e+03
5.903584746228857512e+03
5.617839450243578540e+03
8.013868212237145599e+03
6.249505666151151672e+03
7.022251796222093617e+03
5.230861052909378486e+03
4.846866362285599280e+03
5.237315443809744465e+03
4.944595147777728016e+03
7.861534769892787153e+03
5.451351338295736241e+03
6.921868519454978923e+03
6.228285151410704202e+03
7.396005715919310205e+03
5.358310540920986568e+03
6.223106832752486298e+03
5.814652475564949782e+03
8.070948126606462210e+03
1.039201684471035333e+04
1.175329422012444593e+04
8.176295536729006017e+03
5.586550429590521162e+03
5.670487211244229911e+03
6.337390933469361698e+03
5.040647715011284163e+03
1.035171059946277637e+04
8.461737831826074398e+03
8.249770956094060239e+03
1.269872806305053928e+04
