9.930174893952232422e+12
1.590804514949270248e+10
1.647310991531192322e+11
2.873846073117937520e+07
9.697423907507342100e+08
1.306867646230558350e+12
4.195786547379080772e+09
3.400370073538644028e+10
1.019940029713187250e+06
1.014200114059139893e+12
8.168977873917898978e+04
2.628023755631587505e+09
6.677548696343287081e+07
1.023206790453200439e+12
3.777767337795197219e+07
3.273867970576795044e+11
3.748956117815006291e+05
4.913284003577287598e+11
1.130853911070039988e+09
1.366989887924502373e+10
1.683830831962662697e+09
3.358706673310078735e+11
8.619508869689046631e+11
8.224420397066019058e+09
7.899772674782150269e+09
1.515640679355635742e+12
1.448037140624324951e+12
1.592133771875543785e+10
1.275485606935468292e+11
1.352494519291696325e+07
4.032680351304572144e+11
2.455494107999684143e+10
1.199368321272674713e+11
3.902899603942633820e+10
5.927019704024763489e+10
2.551372853514051437e+08
2.747986113916685060e+07
2.689461298849583130e+11
2.477713989124826813e+10
4.565469988479691505e+09
7.545152455365670204e+09
7.861762514058244629e+11
2.451772848216633301e+11
5.648431712562619781e+10
1.325787437674148682e+12
2.503306873773877563e+11
1.077687505920795500e+08
1.021006422710273743e+11
2.256222913431215210e+11
6.759804501761966797e+12
1.414088105831225586e+12
4.916601948624783108e+04
1.919937019035361290e+09
6.876282984048007202e+10
1.167939739134125471e+09
1.102324937974867676e+12
5.854271760107760929e+04
4.345407354616141357e+11
2.157194491214642525e+08
6.186146097912785645e+11
6.380931972929588318e+09
9.406632066100944824e+11
3.822494893522293091e+09
1.350732815089805052e+07
1.620292617641239014e+11
7.060159669943743896e+11
1.089219871962087402e+12
3.464745082454875112e+08
7.876549606412516785e+10
3.436567642267600894e+08
3.123104727685629654e+10
1.564733564772030334e+11
9.073971640999902487e+08
4.780088890738496704e+11
8.348416352559521484e+10
9.329389272095133972e+10
7.177652013439967413e+04
1.439132518248005371e+12
7.266525659411683655e+10
6.748898419477613449e+09
4.490459456067298889e+09
1.054182626378350830e+11
1.569802309688315125e+11
1.052840111963593262e+12
1.258521137614890758e+05
7.660345317291225586e+11
7.570575385723215342e+08
4.354694345642153931e+11
2.818662421399533463e+10
6.187174483466060547e+12
8.634006810440155029e+09
1.787858031964697540e+08
7.407873205415184796e+07
5.027870612746807251e+11
5.937308245829728548e+04
4.988370526282478638e+11
1.303320059154905548e+11
1.023905142778870277e+07
6.835573669733797073e+09
2.050415705554814941e+12
9.669584664758253098e+07
2.238555702463889648e+12
2.643802131916328907e+09
2.602901543928450108e+09
7.704482802358154297e+10
7.082942154759478516e+12
1.956402943244362793e+11
6.233106435772639275e+09
4.104362862179320306e+06
1.505173149767416382e+11
1.259788379475271225e+10
1.073597676612936646e+12
9.294351722971773148e+09
1.307258384241796875e+12
1.393344798315636635e+09
7.664159642695744038e+08
4.724752222167593002e+09
2.582500332052357029e+06
1.693604329823288879e+11
1.843603864433458496e+12
3.972146240442857361e+10
2.839018806418428955e+11
7.793871782807885742e+11
3.391516523146002197e+10
4.333227276312799454e+09
2.022243296606041992e+12
1.720134534250748903e+07
1.409300624850385857e+10
1.039367503727421570e+10
1.619708291231592712e+11
1.511069219290666878e+08
2.786339447656442642e+09
1.165093785621140480e+09
3.003469417189581299e+11
3.692796584920943451e+10
9.067737930174870300e+10
7.117235692285659909e+07
2.068073424957346288e+05
4.602435490083974457e+10
1.817297050543901672e+11
2.393359012931141281e+10
3.040039278392399902e+12
1.319397424046279449e+11
6.826482004975594580e+07
9.617296526083719254e+09
9.635517475143054199e+10
4.849927971306049347e+09
4.100751062821351562e+12
2.019943986429154205e+10
4.386841240667411133e+12
1.401547211698815918e+10
5.156828905103131294e+09
1.064076793936117706e+11
1.897890407192687012e+12
6.416930491769052734e+11
2.790490656127354736e+11
1.200674701727359009e+10
8.047896208394584961e+11
6.708443763432775449e+04
7.596999567767294884e+09
1.820356408708689117e+10
5.333494649569388479e+06
5.269647685817504883e+09
6.328344984383884277e+11
1.887482506333230972e+10
1.676701595441344531e+13
3.298793353788423061e+09
5.508491686633239985e+08
2.102364941085882950e+10
2.023992460469213867e+12
2.019869665308691189e+07
7.112428692984291077e+09
5.993997386054547119e+11
1.052738975646350708e+11
3.847471306131274414e+11
9.167390577475930786e+10
1.990747559394896746e+09
2.369014519315093079e+11
4.459962357358510017e+09
2.916035228873497993e+07
1.538742997877775431e+08
6.031946880736598206e+10
1.763312712397264317e+07
2.411118427030974426e+11
5.532922229688451290e+08
7.728826884118402004e+07
2.518917040918208313e+11
4.109198469315814453e+12
2.416804214763293457e+10
4.939616271764838867e+12
3.248202866636947632e+10
3.987264320203488770e+11
2.909105319095919800e+11
5.651389622256066895e+11
1.148716358864261627e+10
8.383333433419588089e+09
1.484833343802820683e+09
3.138928618750910645e+12
8.242620444676226936e+06
2.045808844038885498e+10
4.030817067046666718e+10
9.060633987040679932e+10
5.711580681831010437e+10
3.238491659429605469e+12
4.134409070084241943e+11
5.968065812608173828e+11
2.367520667440446777e+11
2.746206798255800247e+09
8.026158296276758194e+09
9.449716098647895813e+10
1.716895984751958773e+07
1.498284479250814617e+08
5.960074088922065735e+10
3.452207092020527832e+12
4.221110361723772583e+11
9.376497888300104532e+05
1.703714178447000313e+10
8.943682692994068563e+07
3.386140091311190186e+11
8.494036692303977051e+11
1.379369015018314362e+10
1.177387107992857910e+12
1.066859770942912549e+08
2.216978974644474313e+07
5.190550666193424225e+09
1.538885974734182549e+10
1.264126907926146030e+09
3.344402491509627075e+11
1.925291329574427185e+11
3.482920324762152344e+12
1.894185664029371033e+11
2.440665009100070801e+11
1.707187054482576624e+07
2.320737239275980225e+11
9.541031849141136169e+10
2.672900058719667912e+09
2.289767900518939132e+04
7.804432992137434387e+10
2.147314683442462444e+09
2.510058475996544189e+11
2.476360961566917801e+10
1.140576180699423584e+12
5.189538743182524681e+09
3.500654321571420288e+11
2.029820254099408686e+08
4.128540624461251465e+12
6.319493381024198234e+07
2.963545960832334822e+04
1.053024863390681858e+05
6.872080763002004623e+09
4.850358338928204961e+06
2.504184030746563965e+12
2.360460609967622757e+10
1.559578941455314697e+12
2.838532309740662003e+10
4.773518153307795715e+10
