9.930174894152232422e+12
1.590804534949270248e+10
1.647310993531192322e+11
2.873866073117937520e+07
9.697425907507342100e+08
1.306867646430558350e+12
4.195786747379080772e+09
3.400370093538644028e+10
1.020140029713187250e+06
1.014200114259139893e+12
8.188977873917898978e+04
2.628023955631587505e+09
6.677568696343287081e+07
1.023206790653200439e+12
3.777787337795197219e+07
3.273867972576795044e+11
3.750956117815006291e+05
4.913284005577287598e+11
1.130854111070039988e+09
1.366989907924502373e+10
1.683831031962662697e+09
3.358706675310078735e+11
8.619508871689046631e+11
8.224420597066019058e+09
7.899772874782150269e+09
1.515640679555635742e+12
1.448037140824324951e+12
1.592133791875543785e+10
1.275485608935468292e+11
1.352514519291696325e+07
4.032680353304572144e+11
2.455494127999684143e+10
1.199368323272674713e+11
3.902899623942633820e+10
5.927019724024763489e+10
2.551374853514051437e+08
2.748006113916685060e+07
2.689461300849583130e+11
2.477714009124826813e+10
4.565470188479691505e+09
7.545152655365670204e+09
7.861762516058244629e+11
2.451772850216633301e+11
5.648431732562619781e+10
1.325787437874148682e+12
2.503306875773877563e+11
1.077689505920795500e+08
1.021006424710273743e+11
2.256222915431215210e+11
6.759804501961966797e+12
1.414088106031225586e+12
4.936601948624783108e+04
1.919937219035361290e+09
6.876283004048007202e+10
1.167939939134125471e+09
1.102324938174867676e+12
5.874271760107760929e+04
4.345407356616141357e+11
2.157196491214642525e+08
6.186146099912785645e+11
6.380932172929588318e+09
9.406632068100944824e+11
3.822495093522293091e+09
1.350752815089805052e+07
1.620292619641239014e+11
7.060159671943743896e+11
1.089219872162087402e+12
3.464747082454875112e+08
7.876549626412516785e+10
3.436569642267600894e+08
3.123104747685629654e+10
1.564733566772030334e+11
9.073973640999902487e+08
4.780088892738496704e+11
8.348416372559521484e+10
9.329389292095133972e+10
7.197652013439967413e+04
1.439132518448005371e+12
7.266525679411683655e+10
6.748898619477613449e+09
4.490459656067298889e+09
1.054182628378350830e+11
1.569802311688315125e+11
1.052840112163593262e+12
1.260521137614890758e+05
7.660345319291225586e+11
7.570577385723215342e+08
4.354694347642153931e+11
2.818662441399533463e+10
6.187174483666060547e+12
8.634007010440155029e+09
1.787860031964697540e+08
7.407893205415184796e+07
5.027870614746807251e+11
5.957308245829728548e+04
4.988370528282478638e+11
1.303320061154905548e+11
1.023925142778870277e+07
6.835573869733797073e+09
2.050415705754814941e+12
9.669604664758253098e+07
2.238555702663889648e+12
2.643802331916328907e+09
2.602901743928450108e+09
7.704482822358154297e+10
7.082942154959478516e+12
1.956402945244362793e+11
6.233106635772639275e+09
4.104562862179320306e+06
1.505173151767416382e+11
1.259788399475271225e+10
1.073597676812936646e+12
9.294351922971773148e+09
1.307258384441796875e+12
1.393344998315636635e+09
7.664161642695744038e+08
4.724752422167593002e+09
2.582700332052357029e+06
1.693604331823288879e+11
1.843603864633458496e+12
3.972146260442857361e+10
2.839018808418428955e+11
7.793871784807885742e+11
3.391516543146002197e+10
4.333227476312799454e+09
2.022243296806041992e+12
1.720154534250748903e+07
1.409300644850385857e+10
1.039367523727421570e+10
1.619708293231592712e+11
1.511071219290666878e+08
2.786339647656442642e+09
1.165093985621140480e+09
3.003469419189581299e+11
3.692796604920943451e+10
9.067737950174870300e+10
7.117255692285659909e+07
2.070073424957346288e+05
4.602435510083974457e+10
1.817297052543901672e+11
2.393359032931141281e+10
3.040039278592399902e+12
1.319397426046279449e+11
6.826502004975594580e+07
9.617296726083719254e+09
9.635517495143054199e+10
4.849928171306049347e+09
4.100751063021351562e+12
2.019944006429154205e+10
4.386841240867411133e+12
1.401547231698815918e+10
5.156829105103131294e+09
1.064076795936117706e+11
1.897890407392687012e+12
6.416930493769052734e+11
2.790490658127354736e+11
1.200674721727359009e+10
8.047896210394584961e+11
6.728443763432775449e+04
7.596999767767294884e+09
1.820356428708689117e+10
5.333694649569388479e+06
5.269647885817504883e+09
6.328344986383884277e+11
1.887482526333230972e+10
1.676701595461344531e+13
3.298793553788423061e+09
5.508493686633239985e+08
2.102364961085882950e+10
2.023992460669213867e+12
2.019889665308691189e+07
7.112428892984291077e+09
5.993997388054547119e+11
1.052738977646350708e+11
3.847471308131274414e+11
9.167390597475930786e+10
1.990747759394896746e+09
2.369014521315093079e+11
4.459962557358510017e+09
2.916055228873497993e+07
1.538744997877775431e+08
6.031946900736598206e+10
1.763332712397264317e+07
2.411118429030974426e+11
5.532924229688451290e+08
7.728846884118402004e+07
2.518917042918208313e+11
4.109198469515814453e+12
2.416804234763293457e+10
4.939616271964838867e+12
3.248202886636947632e+10
3.987264322203488770e+11
2.909105321095919800e+11
5.651389624256066895e+11
1.148716378864261627e+10
8.383333633419588089e+09
1.484833543802820683e+09
3.138928618950910645e+12
8.242820444676226936e+06
2.045808864038885498e+10
4.030817087046666718e+10
9.060634007040679932e+10
5.711580701831010437e+10
3.238491659629605469e+12
4.134409072084241943e+11
5.968065814608173828e+11
2.367520669440446777e+11
2.746206998255800247e+09
8.026158496276758194e+09
9.449716118647895813e+10
1.716915984751958773e+07
1.498286479250814617e+08
5.960074108922065735e+10
3.452207092220527832e+12
4.221110363723772583e+11
9.378497888300104532e+05
1.703714198447000313e+10
8.943702692994068563e+07
3.386140093311190186e+11
8.494036694303977051e+11
1.379369035018314362e+10
1.177387108192857910e+12
1.066861770942912549e+08
2.216998974644474313e+07
5.190550866193424225e+09
1.538885994734182549e+10
1.264127107926146030e+09
3.344402493509627075e+11
1.925291331574427185e+11
3.482920324962152344e+12
1.894185666029371033e+11
2.440665011100070801e+11
1.707207054482576624e+07
2.320737241275980225e+11
9.541031869141136169e+10
2.672900258719667912e+09
2.309767900518939132e+04
7.804433012137434387e+10
2.147314883442462444e+09
2.510058477996544189e+11
2.476360981566917801e+10
1.140576180899423584e+12
5.189538943182524681e+09
3.500654323571420288e+11
2.029822254099408686e+08
4.128540624661251465e+12
6.319513381024198234e+07
2.983545960832334822e+04
1.055024863390681858e+05
6.872080963002004623e+09
4.850558338928204961e+06
2.504184030946563965e+12
2.360460629967622757e+10
1.559578941655314697e+12
2.838532329740662003e+10
4.773518173307795715e+10
