9.930174894202232422e+12
1.590804539949270248e+10
1.647310994031192322e+11
2.873871073117937520e+07
9.697426407507342100e+08
1.306867646480558350e+12
4.195786797379080772e+09
3.400370098538644028e+10
1.020190029713187250e+06
1.014200114309139893e+12
8.193977873917898978e+04
2.628024005631587505e+09
6.677573696343287081e+07
1.023206790703200439e+12
3.777792337795197219e+07
3.273867973076795044e+11
3.751456117815006291e+05
4.913284006077287598e+11
1.130854161070039988e+09
1.366989912924502373e+10
1.683831081962662697e+09
3.358706675810078735e+11
8.619508872189046631e+11
8.224420647066019058e+09
7.899772924782150269e+09
1.515640679605635742e+12
1.448037140874324951e+12
1.592133796875543785e+10
1.275485609435468292e+11
1.352519519291696325e+07
4.032680353804572144e+11
2.455494132999684143e+10
1.199368323772674713e+11
3.902899628942633820e+10
5.927019729024763489e+10
2.551375353514051437e+08
2.748011113916685060e+07
2.689461301349583130e+11
2.477714014124826813e+10
4.565470238479691505e+09
7.545152705365670204e+09
7.861762516558244629e+11
2.451772850716633301e+11
5.648431737562619781e+10
1.325787437924148682e+12
2.503306876273877563e+11
1.077690005920795500e+08
1.021006425210273743e+11
2.256222915931215210e+11
6.759804502011966797e+12
1.414088106081225586e+12
4.941601948624783108e+04
1.919937269035361290e+09
6.876283009048007202e+10
1.167939989134125471e+09
1.102324938224867676e+12
5.879271760107760929e+04
4.345407357116141357e+11
2.157196991214642525e+08
6.186146100412785645e+11
6.380932222929588318e+09
9.406632068600944824e+11
3.822495143522293091e+09
1.350757815089805052e+07
1.620292620141239014e+11
7.060159672443743896e+11
1.089219872212087402e+12
3.464747582454875112e+08
7.876549631412516785e+10
3.436570142267600894e+08
3.123104752685629654e+10
1.564733567272030334e+11
9.073974140999902487e+08
4.780088893238496704e+11
8.348416377559521484e+10
9.329389297095133972e+10
7.202652013439967413e+04
1.439132518498005371e+12
7.266525684411683655e+10
6.748898669477613449e+09
4.490459706067298889e+09
1.054182628878350830e+11
1.569802312188315125e+11
1.052840112213593262e+12
1.261021137614890758e+05
7.660345319791225586e+11
7.570577885723215342e+08
4.354694348142153931e+11
2.818662446399533463e+10
6.187174483716060547e+12
8.634007060440155029e+09
1.787860531964697540e+08
7.407898205415184796e+07
5.027870615246807251e+11
5.962308245829728548e+04
4.988370528782478638e+11
1.303320061654905548e+11
1.023930142778870277e+07
6.835573919733797073e+09
2.050415705804814941e+12
9.669609664758253098e+07
2.238555702713889648e+12
2.643802381916328907e+09
2.602901793928450108e+09
7.704482827358154297e+10
7.082942155009478516e+12
1.956402945744362793e+11
6.233106685772639275e+09
4.104612862179320306e+06
1.505173152267416382e+11
1.259788404475271225e+10
1.073597676862936646e+12
9.294351972971773148e+09
1.307258384491796875e+12
1.393345048315636635e+09
7.664162142695744038e+08
4.724752472167593002e+09
2.582750332052357029e+06
1.693604332323288879e+11
1.843603864683458496e+12
3.972146265442857361e+10
2.839018808918428955e+11
7.793871785307885742e+11
3.391516548146002197e+10
4.333227526312799454e+09
2.022243296856041992e+12
1.720159534250748903e+07
1.409300649850385857e+10
1.039367528727421570e+10
1.619708293731592712e+11
1.511071719290666878e+08
2.786339697656442642e+09
1.165094035621140480e+09
3.003469419689581299e+11
3.692796609920943451e+10
9.067737955174870300e+10
7.117260692285659909e+07
2.070573424957346288e+05
4.602435515083974457e+10
1.817297053043901672e+11
2.393359037931141281e+10
3.040039278642399902e+12
1.319397426546279449e+11
6.826507004975594580e+07
9.617296776083719254e+09
9.635517500143054199e+10
4.849928221306049347e+09
4.100751063071351562e+12
2.019944011429154205e+10
4.386841240917411133e+12
1.401547236698815918e+10
5.156829155103131294e+09
1.064076796436117706e+11
1.897890407442687012e+12
6.416930494269052734e+11
2.790490658627354736e+11
1.200674726727359009e+10
8.047896210894584961e+11
6.733443763432775449e+04
7.596999817767294884e+09
1.820356433708689117e+10
5.333744649569388479e+06
5.269647935817504883e+09
6.328344986883884277e+11
1.887482531333230972e+10
1.676701595466344531e+13
3.298793603788423061e+09
5.508494186633239985e+08
2.102364966085882950e+10
2.023992460719213867e+12
2.019894665308691189e+07
7.112428942984291077e+09
5.993997388554547119e+11
1.052738978146350708e+11
3.847471308631274414e+11
9.167390602475930786e+10
1.990747809394896746e+09
2.369014521815093079e+11
4.459962607358510017e+09
2.916060228873497993e+07
1.538745497877775431e+08
6.031946905736598206e+10
1.763337712397264317e+07
2.411118429530974426e+11
5.532924729688451290e+08
7.728851884118402004e+07
2.518917043418208313e+11
4.109198469565814453e+12
2.416804239763293457e+10
4.939616272014838867e+12
3.248202891636947632e+10
3.987264322703488770e+11
2.909105321595919800e+11
5.651389624756066895e+11
1.148716383864261627e+10
8.383333683419588089e+09
1.484833593802820683e+09
3.138928619000910645e+12
8.242870444676226936e+06
2.045808869038885498e+10
4.030817092046666718e+10
9.060634012040679932e+10
5.711580706831010437e+10
3.238491659679605469e+12
4.134409072584241943e+11
5.968065815108173828e+11
2.367520669940446777e+11
2.746207048255800247e+09
8.026158546276758194e+09
9.449716123647895813e+10
1.716920984751958773e+07
1.498286979250814617e+08
5.960074113922065735e+10
3.452207092270527832e+12
4.221110364223772583e+11
9.378997888300104532e+05
1.703714203447000313e+10
8.943707692994068563e+07
3.386140093811190186e+11
8.494036694803977051e+11
1.379369040018314362e+10
1.177387108242857910e+12
1.066862270942912549e+08
2.217003974644474313e+07
5.190550916193424225e+09
1.538885999734182549e+10
1.264127157926146030e+09
3.344402494009627075e+11
1.925291332074427185e+11
3.482920325012152344e+12
1.894185666529371033e+11
2.440665011600070801e+11
1.707212054482576624e+07
2.320737241775980225e+11
9.541031874141136169e+10
2.672900308719667912e+09
2.314767900518939132e+04
7.804433017137434387e+10
2.147314933442462444e+09
2.510058478496544189e+11
2.476360986566917801e+10
1.140576180949423584e+12
5.189538993182524681e+09
3.500654324071420288e+11
2.029822754099408686e+08
4.128540624711251465e+12
6.319518381024198234e+07
2.988545960832334822e+04
1.055524863390681858e+05
6.872081013002004623e+09
4.850608338928204961e+06
2.504184030996563965e+12
2.360460634967622757e+10
1.559578941705314697e+12
2.838532334740662003e+10
4.773518178307795715e+10
