9.930174894302232422e+12
1.590804549949270248e+10
1.647310995031192322e+11
2.873881073117937520e+07
9.697427407507342100e+08
1.306867646580558350e+12
4.195786897379080772e+09
3.400370108538644028e+10
1.020290029713187250e+06
1.014200114409139893e+12
8.203977873917898978e+04
2.628024105631587505e+09
6.677583696343287081e+07
1.023206790803200439e+12
3.777802337795197219e+07
3.273867974076795044e+11
3.752456117815006291e+05
4.913284007077287598e+11
1.130854261070039988e+09
1.366989922924502373e+10
1.683831181962662697e+09
3.358706676810078735e+11
8.619508873189046631e+11
8.224420747066019058e+09
7.899773024782150269e+09
1.515640679705635742e+12
1.448037140974324951e+12
1.592133806875543785e+10
1.275485610435468292e+11
1.352529519291696325e+07
4.032680354804572144e+11
2.455494142999684143e+10
1.199368324772674713e+11
3.902899638942633820e+10
5.927019739024763489e+10
2.551376353514051437e+08
2.748021113916685060e+07
2.689461302349583130e+11
2.477714024124826813e+10
4.565470338479691505e+09
7.545152805365670204e+09
7.861762517558244629e+11
2.451772851716633301e+11
5.648431747562619781e+10
1.325787438024148682e+12
2.503306877273877563e+11
1.077691005920795500e+08
1.021006426210273743e+11
2.256222916931215210e+11
6.759804502111966797e+12
1.414088106181225586e+12
4.951601948624783108e+04
1.919937369035361290e+09
6.876283019048007202e+10
1.167940089134125471e+09
1.102324938324867676e+12
5.889271760107760929e+04
4.345407358116141357e+11
2.157197991214642525e+08
6.186146101412785645e+11
6.380932322929588318e+09
9.406632069600944824e+11
3.822495243522293091e+09
1.350767815089805052e+07
1.620292621141239014e+11
7.060159673443743896e+11
1.089219872312087402e+12
3.464748582454875112e+08
7.876549641412516785e+10
3.436571142267600894e+08
3.123104762685629654e+10
1.564733568272030334e+11
9.073975140999902487e+08
4.780088894238496704e+11
8.348416387559521484e+10
9.329389307095133972e+10
7.212652013439967413e+04
1.439132518598005371e+12
7.266525694411683655e+10
6.748898769477613449e+09
4.490459806067298889e+09
1.054182629878350830e+11
1.569802313188315125e+11
1.052840112313593262e+12
1.262021137614890758e+05
7.660345320791225586e+11
7.570578885723215342e+08
4.354694349142153931e+11
2.818662456399533463e+10
6.187174483816060547e+12
8.634007160440155029e+09
1.787861531964697540e+08
7.407908205415184796e+07
5.027870616246807251e+11
5.972308245829728548e+04
4.988370529782478638e+11
1.303320062654905548e+11
1.023940142778870277e+07
6.835574019733797073e+09
2.050415705904814941e+12
9.669619664758253098e+07
2.238555702813889648e+12
2.643802481916328907e+09
2.602901893928450108e+09
7.704482837358154297e+10
7.082942155109478516e+12
1.956402946744362793e+11
6.233106785772639275e+09
4.104712862179320306e+06
1.505173153267416382e+11
1.259788414475271225e+10
1.073597676962936646e+12
9.294352072971773148e+09
1.307258384591796875e+12
1.393345148315636635e+09
7.664163142695744038e+08
4.724752572167593002e+09
2.582850332052357029e+06
1.693604333323288879e+11
1.843603864783458496e+12
3.972146275442857361e+10
2.839018809918428955e+11
7.793871786307885742e+11
3.391516558146002197e+10
4.333227626312799454e+09
2.022243296956041992e+12
1.720169534250748903e+07
1.409300659850385857e+10
1.039367538727421570e+10
1.619708294731592712e+11
1.511072719290666878e+08
2.786339797656442642e+09
1.165094135621140480e+09
3.003469420689581299e+11
3.692796619920943451e+10
9.067737965174870300e+10
7.117270692285659909e+07
2.071573424957346288e+05
4.602435525083974457e+10
1.817297054043901672e+11
2.393359047931141281e+10
3.040039278742399902e+12
1.319397427546279449e+11
6.826517004975594580e+07
9.617296876083719254e+09
9.635517510143054199e+10
4.849928321306049347e+09
4.100751063171351562e+12
2.019944021429154205e+10
4.386841241017411133e+12
1.401547246698815918e+10
5.156829255103131294e+09
1.064076797436117706e+11
1.897890407542687012e+12
6.416930495269052734e+11
2.790490659627354736e+11
1.200674736727359009e+10
8.047896211894584961e+11
6.743443763432775449e+04
7.596999917767294884e+09
1.820356443708689117e+10
5.333844649569388479e+06
5.269648035817504883e+09
6.328344987883884277e+11
1.887482541333230972e+10
1.676701595476344531e+13
3.298793703788423061e+09
5.508495186633239985e+08
2.102364976085882950e+10
2.023992460819213867e+12
2.019904665308691189e+07
7.112429042984291077e+09
5.993997389554547119e+11
1.052738979146350708e+11
3.847471309631274414e+11
9.167390612475930786e+10
1.990747909394896746e+09
2.369014522815093079e+11
4.459962707358510017e+09
2.916070228873497993e+07
1.538746497877775431e+08
6.031946915736598206e+10
1.763347712397264317e+07
2.411118430530974426e+11
5.532925729688451290e+08
7.728861884118402004e+07
2.518917044418208313e+11
4.109198469665814453e+12
2.416804249763293457e+10
4.939616272114838867e+12
3.248202901636947632e+10
3.987264323703488770e+11
2.909105322595919800e+11
5.651389625756066895e+11
1.148716393864261627e+10
8.383333783419588089e+09
1.484833693802820683e+09
3.138928619100910645e+12
8.242970444676226936e+06
2.045808879038885498e+10
4.030817102046666718e+10
9.060634022040679932e+10
5.711580716831010437e+10
3.238491659779605469e+12
4.134409073584241943e+11
5.968065816108173828e+11
2.367520670940446777e+11
2.746207148255800247e+09
8.026158646276758194e+09
9.449716133647895813e+10
1.716930984751958773e+07
1.498287979250814617e+08
5.960074123922065735e+10
3.452207092370527832e+12
4.221110365223772583e+11
9.379997888300104532e+05
1.703714213447000313e+10
8.943717692994068563e+07
3.386140094811190186e+11
8.494036695803977051e+11
1.379369050018314362e+10
1.177387108342857910e+12
1.066863270942912549e+08
2.217013974644474313e+07
5.190551016193424225e+09
1.538886009734182549e+10
1.264127257926146030e+09
3.344402495009627075e+11
1.925291333074427185e+11
3.482920325112152344e+12
1.894185667529371033e+11
2.440665012600070801e+11
1.707222054482576624e+07
2.320737242775980225e+11
9.541031884141136169e+10
2.672900408719667912e+09
2.324767900518939132e+04
7.804433027137434387e+10
2.147315033442462444e+09
2.510058479496544189e+11
2.476360996566917801e+10
1.140576181049423584e+12
5.189539093182524681e+09
3.500654325071420288e+11
2.029823754099408686e+08
4.128540624811251465e+12
6.319528381024198234e+07
2.998545960832334822e+04
1.056524863390681858e+05
6.872081113002004623e+09
4.850708338928204961e+06
2.504184031096563965e+12
2.360460644967622757e+10
1.559578941805314697e+12
2.838532344740662003e+10
4.773518188307795715e+10
