2.428966229437820730e+05
1.119737289048109596e+04
1.270262706342833371e+04
5.691554732970705663e+04
1.297254016162244989e+04
2.025967307101547340e+04
8.275321440621709917e+04
3.212538096821762520e+04
3.348480006059986772e+04
7.114089716289234275e+03
4.612062796529027401e+04
1.351252037517859753e+04
4.282647258922571200e+04
6.815063942388756550e+04
2.015371998301629355e+04
2.912265942992300188e+04
2.062397610566201183e+04
5.583400540616289072e+04
8.799869584075904640e+03
4.276842311464103113e+04
3.291275697852829762e+04
1.601209978733121534e+04
2.569760675580029056e+04
1.373306518895250520e+04
3.612279699467839237e+04
7.089104834549083535e+03
7.183104163453067486e+03
3.945876605400840344e+04
6.541712177374814928e+03
3.819032695385192346e+04
7.289824906487147382e+04
4.359763113069235260e+04
3.978340329324665800e+04
2.420526894504680604e+04
2.677743022759771702e+04
4.767782926375005627e+04
1.259619995322953946e+04
1.528423441061177255e+04
1.020012644384628948e+04
6.628028765855028178e+04
2.478159331132278385e+04
1.317349402336686944e+04
1.729324643024099714e+03
7.749575181377482659e+04
3.851749130996016174e+04
2.158088885010725426e+04
3.345048544318152562e+04
1.921918144372255483e+04
9.976262723060736607e+04
5.383200161385791944e+03
1.341599742553591204e+04
1.808222312555577082e+04
2.167508163371335831e+04
8.928028325173325720e+04
1.896555753523782550e+04
4.111875823891684558e+04
2.200002957245928701e+04
1.686958094375596193e+04
1.451888366109054186e+04
3.453363088082417380e+04
1.892539392066112850e+04
1.571568893270555418e+04
4.002141349846861704e+04
2.977887686708277033e+04
7.839529454228769464e+04
2.179130517328700444e+04
3.199033945866044633e+03
2.090099645454299025e+04
5.227040889109593081e+03
3.857293717581062083e+04
1.683382838783274201e+04
2.901916936420986167e+04
1.031113040440558689e+04
2.613766664916181981e+04
2.211438685789844021e+04
7.454028141626954312e+04
2.132469927860837925e+04
6.827409582360696731e+03
4.090045053678749537e+04
3.157390495771008864e+04
5.245216102921780839e+04
6.744453149556267817e+03
3.740816573783720378e+04
7.547371971139019479e+03
2.100836105862885597e+04
3.327366753990791040e+04
2.406950914511390511e+04
4.192767617581310333e+04
5.267140061672654701e+04
1.685348345765136764e+04
2.950606919967096474e+04
2.923307317536321716e+04
4.230496276906625280e+04
1.869137187996504872e+04
1.045493824657039222e+05
2.289309044975525831e+04
4.135514614580015768e+04
4.084845890827548283e+04
8.831836939940290904e+03
2.505495969509577117e+04
2.665559261841253829e+04
1.677653849644842921e+04
9.952118723786335977e+03
1.792630963716413316e+04
6.000289737274120125e+04
2.371515060980010276e+03
2.179460043204457907e+04
2.841327879596913772e+04
7.384081647348184561e+03
5.096421942984253110e+04
5.896807169993464049e+04
1.023950299980964337e+05
3.271804362333987592e+04
2.085030777846521596e+04
7.027692926460072158e+03
1.053124673820922471e+05
2.091295570525044968e+04
3.534096413303621375e+04
6.019676465656930668e+04
1.232528040950517789e+04
3.833238971010762907e+04
3.254086003896078182e+04
1.668771150917941122e+04
3.746549803786934353e+04
1.463363234731912598e+04
1.141721344919909825e+04
3.715232899040454504e+04
6.287388521355220291e+04
2.642098815708003531e+04
2.009985567265501231e+04
3.732543408753132098e+04
1.510985828318290442e+04
1.184545601418119622e+04
1.371775070299970503e+04
2.273433515213458668e+04
3.380112208340116922e+04
2.743531447195043438e+04
4.285580265790638077e+04
1.356410406020213268e+05
1.383681374288908410e+04
2.585003875888444236e+04
2.785888720603640832e+04
3.397972894433626607e+03
6.990895035299482697e+04
7.994634090414459934e+03
3.932207072445663653e+04
4.095792877649070579e+04
3.767415856925924891e+04
7.345268874865419639e+04
6.740364893501679944e+03
1.855697065851091975e+04
3.078679924697605384e+04
8.334010118919638626e+04
1.885670695051967414e+04
1.040338829418409478e+04
1.192437787389592449e+04
5.687814808761823224e+04
2.433696636088455853e+04
1.215334869507721305e+04
4.464108462861331645e+04
4.890723821852107358e+04
3.774944335674251488e+04
5.493313323436860810e+04
7.710165762970479591e+03
1.972665603639216351e+04
2.026381262421422798e+04
1.605476469304017701e+04
6.618093005897891999e+04
2.353118859092096682e+04
3.201358135667816532e+04
3.137931452633013396e+04
4.894838859127018077e+04
8.177569519103756465e+04
1.312777465703361122e+04
4.904406795186230011e+04
1.330409944272658868e+04
2.520163327433541417e+04
1.620379249059309586e+04
2.732071419902993875e+04
2.111676517571819568e+04
8.014004156651571975e+03
1.431632952848275454e+04
6.701287982437674145e+03
7.984558597754348011e+04
1.631892588250992412e+04
5.043568506067241105e+04
1.407917079005987762e+04
2.176462255121433918e+04
5.854873777879619593e+04
3.586269920786366856e+04
9.226822232091160913e+03
4.470669438548762264e+04
4.079861665188486950e+04
9.068656188673412544e+03
3.512769471326317580e+04
4.024863100165054493e+04
5.196749839382732171e+04
1.339107609743103785e+04
3.214454706579493359e+04
3.668501527021113725e+04
1.378840021150964276e+04
5.913288523314618942e+04
2.238836818824119473e+04
2.670821384068651241e+04
8.283211463661756716e+04
2.245660121074110975e+03
9.144019450225370747e+03
2.357694279972728691e+04
5.488715703210554784e+04
1.142872302255207433e+04
9.577872104963519087e+04
8.801617362248993231e+03
5.440001429144953727e+04
3.252051077990067643e+04
4.129602499590061598e+03
5.408609502697412972e+04
2.908116984883816258e+04
2.701451692210565307e+04
7.463263937098826318e+03
1.543158141825651546e+04
1.938489825774824567e+04
1.485398317336768014e+04
4.529158566867344780e+04
3.989875205921388988e+04
1.111771412851681271e+04
3.641642952428709395e+04
3.513037808960579423e+04
3.596664276646801591e+04
3.829622192016071494e+04
1.637958981039817809e+04
1.436250298286324141e+04
7.666514088023887598e+04
5.017614283770964539e+04
1.759761714305655551e+04
1.720857087926391614e+04
4.305783412657929875e+04
1.805713116531715423e+04
4.811919528412797081e+04
1.788352172070404094e+03
2.666096829763955975e+04
2.609842782912070106e+04
2.280642926202320450e+04
2.124817561442526494e+04
4.367814626123753260e+04
5.840309026318880206e+04
1.543750988803891050e+04
4.987230648157595715e+04
2.064781683910112406e+04
2.392439108908449634e+04
3.540139793811671552e+04
6.603446307634227560e+04
1.702884145320849711e+04
4.392192530729944701e+04
3.429106764699343330e+03
1.843777407191634848e+04
5.276518018351791397e+04
