2.431466229437820730e+05
1.144737289048109596e+04
1.295262706342833371e+04
5.716554732970705663e+04
1.322254016162244989e+04
2.050967307101547340e+04
8.300321440621709917e+04
3.237538096821762520e+04
3.373480006059986772e+04
7.364089716289234275e+03
4.637062796529027401e+04
1.376252037517859753e+04
4.307647258922571200e+04
6.840063942388756550e+04
2.040371998301629355e+04
2.937265942992300188e+04
2.087397610566201183e+04
5.608400540616289072e+04
9.049869584075904640e+03
4.301842311464103113e+04
3.316275697852829762e+04
1.626209978733121534e+04
2.594760675580029056e+04
1.398306518895250520e+04
3.637279699467839237e+04
7.339104834549083535e+03
7.433104163453067486e+03
3.970876605400840344e+04
6.791712177374814928e+03
3.844032695385192346e+04
7.314824906487147382e+04
4.384763113069235260e+04
4.003340329324665800e+04
2.445526894504680604e+04
2.702743022759771702e+04
4.792782926375005627e+04
1.284619995322953946e+04
1.553423441061177255e+04
1.045012644384628948e+04
6.653028765855028178e+04
2.503159331132278385e+04
1.342349402336686944e+04
1.979324643024099714e+03
7.774575181377482659e+04
3.876749130996016174e+04
2.183088885010725426e+04
3.370048544318152562e+04
1.946918144372255483e+04
1.000126272306073661e+05
5.633200161385791944e+03
1.366599742553591204e+04
1.833222312555577082e+04
2.192508163371335831e+04
8.953028325173325720e+04
1.921555753523782550e+04
4.136875823891684558e+04
2.225002957245928701e+04
1.711958094375596193e+04
1.476888366109054186e+04
3.478363088082417380e+04
1.917539392066112850e+04
1.596568893270555418e+04
4.027141349846861704e+04
3.002887686708277033e+04
7.864529454228769464e+04
2.204130517328700444e+04
3.449033945866044633e+03
2.115099645454299025e+04
5.477040889109593081e+03
3.882293717581062083e+04
1.708382838783274201e+04
2.926916936420986167e+04
1.056113040440558689e+04
2.638766664916181981e+04
2.236438685789844021e+04
7.479028141626954312e+04
2.157469927860837925e+04
7.077409582360696731e+03
4.115045053678749537e+04
3.182390495771008864e+04
5.270216102921780839e+04
6.994453149556267817e+03
3.765816573783720378e+04
7.797371971139019479e+03
2.125836105862885597e+04
3.352366753990791040e+04
2.431950914511390511e+04
4.217767617581310333e+04
5.292140061672654701e+04
1.710348345765136764e+04
2.975606919967096474e+04
2.948307317536321716e+04
4.255496276906625280e+04
1.894137187996504872e+04
1.047993824657039222e+05
2.314309044975525831e+04
4.160514614580015768e+04
4.109845890827548283e+04
9.081836939940290904e+03
2.530495969509577117e+04
2.690559261841253829e+04
1.702653849644842921e+04
1.020211872378633598e+04
1.817630963716413316e+04
6.025289737274120125e+04
2.621515060980010276e+03
2.204460043204457907e+04
2.866327879596913772e+04
7.634081647348184561e+03
5.121421942984253110e+04
5.921807169993464049e+04
1.026450299980964337e+05
3.296804362333987956e+04
2.110030777846521596e+04
7.277692926460072158e+03
1.055624673820922471e+05
2.116295570525044968e+04
3.559096413303621375e+04
6.044676465656930668e+04
1.257528040950517789e+04
3.858238971010762907e+04
3.279086003896078182e+04
1.693771150917941122e+04
3.771549803786934353e+04
1.488363234731912598e+04
1.166721344919909825e+04
3.740232899040454504e+04
6.312388521355220291e+04
2.667098815708003531e+04
2.034985567265501231e+04
3.757543408753132098e+04
1.535985828318290442e+04
1.209545601418119622e+04
1.396775070299970503e+04
2.298433515213458668e+04
3.405112208340116922e+04
2.768531447195043438e+04
4.310580265790638077e+04
1.358910406020213268e+05
1.408681374288908410e+04
2.610003875888444236e+04
2.810888720603640832e+04
3.647972894433626607e+03
7.015895035299482697e+04
8.244634090414459934e+03
3.957207072445663653e+04
4.120792877649070579e+04
3.792415856925924891e+04
7.370268874865419639e+04
6.990364893501679944e+03
1.880697065851091975e+04
3.103679924697605384e+04
8.359010118919638626e+04
1.910670695051967414e+04
1.065338829418409478e+04
1.217437787389592449e+04
5.712814808761823224e+04
2.458696636088455853e+04
1.240334869507721305e+04
4.489108462861331645e+04
4.915723821852107358e+04
3.799944335674251488e+04
5.518313323436860810e+04
7.960165762970479591e+03
1.997665603639216351e+04
2.051381262421422798e+04
1.630476469304017701e+04
6.643093005897891999e+04
2.378118859092096682e+04
3.226358135667816532e+04
3.162931452633013396e+04
4.919838859127018077e+04
8.202569519103756465e+04
1.337777465703361122e+04
4.929406795186230011e+04
1.355409944272658868e+04
2.545163327433541417e+04
1.645379249059309586e+04
2.757071419902993875e+04
2.136676517571819568e+04
8.264004156651571975e+03
1.456632952848275454e+04
6.951287982437674145e+03
8.009558597754348011e+04
1.656892588250992412e+04
5.068568506067241105e+04
1.432917079005987762e+04
2.201462255121433918e+04
5.879873777879619593e+04
3.611269920786366856e+04
9.476822232091160913e+03
4.495669438548762264e+04
4.104861665188486950e+04
9.318656188673412544e+03
3.537769471326317580e+04
4.049863100165054493e+04
5.221749839382732171e+04
1.364107609743103785e+04
3.239454706579493359e+04
3.693501527021113725e+04
1.403840021150964276e+04
5.938288523314618942e+04
2.263836818824119473e+04
2.695821384068651241e+04
8.308211463661756716e+04
2.495660121074110975e+03
9.394019450225370747e+03
2.382694279972728691e+04
5.513715703210554784e+04
1.167872302255207433e+04
9.602872104963519087e+04
9.051617362248993231e+03
5.465001429144953727e+04
3.277051077990068006e+04
4.379602499590061598e+03
5.433609502697412972e+04
2.933116984883816258e+04
2.726451692210565307e+04
7.713263937098826318e+03
1.568158141825651546e+04
1.963489825774824567e+04
1.510398317336768014e+04
4.554158566867344780e+04
4.014875205921388988e+04
1.136771412851681271e+04
3.666642952428709395e+04
3.538037808960579423e+04
3.621664276646801591e+04
3.854622192016071494e+04
1.662958981039817809e+04
1.461250298286324141e+04
7.691514088023887598e+04
5.042614283770964539e+04
1.784761714305655551e+04
1.745857087926391614e+04
4.330783412657929875e+04
1.830713116531715423e+04
4.836919528412797081e+04
2.038352172070404094e+03
2.691096829763955975e+04
2.634842782912070106e+04
2.305642926202320450e+04
2.149817561442526494e+04
4.392814626123753260e+04
5.865309026318880206e+04
1.568750988803891050e+04
5.012230648157595715e+04
2.089781683910112406e+04
2.417439108908449634e+04
3.565139793811671552e+04
6.628446307634227560e+04
1.727884145320849711e+04
4.417192530729944701e+04
3.679106764699343330e+03
1.868777407191634848e+04
5.301518018351791397e+04
