2.431966229437820730e+05
1.149737289048109596e+04
1.300262706342833371e+04
5.721554732970705663e+04
1.327254016162244989e+04
2.055967307101547340e+04
8.305321440621709917e+04
3.242538096821762520e+04
3.378480006059986772e+04
7.414089716289234275e+03
4.642062796529027401e+04
1.381252037517859753e+04
4.312647258922571200e+04
6.845063942388756550e+04
2.045371998301629355e+04
2.942265942992300188e+04
2.092397610566201183e+04
5.613400540616289072e+04
9.099869584075904640e+03
4.306842311464103113e+04
3.321275697852829762e+04
1.631209978733121534e+04
2.599760675580029056e+04
1.403306518895250520e+04
3.642279699467839237e+04
7.389104834549083535e+03
7.483104163453067486e+03
3.975876605400840344e+04
6.841712177374814928e+03
3.849032695385192346e+04
7.319824906487147382e+04
4.389763113069235260e+04
4.008340329324665800e+04
2.450526894504680604e+04
2.707743022759771702e+04
4.797782926375005627e+04
1.289619995322953946e+04
1.558423441061177255e+04
1.050012644384628948e+04
6.658028765855028178e+04
2.508159331132278385e+04
1.347349402336686944e+04
2.029324643024099714e+03
7.779575181377482659e+04
3.881749130996016174e+04
2.188088885010725426e+04
3.375048544318152562e+04
1.951918144372255483e+04
1.000626272306073661e+05
5.683200161385791944e+03
1.371599742553591204e+04
1.838222312555577082e+04
2.197508163371335831e+04
8.958028325173325720e+04
1.926555753523782550e+04
4.141875823891684558e+04
2.230002957245928701e+04
1.716958094375596193e+04
1.481888366109054186e+04
3.483363088082417380e+04
1.922539392066112850e+04
1.601568893270555418e+04
4.032141349846861704e+04
3.007887686708277033e+04
7.869529454228769464e+04
2.209130517328700444e+04
3.499033945866044633e+03
2.120099645454299025e+04
5.527040889109593081e+03
3.887293717581062083e+04
1.713382838783274201e+04
2.931916936420986167e+04
1.061113040440558689e+04
2.643766664916181981e+04
2.241438685789844021e+04
7.484028141626954312e+04
2.162469927860837925e+04
7.127409582360696731e+03
4.120045053678749537e+04
3.187390495771008864e+04
5.275216102921780839e+04
7.044453149556267817e+03
3.770816573783720378e+04
7.847371971139019479e+03
2.130836105862885597e+04
3.357366753990791040e+04
2.436950914511390511e+04
4.222767617581310333e+04
5.297140061672654701e+04
1.715348345765136764e+04
2.980606919967096474e+04
2.953307317536321716e+04
4.260496276906625280e+04
1.899137187996504872e+04
1.048493824657039222e+05
2.319309044975525831e+04
4.165514614580015768e+04
4.114845890827548283e+04
9.131836939940290904e+03
2.535495969509577117e+04
2.695559261841253829e+04
1.707653849644842921e+04
1.025211872378633598e+04
1.822630963716413316e+04
6.030289737274120125e+04
2.671515060980010276e+03
2.209460043204457907e+04
2.871327879596913772e+04
7.684081647348184561e+03
5.126421942984253110e+04
5.926807169993464049e+04
1.026950299980964337e+05
3.301804362333987956e+04
2.115030777846521596e+04
7.327692926460072158e+03
1.056124673820922471e+05
2.121295570525044968e+04
3.564096413303621375e+04
6.049676465656930668e+04
1.262528040950517789e+04
3.863238971010762907e+04
3.284086003896078182e+04
1.698771150917941122e+04
3.776549803786934353e+04
1.493363234731912598e+04
1.171721344919909825e+04
3.745232899040454504e+04
6.317388521355220291e+04
2.672098815708003531e+04
2.039985567265501231e+04
3.762543408753132098e+04
1.540985828318290442e+04
1.214545601418119622e+04
1.401775070299970503e+04
2.303433515213458668e+04
3.410112208340116922e+04
2.773531447195043438e+04
4.315580265790638077e+04
1.359410406020213268e+05
1.413681374288908410e+04
2.615003875888444236e+04
2.815888720603640832e+04
3.697972894433626607e+03
7.020895035299482697e+04
8.294634090414459934e+03
3.962207072445663653e+04
4.125792877649070579e+04
3.797415856925924891e+04
7.375268874865419639e+04
7.040364893501679944e+03
1.885697065851091975e+04
3.108679924697605384e+04
8.364010118919638626e+04
1.915670695051967414e+04
1.070338829418409478e+04
1.222437787389592449e+04
5.717814808761823224e+04
2.463696636088455853e+04
1.245334869507721305e+04
4.494108462861331645e+04
4.920723821852107358e+04
3.804944335674251488e+04
5.523313323436860810e+04
8.010165762970479591e+03
2.002665603639216351e+04
2.056381262421422798e+04
1.635476469304017701e+04
6.648093005897891999e+04
2.383118859092096682e+04
3.231358135667816532e+04
3.167931452633013396e+04
4.924838859127018077e+04
8.207569519103756465e+04
1.342777465703361122e+04
4.934406795186230011e+04
1.360409944272658868e+04
2.550163327433541417e+04
1.650379249059309586e+04
2.762071419902993875e+04
2.141676517571819568e+04
8.314004156651571975e+03
1.461632952848275454e+04
7.001287982437674145e+03
8.014558597754348011e+04
1.661892588250992412e+04
5.073568506067241105e+04
1.437917079005987762e+04
2.206462255121433918e+04
5.884873777879619593e+04
3.616269920786366856e+04
9.526822232091160913e+03
4.500669438548762264e+04
4.109861665188486950e+04
9.368656188673412544e+03
3.542769471326317580e+04
4.054863100165054493e+04
5.226749839382732171e+04
1.369107609743103785e+04
3.244454706579493359e+04
3.698501527021113725e+04
1.408840021150964276e+04
5.943288523314618942e+04
2.268836818824119473e+04
2.700821384068651241e+04
8.313211463661756716e+04
2.545660121074110975e+03
9.444019450225370747e+03
2.387694279972728691e+04
5.518715703210554784e+04
1.172872302255207433e+04
9.607872104963519087e+04
9.101617362248993231e+03
5.470001429144953727e+04
3.282051077990068006e+04
4.429602499590061598e+03
5.438609502697412972e+04
2.938116984883816258e+04
2.731451692210565307e+04
7.763263937098826318e+03
1.573158141825651546e+04
1.968489825774824567e+04
1.515398317336768014e+04
4.559158566867344780e+04
4.019875205921388988e+04
1.141771412851681271e+04
3.671642952428709395e+04
3.543037808960579423e+04
3.626664276646801591e+04
3.859622192016071494e+04
1.667958981039817809e+04
1.466250298286324141e+04
7.696514088023887598e+04
5.047614283770964539e+04
1.789761714305655551e+04
1.750857087926391614e+04
4.335783412657929875e+04
1.835713116531715423e+04
4.841919528412797081e+04
2.088352172070403867e+03
2.696096829763955975e+04
2.639842782912070106e+04
2.310642926202320450e+04
2.154817561442526494e+04
4.397814626123753260e+04
5.870309026318880206e+04
1.573750988803891050e+04
5.017230648157595715e+04
2.094781683910112406e+04
2.422439108908449634e+04
3.570139793811671552e+04
6.633446307634227560e+04
1.732884145320849711e+04
4.422192530729944701e+04
3.729106764699343330e+03
1.873777407191634848e+04
5.306518018351791397e+04
