2.428466229437820730e+05
1.114737289048109596e+04
1.265262706342833371e+04
5.686554732970705663e+04
1.292254016162244989e+04
2.020967307101547340e+04
8.270321440621709917e+04
3.207538096821762520e+04
3.343480006059986772e+04
7.064089716289234275e+03
4.607062796529027401e+04
1.346252037517859753e+04
4.277647258922571200e+04
6.810063942388756550e+04
2.010371998301629355e+04
2.907265942992300188e+04
2.057397610566201183e+04
5.578400540616289072e+04
8.749869584075904640e+03
4.271842311464103113e+04
3.286275697852829762e+04
1.596209978733121534e+04
2.564760675580029056e+04
1.368306518895250520e+04
3.607279699467839237e+04
7.039104834549083535e+03
7.133104163453067486e+03
3.940876605400840344e+04
6.491712177374814928e+03
3.814032695385192346e+04
7.284824906487147382e+04
4.354763113069235260e+04
3.973340329324665800e+04
2.415526894504680604e+04
2.672743022759771702e+04
4.762782926375005627e+04
1.254619995322953946e+04
1.523423441061177255e+04
1.015012644384628948e+04
6.623028765855028178e+04
2.473159331132278385e+04
1.312349402336686944e+04
1.679324643024099714e+03
7.744575181377482659e+04
3.846749130996016174e+04
2.153088885010725426e+04
3.340048544318152562e+04
1.916918144372255483e+04
9.971262723060736607e+04
5.333200161385791944e+03
1.336599742553591204e+04
1.803222312555577082e+04
2.162508163371335831e+04
8.923028325173325720e+04
1.891555753523782550e+04
4.106875823891684558e+04
2.195002957245928701e+04
1.681958094375596193e+04
1.446888366109054186e+04
3.448363088082417380e+04
1.887539392066112850e+04
1.566568893270555418e+04
3.997141349846861704e+04
2.972887686708277033e+04
7.834529454228769464e+04
2.174130517328700444e+04
3.149033945866044633e+03
2.085099645454299025e+04
5.177040889109593081e+03
3.852293717581062083e+04
1.678382838783274201e+04
2.896916936420986167e+04
1.026113040440558689e+04
2.608766664916181981e+04
2.206438685789844021e+04
7.449028141626954312e+04
2.127469927860837925e+04
6.777409582360696731e+03
4.085045053678749537e+04
3.152390495771008864e+04
5.240216102921780839e+04
6.694453149556267817e+03
3.735816573783720378e+04
7.497371971139019479e+03
2.095836105862885597e+04
3.322366753990791040e+04
2.401950914511390511e+04
4.187767617581310333e+04
5.262140061672654701e+04
1.680348345765136764e+04
2.945606919967096474e+04
2.918307317536321716e+04
4.225496276906625280e+04
1.864137187996504872e+04
1.044993824657039222e+05
2.284309044975525831e+04
4.130514614580015768e+04
4.079845890827548283e+04
8.781836939940290904e+03
2.500495969509577117e+04
2.660559261841253829e+04
1.672653849644842921e+04
9.902118723786335977e+03
1.787630963716413316e+04
5.995289737274120125e+04
2.321515060980010276e+03
2.174460043204457907e+04
2.836327879596913772e+04
7.334081647348184561e+03
5.091421942984253110e+04
5.891807169993464049e+04
1.023450299980964337e+05
3.266804362333987592e+04
2.080030777846521596e+04
6.977692926460072158e+03
1.052624673820922471e+05
2.086295570525044968e+04
3.529096413303621375e+04
6.014676465656930668e+04
1.227528040950517789e+04
3.828238971010762907e+04
3.249086003896078182e+04
1.663771150917941122e+04
3.741549803786934353e+04
1.458363234731912598e+04
1.136721344919909825e+04
3.710232899040454504e+04
6.282388521355220291e+04
2.637098815708003531e+04
2.004985567265501231e+04
3.727543408753132098e+04
1.505985828318290442e+04
1.179545601418119622e+04
1.366775070299970503e+04
2.268433515213458668e+04
3.375112208340116922e+04
2.738531447195043438e+04
4.280580265790638077e+04
1.355910406020213268e+05
1.378681374288908410e+04
2.580003875888444236e+04
2.780888720603640832e+04
3.347972894433626607e+03
6.985895035299482697e+04
7.944634090414459934e+03
3.927207072445663653e+04
4.090792877649070579e+04
3.762415856925924891e+04
7.340268874865419639e+04
6.690364893501679944e+03
1.850697065851091975e+04
3.073679924697605384e+04
8.329010118919638626e+04
1.880670695051967414e+04
1.035338829418409478e+04
1.187437787389592449e+04
5.682814808761823224e+04
2.428696636088455853e+04
1.210334869507721305e+04
4.459108462861331645e+04
4.885723821852107358e+04
3.769944335674251488e+04
5.488313323436860810e+04
7.660165762970479591e+03
1.967665603639216351e+04
2.021381262421422798e+04
1.600476469304017701e+04
6.613093005897891999e+04
2.348118859092096682e+04
3.196358135667816532e+04
3.132931452633013396e+04
4.889838859127018077e+04
8.172569519103756465e+04
1.307777465703361122e+04
4.899406795186230011e+04
1.325409944272658868e+04
2.515163327433541417e+04
1.615379249059309586e+04
2.727071419902993875e+04
2.106676517571819568e+04
7.964004156651571975e+03
1.426632952848275454e+04
6.651287982437674145e+03
7.979558597754348011e+04
1.626892588250992412e+04
5.038568506067241105e+04
1.402917079005987762e+04
2.171462255121433918e+04
5.849873777879619593e+04
3.581269920786366856e+04
9.176822232091160913e+03
4.465669438548762264e+04
4.074861665188486950e+04
9.018656188673412544e+03
3.507769471326317580e+04
4.019863100165054493e+04
5.191749839382732171e+04
1.334107609743103785e+04
3.209454706579493359e+04
3.663501527021113725e+04
1.373840021150964276e+04
5.908288523314618942e+04
2.233836818824119473e+04
2.665821384068651241e+04
8.278211463661756716e+04
2.195660121074110975e+03
9.094019450225370747e+03
2.352694279972728691e+04
5.483715703210554784e+04
1.137872302255207433e+04
9.572872104963519087e+04
8.751617362248993231e+03
5.435001429144953727e+04
3.247051077990067643e+04
4.079602499590061598e+03
5.403609502697412972e+04
2.903116984883816258e+04
2.696451692210565307e+04
7.413263937098826318e+03
1.538158141825651546e+04
1.933489825774824567e+04
1.480398317336768014e+04
4.524158566867344780e+04
3.984875205921388988e+04
1.106771412851681271e+04
3.636642952428709395e+04
3.508037808960579423e+04
3.591664276646801591e+04
3.824622192016071494e+04
1.632958981039817809e+04
1.431250298286324141e+04
7.661514088023887598e+04
5.012614283770964539e+04
1.754761714305655551e+04
1.715857087926391614e+04
4.300783412657929875e+04
1.800713116531715423e+04
4.806919528412797081e+04
1.738352172070404094e+03
2.661096829763955975e+04
2.604842782912070106e+04
2.275642926202320450e+04
2.119817561442526494e+04
4.362814626123753260e+04
5.835309026318880206e+04
1.538750988803891050e+04
4.982230648157595715e+04
2.059781683910112406e+04
2.387439108908449634e+04
3.535139793811671552e+04
6.598446307634227560e+04
1.697884145320849711e+04
4.387192530729944701e+04
3.379106764699343330e+03
1.838777407191634848e+04
5.271518018351791397e+04
