2.437466229437820730e+05
1.204737289048109596e+04
1.355262706342833371e+04
5.776554732970705663e+04
1.382254016162244989e+04
2.110967307101547340e+04
8.360321440621709917e+04
3.297538096821762156e+04
3.433480006059986772e+04
7.964089716289234275e+03
4.697062796529027401e+04
1.436252037517859753e+04
4.367647258922571200e+04
6.900063942388756550e+04
2.100371998301629355e+04
2.997265942992300188e+04
2.147397610566201183e+04
5.668400540616289072e+04
9.649869584075904640e+03
4.361842311464103113e+04
3.376275697852829762e+04
1.686209978733121534e+04
2.654760675580029056e+04
1.458306518895250520e+04
3.697279699467839237e+04
7.939104834549083535e+03
8.033104163453067486e+03
4.030876605400840344e+04
7.391712177374814928e+03
3.904032695385192346e+04
7.374824906487147382e+04
4.444763113069235260e+04
4.063340329324665800e+04
2.505526894504680604e+04
2.762743022759771702e+04
4.852782926375005627e+04
1.344619995322953946e+04
1.613423441061177255e+04
1.105012644384628948e+04
6.713028765855028178e+04
2.563159331132278385e+04
1.402349402336686944e+04
2.579324643024099714e+03
7.834575181377482659e+04
3.936749130996016174e+04
2.243088885010725426e+04
3.430048544318152562e+04
2.006918144372255483e+04
1.006126272306073661e+05
6.233200161385791944e+03
1.426599742553591204e+04
1.893222312555577082e+04
2.252508163371335831e+04
9.013028325173325720e+04
1.981555753523782550e+04
4.196875823891684558e+04
2.285002957245928701e+04
1.771958094375596193e+04
1.536888366109054186e+04
3.538363088082417380e+04
1.977539392066112850e+04
1.656568893270555418e+04
4.087141349846861704e+04
3.062887686708277033e+04
7.924529454228769464e+04
2.264130517328700444e+04
4.049033945866044633e+03
2.175099645454299025e+04
6.077040889109593081e+03
3.942293717581062083e+04
1.768382838783274201e+04
2.986916936420986167e+04
1.116113040440558689e+04
2.698766664916181981e+04
2.296438685789844021e+04
7.539028141626954312e+04
2.217469927860837925e+04
7.677409582360696731e+03
4.175045053678749537e+04
3.242390495771008864e+04
5.330216102921780839e+04
7.594453149556267817e+03
3.825816573783720378e+04
8.397371971139018569e+03
2.185836105862885597e+04
3.412366753990791040e+04
2.491950914511390511e+04
4.277767617581310333e+04
5.352140061672654701e+04
1.770348345765136764e+04
3.035606919967096474e+04
3.008307317536321716e+04
4.315496276906625280e+04
1.954137187996504872e+04
1.053993824657039222e+05
2.374309044975525831e+04
4.220514614580015768e+04
4.169845890827548283e+04
9.681836939940290904e+03
2.590495969509577117e+04
2.750559261841253829e+04
1.762653849644842921e+04
1.080211872378633598e+04
1.877630963716413316e+04
6.085289737274120125e+04
3.221515060980010276e+03
2.264460043204457907e+04
2.926327879596913772e+04
8.234081647348184561e+03
5.181421942984253110e+04
5.981807169993464049e+04
1.032450299980964337e+05
3.356804362333987956e+04
2.170030777846521596e+04
7.877692926460072158e+03
1.061624673820922471e+05
2.176295570525044968e+04
3.619096413303621375e+04
6.104676465656930668e+04
1.317528040950517789e+04
3.918238971010762907e+04
3.339086003896078182e+04
1.753771150917941122e+04
3.831549803786934353e+04
1.548363234731912598e+04
1.226721344919909825e+04
3.800232899040454504e+04
6.372388521355220291e+04
2.727098815708003531e+04
2.094985567265501231e+04
3.817543408753132098e+04
1.595985828318290442e+04
1.269545601418119622e+04
1.456775070299970503e+04
2.358433515213458668e+04
3.465112208340116922e+04
2.828531447195043438e+04
4.370580265790638077e+04
1.364910406020213268e+05
1.468681374288908410e+04
2.670003875888444236e+04
2.870888720603640832e+04
4.247972894433626607e+03
7.075895035299482697e+04
8.844634090414459934e+03
4.017207072445663653e+04
4.180792877649070579e+04
3.852415856925924891e+04
7.430268874865419639e+04
7.590364893501679944e+03
1.940697065851091975e+04
3.163679924697605384e+04
8.419010118919638626e+04
1.970670695051967414e+04
1.125338829418409478e+04
1.277437787389592449e+04
5.772814808761823224e+04
2.518696636088455853e+04
1.300334869507721305e+04
4.549108462861331645e+04
4.975723821852107358e+04
3.859944335674251488e+04
5.578313323436860810e+04
8.560165762970478681e+03
2.057665603639216351e+04
2.111381262421422798e+04
1.690476469304017519e+04
6.703093005897891999e+04
2.438118859092096682e+04
3.286358135667816532e+04
3.222931452633013396e+04
4.979838859127018077e+04
8.262569519103756465e+04
1.397777465703361122e+04
4.989406795186230011e+04
1.415409944272658868e+04
2.605163327433541417e+04
1.705379249059309586e+04
2.817071419902993875e+04
2.196676517571819568e+04
8.864004156651571975e+03
1.516632952848275454e+04
7.551287982437674145e+03
8.069558597754348011e+04
1.716892588250992412e+04
5.128568506067241105e+04
1.492917079005987762e+04
2.261462255121433918e+04
5.939873777879619593e+04
3.671269920786366856e+04
1.007682223209116091e+04
4.555669438548762264e+04
4.164861665188486950e+04
9.918656188673412544e+03
3.597769471326317580e+04
4.109863100165054493e+04
5.281749839382732171e+04
1.424107609743103785e+04
3.299454706579493359e+04
3.753501527021113725e+04
1.463840021150964276e+04
5.998288523314618942e+04
2.323836818824119473e+04
2.755821384068651241e+04
8.368211463661756716e+04
3.095660121074110975e+03
9.994019450225370747e+03
2.442694279972728691e+04
5.573715703210554784e+04
1.227872302255207433e+04
9.662872104963519087e+04
9.651617362248993231e+03
5.525001429144953727e+04
3.337051077990068006e+04
4.979602499590061598e+03
5.493609502697412972e+04
2.993116984883816258e+04
2.786451692210565307e+04
8.313263937098825409e+03
1.628158141825651546e+04
2.023489825774824567e+04
1.570398317336768014e+04
4.614158566867344780e+04
4.074875205921388988e+04
1.196771412851681271e+04
3.726642952428709395e+04
3.598037808960579423e+04
3.681664276646801591e+04
3.914622192016071494e+04
1.722958981039817809e+04
1.521250298286324141e+04
7.751514088023887598e+04
5.102614283770964539e+04
1.844761714305655551e+04
1.805857087926391614e+04
4.390783412657929875e+04
1.890713116531715423e+04
4.896919528412797081e+04
2.638352172070403867e+03
2.751096829763955975e+04
2.694842782912070106e+04
2.365642926202320450e+04
2.209817561442526494e+04
4.452814626123753260e+04
5.925309026318880206e+04
1.628750988803891050e+04
5.072230648157595715e+04
2.149781683910112406e+04
2.477439108908449634e+04
3.625139793811671552e+04
6.688446307634227560e+04
1.787884145320849711e+04
4.477192530729944701e+04
4.279106764699343330e+03
1.928777407191634848e+04
5.361518018351791397e+04
