1.133946926678683212e+03
9.417754941044280486e+02
8.735053730990589429e+02
1.027432068028983849e+03
1.013736549509837118e+03
9.655163125176884478e+02
9.941972117355097680e+02
9.575430542098158639e+02
1.048346971349742944e+03
1.105159355020060957e+03
1.001581755663848298e+03
9.959885110164335629e+02
9.699558831856145389e+02
9.795417971147790013e+02
9.824063276422783701e+02
9.990534742011179787e+02
9.995569991614549963e+02
1.001384755258735026e+03
9.289797321347291472e+02
1.114036880092643742e+03
1.047180727072248374e+03
9.718156188765420893e+02
1.009472738819947949e+03
9.699772295973400560e+02
1.055736552542581194e+03
1.026382140407413772e+03
1.009727706703490639e+03
9.700728300770721262e+02
9.387544132078123766e+02
1.036698732792011469e+03
1.060438323291909455e+03
1.043407739680656960e+03
1.042507747906595341e+03
9.538750327984918158e+02
1.012758697476066232e+03
1.000936560014403085e+03
1.012388351056265606e+03
9.982680791691767581e+02
9.124267381631252647e+02
1.059751000998865948e+03
9.824746417605877014e+02
9.878281725130184441e+02
9.700050949922124346e+02
1.033903458097431894e+03
9.596891026975392833e+02
9.520645050157692140e+02
1.008499549329455704e+03
1.084127087402760935e+03
1.070627062533443222e+03
9.984899080960761921e+02
9.744787069766762215e+02
1.119385693664730070e+03
9.447644879621575456e+02
1.063744964846436233e+03
9.577513886677697883e+02
1.075414166813214479e+03
9.424078104582613378e+02
1.167822847757982117e+03
9.315831481005965315e+02
1.044779955133913973e+03
9.225423301244145478e+02
1.086864380357950949e+03
1.115789975048300221e+03
9.918863137387977531e+02
1.045739327625565920e+03
9.969663302645953991e+02
9.864369304545766681e+02
9.448464222240845629e+02
9.874042618450106374e+02
9.670678228733452215e+02
9.886716533207188604e+02
1.164193556382501811e+03
1.043144192841866015e+03
8.870859990106005171e+02
9.496102354746619767e+02
1.023857512433412694e+03
9.775723762543098019e+02
9.636054284662553755e+02
1.035042837434802550e+03
9.694343014730220602e+02
9.652198121935030031e+02
1.024995330739669498e+03
1.039358000918719881e+03
9.831627843587122015e+02
9.961080726020869633e+02
1.055775330343887617e+03
1.035950298014265400e+03
9.834051083368846093e+02
9.754027758920208271e+02
9.739827198741907068e+02
9.402980720045273983e+02
9.904895916138401617e+02
1.030478244143214397e+03
9.749950889061204862e+02
1.004654538838899498e+03
9.947981673925689847e+02
9.023030229404538431e+02
1.047994504921011412e+03
9.576465542214701827e+02
1.057289480644753894e+03
9.425237151424263402e+02
9.920413215047850599e+02
1.027481882231367308e+03
1.001140250703663241e+03
1.022051621273639171e+03
1.014513664364300439e+03
1.030127901143566760e+03
1.038966215181765619e+03
9.994969328926202934e+02
9.512577235788003236e+02
9.254927702849913658e+02
1.112983233992875512e+03
1.055087780181279868e+03
9.699462019241315147e+02
1.015160363329960433e+03
1.014861316680272125e+03
9.309063728434737186e+02
1.038964025858333571e+03
1.083522921948865587e+03
1.018831833196577463e+03
9.810000368819950154e+02
9.202835909048839085e+02
1.070358125908386683e+03
9.982253494441847579e+02
1.013698377212198579e+03
9.589693515580696612e+02
9.185265749378309010e+02
1.114020494523635989e+03
9.518706817679067171e+02
9.939031384294095233e+02
1.092600475650295493e+03
1.021595609379447524e+03
1.005524048922255361e+03
9.413979396277563865e+02
1.043653696216285880e+03
9.984586255963361054e+02
1.011977420388933524e+03
1.010006634739366064e+03
9.752603316035916805e+02
9.730023317244548480e+02
1.097478534351390181e+03
1.026213271507285071e+03
1.021490588262250526e+03
1.103295303833500384e+03
9.483351254087706366e+02
9.932251944358106357e+02
9.503087904693786641e+02
1.051176134825120243e+03
9.763034839948647914e+02
1.021736337287034416e+03
1.012570073203459060e+03
1.031403619081944953e+03
1.052585825480285166e+03
9.956181772595681423e+02
9.564365616091340598e+02
1.009660229157709068e+03
9.916126609774012195e+02
9.079695778815063250e+02
9.173829915759109781e+02
1.037335364834668781e+03
9.819335170932635037e+02
9.558468777029397643e+02
1.018318410287642450e+03
9.601334333115471509e+02
9.574696086721563688e+02
1.059485881184606569e+03
9.315453035385609155e+02
1.004503993864046265e+03
1.113292285731625952e+03
9.605020222773797514e+02
9.584476684579444736e+02
1.102119275012613343e+03
1.014838638064919905e+03
9.564162896408211054e+02
9.885865728170613238e+02
9.801760153177365282e+02
9.642731463247216652e+02
1.115186300987447567e+03
1.008222514758190755e+03
9.385694655693173445e+02
1.046863834270764755e+03
9.831818517696048048e+02
9.473618820649102190e+02
9.916271088814761470e+02
1.076209830070902854e+03
1.019396320258373407e+03
9.092889178412978026e+02
1.067526009529043449e+03
9.901389614942818298e+02
1.039049343650301807e+03
1.016720883368245495e+03
9.644572985197305570e+02
1.025081607475538931e+03
9.853818283926135564e+02
1.009391225241323014e+03
1.018267001206137479e+03
1.016464270825174935e+03
9.576708380969587324e+02
9.059693151109997871e+02
1.126357601089575155e+03
9.817290038242125547e+02
1.080524340239258436e+03
9.899614020533533676e+02
1.008631398789491300e+03
9.680274305769609100e+02
1.032559095064978919e+03
9.441411706015538812e+02
9.642274820094668257e+02
1.102116796847386695e+03
9.824297995968258874e+02
1.037594075863684338e+03
9.381782894686741656e+02
1.098136733985717910e+03
9.104389558200659849e+02
9.592054461721237431e+02
1.003555222390941481e+03
1.010562197220125540e+03
1.002027423945098008e+03
9.244516289611052571e+02
1.054192117521829005e+03
1.067132466042731949e+03
1.032315623995749320e+03
1.080406987191537837e+03
9.676121614323201356e+02
1.030890984054803539e+03
9.853177873283209465e+02
9.574441578712761611e+02
1.083548716875971195e+03
1.022096499674588017e+03
9.696604549988345525e+02
1.017351729327317571e+03
1.043898803586638905e+03
9.197350905975458772e+02
1.078749643306976168e+03
9.844179387273968587e+02
1.029962371005759906e+03
9.979178080587249724e+02
1.000325966694899648e+03
1.034611693931431546e+03
9.810092487042458060e+02
1.039822658020313838e+03
9.784880884316540914e+02
9.508893129907613684e+02
1.012958837949198369e+03
1.002453123039326329e+03
9.930561774333355061e+02
1.079023889620610589e+03
1.083301886799865315e+03
9.319054745742965906e+02
1.048302192697701230e+03
9.883958876696868856e+02
8.888349998627529658e+02
9.278115104057640110e+02
1.048967653489803070e+03
9.481900755416016864e+02
1.134769825441280773e+03
