1.283946926678683212e+03
1.091775494104428162e+03
1.023505373099058943e+03
1.177432068028983849e+03
1.163736549509837005e+03
1.115516312517688448e+03
1.144197211735509882e+03
1.107543054209815864e+03
1.198346971349742944e+03
1.255159355020060957e+03
1.151581755663848298e+03
1.145988511016433677e+03
1.119955883185614539e+03
1.129541797114779001e+03
1.132406327642278484e+03
1.149053474201117979e+03
1.149556999161454996e+03
1.151384755258734913e+03
1.078979732134729147e+03
1.264036880092643742e+03
1.197180727072248374e+03
1.121815618876541976e+03
1.159472738819948063e+03
1.119977229597340056e+03
1.205736552542581194e+03
1.176382140407413772e+03
1.159727706703490639e+03
1.120072830077072013e+03
1.088754413207812377e+03
1.186698732792011469e+03
1.210438323291909455e+03
1.193407739680656960e+03
1.192507747906595341e+03
1.103875032798491702e+03
1.162758697476066118e+03
1.150936560014403085e+03
1.162388351056265492e+03
1.148268079169176872e+03
1.062426738163125265e+03
1.209751000998865948e+03
1.132474641760587701e+03
1.137828172513018444e+03
1.120005094992212435e+03
1.183903458097431894e+03
1.109689102697539283e+03
1.102064505015769100e+03
1.158499549329455704e+03
1.234127087402760935e+03
1.220627062533443222e+03
1.148489908096076306e+03
1.124478706976676222e+03
1.269385693664730070e+03
1.094764487962157546e+03
1.213744964846436233e+03
1.107751388667769788e+03
1.225414166813214479e+03
1.092407810458261338e+03
1.317822847757982117e+03
1.081583148100596645e+03
1.194779955133913973e+03
1.072542330124414548e+03
1.236864380357950949e+03
1.265789975048300221e+03
1.141886313738797753e+03
1.195739327625565920e+03
1.146966330264595399e+03
1.136436930454576668e+03
1.094846422224084563e+03
1.137404261845010751e+03
1.117067822873345222e+03
1.138671653320718860e+03
1.314193556382501811e+03
1.193144192841866015e+03
1.037085999010600517e+03
1.099610235474661977e+03
1.173857512433412694e+03
1.127572376254309802e+03
1.113605428466255489e+03
1.185042837434802550e+03
1.119434301473022060e+03
1.115219812193503003e+03
1.174995330739669498e+03
1.189358000918719881e+03
1.133162784358712088e+03
1.146108072602086850e+03
1.205775330343887617e+03
1.185950298014265400e+03
1.133405108336884496e+03
1.125402775892020827e+03
1.123982719874190707e+03
1.090298072004527512e+03
1.140489591613840275e+03
1.180478244143214397e+03
1.124995088906120600e+03
1.154654538838899498e+03
1.144798167392568985e+03
1.052303022940453957e+03
1.197994504921011412e+03
1.107646554221470069e+03
1.207289480644753894e+03
1.092523715142426227e+03
1.142041321504785174e+03
1.177481882231367308e+03
1.151140250703663241e+03
1.172051621273639284e+03
1.164513664364300439e+03
1.180127901143566760e+03
1.188966215181765619e+03
1.149496932892620407e+03
1.101257723578800324e+03
1.075492770284991366e+03
1.262983233992875512e+03
1.205087780181279868e+03
1.119946201924131401e+03
1.165160363329960546e+03
1.164861316680272012e+03
1.080906372843473719e+03
1.188964025858333571e+03
1.233522921948865587e+03
1.168831833196577463e+03
1.131000036881995129e+03
1.070283590904884022e+03
1.220358125908386683e+03
1.148225349444184758e+03
1.163698377212198466e+03
1.108969351558069775e+03
1.068526574937830901e+03
1.264020494523635989e+03
1.101870681767906717e+03
1.143903138429409410e+03
1.242600475650295493e+03
1.171595609379447524e+03
1.155524048922255361e+03
1.091397939627756386e+03
1.193653696216285880e+03
1.148458625596336105e+03
1.161977420388933524e+03
1.160006634739366064e+03
1.125260331603591567e+03
1.123002331724454962e+03
1.247478534351390181e+03
1.176213271507285071e+03
1.171490588262250640e+03
1.253295303833500384e+03
1.098335125408770637e+03
1.143225194435810636e+03
1.100308790469378664e+03
1.201176134825120243e+03
1.126303483994864791e+03
1.171736337287034530e+03
1.162570073203459060e+03
1.181403619081944953e+03
1.202585825480285166e+03
1.145618177259568256e+03
1.106436561609134060e+03
1.159660229157709182e+03
1.141612660977401219e+03
1.057969577881506211e+03
1.067382991575911092e+03
1.187335364834668781e+03
1.131933517093263617e+03
1.105846877702939764e+03
1.168318410287642564e+03
1.110133433311547151e+03
1.107469608672156482e+03
1.209485881184606569e+03
1.081545303538560802e+03
1.154503993864046151e+03
1.263292285731625952e+03
1.110502022277379638e+03
1.108447668457944474e+03
1.252119275012613343e+03
1.164838638064919905e+03
1.106416289640821105e+03
1.138586572817061324e+03
1.130176015317736528e+03
1.114273146324721665e+03
1.265186300987447567e+03
1.158222514758190755e+03
1.088569465569317344e+03
1.196863834270764755e+03
1.133181851769604691e+03
1.097361882064910333e+03
1.141627108881476033e+03
1.226209830070902854e+03
1.169396320258373407e+03
1.059288917841297916e+03
1.217526009529043449e+03
1.140138961494281830e+03
1.189049343650301807e+03
1.166720883368245495e+03
1.114457298519730557e+03
1.175081607475538931e+03
1.135381828392613443e+03
1.159391225241322900e+03
1.168267001206137593e+03
1.166464270825174935e+03
1.107670838096958732e+03
1.055969315110999787e+03
1.276357601089575155e+03
1.131729003824212668e+03
1.230524340239258436e+03
1.139961402053353368e+03
1.158631398789491413e+03
1.118027430576960796e+03
1.182559095064978919e+03
1.094141170601553767e+03
1.114227482009466712e+03
1.252116796847386695e+03
1.132429799596825887e+03
1.187594075863684338e+03
1.088178289468674166e+03
1.248136733985717910e+03
1.060438955820065985e+03
1.109205446172123629e+03
1.153555222390941481e+03
1.160562197220125654e+03
1.152027423945098008e+03
1.074451628961105143e+03
1.204192117521829005e+03
1.217132466042731949e+03
1.182315623995749320e+03
1.230406987191537837e+03
1.117612161432320136e+03
1.180890984054803539e+03
1.135317787328320946e+03
1.107444157871276275e+03
1.233548716875971195e+03
1.172096499674587903e+03
1.119660454998834666e+03
1.167351729327317571e+03
1.193898803586638905e+03
1.069735090597545877e+03
1.228749643306976168e+03
1.134417938727396859e+03
1.179962371005759906e+03
1.147917808058724859e+03
1.150325966694899762e+03
1.184611693931431546e+03
1.131009248704245692e+03
1.189822658020313838e+03
1.128488088431653978e+03
1.100889312990761482e+03
1.162958837949198369e+03
1.152453123039326329e+03
1.143056177433335506e+03
1.229023889620610589e+03
1.233301886799865315e+03
1.081905474574296477e+03
1.198302192697701230e+03
1.138395887669686999e+03
1.038834999862752966e+03
1.077811510405764011e+03
1.198967653489803070e+03
1.098190075541601800e+03
1.284769825441280773e+03
