9.839469266786832122e+02
7.917754941044280486e+02
7.235053730990589429e+02
8.774320680289839629e+02
8.637365495098371184e+02
8.155163125176884478e+02
8.441972117355097680e+02
8.075430542098158639e+02
8.983469713497429439e+02
9.551593550200608433e+02
8.515817556638482984e+02
8.459885110164335629e+02
8.199558831856145389e+02
8.295417971147790013e+02
8.324063276422783701e+02
8.490534742011179787e+02
8.495569991614549963e+02
8.513847552587350265e+02
7.789797321347291472e+02
9.640368800926437416e+02
8.971807270722484873e+02
8.218156188765420893e+02
8.594727388199479492e+02
8.199772295973400560e+02
9.057365525425810802e+02
8.763821404074137718e+02
8.597277067034906395e+02
8.200728300770721262e+02
7.887544132078123766e+02
8.866987327920114694e+02
9.104383232919094553e+02
8.934077396806569595e+02
8.925077479065954549e+02
8.038750327984918158e+02
8.627586974760662315e+02
8.509365600144030850e+02
8.623883510562656056e+02
8.482680791691767581e+02
7.624267381631252647e+02
9.097510009988658339e+02
8.324746417605877014e+02
8.378281725130184441e+02
8.200050949922124346e+02
8.839034580974318942e+02
8.096891026975392833e+02
8.020645050157692140e+02
8.584995493294557036e+02
9.341270874027609352e+02
9.206270625334432225e+02
8.484899080960761921e+02
8.244787069766762215e+02
9.693856936647300699e+02
7.947644879621575456e+02
9.137449648464363463e+02
8.077513886677697883e+02
9.254141668132144787e+02
7.924078104582613378e+02
1.017822847757982117e+03
7.815831481005965315e+02
8.947799551339140862e+02
7.725423301244145478e+02
9.368643803579509495e+02
9.657899750483001071e+02
8.418863137387977531e+02
8.957393276255659202e+02
8.469663302645953991e+02
8.364369304545766681e+02
7.948464222240845629e+02
8.374042618450106374e+02
8.170678228733452215e+02
8.386716533207188604e+02
1.014193556382501811e+03
8.931441928418660154e+02
7.370859990106005171e+02
7.996102354746619767e+02
8.738575124334126940e+02
8.275723762543098019e+02
8.136054284662553755e+02
8.850428374348026637e+02
8.194343014730220602e+02
8.152198121935030031e+02
8.749953307396696118e+02
8.893580009187197675e+02
8.331627843587122015e+02
8.461080726020869633e+02
9.057753303438877310e+02
8.859502980142653996e+02
8.334051083368846093e+02
8.254027758920208271e+02
8.239827198741907068e+02
7.902980720045273983e+02
8.404895916138401617e+02
8.804782441432142832e+02
8.249950889061204862e+02
8.546545388388994979e+02
8.447981673925689847e+02
7.523030229404538431e+02
8.979945049210114121e+02
8.076465542214701827e+02
9.072894806447538940e+02
7.925237151424263402e+02
8.420413215047850599e+02
8.774818822313671944e+02
8.511402507036632414e+02
8.720516212736391708e+02
8.645136643643004390e+02
8.801279011435666462e+02
8.889662151817657332e+02
8.494969328926202934e+02
8.012577235788003236e+02
7.754927702849913658e+02
9.629832339928755118e+02
9.050877801812797543e+02
8.199462019241315147e+02
8.651603633299604326e+02
8.648613166802721253e+02
7.809063728434737186e+02
8.889640258583335708e+02
9.335229219488657009e+02
8.688318331965774632e+02
8.310000368819950154e+02
7.702835909048839085e+02
9.203581259083866826e+02
8.482253494441847579e+02
8.636983772121985794e+02
8.089693515580696612e+02
7.685265749378309010e+02
9.640204945236359890e+02
8.018706817679067171e+02
8.439031384294095233e+02
9.426004756502954933e+02
8.715956093794475237e+02
8.555240489222553606e+02
7.913979396277563865e+02
8.936536962162858799e+02
8.484586255963361054e+02
8.619774203889335240e+02
8.600066347393660635e+02
8.252603316035916805e+02
8.230023317244548480e+02
9.474785343513901807e+02
8.762132715072850715e+02
8.714905882622505260e+02
9.532953038335002702e+02
7.983351254087706366e+02
8.432251944358106357e+02
8.003087904693786641e+02
9.011761348251203572e+02
8.263034839948647914e+02
8.717363372870344165e+02
8.625700732034590601e+02
8.814036190819449530e+02
9.025858254802850524e+02
8.456181772595681423e+02
8.064365616091340598e+02
8.596602291577090682e+02
8.416126609774012195e+02
7.579695778815063250e+02
7.673829915759109781e+02
8.873353648346688942e+02
8.319335170932635037e+02
8.058468777029397643e+02
8.683184102876424504e+02
8.101334333115471509e+02
8.074696086721563688e+02
9.094858811846066828e+02
7.815453035385609155e+02
8.545039938640462651e+02
9.632922857316259524e+02
8.105020222773797514e+02
8.084476684579444736e+02
9.521192750126133433e+02
8.648386380649199054e+02
8.064162896408211054e+02
8.385865728170613238e+02
8.301760153177365282e+02
8.142731463247216652e+02
9.651863009874475665e+02
8.582225147581907549e+02
7.885694655693173445e+02
8.968638342707647553e+02
8.331818517696048048e+02
7.973618820649102190e+02
8.416271088814761470e+02
9.262098300709028535e+02
8.693963202583734073e+02
7.592889178412978026e+02
9.175260095290434492e+02
8.401389614942818298e+02
8.890493436503018074e+02
8.667208833682454951e+02
8.144572985197305570e+02
8.750816074755390446e+02
8.353818283926135564e+02
8.593912252413230135e+02
8.682670012061374791e+02
8.664642708251749355e+02
8.076708380969587324e+02
7.559693151109997871e+02
9.763576010895751551e+02
8.317290038242125547e+02
9.305243402392584358e+02
8.399614020533533676e+02
8.586313987894912998e+02
8.180274305769609100e+02
8.825590950649790329e+02
7.941411706015538812e+02
8.142274820094668257e+02
9.521167968473866949e+02
8.324297995968258874e+02
8.875940758636843384e+02
7.881782894686741656e+02
9.481367339857180241e+02
7.604389558200659849e+02
8.092054461721237431e+02
8.535552223909414806e+02
8.605621972201255403e+02
8.520274239450980076e+02
7.744516289611052571e+02
9.041921175218290045e+02
9.171324660427319486e+02
8.823156239957493199e+02
9.304069871915378371e+02
8.176121614323201356e+02
8.808909840548034254e+02
8.353177873283209465e+02
8.074441578712761611e+02
9.335487168759711949e+02
8.720964996745880171e+02
8.196604549988345525e+02
8.673517293273175710e+02
8.938988035866389055e+02
7.697350905975458772e+02
9.287496433069761679e+02
8.344179387273968587e+02
8.799623710057600192e+02
8.479178080587249724e+02
8.503259666948996482e+02
8.846116939314316596e+02
8.310092487042458060e+02
8.898226580203138383e+02
8.284880884316540914e+02
8.008893129907613684e+02
8.629588379491983687e+02
8.524531230393263286e+02
8.430561774333355061e+02
9.290238896206104755e+02
9.333018867998653150e+02
7.819054745742965906e+02
8.983021926977012299e+02
8.383958876696868856e+02
7.388349998627529658e+02
7.778115104057640110e+02
8.989676534898030695e+02
7.981900755416016864e+02
9.847698254412806591e+02
