1.833946926678683212e+03
1.641775494104428162e+03
1.573505373099058943e+03
1.727432068028983849e+03
1.713736549509837005e+03
1.665516312517688448e+03
1.694197211735509882e+03
1.657543054209815864e+03
1.748346971349742944e+03
1.805159355020060957e+03
1.701581755663848298e+03
1.695988511016433677e+03
1.669955883185614539e+03
1.679541797114779001e+03
1.682406327642278484e+03
1.699053474201117979e+03
1.699556999161454996e+03
1.701384755258734913e+03
1.628979732134729147e+03
1.814036880092643742e+03
1.747180727072248374e+03
1.671815618876541976e+03
1.709472738819948063e+03
1.669977229597340056e+03
1.755736552542581194e+03
1.726382140407413772e+03
1.709727706703490639e+03
1.670072830077072013e+03
1.638754413207812377e+03
1.736698732792011469e+03
1.760438323291909455e+03
1.743407739680656960e+03
1.742507747906595341e+03
1.653875032798491702e+03
1.712758697476066118e+03
1.700936560014403085e+03
1.712388351056265492e+03
1.698268079169176872e+03
1.612426738163125265e+03
1.759751000998865948e+03
1.682474641760587701e+03
1.687828172513018444e+03
1.670005094992212435e+03
1.733903458097431894e+03
1.659689102697539283e+03
1.652064505015769100e+03
1.708499549329455704e+03
1.784127087402760935e+03
1.770627062533443222e+03
1.698489908096076306e+03
1.674478706976676222e+03
1.819385693664730070e+03
1.644764487962157546e+03
1.763744964846436233e+03
1.657751388667769788e+03
1.775414166813214479e+03
1.642407810458261338e+03
1.867822847757982117e+03
1.631583148100596645e+03
1.744779955133913973e+03
1.622542330124414548e+03
1.786864380357950949e+03
1.815789975048300221e+03
1.691886313738797753e+03
1.745739327625565920e+03
1.696966330264595399e+03
1.686436930454576668e+03
1.644846422224084563e+03
1.687404261845010751e+03
1.667067822873345222e+03
1.688671653320718860e+03
1.864193556382501811e+03
1.743144192841866015e+03
1.587085999010600517e+03
1.649610235474661977e+03
1.723857512433412694e+03
1.677572376254309802e+03
1.663605428466255489e+03
1.735042837434802550e+03
1.669434301473022060e+03
1.665219812193503003e+03
1.724995330739669498e+03
1.739358000918719881e+03
1.683162784358712088e+03
1.696108072602086850e+03
1.755775330343887617e+03
1.735950298014265400e+03
1.683405108336884496e+03
1.675402775892020827e+03
1.673982719874190707e+03
1.640298072004527512e+03
1.690489591613840275e+03
1.730478244143214397e+03
1.674995088906120600e+03
1.704654538838899498e+03
1.694798167392568985e+03
1.602303022940453957e+03
1.747994504921011412e+03
1.657646554221470069e+03
1.757289480644753894e+03
1.642523715142426227e+03
1.692041321504785174e+03
1.727481882231367308e+03
1.701140250703663241e+03
1.722051621273639284e+03
1.714513664364300439e+03
1.730127901143566760e+03
1.738966215181765619e+03
1.699496932892620407e+03
1.651257723578800324e+03
1.625492770284991366e+03
1.812983233992875512e+03
1.755087780181279868e+03
1.669946201924131401e+03
1.715160363329960546e+03
1.714861316680272012e+03
1.630906372843473719e+03
1.738964025858333571e+03
1.783522921948865587e+03
1.718831833196577463e+03
1.681000036881995129e+03
1.620283590904884022e+03
1.770358125908386683e+03
1.698225349444184758e+03
1.713698377212198466e+03
1.658969351558069775e+03
1.618526574937830901e+03
1.814020494523635989e+03
1.651870681767906717e+03
1.693903138429409410e+03
1.792600475650295493e+03
1.721595609379447524e+03
1.705524048922255361e+03
1.641397939627756386e+03
1.743653696216285880e+03
1.698458625596336105e+03
1.711977420388933524e+03
1.710006634739366064e+03
1.675260331603591567e+03
1.673002331724454962e+03
1.797478534351390181e+03
1.726213271507285071e+03
1.721490588262250640e+03
1.803295303833500384e+03
1.648335125408770637e+03
1.693225194435810636e+03
1.650308790469378664e+03
1.751176134825120243e+03
1.676303483994864791e+03
1.721736337287034530e+03
1.712570073203459060e+03
1.731403619081944953e+03
1.752585825480285166e+03
1.695618177259568256e+03
1.656436561609134060e+03
1.709660229157709182e+03
1.691612660977401219e+03
1.607969577881506211e+03
1.617382991575911092e+03
1.737335364834668781e+03
1.681933517093263617e+03
1.655846877702939764e+03
1.718318410287642564e+03
1.660133433311547151e+03
1.657469608672156482e+03
1.759485881184606569e+03
1.631545303538560802e+03
1.704503993864046151e+03
1.813292285731625952e+03
1.660502022277379638e+03
1.658447668457944474e+03
1.802119275012613343e+03
1.714838638064919905e+03
1.656416289640821105e+03
1.688586572817061324e+03
1.680176015317736528e+03
1.664273146324721665e+03
1.815186300987447567e+03
1.708222514758190755e+03
1.638569465569317344e+03
1.746863834270764755e+03
1.683181851769604691e+03
1.647361882064910333e+03
1.691627108881476033e+03
1.776209830070902854e+03
1.719396320258373407e+03
1.609288917841297916e+03
1.767526009529043449e+03
1.690138961494281830e+03
1.739049343650301807e+03
1.716720883368245495e+03
1.664457298519730557e+03
1.725081607475538931e+03
1.685381828392613443e+03
1.709391225241322900e+03
1.718267001206137593e+03
1.716464270825174935e+03
1.657670838096958732e+03
1.605969315110999787e+03
1.826357601089575155e+03
1.681729003824212668e+03
1.780524340239258436e+03
1.689961402053353368e+03
1.708631398789491413e+03
1.668027430576960796e+03
1.732559095064978919e+03
1.644141170601553767e+03
1.664227482009466712e+03
1.802116796847386695e+03
1.682429799596825887e+03
1.737594075863684338e+03
1.638178289468674166e+03
1.798136733985717910e+03
1.610438955820065985e+03
1.659205446172123629e+03
1.703555222390941481e+03
1.710562197220125654e+03
1.702027423945098008e+03
1.624451628961105143e+03
1.754192117521829005e+03
1.767132466042731949e+03
1.732315623995749320e+03
1.780406987191537837e+03
1.667612161432320136e+03
1.730890984054803539e+03
1.685317787328320946e+03
1.657444157871276275e+03
1.783548716875971195e+03
1.722096499674587903e+03
1.669660454998834666e+03
1.717351729327317571e+03
1.743898803586638905e+03
1.619735090597545877e+03
1.778749643306976168e+03
1.684417938727396859e+03
1.729962371005759906e+03
1.697917808058724859e+03
1.700325966694899762e+03
1.734611693931431546e+03
1.681009248704245692e+03
1.739822658020313838e+03
1.678488088431653978e+03
1.650889312990761482e+03
1.712958837949198369e+03
1.702453123039326329e+03
1.693056177433335506e+03
1.779023889620610589e+03
1.783301886799865315e+03
1.631905474574296477e+03
1.748302192697701230e+03
1.688395887669686999e+03
1.588834999862752966e+03
1.627811510405764011e+03
1.748967653489803070e+03
1.648190075541601800e+03
1.834769825441280773e+03
