1.425190740114210712e+03
1.161923488407439891e+03
1.247631477985695938e+03
1.224549372415281368e+03
1.212606472151438311e+03
1.306593696130943499e+03
1.277138007237839020e+03
1.204951589023148699e+03
1.189191633192451945e+03
1.326882136514866033e+03
1.261204581420026443e+03
1.261390560205806651e+03
1.323562285029930536e+03
1.252278687376044672e+03
1.293957579016694581e+03
1.281343484957287728e+03
1.277757998854958259e+03
1.303283919248019629e+03
1.291930588170979718e+03
1.267045586971147713e+03
1.179583732761769852e+03
1.290890676713999483e+03
1.220947928477071628e+03
1.302885600463290984e+03
1.284426655413462186e+03
1.237732847955516718e+03
1.218359577497971941e+03
1.345354621335460479e+03
1.272308483364290169e+03
1.295515797097144286e+03
1.214448979275767670e+03
1.373569909577416865e+03
1.309508178846932879e+03
1.249228393172952110e+03
1.245715685692061470e+03
1.224766428694344540e+03
1.241533793281957514e+03
1.338974345141130925e+03
1.185084707988671198e+03
1.315087601148918338e+03
1.306502841544573130e+03
1.261606779940719662e+03
1.259493259685299790e+03
1.314284357994189577e+03
1.202370921414229542e+03
1.227734839726257178e+03
1.189264495554259156e+03
1.364235960930126794e+03
1.178449470029498571e+03
1.299330552238276596e+03
1.213775435821742121e+03
1.362234032566293990e+03
1.200627247810748713e+03
1.269402131665408206e+03
1.281257298956853219e+03
1.249832423565468389e+03
1.290936568774485067e+03
1.312506381705072727e+03
1.179709496741962312e+03
1.237520659775689410e+03
1.173587201265537942e+03
1.288075804495182638e+03
1.298591772251561224e+03
1.311918527093338525e+03
1.266962881899312151e+03
1.309197859036601585e+03
1.244249289756701955e+03
1.261688991927631832e+03
1.231331255818853151e+03
1.238265584566920779e+03
1.241180759556082648e+03
1.324946713200371960e+03
1.252129271080535318e+03
1.241004503233313244e+03
1.301520721593995859e+03
1.320911887882406518e+03
1.164105567072188251e+03
1.314452005351420667e+03
1.203900422195124065e+03
1.272624173905434873e+03
1.295873800312837375e+03
1.271791099305457465e+03
1.245349930983590866e+03
1.318595318520378441e+03
1.325730761522175499e+03
1.292154429005851171e+03
1.293471364522625436e+03
1.282141817457693833e+03
1.279551010519081501e+03
1.264657618434600863e+03
1.270690372065884276e+03
1.211640850513656233e+03
1.281771615941571554e+03
1.220928972761213117e+03
1.282946164722809272e+03
1.295074661877949438e+03
1.248224555139097220e+03
1.290109259179530682e+03
1.233799192722882253e+03
1.345700262007750553e+03
1.272142473296669777e+03
1.247965875780421811e+03
1.251988325480946969e+03
1.299459711553017314e+03
1.253076152708240897e+03
1.274478294482581532e+03
1.200572171260281266e+03
1.293558512532160194e+03
1.271771845842288485e+03
1.262309444539642982e+03
1.251220424060042660e+03
1.285502684595237042e+03
1.342548381479146428e+03
1.237440025895088638e+03
1.211116873025409632e+03
1.248062442375089631e+03
1.173687705974587516e+03
1.356527640504150895e+03
1.195351871988769744e+03
1.369587668785725782e+03
1.182175056721397596e+03
1.217926533353560899e+03
1.276562216066580277e+03
1.269337185602583304e+03
1.191729435221035828e+03
1.267769090480351451e+03
1.342585619463629428e+03
1.295406690785024466e+03
1.336086353503098508e+03
1.190752295219459484e+03
1.272463942798629432e+03
1.326928861960418544e+03
1.245050830806942031e+03
1.261496921790865144e+03
1.207702727138049795e+03
1.341334108664940231e+03
1.283681065910884627e+03
1.284731102285604948e+03
1.225142019582006014e+03
1.255094371576135927e+03
1.264590284366949163e+03
1.229711918453107046e+03
1.249329067345002159e+03
1.301185521483812181e+03
1.250185159550720982e+03
1.227303845920430376e+03
1.260236861989680392e+03
1.309874727107144281e+03
1.264280591213848766e+03
1.386549798147900219e+03
1.197357046344309765e+03
1.297446431888143479e+03
1.317762796027533341e+03
1.295199432989534216e+03
1.202459391028197160e+03
1.245453773799026749e+03
1.274785312033316586e+03
1.288006133243958402e+03
1.277029010192431542e+03
1.285423839722036064e+03
1.268744025465529376e+03
1.222963005448486456e+03
1.252555788509809190e+03
1.231627075726633393e+03
1.219333766580015663e+03
1.350517211162416743e+03
1.197682893314952707e+03
1.258988829110455299e+03
1.268528246970982536e+03
1.266982864041322273e+03
1.230649687868299452e+03
1.184921437213404261e+03
1.264123599964669665e+03
1.262234826798907079e+03
1.309353888988602193e+03
1.294974095806142259e+03
1.253262003726892090e+03
1.346809705564627620e+03
1.225020975714651286e+03
1.318240575018826803e+03
1.285266475490628181e+03
1.228644060008235328e+03
1.180854459596099105e+03
1.317323301065256146e+03
1.259401707016613500e+03
1.262466174734753622e+03
1.165874705736699525e+03
1.334573125802972299e+03
1.240061583649861404e+03
1.338417060164719942e+03
1.232768828743390713e+03
1.302054553614502993e+03
1.300809652130951918e+03
1.241170949504513601e+03
1.214989561686433944e+03
1.266523518446365415e+03
1.308058834423943154e+03
1.235068286560398292e+03
1.233911963284592730e+03
1.258393214383196664e+03
1.297090055284263599e+03
1.212882264390939781e+03
1.240967012010962208e+03
1.240914941309646338e+03
1.210966968743483449e+03
1.283683375379059726e+03
1.194118430776040668e+03
1.413657857786811292e+03
1.250031571433572935e+03
1.244443902173733250e+03
1.269816531132265254e+03
1.206732444734042474e+03
1.232623255404779911e+03
1.249299258372573831e+03
1.269385941023158239e+03
1.282040048754716508e+03
1.270185955126551789e+03
1.282009151676769761e+03
1.190736559964019762e+03
1.320111956729721669e+03
1.298992808065308509e+03
1.324117761463417764e+03
1.220854313197185547e+03
1.260558864332669600e+03
1.259745145407496011e+03
1.389714407812049558e+03
1.220864213655906269e+03
1.203367529308737630e+03
1.179402418199746307e+03
1.243018158842444791e+03
1.249430989168519318e+03
1.293848652173938490e+03
1.228340160316827905e+03
1.279399173892998306e+03
1.193835427193393798e+03
1.421592875081274315e+03
1.256186444932338418e+03
1.218175247762841991e+03
1.240465045325521260e+03
1.257906077199274023e+03
1.334256107390004445e+03
1.188865637295989927e+03
1.302246693435951329e+03
1.199568742417127396e+03
1.224994296116763508e+03
1.283570508740354626e+03
1.196031560241601710e+03
1.311840459954868493e+03
1.195359708026101998e+03
1.258273172129661361e+03
1.255847093783118225e+03
1.306797371176292245e+03
1.340428718982504051e+03
1.233843896962583358e+03
1.267837519943426742e+03
1.390181147735221430e+03
