1.675190740114210712e+03
1.411923488407439891e+03
1.497631477985695938e+03
1.474549372415281368e+03
1.462606472151438311e+03
1.556593696130943499e+03
1.527138007237839020e+03
1.454951589023148699e+03
1.439191633192451945e+03
1.576882136514866033e+03
1.511204581420026443e+03
1.511390560205806651e+03
1.573562285029930536e+03
1.502278687376044672e+03
1.543957579016694581e+03
1.531343484957287728e+03
1.527757998854958259e+03
1.553283919248019629e+03
1.541930588170979718e+03
1.517045586971147713e+03
1.429583732761769852e+03
1.540890676713999483e+03
1.470947928477071628e+03
1.552885600463290984e+03
1.534426655413462186e+03
1.487732847955516718e+03
1.468359577497971941e+03
1.595354621335460479e+03
1.522308483364290169e+03
1.545515797097144286e+03
1.464448979275767670e+03
1.623569909577416865e+03
1.559508178846932879e+03
1.499228393172952110e+03
1.495715685692061470e+03
1.474766428694344540e+03
1.491533793281957514e+03
1.588974345141130925e+03
1.435084707988671198e+03
1.565087601148918338e+03
1.556502841544573130e+03
1.511606779940719662e+03
1.509493259685299790e+03
1.564284357994189577e+03
1.452370921414229542e+03
1.477734839726257178e+03
1.439264495554259156e+03
1.614235960930126794e+03
1.428449470029498571e+03
1.549330552238276596e+03
1.463775435821742121e+03
1.612234032566293990e+03
1.450627247810748713e+03
1.519402131665408206e+03
1.531257298956853219e+03
1.499832423565468389e+03
1.540936568774485067e+03
1.562506381705072727e+03
1.429709496741962312e+03
1.487520659775689410e+03
1.423587201265537942e+03
1.538075804495182638e+03
1.548591772251561224e+03
1.561918527093338525e+03
1.516962881899312151e+03
1.559197859036601585e+03
1.494249289756701955e+03
1.511688991927631832e+03
1.481331255818853151e+03
1.488265584566920779e+03
1.491180759556082648e+03
1.574946713200371960e+03
1.502129271080535318e+03
1.491004503233313244e+03
1.551520721593995859e+03
1.570911887882406518e+03
1.414105567072188251e+03
1.564452005351420667e+03
1.453900422195124065e+03
1.522624173905434873e+03
1.545873800312837375e+03
1.521791099305457465e+03
1.495349930983590866e+03
1.568595318520378441e+03
1.575730761522175499e+03
1.542154429005851171e+03
1.543471364522625436e+03
1.532141817457693833e+03
1.529551010519081501e+03
1.514657618434600863e+03
1.520690372065884276e+03
1.461640850513656233e+03
1.531771615941571554e+03
1.470928972761213117e+03
1.532946164722809272e+03
1.545074661877949438e+03
1.498224555139097220e+03
1.540109259179530682e+03
1.483799192722882253e+03
1.595700262007750553e+03
1.522142473296669777e+03
1.497965875780421811e+03
1.501988325480946969e+03
1.549459711553017314e+03
1.503076152708240897e+03
1.524478294482581532e+03
1.450572171260281266e+03
1.543558512532160194e+03
1.521771845842288485e+03
1.512309444539642982e+03
1.501220424060042660e+03
1.535502684595237042e+03
1.592548381479146428e+03
1.487440025895088638e+03
1.461116873025409632e+03
1.498062442375089631e+03
1.423687705974587516e+03
1.606527640504150895e+03
1.445351871988769744e+03
1.619587668785725782e+03
1.432175056721397596e+03
1.467926533353560899e+03
1.526562216066580277e+03
1.519337185602583304e+03
1.441729435221035828e+03
1.517769090480351451e+03
1.592585619463629428e+03
1.545406690785024466e+03
1.586086353503098508e+03
1.440752295219459484e+03
1.522463942798629432e+03
1.576928861960418544e+03
1.495050830806942031e+03
1.511496921790865144e+03
1.457702727138049795e+03
1.591334108664940231e+03
1.533681065910884627e+03
1.534731102285604948e+03
1.475142019582006014e+03
1.505094371576135927e+03
1.514590284366949163e+03
1.479711918453107046e+03
1.499329067345002159e+03
1.551185521483812181e+03
1.500185159550720982e+03
1.477303845920430376e+03
1.510236861989680392e+03
1.559874727107144281e+03
1.514280591213848766e+03
1.636549798147900219e+03
1.447357046344309765e+03
1.547446431888143479e+03
1.567762796027533341e+03
1.545199432989534216e+03
1.452459391028197160e+03
1.495453773799026749e+03
1.524785312033316586e+03
1.538006133243958402e+03
1.527029010192431542e+03
1.535423839722036064e+03
1.518744025465529376e+03
1.472963005448486456e+03
1.502555788509809190e+03
1.481627075726633393e+03
1.469333766580015663e+03
1.600517211162416743e+03
1.447682893314952707e+03
1.508988829110455299e+03
1.518528246970982536e+03
1.516982864041322273e+03
1.480649687868299452e+03
1.434921437213404261e+03
1.514123599964669665e+03
1.512234826798907079e+03
1.559353888988602193e+03
1.544974095806142259e+03
1.503262003726892090e+03
1.596809705564627620e+03
1.475020975714651286e+03
1.568240575018826803e+03
1.535266475490628181e+03
1.478644060008235328e+03
1.430854459596099105e+03
1.567323301065256146e+03
1.509401707016613500e+03
1.512466174734753622e+03
1.415874705736699525e+03
1.584573125802972299e+03
1.490061583649861404e+03
1.588417060164719942e+03
1.482768828743390713e+03
1.552054553614502993e+03
1.550809652130951918e+03
1.491170949504513601e+03
1.464989561686433944e+03
1.516523518446365415e+03
1.558058834423943154e+03
1.485068286560398292e+03
1.483911963284592730e+03
1.508393214383196664e+03
1.547090055284263599e+03
1.462882264390939781e+03
1.490967012010962208e+03
1.490914941309646338e+03
1.460966968743483449e+03
1.533683375379059726e+03
1.444118430776040668e+03
1.663657857786811292e+03
1.500031571433572935e+03
1.494443902173733250e+03
1.519816531132265254e+03
1.456732444734042474e+03
1.482623255404779911e+03
1.499299258372573831e+03
1.519385941023158239e+03
1.532040048754716508e+03
1.520185955126551789e+03
1.532009151676769761e+03
1.440736559964019762e+03
1.570111956729721669e+03
1.548992808065308509e+03
1.574117761463417764e+03
1.470854313197185547e+03
1.510558864332669600e+03
1.509745145407496011e+03
1.639714407812049558e+03
1.470864213655906269e+03
1.453367529308737630e+03
1.429402418199746307e+03
1.493018158842444791e+03
1.499430989168519318e+03
1.543848652173938490e+03
1.478340160316827905e+03
1.529399173892998306e+03
1.443835427193393798e+03
1.671592875081274315e+03
1.506186444932338418e+03
1.468175247762841991e+03
1.490465045325521260e+03
1.507906077199274023e+03
1.584256107390004445e+03
1.438865637295989927e+03
1.552246693435951329e+03
1.449568742417127396e+03
1.474994296116763508e+03
1.533570508740354626e+03
1.446031560241601710e+03
1.561840459954868493e+03
1.445359708026101998e+03
1.508273172129661361e+03
1.505847093783118225e+03
1.556797371176292245e+03
1.590428718982504051e+03
1.483843896962583358e+03
1.517837519943426742e+03
1.640181147735221430e+03
