1.725190740114210712e+03
1.461923488407439891e+03
1.547631477985695938e+03
1.524549372415281368e+03
1.512606472151438311e+03
1.606593696130943499e+03
1.577138007237839020e+03
1.504951589023148699e+03
1.489191633192451945e+03
1.626882136514866033e+03
1.561204581420026443e+03
1.561390560205806651e+03
1.623562285029930536e+03
1.552278687376044672e+03
1.593957579016694581e+03
1.581343484957287728e+03
1.577757998854958259e+03
1.603283919248019629e+03
1.591930588170979718e+03
1.567045586971147713e+03
1.479583732761769852e+03
1.590890676713999483e+03
1.520947928477071628e+03
1.602885600463290984e+03
1.584426655413462186e+03
1.537732847955516718e+03
1.518359577497971941e+03
1.645354621335460479e+03
1.572308483364290169e+03
1.595515797097144286e+03
1.514448979275767670e+03
1.673569909577416865e+03
1.609508178846932879e+03
1.549228393172952110e+03
1.545715685692061470e+03
1.524766428694344540e+03
1.541533793281957514e+03
1.638974345141130925e+03
1.485084707988671198e+03
1.615087601148918338e+03
1.606502841544573130e+03
1.561606779940719662e+03
1.559493259685299790e+03
1.614284357994189577e+03
1.502370921414229542e+03
1.527734839726257178e+03
1.489264495554259156e+03
1.664235960930126794e+03
1.478449470029498571e+03
1.599330552238276596e+03
1.513775435821742121e+03
1.662234032566293990e+03
1.500627247810748713e+03
1.569402131665408206e+03
1.581257298956853219e+03
1.549832423565468389e+03
1.590936568774485067e+03
1.612506381705072727e+03
1.479709496741962312e+03
1.537520659775689410e+03
1.473587201265537942e+03
1.588075804495182638e+03
1.598591772251561224e+03
1.611918527093338525e+03
1.566962881899312151e+03
1.609197859036601585e+03
1.544249289756701955e+03
1.561688991927631832e+03
1.531331255818853151e+03
1.538265584566920779e+03
1.541180759556082648e+03
1.624946713200371960e+03
1.552129271080535318e+03
1.541004503233313244e+03
1.601520721593995859e+03
1.620911887882406518e+03
1.464105567072188251e+03
1.614452005351420667e+03
1.503900422195124065e+03
1.572624173905434873e+03
1.595873800312837375e+03
1.571791099305457465e+03
1.545349930983590866e+03
1.618595318520378441e+03
1.625730761522175499e+03
1.592154429005851171e+03
1.593471364522625436e+03
1.582141817457693833e+03
1.579551010519081501e+03
1.564657618434600863e+03
1.570690372065884276e+03
1.511640850513656233e+03
1.581771615941571554e+03
1.520928972761213117e+03
1.582946164722809272e+03
1.595074661877949438e+03
1.548224555139097220e+03
1.590109259179530682e+03
1.533799192722882253e+03
1.645700262007750553e+03
1.572142473296669777e+03
1.547965875780421811e+03
1.551988325480946969e+03
1.599459711553017314e+03
1.553076152708240897e+03
1.574478294482581532e+03
1.500572171260281266e+03
1.593558512532160194e+03
1.571771845842288485e+03
1.562309444539642982e+03
1.551220424060042660e+03
1.585502684595237042e+03
1.642548381479146428e+03
1.537440025895088638e+03
1.511116873025409632e+03
1.548062442375089631e+03
1.473687705974587516e+03
1.656527640504150895e+03
1.495351871988769744e+03
1.669587668785725782e+03
1.482175056721397596e+03
1.517926533353560899e+03
1.576562216066580277e+03
1.569337185602583304e+03
1.491729435221035828e+03
1.567769090480351451e+03
1.642585619463629428e+03
1.595406690785024466e+03
1.636086353503098508e+03
1.490752295219459484e+03
1.572463942798629432e+03
1.626928861960418544e+03
1.545050830806942031e+03
1.561496921790865144e+03
1.507702727138049795e+03
1.641334108664940231e+03
1.583681065910884627e+03
1.584731102285604948e+03
1.525142019582006014e+03
1.555094371576135927e+03
1.564590284366949163e+03
1.529711918453107046e+03
1.549329067345002159e+03
1.601185521483812181e+03
1.550185159550720982e+03
1.527303845920430376e+03
1.560236861989680392e+03
1.609874727107144281e+03
1.564280591213848766e+03
1.686549798147900219e+03
1.497357046344309765e+03
1.597446431888143479e+03
1.617762796027533341e+03
1.595199432989534216e+03
1.502459391028197160e+03
1.545453773799026749e+03
1.574785312033316586e+03
1.588006133243958402e+03
1.577029010192431542e+03
1.585423839722036064e+03
1.568744025465529376e+03
1.522963005448486456e+03
1.552555788509809190e+03
1.531627075726633393e+03
1.519333766580015663e+03
1.650517211162416743e+03
1.497682893314952707e+03
1.558988829110455299e+03
1.568528246970982536e+03
1.566982864041322273e+03
1.530649687868299452e+03
1.484921437213404261e+03
1.564123599964669665e+03
1.562234826798907079e+03
1.609353888988602193e+03
1.594974095806142259e+03
1.553262003726892090e+03
1.646809705564627620e+03
1.525020975714651286e+03
1.618240575018826803e+03
1.585266475490628181e+03
1.528644060008235328e+03
1.480854459596099105e+03
1.617323301065256146e+03
1.559401707016613500e+03
1.562466174734753622e+03
1.465874705736699525e+03
1.634573125802972299e+03
1.540061583649861404e+03
1.638417060164719942e+03
1.532768828743390713e+03
1.602054553614502993e+03
1.600809652130951918e+03
1.541170949504513601e+03
1.514989561686433944e+03
1.566523518446365415e+03
1.608058834423943154e+03
1.535068286560398292e+03
1.533911963284592730e+03
1.558393214383196664e+03
1.597090055284263599e+03
1.512882264390939781e+03
1.540967012010962208e+03
1.540914941309646338e+03
1.510966968743483449e+03
1.583683375379059726e+03
1.494118430776040668e+03
1.713657857786811292e+03
1.550031571433572935e+03
1.544443902173733250e+03
1.569816531132265254e+03
1.506732444734042474e+03
1.532623255404779911e+03
1.549299258372573831e+03
1.569385941023158239e+03
1.582040048754716508e+03
1.570185955126551789e+03
1.582009151676769761e+03
1.490736559964019762e+03
1.620111956729721669e+03
1.598992808065308509e+03
1.624117761463417764e+03
1.520854313197185547e+03
1.560558864332669600e+03
1.559745145407496011e+03
1.689714407812049558e+03
1.520864213655906269e+03
1.503367529308737630e+03
1.479402418199746307e+03
1.543018158842444791e+03
1.549430989168519318e+03
1.593848652173938490e+03
1.528340160316827905e+03
1.579399173892998306e+03
1.493835427193393798e+03
1.721592875081274315e+03
1.556186444932338418e+03
1.518175247762841991e+03
1.540465045325521260e+03
1.557906077199274023e+03
1.634256107390004445e+03
1.488865637295989927e+03
1.602246693435951329e+03
1.499568742417127396e+03
1.524994296116763508e+03
1.583570508740354626e+03
1.496031560241601710e+03
1.611840459954868493e+03
1.495359708026101998e+03
1.558273172129661361e+03
1.555847093783118225e+03
1.606797371176292245e+03
1.640428718982504051e+03
1.533843896962583358e+03
1.567837519943426742e+03
1.690181147735221430e+03
