1.925190740114210712e+03
1.661923488407439891e+03
1.747631477985695938e+03
1.724549372415281368e+03
1.712606472151438311e+03
1.806593696130943499e+03
1.777138007237839020e+03
1.704951589023148699e+03
1.689191633192451945e+03
1.826882136514866033e+03
1.761204581420026443e+03
1.761390560205806651e+03
1.823562285029930536e+03
1.752278687376044672e+03
1.793957579016694581e+03
1.781343484957287728e+03
1.777757998854958259e+03
1.803283919248019629e+03
1.791930588170979718e+03
1.767045586971147713e+03
1.679583732761769852e+03
1.790890676713999483e+03
1.720947928477071628e+03
1.802885600463290984e+03
1.784426655413462186e+03
1.737732847955516718e+03
1.718359577497971941e+03
1.845354621335460479e+03
1.772308483364290169e+03
1.795515797097144286e+03
1.714448979275767670e+03
1.873569909577416865e+03
1.809508178846932879e+03
1.749228393172952110e+03
1.745715685692061470e+03
1.724766428694344540e+03
1.741533793281957514e+03
1.838974345141130925e+03
1.685084707988671198e+03
1.815087601148918338e+03
1.806502841544573130e+03
1.761606779940719662e+03
1.759493259685299790e+03
1.814284357994189577e+03
1.702370921414229542e+03
1.727734839726257178e+03
1.689264495554259156e+03
1.864235960930126794e+03
1.678449470029498571e+03
1.799330552238276596e+03
1.713775435821742121e+03
1.862234032566293990e+03
1.700627247810748713e+03
1.769402131665408206e+03
1.781257298956853219e+03
1.749832423565468389e+03
1.790936568774485067e+03
1.812506381705072727e+03
1.679709496741962312e+03
1.737520659775689410e+03
1.673587201265537942e+03
1.788075804495182638e+03
1.798591772251561224e+03
1.811918527093338525e+03
1.766962881899312151e+03
1.809197859036601585e+03
1.744249289756701955e+03
1.761688991927631832e+03
1.731331255818853151e+03
1.738265584566920779e+03
1.741180759556082648e+03
1.824946713200371960e+03
1.752129271080535318e+03
1.741004503233313244e+03
1.801520721593995859e+03
1.820911887882406518e+03
1.664105567072188251e+03
1.814452005351420667e+03
1.703900422195124065e+03
1.772624173905434873e+03
1.795873800312837375e+03
1.771791099305457465e+03
1.745349930983590866e+03
1.818595318520378441e+03
1.825730761522175499e+03
1.792154429005851171e+03
1.793471364522625436e+03
1.782141817457693833e+03
1.779551010519081501e+03
1.764657618434600863e+03
1.770690372065884276e+03
1.711640850513656233e+03
1.781771615941571554e+03
1.720928972761213117e+03
1.782946164722809272e+03
1.795074661877949438e+03
1.748224555139097220e+03
1.790109259179530682e+03
1.733799192722882253e+03
1.845700262007750553e+03
1.772142473296669777e+03
1.747965875780421811e+03
1.751988325480946969e+03
1.799459711553017314e+03
1.753076152708240897e+03
1.774478294482581532e+03
1.700572171260281266e+03
1.793558512532160194e+03
1.771771845842288485e+03
1.762309444539642982e+03
1.751220424060042660e+03
1.785502684595237042e+03
1.842548381479146428e+03
1.737440025895088638e+03
1.711116873025409632e+03
1.748062442375089631e+03
1.673687705974587516e+03
1.856527640504150895e+03
1.695351871988769744e+03
1.869587668785725782e+03
1.682175056721397596e+03
1.717926533353560899e+03
1.776562216066580277e+03
1.769337185602583304e+03
1.691729435221035828e+03
1.767769090480351451e+03
1.842585619463629428e+03
1.795406690785024466e+03
1.836086353503098508e+03
1.690752295219459484e+03
1.772463942798629432e+03
1.826928861960418544e+03
1.745050830806942031e+03
1.761496921790865144e+03
1.707702727138049795e+03
1.841334108664940231e+03
1.783681065910884627e+03
1.784731102285604948e+03
1.725142019582006014e+03
1.755094371576135927e+03
1.764590284366949163e+03
1.729711918453107046e+03
1.749329067345002159e+03
1.801185521483812181e+03
1.750185159550720982e+03
1.727303845920430376e+03
1.760236861989680392e+03
1.809874727107144281e+03
1.764280591213848766e+03
1.886549798147900219e+03
1.697357046344309765e+03
1.797446431888143479e+03
1.817762796027533341e+03
1.795199432989534216e+03
1.702459391028197160e+03
1.745453773799026749e+03
1.774785312033316586e+03
1.788006133243958402e+03
1.777029010192431542e+03
1.785423839722036064e+03
1.768744025465529376e+03
1.722963005448486456e+03
1.752555788509809190e+03
1.731627075726633393e+03
1.719333766580015663e+03
1.850517211162416743e+03
1.697682893314952707e+03
1.758988829110455299e+03
1.768528246970982536e+03
1.766982864041322273e+03
1.730649687868299452e+03
1.684921437213404261e+03
1.764123599964669665e+03
1.762234826798907079e+03
1.809353888988602193e+03
1.794974095806142259e+03
1.753262003726892090e+03
1.846809705564627620e+03
1.725020975714651286e+03
1.818240575018826803e+03
1.785266475490628181e+03
1.728644060008235328e+03
1.680854459596099105e+03
1.817323301065256146e+03
1.759401707016613500e+03
1.762466174734753622e+03
1.665874705736699525e+03
1.834573125802972299e+03
1.740061583649861404e+03
1.838417060164719942e+03
1.732768828743390713e+03
1.802054553614502993e+03
1.800809652130951918e+03
1.741170949504513601e+03
1.714989561686433944e+03
1.766523518446365415e+03
1.808058834423943154e+03
1.735068286560398292e+03
1.733911963284592730e+03
1.758393214383196664e+03
1.797090055284263599e+03
1.712882264390939781e+03
1.740967012010962208e+03
1.740914941309646338e+03
1.710966968743483449e+03
1.783683375379059726e+03
1.694118430776040668e+03
1.913657857786811292e+03
1.750031571433572935e+03
1.744443902173733250e+03
1.769816531132265254e+03
1.706732444734042474e+03
1.732623255404779911e+03
1.749299258372573831e+03
1.769385941023158239e+03
1.782040048754716508e+03
1.770185955126551789e+03
1.782009151676769761e+03
1.690736559964019762e+03
1.820111956729721669e+03
1.798992808065308509e+03
1.824117761463417764e+03
1.720854313197185547e+03
1.760558864332669600e+03
1.759745145407496011e+03
1.889714407812049558e+03
1.720864213655906269e+03
1.703367529308737630e+03
1.679402418199746307e+03
1.743018158842444791e+03
1.749430989168519318e+03
1.793848652173938490e+03
1.728340160316827905e+03
1.779399173892998306e+03
1.693835427193393798e+03
1.921592875081274315e+03
1.756186444932338418e+03
1.718175247762841991e+03
1.740465045325521260e+03
1.757906077199274023e+03
1.834256107390004445e+03
1.688865637295989927e+03
1.802246693435951329e+03
1.699568742417127396e+03
1.724994296116763508e+03
1.783570508740354626e+03
1.696031560241601710e+03
1.811840459954868493e+03
1.695359708026101998e+03
1.758273172129661361e+03
1.755847093783118225e+03
1.806797371176292245e+03
1.840428718982504051e+03
1.733843896962583358e+03
1.767837519943426742e+03
1.890181147735221430e+03
