1.975190740114210712e+03
1.711923488407439891e+03
1.797631477985695938e+03
1.774549372415281368e+03
1.762606472151438311e+03
1.856593696130943499e+03
1.827138007237839020e+03
1.754951589023148699e+03
1.739191633192451945e+03
1.876882136514866033e+03
1.811204581420026443e+03
1.811390560205806651e+03
1.873562285029930536e+03
1.802278687376044672e+03
1.843957579016694581e+03
1.831343484957287728e+03
1.827757998854958259e+03
1.853283919248019629e+03
1.841930588170979718e+03
1.817045586971147713e+03
1.729583732761769852e+03
1.840890676713999483e+03
1.770947928477071628e+03
1.852885600463290984e+03
1.834426655413462186e+03
1.787732847955516718e+03
1.768359577497971941e+03
1.895354621335460479e+03
1.822308483364290169e+03
1.845515797097144286e+03
1.764448979275767670e+03
1.923569909577416865e+03
1.859508178846932879e+03
1.799228393172952110e+03
1.795715685692061470e+03
1.774766428694344540e+03
1.791533793281957514e+03
1.888974345141130925e+03
1.735084707988671198e+03
1.865087601148918338e+03
1.856502841544573130e+03
1.811606779940719662e+03
1.809493259685299790e+03
1.864284357994189577e+03
1.752370921414229542e+03
1.777734839726257178e+03
1.739264495554259156e+03
1.914235960930126794e+03
1.728449470029498571e+03
1.849330552238276596e+03
1.763775435821742121e+03
1.912234032566293990e+03
1.750627247810748713e+03
1.819402131665408206e+03
1.831257298956853219e+03
1.799832423565468389e+03
1.840936568774485067e+03
1.862506381705072727e+03
1.729709496741962312e+03
1.787520659775689410e+03
1.723587201265537942e+03
1.838075804495182638e+03
1.848591772251561224e+03
1.861918527093338525e+03
1.816962881899312151e+03
1.859197859036601585e+03
1.794249289756701955e+03
1.811688991927631832e+03
1.781331255818853151e+03
1.788265584566920779e+03
1.791180759556082648e+03
1.874946713200371960e+03
1.802129271080535318e+03
1.791004503233313244e+03
1.851520721593995859e+03
1.870911887882406518e+03
1.714105567072188251e+03
1.864452005351420667e+03
1.753900422195124065e+03
1.822624173905434873e+03
1.845873800312837375e+03
1.821791099305457465e+03
1.795349930983590866e+03
1.868595318520378441e+03
1.875730761522175499e+03
1.842154429005851171e+03
1.843471364522625436e+03
1.832141817457693833e+03
1.829551010519081501e+03
1.814657618434600863e+03
1.820690372065884276e+03
1.761640850513656233e+03
1.831771615941571554e+03
1.770928972761213117e+03
1.832946164722809272e+03
1.845074661877949438e+03
1.798224555139097220e+03
1.840109259179530682e+03
1.783799192722882253e+03
1.895700262007750553e+03
1.822142473296669777e+03
1.797965875780421811e+03
1.801988325480946969e+03
1.849459711553017314e+03
1.803076152708240897e+03
1.824478294482581532e+03
1.750572171260281266e+03
1.843558512532160194e+03
1.821771845842288485e+03
1.812309444539642982e+03
1.801220424060042660e+03
1.835502684595237042e+03
1.892548381479146428e+03
1.787440025895088638e+03
1.761116873025409632e+03
1.798062442375089631e+03
1.723687705974587516e+03
1.906527640504150895e+03
1.745351871988769744e+03
1.919587668785725782e+03
1.732175056721397596e+03
1.767926533353560899e+03
1.826562216066580277e+03
1.819337185602583304e+03
1.741729435221035828e+03
1.817769090480351451e+03
1.892585619463629428e+03
1.845406690785024466e+03
1.886086353503098508e+03
1.740752295219459484e+03
1.822463942798629432e+03
1.876928861960418544e+03
1.795050830806942031e+03
1.811496921790865144e+03
1.757702727138049795e+03
1.891334108664940231e+03
1.833681065910884627e+03
1.834731102285604948e+03
1.775142019582006014e+03
1.805094371576135927e+03
1.814590284366949163e+03
1.779711918453107046e+03
1.799329067345002159e+03
1.851185521483812181e+03
1.800185159550720982e+03
1.777303845920430376e+03
1.810236861989680392e+03
1.859874727107144281e+03
1.814280591213848766e+03
1.936549798147900219e+03
1.747357046344309765e+03
1.847446431888143479e+03
1.867762796027533341e+03
1.845199432989534216e+03
1.752459391028197160e+03
1.795453773799026749e+03
1.824785312033316586e+03
1.838006133243958402e+03
1.827029010192431542e+03
1.835423839722036064e+03
1.818744025465529376e+03
1.772963005448486456e+03
1.802555788509809190e+03
1.781627075726633393e+03
1.769333766580015663e+03
1.900517211162416743e+03
1.747682893314952707e+03
1.808988829110455299e+03
1.818528246970982536e+03
1.816982864041322273e+03
1.780649687868299452e+03
1.734921437213404261e+03
1.814123599964669665e+03
1.812234826798907079e+03
1.859353888988602193e+03
1.844974095806142259e+03
1.803262003726892090e+03
1.896809705564627620e+03
1.775020975714651286e+03
1.868240575018826803e+03
1.835266475490628181e+03
1.778644060008235328e+03
1.730854459596099105e+03
1.867323301065256146e+03
1.809401707016613500e+03
1.812466174734753622e+03
1.715874705736699525e+03
1.884573125802972299e+03
1.790061583649861404e+03
1.888417060164719942e+03
1.782768828743390713e+03
1.852054553614502993e+03
1.850809652130951918e+03
1.791170949504513601e+03
1.764989561686433944e+03
1.816523518446365415e+03
1.858058834423943154e+03
1.785068286560398292e+03
1.783911963284592730e+03
1.808393214383196664e+03
1.847090055284263599e+03
1.762882264390939781e+03
1.790967012010962208e+03
1.790914941309646338e+03
1.760966968743483449e+03
1.833683375379059726e+03
1.744118430776040668e+03
1.963657857786811292e+03
1.800031571433572935e+03
1.794443902173733250e+03
1.819816531132265254e+03
1.756732444734042474e+03
1.782623255404779911e+03
1.799299258372573831e+03
1.819385941023158239e+03
1.832040048754716508e+03
1.820185955126551789e+03
1.832009151676769761e+03
1.740736559964019762e+03
1.870111956729721669e+03
1.848992808065308509e+03
1.874117761463417764e+03
1.770854313197185547e+03
1.810558864332669600e+03
1.809745145407496011e+03
1.939714407812049558e+03
1.770864213655906269e+03
1.753367529308737630e+03
1.729402418199746307e+03
1.793018158842444791e+03
1.799430989168519318e+03
1.843848652173938490e+03
1.778340160316827905e+03
1.829399173892998306e+03
1.743835427193393798e+03
1.971592875081274315e+03
1.806186444932338418e+03
1.768175247762841991e+03
1.790465045325521260e+03
1.807906077199274023e+03
1.884256107390004445e+03
1.738865637295989927e+03
1.852246693435951329e+03
1.749568742417127396e+03
1.774994296116763508e+03
1.833570508740354626e+03
1.746031560241601710e+03
1.861840459954868493e+03
1.745359708026101998e+03
1.808273172129661361e+03
1.805847093783118225e+03
1.856797371176292245e+03
1.890428718982504051e+03
1.783843896962583358e+03
1.817837519943426742e+03
1.940181147735221430e+03
