2.623996912160270949e+04
4.143938280086799750e+03
2.676069603539804666e+04
9.240986146000512235e+03
1.124780037449335578e+04
3.459964962790302525e+04
2.147999064430061480e+04
1.068561787258613731e+04
1.517593263061861217e+04
7.067828873463474338e+03
1.709167471022613245e+04
1.417301067337857967e+04
1.729951429841275240e+04
2.106031625690832880e+04
2.040064886975947957e+04
1.206751912690326390e+04
9.587598456381660071e+03
1.502854353032021572e+04
9.956197583553912409e+03
1.145155793648112376e+04
1.456854492179212684e+04
1.407838714965513100e+04
2.433011188758669232e+04
1.230140190111219090e+04
1.750359407255437691e+04
1.403452313534166205e+04
1.011281082705557674e+04
3.516618298825452075e+04
6.947898620291160114e+03
2.356173310963634140e+04
1.902676762644155679e+04
9.863599686978655882e+03
2.588097240220451931e+04
2.047837293361156844e+04
2.099685602927968648e+04
2.136733975549653405e+04
1.068158107493935859e+04
1.612378301865375215e+04
2.768329696587699073e+04
8.201233437009392219e+03
8.292564631867076969e+03
1.388892633609701079e+04
1.049290769861453555e+04
2.786418633461673380e+04
2.267987548503146172e+04
8.826196406075412597e+03
1.073713231453145090e+04
2.218363804072018684e+04
1.400830374145754286e+04
1.465266006027321782e+04
9.040696760635084502e+03
1.422554480670100747e+04
8.387813492959285213e+03
2.893961137318119290e+04
1.421424029424432774e+04
1.519019688607157877e+04
1.709695498692190813e+04
1.383906991086221751e+04
2.267385927809981877e+04
1.991483006204497724e+04
6.208865568974910275e+03
1.373366492226584705e+04
1.586030788807369754e+04
2.611755030645193619e+04
1.103010755942319702e+04
1.108751813840011346e+04
1.419971557672571362e+04
2.630785556446386181e+04
1.880964201070829949e+04
2.566587599160743048e+04
2.213860454077029863e+04
1.631252197839204746e+04
1.146071908743833774e+04
1.328536980274076814e+04
2.658746002147539912e+04
1.670904770212867516e+04
1.145481105275091249e+04
1.822409717241708131e+04
2.828678788232291481e+04
1.960720009549314273e+04
1.194402197936658922e+04
7.420228857208078807e+03
1.589452015695006230e+04
1.439140257610379012e+04
1.323361404410547220e+04
2.465773832966951159e+04
2.293444673205948493e+04
1.226611963158080653e+04
1.249745531759416372e+04
1.364303350408801089e+04
3.538427161089627771e+04
6.258206158115714970e+03
3.134116398148734879e+04
7.485885766359616355e+03
1.081541452318220036e+04
2.159549684705592517e+04
1.156178215057290436e+04
1.737977821678267355e+04
1.773980365102392534e+04
1.452183932811474915e+04
6.088617577121701288e+03
2.132750654548336388e+04
1.203247446606781159e+04
2.419574293830980241e+04
1.212752909328283567e+04
1.389328668309041132e+04
2.057215964471648840e+04
1.897316258423687759e+04
1.017625479505378826e+04
2.880498062342484627e+04
8.742965831391282336e+03
1.663155119124445991e+04
1.998126828513500368e+04
1.325604288332046053e+04
2.038040796711693474e+04
1.933533393255456394e+04
2.094627319860771604e+04
2.774144143060572242e+04
1.214666498041435625e+04
2.017496319162660802e+04
1.231385537447386378e+04
1.847472839173660759e+04
1.207846079985561846e+04
1.828776770603776095e+04
8.789294617333929637e+03
1.664531926319826744e+04
3.050967058377342619e+04
1.369507256735662304e+04
1.628759444944839379e+04
5.558085600628055545e+03
3.004633086492621442e+04
7.318307779298916103e+03
1.427233896822238967e+04
1.119741701016852312e+04
4.829977779475711031e+03
1.664504708466039301e+04
1.371096892436219787e+04
1.839629179325637597e+04
1.946101663803438714e+04
1.183111960859311148e+04
1.612589560110892489e+04
1.946116050549134525e+04
1.651926000838699838e+04
1.358729504048713170e+04
6.547135348804936257e+03
1.587326506532373060e+04
1.380626405319353398e+04
1.285700869617905119e+04
1.228850387369229611e+04
1.571967602969666950e+04
1.758561630378791233e+04
1.334434977919757512e+04
1.048378910045091106e+04
1.792026147553692135e+04
9.591088413741506884e+03
8.113169891707334500e+03
2.129870509496724117e+04
1.887683630782752516e+04
1.405415115399321257e+04
6.813721081567895453e+03
1.999874931710886813e+04
7.521176649160185661e+03
7.908193048759436351e+03
7.480498010022191011e+03
6.672694693562214525e+03
2.134535035104422423e+04
1.958082447752986263e+04
7.182317414086185636e+03
9.576391412657829278e+03
1.695086730100248678e+04
3.215839451078392449e+04
1.420633998908969988e+04
1.281238921551663407e+04
1.923308337675814619e+04
1.489419058938555281e+04
1.229882132408079087e+04
1.628494010702629203e+04
1.006646772734670230e+04
9.939064227435641442e+03
1.486913320387988824e+04
9.251312314346909261e+03
7.499904545686102210e+03
9.086833841417075746e+03
1.830269713502941886e+04
8.380383487005181451e+03
2.853902304904644552e+04
1.793551618036320724e+04
1.217998774029769083e+04
1.715909055777100002e+04
2.444192394222121584e+04
1.031392897142989932e+04
2.474479530656186034e+04
1.137292459495673029e+04
1.468936846155987951e+04
1.545313381081283478e+04
1.459232715882056254e+04
3.363674833869177382e+04
7.238735067180410624e+03
7.110163276853882962e+03
1.403423304677556007e+04
1.050083412821044476e+04
1.747492198533059855e+04
2.175629856887836286e+04
7.238346410800354533e+03
1.998675749475801422e+04
1.509038844126185722e+04
1.919518629484367921e+04
2.077472654332243837e+04
2.698705755220518768e+04
8.030277938734900999e+03
3.165299697284714784e+04
8.926450989303239112e+03
6.605017077542300285e+03
2.228668988314955277e+04
3.535792716859864595e+04
1.465274289032512206e+04
1.469801940203459890e+04
1.668533928156069305e+04
2.252365387866202218e+04
1.206403692876650348e+04
1.906446368147755493e+04
1.955521531182331455e+04
4.357753313927897580e+03
1.862466858563605638e+04
7.283816131024051174e+03
1.298879676457850474e+04
1.842308228551808861e+04
6.957786337184978038e+03
1.925119465950976519e+04
2.451815396487741236e+04
8.707537939892332361e+03
1.785388596526586480e+04
2.073315815985072186e+04
1.351840620708325878e+04
9.221849016152820695e+03
3.000304911924704356e+04
6.655494635971933349e+03
1.936890403110107218e+04
1.124453303821721602e+04
1.058121067803128972e+04
8.597821950808931433e+03
1.384460438172423710e+04
3.030416002200206640e+04
1.918056145111074511e+04
1.155822956230293858e+04
1.366642363588786066e+04
1.355317284932491748e+04
6.257720532648978406e+03
9.905276294196410163e+03
2.383603858086360560e+04
1.798534296808024374e+04
2.416178330243012533e+04
1.341308863433490842e+04
9.926694880637101960e+03
2.872689885948295705e+04
8.646965745277058886e+03
