2.638996912160270949e+04
4.293938280086799750e+03
2.691069603539804666e+04
9.390986146000512235e+03
1.139780037449335578e+04
3.474964962790302525e+04
2.162999064430061480e+04
1.083561787258613731e+04
1.532593263061861217e+04
7.217828873463474338e+03
1.724167471022613245e+04
1.432301067337857967e+04
1.744951429841275240e+04
2.121031625690832880e+04
2.055064886975947957e+04
1.221751912690326390e+04
9.737598456381660071e+03
1.517854353032021572e+04
1.010619758355391241e+04
1.160155793648112376e+04
1.471854492179212684e+04
1.422838714965513100e+04
2.448011188758669232e+04
1.245140190111219090e+04
1.765359407255437691e+04
1.418452313534166205e+04
1.026281082705557674e+04
3.531618298825452075e+04
7.097898620291160114e+03
2.371173310963634140e+04
1.917676762644155679e+04
1.001359968697865588e+04
2.603097240220451931e+04
2.062837293361156844e+04
2.114685602927968648e+04
2.151733975549653405e+04
1.083158107493935859e+04
1.627378301865375215e+04
2.783329696587699073e+04
8.351233437009392219e+03
8.442564631867076969e+03
1.403892633609701079e+04
1.064290769861453555e+04
2.801418633461673380e+04
2.282987548503146172e+04
8.976196406075412597e+03
1.088713231453145090e+04
2.233363804072018684e+04
1.415830374145754286e+04
1.480266006027321782e+04
9.190696760635084502e+03
1.437554480670100747e+04
8.537813492959285213e+03
2.908961137318119290e+04
1.436424029424432774e+04
1.534019688607157877e+04
1.724695498692190813e+04
1.398906991086221751e+04
2.282385927809981877e+04
2.006483006204497724e+04
6.358865568974910275e+03
1.388366492226584705e+04
1.601030788807369754e+04
2.626755030645193619e+04
1.118010755942319702e+04
1.123751813840011346e+04
1.434971557672571362e+04
2.645785556446386181e+04
1.895964201070829949e+04
2.581587599160743048e+04
2.228860454077029863e+04
1.646252197839204746e+04
1.161071908743833774e+04
1.343536980274076814e+04
2.673746002147539912e+04
1.685904770212867516e+04
1.160481105275091249e+04
1.837409717241708131e+04
2.843678788232291481e+04
1.975720009549314273e+04
1.209402197936658922e+04
7.570228857208078807e+03
1.604452015695006230e+04
1.454140257610379012e+04
1.338361404410547220e+04
2.480773832966951159e+04
2.308444673205948493e+04
1.241611963158080653e+04
1.264745531759416372e+04
1.379303350408801089e+04
3.553427161089627771e+04
6.408206158115714970e+03
3.149116398148734879e+04
7.635885766359616355e+03
1.096541452318220036e+04
2.174549684705592517e+04
1.171178215057290436e+04
1.752977821678267355e+04
1.788980365102392534e+04
1.467183932811474915e+04
6.238617577121701288e+03
2.147750654548336388e+04
1.218247446606781159e+04
2.434574293830980241e+04
1.227752909328283567e+04
1.404328668309041132e+04
2.072215964471648840e+04
1.912316258423687759e+04
1.032625479505378826e+04
2.895498062342484627e+04
8.892965831391282336e+03
1.678155119124445991e+04
2.013126828513500368e+04
1.340604288332046053e+04
2.053040796711693474e+04
1.948533393255456394e+04
2.109627319860771604e+04
2.789144143060572242e+04
1.229666498041435625e+04
2.032496319162660802e+04
1.246385537447386378e+04
1.862472839173660759e+04
1.222846079985561846e+04
1.843776770603776095e+04
8.939294617333929637e+03
1.679531926319826744e+04
3.065967058377342619e+04
1.384507256735662304e+04
1.643759444944839197e+04
5.708085600628055545e+03
3.019633086492621442e+04
7.468307779298916103e+03
1.442233896822238967e+04
1.134741701016852312e+04
4.979977779475711031e+03
1.679504708466039301e+04
1.386096892436219787e+04
1.854629179325637597e+04
1.961101663803438714e+04
1.198111960859311148e+04
1.627589560110892489e+04
1.961116050549134525e+04
1.666926000838699838e+04
1.373729504048713170e+04
6.697135348804936257e+03
1.602326506532373060e+04
1.395626405319353398e+04
1.300700869617905119e+04
1.243850387369229611e+04
1.586967602969666950e+04
1.773561630378791233e+04
1.349434977919757512e+04
1.063378910045091106e+04
1.807026147553692135e+04
9.741088413741506884e+03
8.263169891707333591e+03
2.144870509496724117e+04
1.902683630782752516e+04
1.420415115399321257e+04
6.963721081567895453e+03
2.014874931710886813e+04
7.671176649160185661e+03
8.058193048759436351e+03
7.630498010022191011e+03
6.822694693562214525e+03
2.149535035104422423e+04
1.973082447752986263e+04
7.332317414086185636e+03
9.726391412657829278e+03
1.710086730100248678e+04
3.230839451078392449e+04
1.435633998908969988e+04
1.296238921551663407e+04
1.938308337675814619e+04
1.504419058938555281e+04
1.244882132408079087e+04
1.643494010702629021e+04
1.021646772734670230e+04
1.008906422743564144e+04
1.501913320387988824e+04
9.401312314346909261e+03
7.649904545686102210e+03
9.236833841417075746e+03
1.845269713502941886e+04
8.530383487005181451e+03
2.868902304904644552e+04
1.808551618036320724e+04
1.232998774029769083e+04
1.730909055777100002e+04
2.459192394222121584e+04
1.046392897142989932e+04
2.489479530656186034e+04
1.152292459495673029e+04
1.483936846155987951e+04
1.560313381081283478e+04
1.474232715882056254e+04
3.378674833869177382e+04
7.388735067180410624e+03
7.260163276853882962e+03
1.418423304677556007e+04
1.065083412821044476e+04
1.762492198533059855e+04
2.190629856887836286e+04
7.388346410800354533e+03
2.013675749475801422e+04
1.524038844126185722e+04
1.934518629484367921e+04
2.092472654332243837e+04
2.713705755220518768e+04
8.180277938734900999e+03
3.180299697284714784e+04
9.076450989303239112e+03
6.755017077542300285e+03
2.243668988314955277e+04
3.550792716859864595e+04
1.480274289032512206e+04
1.484801940203459890e+04
1.683533928156069305e+04
2.267365387866202218e+04
1.221403692876650348e+04
1.921446368147755493e+04
1.970521531182331455e+04
4.507753313927897580e+03
1.877466858563605638e+04
7.433816131024051174e+03
1.313879676457850474e+04
1.857308228551808861e+04
7.107786337184978038e+03
1.940119465950976519e+04
2.466815396487741236e+04
8.857537939892332361e+03
1.800388596526586480e+04
2.088315815985072186e+04
1.366840620708325878e+04
9.371849016152820695e+03
3.015304911924704356e+04
6.805494635971933349e+03
1.951890403110107218e+04
1.139453303821721602e+04
1.073121067803128972e+04
8.747821950808931433e+03
1.399460438172423710e+04
3.045416002200206640e+04
1.933056145111074511e+04
1.170822956230293858e+04
1.381642363588786066e+04
1.370317284932491748e+04
6.407720532648978406e+03
1.005527629419641016e+04
2.398603858086360560e+04
1.813534296808024374e+04
2.431178330243012533e+04
1.356308863433490842e+04
1.007669488063710196e+04
2.887689885948295705e+04
8.796965745277058886e+03
