2.658996912160270949e+04
4.493938280086799750e+03
2.711069603539804666e+04
9.590986146000512235e+03
1.159780037449335578e+04
3.494964962790302525e+04
2.182999064430061480e+04
1.103561787258613731e+04
1.552593263061861217e+04
7.417828873463474338e+03
1.744167471022613245e+04
1.452301067337857967e+04
1.764951429841275240e+04
2.141031625690832880e+04
2.075064886975947957e+04
1.241751912690326390e+04
9.937598456381660071e+03
1.537854353032021572e+04
1.030619758355391241e+04
1.180155793648112376e+04
1.491854492179212684e+04
1.442838714965513100e+04
2.468011188758669232e+04
1.265140190111219090e+04
1.785359407255437691e+04
1.438452313534166205e+04
1.046281082705557674e+04
3.551618298825452075e+04
7.297898620291160114e+03
2.391173310963634140e+04
1.937676762644155679e+04
1.021359968697865588e+04
2.623097240220451931e+04
2.082837293361156844e+04
2.134685602927968648e+04
2.171733975549653405e+04
1.103158107493935859e+04
1.647378301865375397e+04
2.803329696587699073e+04
8.551233437009392219e+03
8.642564631867076969e+03
1.423892633609701079e+04
1.084290769861453555e+04
2.821418633461673380e+04
2.302987548503146172e+04
9.176196406075412597e+03
1.108713231453145090e+04
2.253363804072018684e+04
1.435830374145754286e+04
1.500266006027321782e+04
9.390696760635084502e+03
1.457554480670100747e+04
8.737813492959285213e+03
2.928961137318119290e+04
1.456424029424432774e+04
1.554019688607157877e+04
1.744695498692190813e+04
1.418906991086221751e+04
2.302385927809981877e+04
2.026483006204497724e+04
6.558865568974910275e+03
1.408366492226584705e+04
1.621030788807369754e+04
2.646755030645193619e+04
1.138010755942319702e+04
1.143751813840011346e+04
1.454971557672571362e+04
2.665785556446386181e+04
1.915964201070829949e+04
2.601587599160743048e+04
2.248860454077029863e+04
1.666252197839204746e+04
1.181071908743833774e+04
1.363536980274076814e+04
2.693746002147539912e+04
1.705904770212867516e+04
1.180481105275091249e+04
1.857409717241708131e+04
2.863678788232291481e+04
1.995720009549314273e+04
1.229402197936658922e+04
7.770228857208078807e+03
1.624452015695006230e+04
1.474140257610379012e+04
1.358361404410547220e+04
2.500773832966951159e+04
2.328444673205948493e+04
1.261611963158080653e+04
1.284745531759416372e+04
1.399303350408801089e+04
3.573427161089627771e+04
6.608206158115714970e+03
3.169116398148734879e+04
7.835885766359616355e+03
1.116541452318220036e+04
2.194549684705592517e+04
1.191178215057290436e+04
1.772977821678267355e+04
1.808980365102392534e+04
1.487183932811474915e+04
6.438617577121701288e+03
2.167750654548336388e+04
1.238247446606781159e+04
2.454574293830980241e+04
1.247752909328283567e+04
1.424328668309041132e+04
2.092215964471648840e+04
1.932316258423687759e+04
1.052625479505378826e+04
2.915498062342484627e+04
9.092965831391282336e+03
1.698155119124445991e+04
2.033126828513500368e+04
1.360604288332046053e+04
2.073040796711693474e+04
1.968533393255456394e+04
2.129627319860771604e+04
2.809144143060572242e+04
1.249666498041435625e+04
2.052496319162660802e+04
1.266385537447386378e+04
1.882472839173660759e+04
1.242846079985561846e+04
1.863776770603776095e+04
9.139294617333929637e+03
1.699531926319826744e+04
3.085967058377342619e+04
1.404507256735662304e+04
1.663759444944839197e+04
5.908085600628055545e+03
3.039633086492621442e+04
7.668307779298916103e+03
1.462233896822238967e+04
1.154741701016852312e+04
5.179977779475711031e+03
1.699504708466039301e+04
1.406096892436219787e+04
1.874629179325637597e+04
1.981101663803438714e+04
1.218111960859311148e+04
1.647589560110892489e+04
1.981116050549134525e+04
1.686926000838699838e+04
1.393729504048713170e+04
6.897135348804936257e+03
1.622326506532373060e+04
1.415626405319353398e+04
1.320700869617905119e+04
1.263850387369229611e+04
1.606967602969666950e+04
1.793561630378791233e+04
1.369434977919757512e+04
1.083378910045091106e+04
1.827026147553692135e+04
9.941088413741506884e+03
8.463169891707333591e+03
2.164870509496724117e+04
1.922683630782752516e+04
1.440415115399321257e+04
7.163721081567895453e+03
2.034874931710886813e+04
7.871176649160185661e+03
8.258193048759436351e+03
7.830498010022191011e+03
7.022694693562214525e+03
2.169535035104422423e+04
1.993082447752986263e+04
7.532317414086185636e+03
9.926391412657829278e+03
1.730086730100248678e+04
3.250839451078392449e+04
1.455633998908969988e+04
1.316238921551663407e+04
1.958308337675814619e+04
1.524419058938555281e+04
1.264882132408079087e+04
1.663494010702629021e+04
1.041646772734670230e+04
1.028906422743564144e+04
1.521913320387988824e+04
9.601312314346909261e+03
7.849904545686102210e+03
9.436833841417075746e+03
1.865269713502941886e+04
8.730383487005181451e+03
2.888902304904644552e+04
1.828551618036320724e+04
1.252998774029769083e+04
1.750909055777100002e+04
2.479192394222121584e+04
1.066392897142989932e+04
2.509479530656186034e+04
1.172292459495673029e+04
1.503936846155987951e+04
1.580313381081283478e+04
1.494232715882056254e+04
3.398674833869177382e+04
7.588735067180410624e+03
7.460163276853882962e+03
1.438423304677556007e+04
1.085083412821044476e+04
1.782492198533059855e+04
2.210629856887836286e+04
7.588346410800354533e+03
2.033675749475801422e+04
1.544038844126185722e+04
1.954518629484367921e+04
2.112472654332243837e+04
2.733705755220518768e+04
8.380277938734900090e+03
3.200299697284714784e+04
9.276450989303239112e+03
6.955017077542300285e+03
2.263668988314955277e+04
3.570792716859864595e+04
1.500274289032512206e+04
1.504801940203459890e+04
1.703533928156069305e+04
2.287365387866202218e+04
1.241403692876650348e+04
1.941446368147755493e+04
1.990521531182331455e+04
4.707753313927897580e+03
1.897466858563605638e+04
7.633816131024051174e+03
1.333879676457850474e+04
1.877308228551808861e+04
7.307786337184978038e+03
1.960119465950976519e+04
2.486815396487741236e+04
9.057537939892332361e+03
1.820388596526586480e+04
2.108315815985072186e+04
1.386840620708325878e+04
9.571849016152820695e+03
3.035304911924704356e+04
7.005494635971933349e+03
1.971890403110107218e+04
1.159453303821721602e+04
1.093121067803128972e+04
8.947821950808931433e+03
1.419460438172423710e+04
3.065416002200206640e+04
1.953056145111074511e+04
1.190822956230293858e+04
1.401642363588786066e+04
1.390317284932491748e+04
6.607720532648978406e+03
1.025527629419641016e+04
2.418603858086360560e+04
1.833534296808024374e+04
2.451178330243012533e+04
1.376308863433490842e+04
1.027669488063710196e+04
2.907689885948295705e+04
8.996965745277058886e+03
