2.663996912160270949e+04
4.543938280086799750e+03
2.716069603539804666e+04
9.640986146000512235e+03
1.164780037449335578e+04
3.499964962790302525e+04
2.187999064430061480e+04
1.108561787258613731e+04
1.557593263061861217e+04
7.467828873463474338e+03
1.749167471022613245e+04
1.457301067337857967e+04
1.769951429841275240e+04
2.146031625690832880e+04
2.080064886975947957e+04
1.246751912690326390e+04
9.987598456381660071e+03
1.542854353032021572e+04
1.035619758355391241e+04
1.185155793648112376e+04
1.496854492179212684e+04
1.447838714965513100e+04
2.473011188758669232e+04
1.270140190111219090e+04
1.790359407255437691e+04
1.443452313534166205e+04
1.051281082705557674e+04
3.556618298825452075e+04
7.347898620291160114e+03
2.396173310963634140e+04
1.942676762644155679e+04
1.026359968697865588e+04
2.628097240220451931e+04
2.087837293361156844e+04
2.139685602927968648e+04
2.176733975549653405e+04
1.108158107493935859e+04
1.652378301865375397e+04
2.808329696587699073e+04
8.601233437009392219e+03
8.692564631867076969e+03
1.428892633609701079e+04
1.089290769861453555e+04
2.826418633461673380e+04
2.307987548503146172e+04
9.226196406075412597e+03
1.113713231453145090e+04
2.258363804072018684e+04
1.440830374145754286e+04
1.505266006027321782e+04
9.440696760635084502e+03
1.462554480670100747e+04
8.787813492959285213e+03
2.933961137318119290e+04
1.461424029424432774e+04
1.559019688607157877e+04
1.749695498692190813e+04
1.423906991086221751e+04
2.307385927809981877e+04
2.031483006204497724e+04
6.608865568974910275e+03
1.413366492226584705e+04
1.626030788807369754e+04
2.651755030645193619e+04
1.143010755942319702e+04
1.148751813840011346e+04
1.459971557672571362e+04
2.670785556446386181e+04
1.920964201070829949e+04
2.606587599160743048e+04
2.253860454077029863e+04
1.671252197839204746e+04
1.186071908743833774e+04
1.368536980274076814e+04
2.698746002147539912e+04
1.710904770212867516e+04
1.185481105275091249e+04
1.862409717241708131e+04
2.868678788232291481e+04
2.000720009549314273e+04
1.234402197936658922e+04
7.820228857208078807e+03
1.629452015695006230e+04
1.479140257610379012e+04
1.363361404410547220e+04
2.505773832966951159e+04
2.333444673205948493e+04
1.266611963158080653e+04
1.289745531759416372e+04
1.404303350408801089e+04
3.578427161089627771e+04
6.658206158115714970e+03
3.174116398148734879e+04
7.885885766359616355e+03
1.121541452318220036e+04
2.199549684705592517e+04
1.196178215057290436e+04
1.777977821678267355e+04
1.813980365102392534e+04
1.492183932811474915e+04
6.488617577121701288e+03
2.172750654548336388e+04
1.243247446606781159e+04
2.459574293830980241e+04
1.252752909328283567e+04
1.429328668309041132e+04
2.097215964471648840e+04
1.937316258423687759e+04
1.057625479505378826e+04
2.920498062342484627e+04
9.142965831391282336e+03
1.703155119124445991e+04
2.038126828513500368e+04
1.365604288332046053e+04
2.078040796711693474e+04
1.973533393255456394e+04
2.134627319860771604e+04
2.814144143060572242e+04
1.254666498041435625e+04
2.057496319162660802e+04
1.271385537447386378e+04
1.887472839173660759e+04
1.247846079985561846e+04
1.868776770603776095e+04
9.189294617333929637e+03
1.704531926319826744e+04
3.090967058377342619e+04
1.409507256735662304e+04
1.668759444944839197e+04
5.958085600628055545e+03
3.044633086492621442e+04
7.718307779298916103e+03
1.467233896822238967e+04
1.159741701016852312e+04
5.229977779475711031e+03
1.704504708466039301e+04
1.411096892436219787e+04
1.879629179325637597e+04
1.986101663803438714e+04
1.223111960859311148e+04
1.652589560110892489e+04
1.986116050549134525e+04
1.691926000838699838e+04
1.398729504048713170e+04
6.947135348804936257e+03
1.627326506532373060e+04
1.420626405319353398e+04
1.325700869617905119e+04
1.268850387369229611e+04
1.611967602969666950e+04
1.798561630378791233e+04
1.374434977919757512e+04
1.088378910045091106e+04
1.832026147553692135e+04
9.991088413741506884e+03
8.513169891707333591e+03
2.169870509496724117e+04
1.927683630782752516e+04
1.445415115399321257e+04
7.213721081567895453e+03
2.039874931710886813e+04
7.921176649160185661e+03
8.308193048759436351e+03
7.880498010022191011e+03
7.072694693562214525e+03
2.174535035104422423e+04
1.998082447752986263e+04
7.582317414086185636e+03
9.976391412657829278e+03
1.735086730100248678e+04
3.255839451078392449e+04
1.460633998908969988e+04
1.321238921551663407e+04
1.963308337675814619e+04
1.529419058938555281e+04
1.269882132408079087e+04
1.668494010702629021e+04
1.046646772734670230e+04
1.033906422743564144e+04
1.526913320387988824e+04
9.651312314346909261e+03
7.899904545686102210e+03
9.486833841417075746e+03
1.870269713502941886e+04
8.780383487005181451e+03
2.893902304904644552e+04
1.833551618036320724e+04
1.257998774029769083e+04
1.755909055777100002e+04
2.484192394222121584e+04
1.071392897142989932e+04
2.514479530656186034e+04
1.177292459495673029e+04
1.508936846155987951e+04
1.585313381081283478e+04
1.499232715882056254e+04
3.403674833869177382e+04
7.638735067180410624e+03
7.510163276853882962e+03
1.443423304677556007e+04
1.090083412821044476e+04
1.787492198533059855e+04
2.215629856887836286e+04
7.638346410800354533e+03
2.038675749475801422e+04
1.549038844126185722e+04
1.959518629484367921e+04
2.117472654332243837e+04
2.738705755220518768e+04
8.430277938734900090e+03
3.205299697284714784e+04
9.326450989303239112e+03
7.005017077542300285e+03
2.268668988314955277e+04
3.575792716859864595e+04
1.505274289032512206e+04
1.509801940203459890e+04
1.708533928156069305e+04
2.292365387866202218e+04
1.246403692876650348e+04
1.946446368147755493e+04
1.995521531182331455e+04
4.757753313927897580e+03
1.902466858563605638e+04
7.683816131024051174e+03
1.338879676457850474e+04
1.882308228551808861e+04
7.357786337184978038e+03
1.965119465950976519e+04
2.491815396487741236e+04
9.107537939892332361e+03
1.825388596526586480e+04
2.113315815985072186e+04
1.391840620708325878e+04
9.621849016152820695e+03
3.040304911924704356e+04
7.055494635971933349e+03
1.976890403110107218e+04
1.164453303821721602e+04
1.098121067803128972e+04
8.997821950808931433e+03
1.424460438172423710e+04
3.070416002200206640e+04
1.958056145111074511e+04
1.195822956230293858e+04
1.406642363588786066e+04
1.395317284932491748e+04
6.657720532648978406e+03
1.030527629419641016e+04
2.423603858086360560e+04
1.838534296808024374e+04
2.456178330243012533e+04
1.381308863433490842e+04
1.032669488063710196e+04
2.912689885948295705e+04
9.046965745277058886e+03
