2.668996912160270949e+04
4.593938280086799750e+03
2.721069603539804666e+04
9.690986146000512235e+03
1.169780037449335578e+04
3.504964962790302525e+04
2.192999064430061480e+04
1.113561787258613731e+04
1.562593263061861217e+04
7.517828873463474338e+03
1.754167471022613245e+04
1.462301067337857967e+04
1.774951429841275240e+04
2.151031625690832880e+04
2.085064886975947957e+04
1.251751912690326390e+04
1.003759845638166007e+04
1.547854353032021572e+04
1.040619758355391241e+04
1.190155793648112376e+04
1.501854492179212684e+04
1.452838714965513100e+04
2.478011188758669232e+04
1.275140190111219090e+04
1.795359407255437691e+04
1.448452313534166205e+04
1.056281082705557674e+04
3.561618298825452075e+04
7.397898620291160114e+03
2.401173310963634140e+04
1.947676762644155679e+04
1.031359968697865588e+04
2.633097240220451931e+04
2.092837293361156844e+04
2.144685602927968648e+04
2.181733975549653405e+04
1.113158107493935859e+04
1.657378301865375397e+04
2.813329696587699073e+04
8.651233437009392219e+03
8.742564631867076969e+03
1.433892633609701079e+04
1.094290769861453555e+04
2.831418633461673380e+04
2.312987548503146172e+04
9.276196406075412597e+03
1.118713231453145090e+04
2.263363804072018684e+04
1.445830374145754286e+04
1.510266006027321782e+04
9.490696760635084502e+03
1.467554480670100747e+04
8.837813492959285213e+03
2.938961137318119290e+04
1.466424029424432774e+04
1.564019688607157877e+04
1.754695498692190813e+04
1.428906991086221751e+04
2.312385927809981877e+04
2.036483006204497724e+04
6.658865568974910275e+03
1.418366492226584705e+04
1.631030788807369754e+04
2.656755030645193619e+04
1.148010755942319702e+04
1.153751813840011346e+04
1.464971557672571362e+04
2.675785556446386181e+04
1.925964201070829949e+04
2.611587599160743048e+04
2.258860454077029863e+04
1.676252197839204746e+04
1.191071908743833774e+04
1.373536980274076814e+04
2.703746002147539912e+04
1.715904770212867516e+04
1.190481105275091249e+04
1.867409717241708131e+04
2.873678788232291481e+04
2.005720009549314273e+04
1.239402197936658922e+04
7.870228857208078807e+03
1.634452015695006230e+04
1.484140257610379012e+04
1.368361404410547220e+04
2.510773832966951159e+04
2.338444673205948493e+04
1.271611963158080653e+04
1.294745531759416372e+04
1.409303350408801089e+04
3.583427161089627771e+04
6.708206158115714970e+03
3.179116398148734879e+04
7.935885766359616355e+03
1.126541452318220036e+04
2.204549684705592517e+04
1.201178215057290436e+04
1.782977821678267355e+04
1.818980365102392534e+04
1.497183932811474915e+04
6.538617577121701288e+03
2.177750654548336388e+04
1.248247446606781159e+04
2.464574293830980241e+04
1.257752909328283567e+04
1.434328668309041132e+04
2.102215964471648840e+04
1.942316258423687759e+04
1.062625479505378826e+04
2.925498062342484627e+04
9.192965831391282336e+03
1.708155119124445991e+04
2.043126828513500368e+04
1.370604288332046053e+04
2.083040796711693474e+04
1.978533393255456394e+04
2.139627319860771604e+04
2.819144143060572242e+04
1.259666498041435625e+04
2.062496319162660802e+04
1.276385537447386378e+04
1.892472839173660759e+04
1.252846079985561846e+04
1.873776770603776095e+04
9.239294617333929637e+03
1.709531926319826744e+04
3.095967058377342619e+04
1.414507256735662304e+04
1.673759444944839197e+04
6.008085600628055545e+03
3.049633086492621442e+04
7.768307779298916103e+03
1.472233896822238967e+04
1.164741701016852312e+04
5.279977779475711031e+03
1.709504708466039301e+04
1.416096892436219787e+04
1.884629179325637597e+04
1.991101663803438714e+04
1.228111960859311148e+04
1.657589560110892489e+04
1.991116050549134525e+04
1.696926000838699838e+04
1.403729504048713170e+04
6.997135348804936257e+03
1.632326506532373060e+04
1.425626405319353398e+04
1.330700869617905119e+04
1.273850387369229611e+04
1.616967602969666950e+04
1.803561630378791233e+04
1.379434977919757512e+04
1.093378910045091106e+04
1.837026147553692135e+04
1.004108841374150688e+04
8.563169891707333591e+03
2.174870509496724117e+04
1.932683630782752516e+04
1.450415115399321257e+04
7.263721081567895453e+03
2.044874931710886813e+04
7.971176649160185661e+03
8.358193048759436351e+03
7.930498010022191011e+03
7.122694693562214525e+03
2.179535035104422423e+04
2.003082447752986263e+04
7.632317414086185636e+03
1.002639141265782928e+04
1.740086730100248678e+04
3.260839451078392449e+04
1.465633998908969988e+04
1.326238921551663407e+04
1.968308337675814619e+04
1.534419058938555281e+04
1.274882132408079087e+04
1.673494010702629021e+04
1.051646772734670230e+04
1.038906422743564144e+04
1.531913320387988824e+04
9.701312314346909261e+03
7.949904545686102210e+03
9.536833841417075746e+03
1.875269713502941886e+04
8.830383487005181451e+03
2.898902304904644552e+04
1.838551618036320724e+04
1.262998774029769083e+04
1.760909055777100002e+04
2.489192394222121584e+04
1.076392897142989932e+04
2.519479530656186034e+04
1.182292459495673029e+04
1.513936846155987951e+04
1.590313381081283478e+04
1.504232715882056254e+04
3.408674833869177382e+04
7.688735067180410624e+03
7.560163276853882962e+03
1.448423304677556007e+04
1.095083412821044476e+04
1.792492198533059855e+04
2.220629856887836286e+04
7.688346410800354533e+03
2.043675749475801422e+04
1.554038844126185722e+04
1.964518629484367921e+04
2.122472654332243837e+04
2.743705755220518768e+04
8.480277938734900090e+03
3.210299697284714784e+04
9.376450989303239112e+03
7.055017077542300285e+03
2.273668988314955277e+04
3.580792716859864595e+04
1.510274289032512206e+04
1.514801940203459890e+04
1.713533928156069305e+04
2.297365387866202218e+04
1.251403692876650348e+04
1.951446368147755493e+04
2.000521531182331455e+04
4.807753313927897580e+03
1.907466858563605638e+04
7.733816131024051174e+03
1.343879676457850474e+04
1.887308228551808861e+04
7.407786337184978038e+03
1.970119465950976519e+04
2.496815396487741236e+04
9.157537939892332361e+03
1.830388596526586480e+04
2.118315815985072186e+04
1.396840620708325878e+04
9.671849016152820695e+03
3.045304911924704356e+04
7.105494635971933349e+03
1.981890403110107218e+04
1.169453303821721602e+04
1.103121067803128972e+04
9.047821950808931433e+03
1.429460438172423710e+04
3.075416002200206640e+04
1.963056145111074511e+04
1.200822956230293858e+04
1.411642363588786066e+04
1.400317284932491748e+04
6.707720532648978406e+03
1.035527629419641016e+04
2.428603858086360560e+04
1.843534296808024374e+04
2.461178330243012533e+04
1.386308863433490842e+04
1.037669488063710196e+04
2.917689885948295705e+04
9.096965745277058886e+03
