2.886824153646324921e+10
2.450000000000000000e+03
7.518273110370639801e+09
7.518273087448168755e+09
6.006166697898462296e+09
1.414040241363296318e+10
1.976584890249088287e+10
2.241468885374247551e+09
1.376402826560960197e+10
1.767581460767138672e+10
1.974824341319837570e+10
5.710136292039895058e+09
1.468199920154102707e+10
1.241692418079098701e+09
4.218707450868897438e+09
7.375642544041001320e+09
4.770687657121098042e+08
2.342474101203033447e+10
9.646314556248880386e+09
5.642105199502864838e+09
1.448252497154941368e+10
8.501154705572117805e+09
2.023708976239791632e+09
1.764093010807156754e+10
1.703189408161324310e+10
1.416759073474906158e+10
6.201733470992393494e+09
1.978866130612613297e+10
2.870597177340684533e+08
9.286550012368684769e+09
9.695030946081535339e+09
7.277257712208980560e+09
1.670901443203221893e+10
1.187463717409364700e+10
2.095470690554165649e+10
1.201496643178640366e+10
6.642480424301957130e+09
8.329783554901033640e+08
8.330367080673528671e+09
2.086483909382674217e+09
1.900361455842092133e+10
2.607345388288757324e+09
1.545525636104441643e+10
5.280200028491197586e+09
1.148818477043248749e+10
8.454633153500090599e+09
8.383705726025623322e+09
7.067949841702191353e+09
1.140909718720420456e+10
1.679283992015419960e+10
1.164844568176541901e+10
2.022644523324659729e+10
2.657092406783485413e+09
7.198257184898113251e+09
2.194385833410853863e+09
4.377592351422364235e+09
4.989837486791120529e+09
1.442547472233439636e+10
7.518307180858010292e+09
1.122991570597284698e+10
8.195137554079566956e+09
9.035702606931324005e+09
8.155234536323111534e+09
8.954162066560983658e+09
8.038796531170716286e+09
1.563852456356855965e+10
1.126540344679573631e+10
1.847185233700540161e+10
6.807381703644635201e+09
6.705516459869037628e+09
6.970179866644908190e+08
9.804045664835823059e+09
7.456975986547967911e+09
8.222747206415672302e+09
3.085061432404011250e+09
1.626526751898499680e+10
2.918413625344861984e+09
1.718710961023847198e+10
1.110155881233105278e+10
8.694187211633327484e+09
1.365780354019034576e+10
1.030790913499380493e+10
1.474804042341950607e+10
1.344435816415460777e+10
8.484133606369742393e+09
7.891750086256402969e+09
8.343217929298748016e+09
6.398491842869217396e+08
8.446461530042094231e+09
6.088725909472513199e+09
1.857159966856287003e+10
1.793480191836150646e+09
1.447166346706533432e+10
2.840052881928014278e+09
8.522745518111439705e+09
1.335241432699169350e+10
6.046359219550313950e+09
1.340971642960859489e+10
1.006960627630187607e+10
1.367718209852936172e+10
9.075872083226816177e+09
9.694442059996118546e+09
8.881513174885238647e+09
1.079817426201909256e+10
1.294795693567682648e+10
1.893570568371123505e+10
8.806245181370632172e+09
1.932142983800884628e+10
4.092709277294764996e+09
8.899253855948133469e+09
3.104037455366660595e+09
6.060321733179624557e+09
1.730041576726257706e+10
4.721196681610756874e+09
1.446771895901904678e+10
7.597176030872101784e+09
1.186858294057449913e+10
1.052087939032798767e+10
9.815719992365680695e+09
7.339205213936441422e+09
1.906425906555280304e+10
1.450703008427022552e+10
1.947596740776450729e+10
8.787650694668172836e+09
9.630223393393512726e+09
3.626021926731040955e+09
8.292144229897213936e+09
2.082031181017375231e+09
6.418642830050546646e+09
1.108629145604221344e+09
6.235076407209893227e+09
2.340150782424811840e+09
2.231560613499126816e+10
5.856353805170994759e+09
1.181112145446353340e+10
1.730991877670116425e+10
1.917238631850459671e+10
2.669573284077919006e+09
1.161696902257451439e+10
3.528173461421110630e+09
1.288880728944540787e+10
8.364613808860033035e+09
6.894070872304478645e+09
1.022065254106743813e+10
1.716737614301151037e+09
7.880270734426793098e+09
2.178354759980060577e+09
5.721700529651519775e+09
4.653717070903882027e+09
2.589587711596443176e+10
1.544205447789480972e+10
1.378209079351680946e+10
1.504040666671296358e+09
1.898586167710829163e+10
3.508019320341754913e+09
1.489710345858109474e+10
1.018596523541321754e+10
1.123264925615651894e+10
1.274655500577366829e+10
7.300460185867395401e+09
2.377464397514447784e+10
5.088235202005252242e+08
9.568181674494794846e+09
1.055221397989227867e+10
9.122993965715597153e+09
1.398457059911881065e+10
1.187148345577325058e+10
4.445266242947214127e+09
7.630814474769386292e+09
4.456496415714550018e+09
1.225675856796881104e+10
1.930312844108146191e+09
2.964059066658167267e+10
3.359069683181819439e+09
9.867491510268056870e+09
1.380392439861346817e+10
1.750750582106847763e+09
2.415119114915550613e+10
1.014740869122360802e+10
7.208909744072549820e+09
1.788719007551237869e+10
1.002684022322998047e+10
6.514553233596188545e+09
8.253244485072551727e+09
6.110144412065662384e+09
6.870580813499197960e+09
2.492423620730632305e+09
1.037412057802796364e+10
3.860880810364004135e+09
2.924552388462251663e+10
1.337670608525168037e+10
1.081445275477528572e+10
5.379464248959763527e+09
1.542155905084678268e+10
3.882664949523777962e+09
1.572721221802676773e+10
1.535128177266024971e+10
4.421081671252459526e+09
7.319419997876426697e+09
1.805550273985294342e+10
7.270067505005696297e+09
6.980910711883479118e+09
1.053987122658726931e+09
7.451061235819004059e+09
1.477460764913747978e+10
1.745638070006456757e+10
9.815767076649658203e+09
1.880827113103506088e+10
1.682228140991708946e+10
5.749655113138998032e+09
1.304410064189925957e+10
3.900193974742754936e+09
5.477697704340500832e+09
1.175187687295271683e+10
2.131166442567454910e+10
5.885332888384541512e+09
4.422920303779040337e+09
3.972805638555431843e+09
1.062336674459848022e+10
1.642741334469352007e+09
1.616523256834215546e+10
1.502670689880478477e+10
1.840103587351149368e+10
1.063676395217150497e+10
2.540415449384384632e+09
7.889845073522256851e+09
5.474096949959423065e+09
7.047109292791720390e+09
1.263578672893268013e+10
1.075837421261450958e+10
5.444031868997376442e+09
2.292462963774300766e+10
1.092547796568321419e+10
7.346421452554907799e+09
1.116370062880004168e+09
1.951803912143688965e+10
9.253671901810226440e+09
6.663659157554932594e+09
1.228800002683967590e+10
9.868109130901073456e+09
1.091760338517706108e+10
1.635574752928790808e+09
5.780657391974973679e+09
3.389736093135184288e+09
1.052979225625608444e+10
1.370198084248861122e+10
2.316839496080359268e+10
6.005048618087047577e+09
5.271168171253137589e+09
1.108180985386142159e+10
2.245332932154230881e+10
1.285436076423441410e+09
1.034465043101755142e+10
5.746768949763285637e+09
1.271633321285095406e+10
9.278870481975055695e+09
