4.037447087400573309e+03
2.850000000000000000e+03
3.534141307895733462e+03
3.603899409261322944e+03
3.735730603696199978e+03
3.439317917779569598e+03
3.242700914528487829e+03
3.741385959234527945e+03
3.589142298951927387e+03
3.952381151309079542e+03
3.808708716554840066e+03
3.519368588952224854e+03
3.977671611339252649e+03
3.137931278570332324e+03
3.155234993955852133e+03
3.478112595842937935e+03
3.245218707547276608e+03
3.581015267004036104e+03
3.973325834545837097e+03
3.216144910890310257e+03
3.301644435428836005e+03
3.757751802845447401e+03
3.674025578118432804e+03
3.412135650276826709e+03
3.259395063378834038e+03
3.900153777091064512e+03
3.721378169755960698e+03
3.433156515645715444e+03
3.644548426555801143e+03
3.468535382110055707e+03
3.489380822458839248e+03
3.497841192762400169e+03
3.632949249220473575e+03
3.451909993262065655e+03
3.636683800426280868e+03
3.494508037813113333e+03
3.638519368077132640e+03
3.593404414899870517e+03
3.663023943111140852e+03
3.552006177688363550e+03
3.843129463254487291e+03
3.671695905858096012e+03
3.558666508245076329e+03
3.624536136074928436e+03
3.685278862540159935e+03
3.365597425946471049e+03
3.297528877514594114e+03
3.628134939196405867e+03
3.840403880402151117e+03
3.407943257451075169e+03
3.481230745148060123e+03
3.578419837463488875e+03
3.079886225556164391e+03
4.110667937950893247e+03
3.544317701939098242e+03
3.093482112334983867e+03
3.041744688002552721e+03
3.787147789783987264e+03
3.492623952635320165e+03
3.673129161758625742e+03
3.236166702600504323e+03
3.918339856318887541e+03
3.922894416388568061e+03
3.173274327366304988e+03
3.588384365038364194e+03
3.622369584533755642e+03
3.730054356425797778e+03
3.645776690600987422e+03
3.195540650812590684e+03
3.548504204690037113e+03
3.792173631637715516e+03
3.231777791825316854e+03
3.627490561287865148e+03
3.489155088321963831e+03
3.678845833902627419e+03
3.443157126671311744e+03
3.503804811150253045e+03
3.856782228920071702e+03
3.878410622432079435e+03
3.592635502021771117e+03
3.513037743611872884e+03
3.824780522092841693e+03
3.918831453420821163e+03
3.243981559494800877e+03
3.768870664916441456e+03
3.273522594813914566e+03
3.319400762844816200e+03
3.519575872364298448e+03
3.405156483309968280e+03
3.573583572298098716e+03
3.751211259102948588e+03
3.557559090840110912e+03
3.553284865317318236e+03
3.197332191988294653e+03
3.537616797547279020e+03
3.459025846823251413e+03
3.322765385129983770e+03
3.610250201710233341e+03
3.719850480691898156e+03
3.511274340196934190e+03
3.445969909406955594e+03
3.917658256382103900e+03
3.632637234733684636e+03
3.591164640727989990e+03
3.676207294118145910e+03
3.592667648709318200e+03
3.488485185563342839e+03
3.768307806126433206e+03
3.867086028501623332e+03
3.351915048104912330e+03
3.544370625187683800e+03
3.658861128264111358e+03
3.534769310912286528e+03
3.542130812006503675e+03
3.612331075524016342e+03
3.777174464873279703e+03
3.918628973088196290e+03
3.314806188351809396e+03
3.375049560877954264e+03
3.973390427081419148e+03
3.280773093183852325e+03
3.916969388660948880e+03
3.832038957981941621e+03
3.400231359137097115e+03
3.360196232339804737e+03
3.210714757686941994e+03
3.414542580387075304e+03
3.792671347543415322e+03
3.424128329054849928e+03
3.478095685603313086e+03
3.617029381043317699e+03
2.986608438922369260e+03
3.837502668107052159e+03
3.417270149873328137e+03
3.302698561132478972e+03
3.558206438565400276e+03
3.531266074389279765e+03
3.569481153953291141e+03
3.885499687508208808e+03
3.209536834773106420e+03
3.922173155968440369e+03
3.232294951913152545e+03
3.593055759956052043e+03
3.808030708797821717e+03
3.856506764099074189e+03
3.312287719997631939e+03
3.360901298826869152e+03
3.890159127605566937e+03
3.636406096207838800e+03
3.780218019373751758e+03
3.479222277741719154e+03
3.688209184413688035e+03
3.821344475890136891e+03
3.369680388978847077e+03
3.110862611031156575e+03
3.756676921901647347e+03
3.883903824291273850e+03
3.572946839823622668e+03
3.412552525460620018e+03
3.688946270354284934e+03
3.353432111444378734e+03
3.805672377555019011e+03
3.631184325863210688e+03
3.015628067778719924e+03
4.035142819383435381e+03
3.550622576131632741e+03
3.504830287012583540e+03
3.646342609660775452e+03
3.514861738254113334e+03
4.003402719213251203e+03
3.781788422979290772e+03
3.154900598638532756e+03
3.213346291163769365e+03
3.863444292903049245e+03
3.642249299568360129e+03
3.444546736997891458e+03
3.773240127115845098e+03
3.528961623278551997e+03
3.667488916641458218e+03
3.461938704567137393e+03
3.481851230311189283e+03
3.814536442275664740e+03
3.560884436119998099e+03
3.634509463345599670e+03
3.562818821785894215e+03
3.421407732123680034e+03
3.280802649364007721e+03
3.723946573691801859e+03
3.764934573128108696e+03
3.318803868427390171e+03
3.350321125430342818e+03
3.497610420157679528e+03
3.317769909050195110e+03
3.639874594140339923e+03
3.547760909821881341e+03
3.512685971422522016e+03
3.691082960518671371e+03
3.494058139782329818e+03
3.331587015208033790e+03
3.641384349786299481e+03
3.695793813613591738e+03
3.377037174357715230e+03
3.429465960147224450e+03
3.666337946300352996e+03
3.817949994289511324e+03
3.214585217203961747e+03
3.286393704731442995e+03
3.707055520287735362e+03
3.437283096412024861e+03
3.347112926966059149e+03
4.013222280229879289e+03
3.055872370926352687e+03
3.655817253745874950e+03
3.455693660172109958e+03
3.377048412354614356e+03
4.101736083162857540e+03
3.199807308376499350e+03
3.715737613347227125e+03
3.883032445769960759e+03
3.714233077380864870e+03
3.473781381697761390e+03
3.458781783911541424e+03
3.855163868710732459e+03
2.982330428936068074e+03
3.705852451907420345e+03
3.365934836096132130e+03
3.295485723801937638e+03
3.850345865467729254e+03
3.426180089314469114e+03
3.753964401300474037e+03
3.128941360642128529e+03
4.025573150434444869e+03
3.488929610774533558e+03
3.322100000606737012e+03
3.045825390211258309e+03
4.122094413785157485e+03
3.544869021051225900e+03
3.519522729685354534e+03
3.723858301609053797e+03
3.758141847458671236e+03
3.202030890439700670e+03
3.660658061591292153e+03
3.597588834807449530e+03
3.471633063969380601e+03
3.569031726054897263e+03
3.473548216701271485e+03
3.505599053344202730e+03
3.770747978426127702e+03
3.444456373436197282e+03
3.688671942856018177e+03
3.481073706719680558e+03
3.645325490576175980e+03
3.668934342071390347e+03
3.364857992381770146e+03
3.335751587114314134e+03
3.579438538818872075e+03
