3.192748388403045014e+07
2.350000000000000000e+03
2.251929385012698825e+06
3.777185890927511500e+05
2.004640192429074887e+04
1.375511590000257827e+07
3.479137696513961419e+05
2.428341059951033443e+07
4.406361878656270164e+03
1.006992379800150357e+07
7.079718155732759042e+05
1.627142937535805255e+07
1.432474229106057584e+08
2.875095173088308911e+03
4.043042421248956816e+05
4.053862385289138765e+05
1.492866321674264269e+06
1.918457700250528008e+07
4.875127586843482405e+07
1.396412711862834294e+04
2.626529789704044379e+04
2.250656339010262117e+07
4.992160759341891389e+04
1.102784167580784112e+07
4.013111136097010458e+05
1.074209236427503377e+08
7.934444808163284324e+05
1.114689692850251158e+05
1.276051195322873257e+07
4.661471843238483416e+05
1.737454758783360943e+07
2.436136375494935055e+04
2.929241224689361826e+07
4.757940911481888907e+04
4.316973554756230675e+06
7.040241386187542230e+05
1.704865125723395031e+05
5.381121816423387500e+05
3.557843416787583847e+05
4.771617454325234145e+07
2.081396371868319329e+04
1.757599756518943608e+07
9.078392367119013215e+04
4.551329596339089796e+06
1.752320850906035900e+08
4.882726012405202709e+03
1.759289931383621297e+05
1.280625774798178673e+07
1.569163599753441522e+06
8.130247613492848177e+04
1.351485985186105669e+08
2.626834137582136918e+03
1.061940014810821973e+06
3.612187425988152623e+07
2.397106420663370227e+04
3.482584874663420022e+06
1.546548034523241222e+05
9.873901213511893153e+07
2.586280280467127450e+05
1.155754317032923736e+07
7.367997598067192361e+06
2.955353915209628758e+05
6.425987428351856768e+06
4.644255075462544482e+03
5.002460741369715892e+06
1.896098235437081428e+06
2.770234390145437792e+07
2.869683721879266159e+03
1.687784789075715002e+06
4.818146051131809509e+04
3.021479096757153911e+03
2.902454878949143887e+08
6.784185761096547358e+05
4.254482725411172956e+06
3.043839618935279304e+03
1.113510835027251393e+07
6.899873582188931108e+07
6.855570415809759288e+04
1.965708382170883939e+07
1.201852824662766216e+05
1.698541299438103160e+05
5.223731002042476321e+05
9.021900020251314342e+07
6.908827412019555049e+04
2.061928769023799105e+05
1.269446253825448081e+07
1.926151230397105217e+06
9.819715366682270542e+06
6.043768981536561114e+03
4.408189883740978688e+07
1.071020371149148047e+07
1.957380211033283500e+06
6.223572191459395923e+06
1.007525814100690623e+05
2.682663928788455203e+07
8.205013605525440653e+04
1.008617428478888050e+07
1.828598489035457169e+04
1.892161884795552492e+07
1.190845367632266061e+04
2.835477005012899637e+07
4.778045779127547285e+05
2.579458476236769275e+04
9.178517990406998992e+07
2.456035888592644478e+05
1.749546142359503079e+06
9.954861483410895744e+03
6.261613074787938595e+07
2.406414084948034957e+07
1.359014405841534259e+06
1.816729787429163000e+06
5.027019941348248540e+04
6.540856122364648618e+06
5.298798735274794744e+05
1.393543073838285804e+08
3.321158142498458037e+05
7.720174678499472975e+03
3.580576494503462221e+06
1.172242647462394380e+05
1.238934791096772254e+07
2.878670172778458891e+03
7.604549184946121275e+07
2.350954398431117879e+05
9.272986646160897799e+05
6.674644487286979333e+06
1.327535153531737706e+04
2.824727119848772138e+07
1.695527155967361468e+05
9.984525717537799850e+06
3.562258410791573169e+03
1.340972139511925541e+07
2.764025138827926014e+06
4.105530083857019235e+03
6.877011029947574437e+07
6.808643846627954626e+05
5.013733308120523579e+05
3.141722729460308074e+03
3.279708056152206287e+07
4.414245963660114445e+06
1.183689710703698220e+06
7.206478508813880384e+06
1.285509645159466309e+05
2.432639179257760197e+07
1.397180704829679569e+06
1.072147038101611882e+08
1.437570055688543653e+04
2.401183174045931373e+05
6.563891319105378352e+05
4.516460830086896021e+04
1.562143777189145237e+07
4.559917478118341933e+03
4.016849266679672897e+07
3.940567905862891581e+06
1.714877231084230356e+06
3.293343511676973321e+03
5.703617850132357329e+07
1.897153916549158096e+07
3.987916352888444635e+03
5.734079976414750516e+07
1.718351088648388395e+04
6.681075638918653876e+07
3.126327251179773157e+03
3.442999839050356764e+06
3.913717426203344803e+04
3.030981791447027717e+03
1.948173779793898463e+08
4.213471337126979604e+06
2.644704262203518883e+05
5.264428891795201707e+03
4.103436550970699638e+07
1.537262320203957788e+05
5.301998070872875862e+06
8.290698267564130947e+05
1.139673029443348933e+05
5.196756157603687048e+07
7.061083227066064865e+03
9.750152837814135849e+07
1.295707204463551985e+06
3.007117092270135414e+06
3.195742542857337394e+05
3.250394857682085596e+06
8.661868371428595856e+06
8.916006743100313543e+03
6.651297758033723570e+06
1.484850177644206851e+05
1.714621882052004104e+06
2.843900604016232592e+03
4.501739357432229072e+07
3.069301133698264509e+07
6.116566060718847439e+06
3.248076323662507813e+06
1.586300015625836932e+04
5.064428337125100195e+06
3.885924570619756356e+06
1.117294972352242842e+07
4.644671186754079827e+03
1.189109964550419245e+06
6.627857220947925746e+07
1.773984205113992211e+05
3.988947161712241825e+06
1.541383753228739649e+07
3.624656652275492437e+06
1.098835420962622993e+04
2.614289619634852558e+07
5.741826781837317685e+04
2.254832669093297794e+06
1.860406810138449073e+08
2.878254782492063441e+03
5.436365152775420994e+07
2.779960875113369639e+03
3.203333409043792635e+06
5.890900776401192416e+05
4.181107901643391961e+04
1.632401200235741027e+07
1.198942844147610958e+04
2.370523842939881980e+07
4.920804632104216143e+05
3.422544292112473049e+05
9.663037135739625228e+03
9.468401748583704233e+07
3.610063315775417536e+07
3.952501845834991400e+03
1.303756868903941847e+07
7.006244577622746874e+04
2.472720692089280579e+06
2.508055905986902144e+04
1.262399296916907281e+08
3.146344695753897213e+03
1.721569388090213470e+05
2.421357728362805769e+07
3.779398479912526091e+04
1.457038712517435430e+06
9.569003014481326318e+03
8.460066652335720137e+06
4.489739315767390508e+03
6.018016725869960338e+07
6.705428389422929613e+05
3.945692328336744104e+06
1.078999931528060138e+08
3.182356558605362352e+03
5.263271941085364670e+07
3.713073921053317463e+03
9.439564237925260095e+05
3.288399492080602795e+05
6.886283833461810900e+03
5.816874048105346970e+06
4.162756461426948663e+06
2.039416789351014048e+07
1.385234035054632928e+06
6.774275246308249189e+05
6.215407523094281554e+06
1.325473071648012847e+08
3.460661192362891044e+06
1.342134781985448171e+04
1.316187124650787376e+07
5.570382998363850638e+05
