3.192778388403045014e+07
2.650000000000000000e+03
2.252229385012698825e+06
3.780185890927511500e+05
2.034640192429074887e+04
1.375541590000257827e+07
3.482137696513961419e+05
2.428371059951033443e+07
4.706361878656270164e+03
1.007022379800150357e+07
7.082718155732759042e+05
1.627172937535805255e+07
1.432477229106057584e+08
3.175095173088308911e+03
4.046042421248956816e+05
4.056862385289138765e+05
1.493166321674264269e+06
1.918487700250528008e+07
4.875157586843482405e+07
1.426412711862834294e+04
2.656529789704044379e+04
2.250686339010262117e+07
5.022160759341891389e+04
1.102814167580784112e+07
4.016111136097010458e+05
1.074212236427503377e+08
7.937444808163284324e+05
1.117689692850251158e+05
1.276081195322873257e+07
4.664471843238483416e+05
1.737484758783360943e+07
2.466136375494935055e+04
2.929271224689361826e+07
4.787940911481888907e+04
4.317273554756230675e+06
7.043241386187542230e+05
1.707865125723395031e+05
5.384121816423387500e+05
3.560843416787583847e+05
4.771647454325234145e+07
2.111396371868319329e+04
1.757629756518943608e+07
9.108392367119013215e+04
4.551629596339089796e+06
1.752323850906035900e+08
5.182726012405202709e+03
1.762289931383621297e+05
1.280655774798178673e+07
1.569463599753441522e+06
8.160247613492848177e+04
1.351488985186105669e+08
2.926834137582136918e+03
1.062240014810821973e+06
3.612217425988152623e+07
2.427106420663370227e+04
3.482884874663420022e+06
1.549548034523241222e+05
9.873931213511893153e+07
2.589280280467127450e+05
1.155784317032923736e+07
7.368297598067192361e+06
2.958353915209628758e+05
6.426287428351856768e+06
4.944255075462544482e+03
5.002760741369715892e+06
1.896398235437081428e+06
2.770264390145437792e+07
3.169683721879266159e+03
1.688084789075715002e+06
4.848146051131809509e+04
3.321479096757153911e+03
2.902457878949143887e+08
6.787185761096547358e+05
4.254782725411172956e+06
3.343839618935279304e+03
1.113540835027251393e+07
6.899903582188931108e+07
6.885570415809759288e+04
1.965738382170883939e+07
1.204852824662766216e+05
1.701541299438103160e+05
5.226731002042476321e+05
9.021930020251314342e+07
6.938827412019555049e+04
2.064928769023799105e+05
1.269476253825448081e+07
1.926451230397105217e+06
9.820015366682270542e+06
6.343768981536561114e+03
4.408219883740978688e+07
1.071050371149148047e+07
1.957680211033283500e+06
6.223872191459395923e+06
1.010525814100690623e+05
2.682693928788455203e+07
8.235013605525440653e+04
1.008647428478888050e+07
1.858598489035457169e+04
1.892191884795552492e+07
1.220845367632266061e+04
2.835507005012899637e+07
4.781045779127547285e+05
2.609458476236769275e+04
9.178547990406998992e+07
2.459035888592644478e+05
1.749846142359503079e+06
1.025486148341089574e+04
6.261643074787938595e+07
2.406444084948034957e+07
1.359314405841534259e+06
1.817029787429163000e+06
5.057019941348248540e+04
6.541156122364648618e+06
5.301798735274794744e+05
1.393546073838285804e+08
3.324158142498458037e+05
8.020174678499472975e+03
3.580876494503462221e+06
1.175242647462394380e+05
1.238964791096772254e+07
3.178670172778458891e+03
7.604579184946121275e+07
2.353954398431117879e+05
9.275986646160897799e+05
6.674944487286979333e+06
1.357535153531737706e+04
2.824757119848772138e+07
1.698527155967361468e+05
9.984825717537799850e+06
3.862258410791573169e+03
1.341002139511925541e+07
2.764325138827926014e+06
4.405530083857019235e+03
6.877041029947574437e+07
6.811643846627954626e+05
5.016733308120523579e+05
3.441722729460308074e+03
3.279738056152206287e+07
4.414545963660114445e+06
1.183989710703698220e+06
7.206778508813880384e+06
1.288509645159466309e+05
2.432669179257760197e+07
1.397480704829679569e+06
1.072150038101611882e+08
1.467570055688543653e+04
2.404183174045931373e+05
6.566891319105378352e+05
4.546460830086896021e+04
1.562173777189145237e+07
4.859917478118341933e+03
4.016879266679672897e+07
3.940867905862891581e+06
1.715177231084230356e+06
3.593343511676973321e+03
5.703647850132357329e+07
1.897183916549158096e+07
4.287916352888444635e+03
5.734109976414750516e+07
1.748351088648388395e+04
6.681105638918653876e+07
3.426327251179773157e+03
3.443299839050356764e+06
3.943717426203344803e+04
3.330981791447027717e+03
1.948176779793898463e+08
4.213771337126979604e+06
2.647704262203518883e+05
5.564428891795201707e+03
4.103466550970699638e+07
1.540262320203957788e+05
5.302298070872875862e+06
8.293698267564130947e+05
1.142673029443348933e+05
5.196786157603687048e+07
7.361083227066064865e+03
9.750182837814135849e+07
1.296007204463551985e+06
3.007417092270135414e+06
3.198742542857337394e+05
3.250694857682085596e+06
8.662168371428595856e+06
9.216006743100313543e+03
6.651597758033723570e+06
1.487850177644206851e+05
1.714921882052004104e+06
3.143900604016232592e+03
4.501769357432229072e+07
3.069331133698264509e+07
6.116866060718847439e+06
3.248376323662507813e+06
1.616300015625836932e+04
5.064728337125100195e+06
3.886224570619756356e+06
1.117324972352242842e+07
4.944671186754079827e+03
1.189409964550419245e+06
6.627887220947925746e+07
1.776984205113992211e+05
3.989247161712241825e+06
1.541413753228739649e+07
3.624956652275492437e+06
1.128835420962622993e+04
2.614319619634852558e+07
5.771826781837317685e+04
2.255132669093297794e+06
1.860409810138449073e+08
3.178254782492063441e+03
5.436395152775420994e+07
3.079960875113369639e+03
3.203633409043792635e+06
5.893900776401192416e+05
4.211107901643391961e+04
1.632431200235741027e+07
1.228942844147610958e+04
2.370553842939881980e+07
4.923804632104216143e+05
3.425544292112473049e+05
9.963037135739625228e+03
9.468431748583704233e+07
3.610093315775417536e+07
4.252501845834991400e+03
1.303786868903941847e+07
7.036244577622746874e+04
2.473020692089280579e+06
2.538055905986902144e+04
1.262402296916907281e+08
3.446344695753897213e+03
1.724569388090213470e+05
2.421387728362805769e+07
3.809398479912526091e+04
1.457338712517435430e+06
9.869003014481326318e+03
8.460366652335720137e+06
4.789739315767390508e+03
6.018046725869960338e+07
6.708428389422929613e+05
3.945992328336744104e+06
1.079002931528060138e+08
3.482356558605362352e+03
5.263301941085364670e+07
4.013073921053317463e+03
9.442564237925260095e+05
3.291399492080602795e+05
7.186283833461810900e+03
5.817174048105346970e+06
4.163056461426948663e+06
2.039446789351014048e+07
1.385534035054632928e+06
6.777275246308249189e+05
6.215707523094281554e+06
1.325476071648012847e+08
3.460961192362891044e+06
1.372134781985448171e+04
1.316217124650787376e+07
5.573382998363850638e+05
