3.192828388403045014e+07
3.150000000000000000e+03
2.252729385012698825e+06
3.785185890927511500e+05
2.084640192429074887e+04
1.375591590000257827e+07
3.487137696513961419e+05
2.428421059951033443e+07
5.206361878656270164e+03
1.007072379800150357e+07
7.087718155732759042e+05
1.627222937535805255e+07
1.432482229106057584e+08
3.675095173088308911e+03
4.051042421248956816e+05
4.061862385289138765e+05
1.493666321674264269e+06
1.918537700250528008e+07
4.875207586843482405e+07
1.476412711862834294e+04
2.706529789704044379e+04
2.250736339010262117e+07
5.072160759341891389e+04
1.102864167580784112e+07
4.021111136097010458e+05
1.074217236427503377e+08
7.942444808163284324e+05
1.122689692850251158e+05
1.276131195322873257e+07
4.669471843238483416e+05
1.737534758783360943e+07
2.516136375494935055e+04
2.929321224689361826e+07
4.837940911481888907e+04
4.317773554756230675e+06
7.048241386187542230e+05
1.712865125723395031e+05
5.389121816423387500e+05
3.565843416787583847e+05
4.771697454325234145e+07
2.161396371868319329e+04
1.757679756518943608e+07
9.158392367119013215e+04
4.552129596339089796e+06
1.752328850906035900e+08
5.682726012405202709e+03
1.767289931383621297e+05
1.280705774798178673e+07
1.569963599753441522e+06
8.210247613492848177e+04
1.351493985186105669e+08
3.426834137582136918e+03
1.062740014810821973e+06
3.612267425988152623e+07
2.477106420663370227e+04
3.483384874663420022e+06
1.554548034523241222e+05
9.873981213511893153e+07
2.594280280467127450e+05
1.155834317032923736e+07
7.368797598067192361e+06
2.963353915209628758e+05
6.426787428351856768e+06
5.444255075462544482e+03
5.003260741369715892e+06
1.896898235437081428e+06
2.770314390145437792e+07
3.669683721879266159e+03
1.688584789075715002e+06
4.898146051131809509e+04
3.821479096757153911e+03
2.902462878949143887e+08
6.792185761096547358e+05
4.255282725411172956e+06
3.843839618935279304e+03
1.113590835027251393e+07
6.899953582188931108e+07
6.935570415809759288e+04
1.965788382170883939e+07
1.209852824662766216e+05
1.706541299438103160e+05
5.231731002042476321e+05
9.021980020251314342e+07
6.988827412019555049e+04
2.069928769023799105e+05
1.269526253825448081e+07
1.926951230397105217e+06
9.820515366682270542e+06
6.843768981536561114e+03
4.408269883740978688e+07
1.071100371149148047e+07
1.958180211033283500e+06
6.224372191459395923e+06
1.015525814100690623e+05
2.682743928788455203e+07
8.285013605525440653e+04
1.008697428478888050e+07
1.908598489035457169e+04
1.892241884795552492e+07
1.270845367632266061e+04
2.835557005012899637e+07
4.786045779127547285e+05
2.659458476236769275e+04
9.178597990406998992e+07
2.464035888592644478e+05
1.750346142359503079e+06
1.075486148341089574e+04
6.261693074787938595e+07
2.406494084948034957e+07
1.359814405841534259e+06
1.817529787429163000e+06
5.107019941348248540e+04
6.541656122364648618e+06
5.306798735274794744e+05
1.393551073838285804e+08
3.329158142498458037e+05
8.520174678499472066e+03
3.581376494503462221e+06
1.180242647462394380e+05
1.239014791096772254e+07
3.678670172778458891e+03
7.604629184946121275e+07
2.358954398431117879e+05
9.280986646160897799e+05
6.675444487286979333e+06
1.407535153531737706e+04
2.824807119848772138e+07
1.703527155967361468e+05
9.985325717537799850e+06
4.362258410791573624e+03
1.341052139511925541e+07
2.764825138827926014e+06
4.905530083857019235e+03
6.877091029947574437e+07
6.816643846627954626e+05
5.021733308120523579e+05
3.941722729460308074e+03
3.279788056152206287e+07
4.415045963660114445e+06
1.184489710703698220e+06
7.207278508813880384e+06
1.293509645159466309e+05
2.432719179257760197e+07
1.397980704829679569e+06
1.072155038101611882e+08
1.517570055688543653e+04
2.409183174045931373e+05
6.571891319105378352e+05
4.596460830086896021e+04
1.562223777189145237e+07
5.359917478118341933e+03
4.016929266679672897e+07
3.941367905862891581e+06
1.715677231084230356e+06
4.093343511676973321e+03
5.703697850132357329e+07
1.897233916549158096e+07
4.787916352888444635e+03
5.734159976414750516e+07
1.798351088648388395e+04
6.681155638918653876e+07
3.926327251179773157e+03
3.443799839050356764e+06
3.993717426203344803e+04
3.830981791447027717e+03
1.948181779793898463e+08
4.214271337126979604e+06
2.652704262203518883e+05
6.064428891795201707e+03
4.103516550970699638e+07
1.545262320203957788e+05
5.302798070872875862e+06
8.298698267564130947e+05
1.147673029443348933e+05
5.196836157603687048e+07
7.861083227066064865e+03
9.750232837814135849e+07
1.296507204463551985e+06
3.007917092270135414e+06
3.203742542857337394e+05
3.251194857682085596e+06
8.662668371428595856e+06
9.716006743100313543e+03
6.652097758033723570e+06
1.492850177644206851e+05
1.715421882052004104e+06
3.643900604016232592e+03
4.501819357432229072e+07
3.069381133698264509e+07
6.117366060718847439e+06
3.248876323662507813e+06
1.666300015625837113e+04
5.065228337125100195e+06
3.886724570619756356e+06
1.117374972352242842e+07
5.444671186754079827e+03
1.189909964550419245e+06
6.627937220947925746e+07
1.781984205113992211e+05
3.989747161712241825e+06
1.541463753228739649e+07
3.625456652275492437e+06
1.178835420962622993e+04
2.614369619634852558e+07
5.821826781837317685e+04
2.255632669093297794e+06
1.860414810138449073e+08
3.678254782492063441e+03
5.436445152775420994e+07
3.579960875113369639e+03
3.204133409043792635e+06
5.898900776401192416e+05
4.261107901643391961e+04
1.632481200235741027e+07
1.278942844147610958e+04
2.370603842939881980e+07
4.928804632104216143e+05
3.430544292112473049e+05
1.046303713573962523e+04
9.468481748583704233e+07
3.610143315775417536e+07
4.752501845834991400e+03
1.303836868903941847e+07
7.086244577622746874e+04
2.473520692089280579e+06
2.588055905986902144e+04
1.262407296916907281e+08
3.946344695753897213e+03
1.729569388090213470e+05
2.421437728362805769e+07
3.859398479912526091e+04
1.457838712517435430e+06
1.036900301448132632e+04
8.460866652335720137e+06
5.289739315767390508e+03
6.018096725869960338e+07
6.713428389422929613e+05
3.946492328336744104e+06
1.079007931528060138e+08
3.982356558605362352e+03
5.263351941085364670e+07
4.513073921053317463e+03
9.447564237925260095e+05
3.296399492080602795e+05
7.686283833461810900e+03
5.817674048105346970e+06
4.163556461426948663e+06
2.039496789351014048e+07
1.386034035054632928e+06
6.782275246308249189e+05
6.216207523094281554e+06
1.325481071648012847e+08
3.461461192362891044e+06
1.422134781985448171e+04
1.316267124650787376e+07
5.578382998363850638e+05
