1.242365713808251894e+04
2.800000000000000000e+03
4.770730064075796690e+03
4.770750739806091588e+03
4.688326261241142674e+03
6.149257545428752564e+03
4.219617612802690928e+03
5.706252201352913289e+03
5.516291100911206740e+03
9.934474280649321372e+03
4.159301409077824246e+03
7.344955613984903721e+03
1.040137692129903553e+04
2.980281232969033681e+03
8.108487832676471953e+03
6.862114414581979872e+03
5.412820398757924522e+03
5.928740123293687247e+03
7.923920858205790864e+03
4.199595849215398630e+03
3.445813449539597059e+03
9.013869225612541413e+03
7.073959388945936553e+03
4.935760331703149859e+03
4.098104569744045875e+03
8.420893913766134574e+03
7.830644661871897370e+03
5.722234526072921653e+03
7.462696617918096308e+03
6.854100031964891969e+03
6.527994566213047619e+03
5.059443986468271760e+03
8.851501552712074044e+03
4.431654832552031621e+03
5.154221195546579111e+03
4.464164878850124296e+03
4.391600310791263837e+03
6.009825558530405942e+03
3.864644559777531867e+03
8.086343273430460613e+03
4.292450538468368904e+03
6.738414598053395821e+03
5.253550196306600810e+03
8.859078669388069102e+03
1.259002771531522740e+04
4.495076062211863245e+03
5.674702715174622426e+03
4.547092180307960007e+03
6.797522782050246860e+03
5.291204943640217607e+03
6.085777217767394177e+03
5.172198520069705410e+03
5.529531009088142127e+03
9.284403191532072015e+03
4.192329005679031070e+03
5.965112984099252571e+03
7.952242071040206611e+03
9.411092684967961759e+03
4.378487651457019638e+03
6.041504733139936434e+03
4.937795219969370009e+03
5.714222618938782034e+03
8.523443205892839615e+03
7.663994523653360375e+03
6.440264361612837092e+03
4.172487915604200680e+03
6.465479456301740356e+03
9.317856668209595227e+03
6.772811356870131931e+03
8.222511946859514865e+03
5.731017743486318068e+03
9.230627102197908243e+03
4.277307585856075093e+03
5.847077603829284271e+03
3.488366739143400082e+03
7.930547104184584896e+03
7.010323464390398840e+03
3.523692693019585931e+03
6.135474240447372722e+03
4.402020703282716568e+03
8.247357192617022520e+03
5.145902537217875761e+03
9.582038498223773786e+03
3.052046648694310534e+03
4.175589388640870311e+03
8.714068720119124919e+03
7.213600385189414737e+03
7.521503852765385091e+03
5.254877191447390942e+03
7.433862187046765030e+03
4.823603185626767299e+03
6.088924953504129007e+03
7.843002204249252827e+03
3.695190541539024707e+03
8.347904246492100356e+03
4.035810820661457910e+03
7.455549773314482991e+03
6.975851334949026750e+03
5.061265429701387802e+03
5.411195897875049923e+03
4.230990453340962631e+03
6.173416771704391067e+03
7.794815426091180598e+03
9.104745618377459323e+03
4.297896281722692038e+03
5.047183510564860626e+03
3.104202084357831154e+03
1.050050720448407446e+04
6.032860026099764582e+03
5.015440665835938489e+03
5.164394548789710825e+03
4.762866914383852418e+03
5.528876627774823646e+03
4.435304099826802485e+03
1.302171817666464267e+04
4.270645650220865718e+03
5.495927439671771026e+03
1.061860077821897357e+04
4.034372777294241587e+03
7.395846418045835890e+03
3.596065679932324201e+03
9.311715768360374568e+03
5.198732332944008704e+03
5.873777014461648832e+03
5.135283799694767367e+03
4.394930090569527238e+03
1.169948814485645926e+04
3.769604897010659442e+03
1.240065072284210873e+04
4.378234255577375734e+03
9.837412836058596440e+03
3.142183933511289069e+03
4.263676500012905308e+03
9.112421185809162125e+03
4.890518223627154839e+03
9.175737508362855806e+03
4.400135846380071598e+03
7.840221921202734848e+03
5.707004613745144525e+03
4.425015328808320191e+03
8.302608973423008138e+03
3.455391681088312907e+03
6.668624406646489660e+03
3.542197279563958091e+03
8.898287556469178526e+03
3.729467433299780623e+03
7.064171404981503656e+03
7.997384066973258086e+03
4.734241785548356347e+03
1.152423510959142186e+04
4.714259391677544045e+03
6.382040569078670160e+03
4.251645006099468446e+03
6.074404523089631766e+03
3.420474945892385222e+03
7.745796907184165320e+03
8.580014259057348681e+03
3.937387128931748521e+03
5.290006034388028638e+03
4.869777845711738337e+03
8.037686159740504081e+03
4.348972615948817293e+03
1.457687364196939052e+04
3.964395353226144834e+03
4.205060481633402560e+03
1.394010995136978090e+04
4.372587110412476250e+03
6.603425684694949268e+03
3.903819913763650220e+03
7.787526232802890263e+03
5.127598254948193244e+03
5.055938852581205538e+03
6.236189626350549588e+03
4.494457525115161843e+03
8.475618063733574672e+03
3.405356813004653304e+03
9.682409997624174139e+03
6.118501747951264406e+03
5.251421094817736957e+03
5.035945196784972723e+03
3.727100401106820300e+03
7.007511877307549184e+03
5.587573904502659389e+03
8.795186501187386966e+03
3.478113548381129931e+03
6.869201191161880161e+03
4.201966294427082175e+03
7.096593208924940882e+03
6.869631640102727943e+03
6.729373611311013519e+03
4.575866787500786813e+03
4.792617575008998756e+03
5.747211004493250584e+03
4.906147692438416925e+03
7.633233023106361543e+03
3.853925783578898972e+03
3.512309261938396958e+03
6.654911521960801110e+03
5.285478450020713353e+03
6.199199208035404808e+03
5.092002819628510224e+03
6.484659553263215457e+03
1.003189625131479806e+04
6.448062353622172850e+03
5.208225656092721692e+03
8.759925348595505056e+03
7.646896954583769002e+03
6.048490286161773838e+03
7.577068749584250327e+03
3.831191507264930351e+03
7.333433301663277234e+03
3.511624186999072208e+03
4.391839933501464657e+03
5.462602242486750583e+03
4.879555058724248738e+03
7.148011674788789605e+03
6.311730643850212800e+03
8.910706540116163524e+03
5.308343208950690496e+03
7.547939732731953882e+03
7.949558657794319515e+03
3.660667336919080299e+03
7.614102369533421552e+03
7.717037164224664593e+03
4.941059570259740212e+03
4.864137711984441921e+03
8.144845199374683034e+03
4.680475170022766179e+03
4.654290550142133725e+03
6.408244779272745291e+03
3.264412274048776453e+03
7.249978016519359699e+03
9.411593597018534638e+03
7.765984540902392837e+03
5.350367304930599857e+03
6.433000299638648357e+03
5.076018312835029064e+03
7.380603199052224227e+03
7.597587594787397393e+03
8.936729731295909005e+03
7.726908684097060359e+03
4.808312459882812618e+03
6.425756613582051614e+03
4.841260592219325190e+03
3.973801443810998535e+03
5.198240997920645896e+03
4.008606431924832123e+03
9.637632231990946821e+03
4.964723271914263933e+03
4.915368118685302761e+03
6.168554520823454368e+03
1.006288735282313246e+04
8.941262537675100248e+03
5.537767412547627828e+03
6.244360582841472933e+03
4.473233080999323647e+03
