1.217365713808251894e+04
2.550000000000000000e+03
4.520730064075796690e+03
4.520750739806091588e+03
4.438326261241142674e+03
5.899257545428752564e+03
3.969617612802690928e+03
5.456252201352913289e+03
5.266291100911206740e+03
9.684474280649321372e+03
3.909301409077824246e+03
7.094955613984903721e+03
1.015137692129903553e+04
2.730281232969033681e+03
7.858487832676471953e+03
6.612114414581979872e+03
5.162820398757924522e+03
5.678740123293687247e+03
7.673920858205790864e+03
3.949595849215398175e+03
3.195813449539597059e+03
8.763869225612541413e+03
6.823959388945936553e+03
4.685760331703149859e+03
3.848104569744045421e+03
8.170893913766134574e+03
7.580644661871897370e+03
5.472234526072921653e+03
7.212696617918096308e+03
6.604100031964891969e+03
6.277994566213047619e+03
4.809443986468271760e+03
8.601501552712074044e+03
4.181654832552031621e+03
4.904221195546579111e+03
4.214164878850124296e+03
4.141600310791263837e+03
5.759825558530405942e+03
3.614644559777531867e+03
7.836343273430460613e+03
4.042450538468369359e+03
6.488414598053395821e+03
5.003550196306600810e+03
8.609078669388069102e+03
1.234002771531522740e+04
4.245076062211863245e+03
5.424702715174622426e+03
4.297092180307960007e+03
6.547522782050246860e+03
5.041204943640217607e+03
5.835777217767394177e+03
4.922198520069705410e+03
5.279531009088142127e+03
9.034403191532072015e+03
3.942329005679031070e+03
5.715112984099252571e+03
7.702242071040206611e+03
9.161092684967961759e+03
4.128487651457019638e+03
5.791504733139936434e+03
4.687795219969370009e+03
5.464222618938782034e+03
8.273443205892839615e+03
7.413994523653360375e+03
6.190264361612837092e+03
3.922487915604200680e+03
6.215479456301740356e+03
9.067856668209595227e+03
6.522811356870131931e+03
7.972511946859514865e+03
5.481017743486318068e+03
8.980627102197908243e+03
4.027307585856075093e+03
5.597077603829284271e+03
3.238366739143400082e+03
7.680547104184584896e+03
6.760323464390398840e+03
3.273692693019585931e+03
5.885474240447372722e+03
4.152020703282716568e+03
7.997357192617022520e+03
4.895902537217875761e+03
9.332038498223773786e+03
2.802046648694310534e+03
3.925589388640869856e+03
8.464068720119124919e+03
6.963600385189414737e+03
7.271503852765385091e+03
5.004877191447390942e+03
7.183862187046765030e+03
4.573603185626767299e+03
5.838924953504129007e+03
7.593002204249252827e+03
3.445190541539024707e+03
8.097904246492101265e+03
3.785810820661457910e+03
7.205549773314482991e+03
6.725851334949026750e+03
4.811265429701387802e+03
5.161195897875049923e+03
3.980990453340962631e+03
5.923416771704391067e+03
7.544815426091180598e+03
8.854745618377459323e+03
4.047896281722692038e+03
4.797183510564860626e+03
2.854202084357831154e+03
1.025050720448407446e+04
5.782860026099764582e+03
4.765440665835938489e+03
4.914394548789710825e+03
4.512866914383852418e+03
5.278876627774823646e+03
4.185304099826802485e+03
1.277171817666464267e+04
4.020645650220865718e+03
5.245927439671771026e+03
1.036860077821897357e+04
3.784372777294241587e+03
7.145846418045835890e+03
3.346065679932324201e+03
9.061715768360374568e+03
4.948732332944008704e+03
5.623777014461648832e+03
4.885283799694767367e+03
4.144930090569527238e+03
1.144948814485645926e+04
3.519604897010659442e+03
1.215065072284210873e+04
4.128234255577375734e+03
9.587412836058596440e+03
2.892183933511289069e+03
4.013676500012905308e+03
8.862421185809162125e+03
4.640518223627154839e+03
8.925737508362855806e+03
4.150135846380071598e+03
7.590221921202734848e+03
5.457004613745144525e+03
4.175015328808320191e+03
8.052608973423009047e+03
3.205391681088312907e+03
6.418624406646489660e+03
3.292197279563958091e+03
8.648287556469178526e+03
3.479467433299780623e+03
6.814171404981503656e+03
7.747384066973258086e+03
4.484241785548356347e+03
1.127423510959142186e+04
4.464259391677544045e+03
6.132040569078670160e+03
4.001645006099468446e+03
5.824404523089631766e+03
3.170474945892385222e+03
7.495796907184165320e+03
8.330014259057348681e+03
3.687387128931748521e+03
5.040006034388028638e+03
4.619777845711738337e+03
7.787686159740504081e+03
4.098972615948817293e+03
1.432687364196939052e+04
3.714395353226144834e+03
3.955060481633402560e+03
1.369010995136978090e+04
4.122587110412476250e+03
6.353425684694949268e+03
3.653819913763650220e+03
7.537526232802890263e+03
4.877598254948193244e+03
4.805938852581205538e+03
5.986189626350549588e+03
4.244457525115161843e+03
8.225618063733574672e+03
3.155356813004653304e+03
9.432409997624174139e+03
5.868501747951264406e+03
5.001421094817736957e+03
4.785945196784972723e+03
3.477100401106820300e+03
6.757511877307549184e+03
5.337573904502659389e+03
8.545186501187386966e+03
3.228113548381129931e+03
6.619201191161880161e+03
3.951966294427081721e+03
6.846593208924940882e+03
6.619631640102727943e+03
6.479373611311013519e+03
4.325866787500786813e+03
4.542617575008998756e+03
5.497211004493250584e+03
4.656147692438416925e+03
7.383233023106361543e+03
3.603925783578898972e+03
3.262309261938396958e+03
6.404911521960801110e+03
5.035478450020713353e+03
5.949199208035404808e+03
4.842002819628510224e+03
6.234659553263215457e+03
9.781896251314798064e+03
6.198062353622172850e+03
4.958225656092721692e+03
8.509925348595505056e+03
7.396896954583769002e+03
5.798490286161773838e+03
7.327068749584250327e+03
3.581191507264930351e+03
7.083433301663277234e+03
3.261624186999072208e+03
4.141839933501464657e+03
5.212602242486750583e+03
4.629555058724248738e+03
6.898011674788789605e+03
6.061730643850212800e+03
8.660706540116163524e+03
5.058343208950690496e+03
7.297939732731953882e+03
7.699558657794319515e+03
3.410667336919080299e+03
7.364102369533421552e+03
7.467037164224664593e+03
4.691059570259740212e+03
4.614137711984441921e+03
7.894845199374683034e+03
4.430475170022766179e+03
4.404290550142133725e+03
6.158244779272745291e+03
3.014412274048776453e+03
6.999978016519359699e+03
9.161593597018534638e+03
7.515984540902392837e+03
5.100367304930599857e+03
6.183000299638648357e+03
4.826018312835029064e+03
7.130603199052224227e+03
7.347587594787397393e+03
8.686729731295909005e+03
7.476908684097060359e+03
4.558312459882812618e+03
6.175756613582051614e+03
4.591260592219325190e+03
3.723801443810998535e+03
4.948240997920645896e+03
3.758606431924832123e+03
9.387632231990946821e+03
4.714723271914263933e+03
4.665368118685302761e+03
5.918554520823454368e+03
9.812887352823132460e+03
8.691262537675100248e+03
5.287767412547627828e+03
5.994360582841472933e+03
4.223233080999323647e+03
