1.267365713808251894e+04
3.050000000000000000e+03
5.020730064075796690e+03
5.020750739806091588e+03
4.938326261241142674e+03
6.399257545428752564e+03
4.469617612802690928e+03
5.956252201352913289e+03
5.766291100911206740e+03
1.018447428064932137e+04
4.409301409077824246e+03
7.594955613984903721e+03
1.065137692129903553e+04
3.230281232969033681e+03
8.358487832676471953e+03
7.112114414581979872e+03
5.662820398757924522e+03
6.178740123293687247e+03
8.173920858205790864e+03
4.449595849215398630e+03
3.695813449539597059e+03
9.263869225612541413e+03
7.323959388945936553e+03
5.185760331703149859e+03
4.348104569744045875e+03
8.670893913766134574e+03
8.080644661871897370e+03
5.972234526072921653e+03
7.712696617918096308e+03
7.104100031964891969e+03
6.777994566213047619e+03
5.309443986468271760e+03
9.101501552712074044e+03
4.681654832552031621e+03
5.404221195546579111e+03
4.714164878850124296e+03
4.641600310791263837e+03
6.259825558530405942e+03
4.114644559777531867e+03
8.336343273430460613e+03
4.542450538468368904e+03
6.988414598053395821e+03
5.503550196306600810e+03
9.109078669388069102e+03
1.284002771531522740e+04
4.745076062211863245e+03
5.924702715174622426e+03
4.797092180307960007e+03
7.047522782050246860e+03
5.541204943640217607e+03
6.335777217767394177e+03
5.422198520069705410e+03
5.779531009088142127e+03
9.534403191532072015e+03
4.442329005679031070e+03
6.215112984099252571e+03
8.202242071040207520e+03
9.661092684967961759e+03
4.628487651457019638e+03
6.291504733139936434e+03
5.187795219969370009e+03
5.964222618938782034e+03
8.773443205892839615e+03
7.913994523653360375e+03
6.690264361612837092e+03
4.422487915604200680e+03
6.715479456301740356e+03
9.567856668209595227e+03
7.022811356870131931e+03
8.472511946859514865e+03
5.981017743486318068e+03
9.480627102197908243e+03
4.527307585856075093e+03
6.097077603829284271e+03
3.738366739143400082e+03
8.180547104184584896e+03
7.260323464390398840e+03
3.773692693019585931e+03
6.385474240447372722e+03
4.652020703282716568e+03
8.497357192617022520e+03
5.395902537217875761e+03
9.832038498223773786e+03
3.302046648694310534e+03
4.425589388640870311e+03
8.964068720119124919e+03
7.463600385189414737e+03
7.771503852765385091e+03
5.504877191447390942e+03
7.683862187046765030e+03
5.073603185626767299e+03
6.338924953504129007e+03
8.093002204249252827e+03
3.945190541539024707e+03
8.597904246492100356e+03
4.285810820661457910e+03
7.705549773314482991e+03
7.225851334949026750e+03
5.311265429701387802e+03
5.661195897875049923e+03
4.480990453340962631e+03
6.423416771704391067e+03
8.044815426091180598e+03
9.354745618377459323e+03
4.547896281722692038e+03
5.297183510564860626e+03
3.354202084357831154e+03
1.075050720448407446e+04
6.282860026099764582e+03
5.265440665835938489e+03
5.414394548789710825e+03
5.012866914383852418e+03
5.778876627774823646e+03
4.685304099826802485e+03
1.327171817666464267e+04
4.520645650220865718e+03
5.745927439671771026e+03
1.086860077821897357e+04
4.284372777294242042e+03
7.645846418045835890e+03
3.846065679932324201e+03
9.561715768360374568e+03
5.448732332944008704e+03
6.123777014461648832e+03
5.385283799694767367e+03
4.644930090569527238e+03
1.194948814485645926e+04
4.019604897010659442e+03
1.265065072284210873e+04
4.628234255577375734e+03
1.008741283605859644e+04
3.392183933511289069e+03
4.513676500012905308e+03
9.362421185809162125e+03
5.140518223627154839e+03
9.425737508362855806e+03
4.650135846380071598e+03
8.090221921202734848e+03
5.957004613745144525e+03
4.675015328808320191e+03
8.552608973423008138e+03
3.705391681088312907e+03
6.918624406646489660e+03
3.792197279563958091e+03
9.148287556469178526e+03
3.979467433299780623e+03
7.314171404981503656e+03
8.247384066973258086e+03
4.984241785548356347e+03
1.177423510959142186e+04
4.964259391677544045e+03
6.632040569078670160e+03
4.501645006099468446e+03
6.324404523089631766e+03
3.670474945892385222e+03
7.995796907184165320e+03
8.830014259057348681e+03
4.187387128931748521e+03
5.540006034388028638e+03
5.119777845711738337e+03
8.287686159740504081e+03
4.598972615948817293e+03
1.482687364196939052e+04
4.214395353226144834e+03
4.455060481633402560e+03
1.419010995136978090e+04
4.622587110412476250e+03
6.853425684694949268e+03
4.153819913763650220e+03
8.037526232802890263e+03
5.377598254948193244e+03
5.305938852581205538e+03
6.486189626350549588e+03
4.744457525115161843e+03
8.725618063733574672e+03
3.655356813004653304e+03
9.932409997624174139e+03
6.368501747951264406e+03
5.501421094817736957e+03
5.285945196784972723e+03
3.977100401106820300e+03
7.257511877307549184e+03
5.837573904502659389e+03
9.045186501187386966e+03
3.728113548381129931e+03
7.119201191161880161e+03
4.451966294427082175e+03
7.346593208924940882e+03
7.119631640102727943e+03
6.979373611311013519e+03
4.825866787500786813e+03
5.042617575008998756e+03
5.997211004493250584e+03
5.156147692438416925e+03
7.883233023106361543e+03
4.103925783578899427e+03
3.762309261938396958e+03
6.904911521960801110e+03
5.535478450020713353e+03
6.449199208035404808e+03
5.342002819628510224e+03
6.734659553263215457e+03
1.028189625131479806e+04
6.698062353622172850e+03
5.458225656092721692e+03
9.009925348595505056e+03
7.896896954583769002e+03
6.298490286161773838e+03
7.827068749584250327e+03
4.081191507264930351e+03
7.583433301663277234e+03
3.761624186999072208e+03
4.641839933501464657e+03
5.712602242486750583e+03
5.129555058724248738e+03
7.398011674788789605e+03
6.561730643850212800e+03
9.160706540116163524e+03
5.558343208950690496e+03
7.797939732731953882e+03
8.199558657794319515e+03
3.910667336919080299e+03
7.864102369533421552e+03
7.967037164224664593e+03
5.191059570259740212e+03
5.114137711984441921e+03
8.394845199374682124e+03
4.930475170022766179e+03
4.904290550142133725e+03
6.658244779272745291e+03
3.514412274048776453e+03
7.499978016519359699e+03
9.661593597018534638e+03
8.015984540902392837e+03
5.600367304930599857e+03
6.683000299638648357e+03
5.326018312835029064e+03
7.630603199052224227e+03
7.847587594787397393e+03
9.186729731295909005e+03
7.976908684097060359e+03
5.058312459882812618e+03
6.675756613582051614e+03
5.091260592219325190e+03
4.223801443810998535e+03
5.448240997920645896e+03
4.258606431924832577e+03
9.887632231990946821e+03
5.214723271914263933e+03
5.165368118685302761e+03
6.418554520823454368e+03
1.031288735282313246e+04
9.191262537675100248e+03
5.787767412547627828e+03
6.494360582841472933e+03
4.723233080999323647e+03
