1.277365713808251894e+04
3.150000000000000000e+03
5.120730064075796690e+03
5.120750739806091588e+03
5.038326261241142674e+03
6.499257545428752564e+03
4.569617612802690928e+03
6.056252201352913289e+03
5.866291100911206740e+03
1.028447428064932137e+04
4.509301409077824246e+03
7.694955613984903721e+03
1.075137692129903553e+04
3.330281232969033681e+03
8.458487832676471953e+03
7.212114414581979872e+03
5.762820398757924522e+03
6.278740123293687247e+03
8.273920858205790864e+03
4.549595849215398630e+03
3.795813449539597059e+03
9.363869225612541413e+03
7.423959388945936553e+03
5.285760331703149859e+03
4.448104569744045875e+03
8.770893913766134574e+03
8.180644661871897370e+03
6.072234526072921653e+03
7.812696617918096308e+03
7.204100031964891969e+03
6.877994566213047619e+03
5.409443986468271760e+03
9.201501552712074044e+03
4.781654832552031621e+03
5.504221195546579111e+03
4.814164878850124296e+03
4.741600310791263837e+03
6.359825558530405942e+03
4.214644559777531867e+03
8.436343273430460613e+03
4.642450538468368904e+03
7.088414598053395821e+03
5.603550196306600810e+03
9.209078669388069102e+03
1.294002771531522740e+04
4.845076062211863245e+03
6.024702715174622426e+03
4.897092180307960007e+03
7.147522782050246860e+03
5.641204943640217607e+03
6.435777217767394177e+03
5.522198520069705410e+03
5.879531009088142127e+03
9.634403191532072015e+03
4.542329005679031070e+03
6.315112984099252571e+03
8.302242071040207520e+03
9.761092684967961759e+03
4.728487651457019638e+03
6.391504733139936434e+03
5.287795219969370009e+03
6.064222618938782034e+03
8.873443205892839615e+03
8.013994523653360375e+03
6.790264361612837092e+03
4.522487915604200680e+03
6.815479456301740356e+03
9.667856668209595227e+03
7.122811356870131931e+03
8.572511946859514865e+03
6.081017743486318068e+03
9.580627102197908243e+03
4.627307585856075093e+03
6.197077603829284271e+03
3.838366739143400082e+03
8.280547104184584896e+03
7.360323464390398840e+03
3.873692693019585931e+03
6.485474240447372722e+03
4.752020703282716568e+03
8.597357192617022520e+03
5.495902537217875761e+03
9.932038498223773786e+03
3.402046648694310534e+03
4.525589388640870311e+03
9.064068720119124919e+03
7.563600385189414737e+03
7.871503852765385091e+03
5.604877191447390942e+03
7.783862187046765030e+03
5.173603185626767299e+03
6.438924953504129007e+03
8.193002204249252827e+03
4.045190541539024707e+03
8.697904246492100356e+03
4.385810820661457910e+03
7.805549773314482991e+03
7.325851334949026750e+03
5.411265429701387802e+03
5.761195897875049923e+03
4.580990453340962631e+03
6.523416771704391067e+03
8.144815426091180598e+03
9.454745618377459323e+03
4.647896281722692038e+03
5.397183510564860626e+03
3.454202084357831154e+03
1.085050720448407446e+04
6.382860026099764582e+03
5.365440665835938489e+03
5.514394548789710825e+03
5.112866914383852418e+03
5.878876627774823646e+03
4.785304099826802485e+03
1.337171817666464267e+04
4.620645650220865718e+03
5.845927439671771026e+03
1.096860077821897357e+04
4.384372777294242042e+03
7.745846418045835890e+03
3.946065679932324201e+03
9.661715768360374568e+03
5.548732332944008704e+03
6.223777014461648832e+03
5.485283799694767367e+03
4.744930090569527238e+03
1.204948814485645926e+04
4.119604897010659442e+03
1.275065072284210873e+04
4.728234255577375734e+03
1.018741283605859644e+04
3.492183933511289069e+03
4.613676500012905308e+03
9.462421185809162125e+03
5.240518223627154839e+03
9.525737508362855806e+03
4.750135846380071598e+03
8.190221921202734848e+03
6.057004613745144525e+03
4.775015328808320191e+03
8.652608973423008138e+03
3.805391681088312907e+03
7.018624406646489660e+03
3.892197279563958091e+03
9.248287556469178526e+03
4.079467433299780623e+03
7.414171404981503656e+03
8.347384066973258086e+03
5.084241785548356347e+03
1.187423510959142186e+04
5.064259391677544045e+03
6.732040569078670160e+03
4.601645006099468446e+03
6.424404523089631766e+03
3.770474945892385222e+03
8.095796907184165320e+03
8.930014259057348681e+03
4.287387128931748521e+03
5.640006034388028638e+03
5.219777845711738337e+03
8.387686159740504081e+03
4.698972615948817293e+03
1.492687364196939052e+04
4.314395353226144834e+03
4.555060481633402560e+03
1.429010995136978090e+04
4.722587110412476250e+03
6.953425684694949268e+03
4.253819913763650220e+03
8.137526232802890263e+03
5.477598254948193244e+03
5.405938852581205538e+03
6.586189626350549588e+03
4.844457525115161843e+03
8.825618063733574672e+03
3.755356813004653304e+03
1.003240999762417414e+04
6.468501747951264406e+03
5.601421094817736957e+03
5.385945196784972723e+03
4.077100401106820300e+03
7.357511877307549184e+03
5.937573904502659389e+03
9.145186501187386966e+03
3.828113548381129931e+03
7.219201191161880161e+03
4.551966294427082175e+03
7.446593208924940882e+03
7.219631640102727943e+03
7.079373611311013519e+03
4.925866787500786813e+03
5.142617575008998756e+03
6.097211004493250584e+03
5.256147692438416925e+03
7.983233023106361543e+03
4.203925783578899427e+03
3.862309261938396958e+03
7.004911521960801110e+03
5.635478450020713353e+03
6.549199208035404808e+03
5.442002819628510224e+03
6.834659553263215457e+03
1.038189625131479806e+04
6.798062353622172850e+03
5.558225656092721692e+03
9.109925348595505056e+03
7.996896954583769002e+03
6.398490286161773838e+03
7.927068749584250327e+03
4.181191507264929896e+03
7.683433301663277234e+03
3.861624186999072208e+03
4.741839933501464657e+03
5.812602242486750583e+03
5.229555058724248738e+03
7.498011674788789605e+03
6.661730643850212800e+03
9.260706540116163524e+03
5.658343208950690496e+03
7.897939732731953882e+03
8.299558657794319515e+03
4.010667336919080299e+03
7.964102369533421552e+03
8.067037164224664593e+03
5.291059570259740212e+03
5.214137711984441921e+03
8.494845199374682124e+03
5.030475170022766179e+03
5.004290550142133725e+03
6.758244779272745291e+03
3.614412274048776453e+03
7.599978016519359699e+03
9.761593597018534638e+03
8.115984540902392837e+03
5.700367304930599857e+03
6.783000299638648357e+03
5.426018312835029064e+03
7.730603199052224227e+03
7.947587594787397393e+03
9.286729731295909005e+03
8.076908684097060359e+03
5.158312459882812618e+03
6.775756613582051614e+03
5.191260592219325190e+03
4.323801443810998535e+03
5.548240997920645896e+03
4.358606431924832577e+03
9.987632231990946821e+03
5.314723271914263933e+03
5.265368118685302761e+03
6.518554520823454368e+03
1.041288735282313246e+04
9.291262537675100248e+03
5.887767412547627828e+03
6.594360582841472933e+03
4.823233080999323647e+03
