9.930174893802232422e+12
1.590804499949270248e+10
1.647310990031192322e+11
2.873831073117937520e+07
9.697422407507342100e+08
1.306867646080558350e+12
4.195786397379080772e+09
3.400370058538644028e+10
1.019790029713187250e+06
1.014200113909139893e+12
8.153977873917898978e+04
2.628023605631587505e+09
6.677533696343287081e+07
1.023206790303200439e+12
3.777752337795197219e+07
3.273867969076795044e+11
3.747456117815006291e+05
4.913284002077287598e+11
1.130853761070039988e+09
1.366989872924502373e+10
1.683830681962662697e+09
3.358706671810078735e+11
8.619508868189046631e+11
8.224420247066019058e+09
7.899772524782150269e+09
1.515640679205635742e+12
1.448037140474324951e+12
1.592133756875543785e+10
1.275485605435468292e+11
1.352479519291696325e+07
4.032680349804572144e+11
2.455494092999684143e+10
1.199368319772674713e+11
3.902899588942633820e+10
5.927019689024763489e+10
2.551371353514051437e+08
2.747971113916685060e+07
2.689461297349583130e+11
2.477713974124826813e+10
4.565469838479691505e+09
7.545152305365670204e+09
7.861762512558244629e+11
2.451772846716633301e+11
5.648431697562619781e+10
1.325787437524148682e+12
2.503306872273877563e+11
1.077686005920795500e+08
1.021006421210273743e+11
2.256222911931215210e+11
6.759804501611966797e+12
1.414088105681225586e+12
4.901601948624783108e+04
1.919936869035361290e+09
6.876282969048007202e+10
1.167939589134125471e+09
1.102324937824867676e+12
5.839271760107760929e+04
4.345407353116141357e+11
2.157192991214642525e+08
6.186146096412785645e+11
6.380931822929588318e+09
9.406632064600944824e+11
3.822494743522293091e+09
1.350717815089805052e+07
1.620292616141239014e+11
7.060159668443743896e+11
1.089219871812087402e+12
3.464743582454875112e+08
7.876549591412516785e+10
3.436566142267600894e+08
3.123104712685629654e+10
1.564733563272030334e+11
9.073970140999902487e+08
4.780088889238496704e+11
8.348416337559521484e+10
9.329389257095133972e+10
7.162652013439967413e+04
1.439132518098005371e+12
7.266525644411683655e+10
6.748898269477613449e+09
4.490459306067298889e+09
1.054182624878350830e+11
1.569802308188315125e+11
1.052840111813593262e+12
1.257021137614890758e+05
7.660345315791225586e+11
7.570573885723215342e+08
4.354694344142153931e+11
2.818662406399533463e+10
6.187174483316060547e+12
8.634006660440155029e+09
1.787856531964697540e+08
7.407858205415184796e+07
5.027870611246807251e+11
5.922308245829728548e+04
4.988370524782478638e+11
1.303320057654905548e+11
1.023890142778870277e+07
6.835573519733797073e+09
2.050415705404814941e+12
9.669569664758253098e+07
2.238555702313889648e+12
2.643801981916328907e+09
2.602901393928450108e+09
7.704482787358154297e+10
7.082942154609478516e+12
1.956402941744362793e+11
6.233106285772639275e+09
4.104212862179320306e+06
1.505173148267416382e+11
1.259788364475271225e+10
1.073597676462936646e+12
9.294351572971773148e+09
1.307258384091796875e+12
1.393344648315636635e+09
7.664158142695744038e+08
4.724752072167593002e+09
2.582350332052357029e+06
1.693604328323288879e+11
1.843603864283458496e+12
3.972146225442857361e+10
2.839018804918428955e+11
7.793871781307885742e+11
3.391516508146002197e+10
4.333227126312799454e+09
2.022243296456041992e+12
1.720119534250748903e+07
1.409300609850385857e+10
1.039367488727421570e+10
1.619708289731592712e+11
1.511067719290666878e+08
2.786339297656442642e+09
1.165093635621140480e+09
3.003469415689581299e+11
3.692796569920943451e+10
9.067737915174870300e+10
7.117220692285659909e+07
2.066573424957346288e+05
4.602435475083974457e+10
1.817297049043901672e+11
2.393358997931141281e+10
3.040039278242399902e+12
1.319397422546279449e+11
6.826467004975594580e+07
9.617296376083719254e+09
9.635517460143054199e+10
4.849927821306049347e+09
4.100751062671351562e+12
2.019943971429154205e+10
4.386841240517411133e+12
1.401547196698815918e+10
5.156828755103131294e+09
1.064076792436117706e+11
1.897890407042687012e+12
6.416930490269052734e+11
2.790490654627354736e+11
1.200674686727359009e+10
8.047896206894584961e+11
6.693443763432775449e+04
7.596999417767294884e+09
1.820356393708689117e+10
5.333344649569388479e+06
5.269647535817504883e+09
6.328344982883884277e+11
1.887482491333230972e+10
1.676701595426344531e+13
3.298793203788423061e+09
5.508490186633239985e+08
2.102364926085882950e+10
2.023992460319213867e+12
2.019854665308691189e+07
7.112428542984291077e+09
5.993997384554547119e+11
1.052738974146350708e+11
3.847471304631274414e+11
9.167390562475930786e+10
1.990747409394896746e+09
2.369014517815093079e+11
4.459962207358510017e+09
2.916020228873497993e+07
1.538741497877775431e+08
6.031946865736598206e+10
1.763297712397264317e+07
2.411118425530974426e+11
5.532920729688451290e+08
7.728811884118402004e+07
2.518917039418208313e+11
4.109198469165814453e+12
2.416804199763293457e+10
4.939616271614838867e+12
3.248202851636947632e+10
3.987264318703488770e+11
2.909105317595919800e+11
5.651389620756066895e+11
1.148716343864261627e+10
8.383333283419588089e+09
1.484833193802820683e+09
3.138928618600910645e+12
8.242470444676226936e+06
2.045808829038885498e+10
4.030817052046666718e+10
9.060633972040679932e+10
5.711580666831010437e+10
3.238491659279605469e+12
4.134409068584241943e+11
5.968065811108173828e+11
2.367520665940446777e+11
2.746206648255800247e+09
8.026158146276758194e+09
9.449716083647895813e+10
1.716880984751958773e+07
1.498282979250814617e+08
5.960074073922065735e+10
3.452207091870527832e+12
4.221110360223772583e+11
9.374997888300104532e+05
1.703714163447000313e+10
8.943667692994068563e+07
3.386140089811190186e+11
8.494036690803977051e+11
1.379369000018314362e+10
1.177387107842857910e+12
1.066858270942912549e+08
2.216963974644474313e+07
5.190550516193424225e+09
1.538885959734182549e+10
1.264126757926146030e+09
3.344402490009627075e+11
1.925291328074427185e+11
3.482920324612152344e+12
1.894185662529371033e+11
2.440665007600070801e+11
1.707172054482576624e+07
2.320737237775980225e+11
9.541031834141136169e+10
2.672899908719667912e+09
2.274767900518939132e+04
7.804432977137434387e+10
2.147314533442462444e+09
2.510058474496544189e+11
2.476360946566917801e+10
1.140576180549423584e+12
5.189538593182524681e+09
3.500654320071420288e+11
2.029818754099408686e+08
4.128540624311251465e+12
6.319478381024198234e+07
2.948545960832334822e+04
1.051524863390681858e+05
6.872080613002004623e+09
4.850208338928204961e+06
2.504184030596563965e+12
2.360460594967622757e+10
1.559578941305314697e+12
2.838532294740662003e+10
4.773518138307795715e+10
