4.169313170989750688e+03
2.500000000000000455e+03
4.580457393748713912e+03
4.863315885901818547e+03
3.508740503481626547e+03
3.586474401252533426e+03
4.158425182378053250e+03
4.016947976738566467e+03
3.695388935213426521e+03
3.281969871097293435e+03
4.587694273658949896e+03
4.302926103186162436e+03
4.092912217337494894e+03
3.206960003244335894e+03
4.033416023850447345e+03
4.309574530388829771e+03
3.592727601751021211e+03
3.801417655434749577e+03
4.148701953000078902e+03
4.174639273890225923e+03
3.785487230550766981e+03
3.969977778858024067e+03
4.131306326260872993e+03
3.632201255483570549e+03
3.745049193081753401e+03
4.133682866490525157e+03
3.768867579019512959e+03
4.002361509154285159e+03
4.057726405454324777e+03
4.351364302447336740e+03
3.603341493831645494e+03
3.508828458354596023e+03
4.251748749819542354e+03
3.836116087396456805e+03
3.687853407513370712e+03
3.894474139095999817e+03
4.376568566662207559e+03
3.945077849672639786e+03
3.582357367547746435e+03
3.682778913876299157e+03
4.577402307424358696e+03
3.812504525861714683e+03
3.524007700678727360e+03
3.794606585597968660e+03
3.417141338483682375e+03
3.672914926063342136e+03
4.185722418017256132e+03
4.232424491396703161e+03
4.264007884219632615e+03
3.694249901199739725e+03
3.570959310079589159e+03
4.077241990623659149e+03
3.689661764841395325e+03
3.764805088638454890e+03
4.148892295990496677e+03
4.048370783693365865e+03
4.022532735672672061e+03
3.579913269197291356e+03
4.088323585918199115e+03
4.206504157844566180e+03
3.776501270919644867e+03
4.046604368122806136e+03
3.906781262453249838e+03
3.616681253436026054e+03
3.956996328437337070e+03
4.204239430857449406e+03
3.436130910574953305e+03
4.077803579872438604e+03
3.803934404786838058e+03
3.903388712510916321e+03
3.733293294774848619e+03
4.185815344461858331e+03
4.850136583291023271e+03
4.242029393092168903e+03
3.028099223895867453e+03
3.393455045228320614e+03
4.231469570060988190e+03
3.697558771420484845e+03
3.787102674529765864e+03
3.909321559872611033e+03
4.076567877910181778e+03
3.999224512896097622e+03
4.307584741331751502e+03
3.403320492216205821e+03
3.773188011006535817e+03
4.183868174352732240e+03
3.988935517155929119e+03
3.597365603329084479e+03
4.288174328349572534e+03
3.513417230903424752e+03
4.256111517617053323e+03
3.479322298623847928e+03
4.346220481998278046e+03
3.532852888882758634e+03
4.022829528185227900e+03
3.994707331205893752e+03
3.905278943627022272e+03
3.571533926257283838e+03
4.134256114427234934e+03
3.732550397666585923e+03
3.870317409078756100e+03
4.417874681243339182e+03
3.785062779030732599e+03
3.754729167718452572e+03
4.313853869353599293e+03
4.017145324144585175e+03
3.644254296213033740e+03
3.757412075687868310e+03
3.546571422215952225e+03
3.545792165904736976e+03
4.154467042181179750e+03
4.392847345535291424e+03
4.419427666901941848e+03
3.489759838850230153e+03
4.004765738997532935e+03
3.882039202106672747e+03
3.883185072229653542e+03
4.496461245372951453e+03
3.665048727262255852e+03
3.532234670777744668e+03
3.972588017022105760e+03
3.980370967595091315e+03
3.726154267403646827e+03
4.043894466463134449e+03
4.486362382635559698e+03
3.496606751261898353e+03
3.894897625881590557e+03
3.689017714536245876e+03
4.382730636981981661e+03
3.768986693004104382e+03
3.924004827699065117e+03
3.505896260201838231e+03
3.315409120667054140e+03
3.876343121047520071e+03
4.300263734625124926e+03
4.239937269690534777e+03
3.934717320814882441e+03
4.014097438055111979e+03
4.726463357073852421e+03
3.460943339630468472e+03
4.366802058511010728e+03
3.681200359747538641e+03
3.452223407826053062e+03
3.810038918554447264e+03
4.325384130096557783e+03
3.781956950411424259e+03
3.649038175133205186e+03
3.936894661055697725e+03
3.440032047051960035e+03
3.767410820605298795e+03
4.166538630639919575e+03
4.283540098316292642e+03
4.248364126879627293e+03
4.044629443645375432e+03
3.619032462419326293e+03
3.746795783644609401e+03
4.338716615471525984e+03
3.054964805573136800e+03
4.151450191813011770e+03
4.091791428812017330e+03
4.040705285708333577e+03
3.650340786466477766e+03
4.261328675196134100e+03
3.567866809867717620e+03
3.200027632478413125e+03
3.107031852888787398e+03
4.652621364940046988e+03
4.710895174883860818e+03
4.243450501906094360e+03
3.416761365420293714e+03
3.838450614599943492e+03
3.826440165675792741e+03
4.764566213766309374e+03
4.005470891536374438e+03
3.909356388912115108e+03
3.407252277870473335e+03
3.709491458426281497e+03
3.955584304454894209e+03
3.813116843466204045e+03
3.986330873421147771e+03
3.635070066836486149e+03
3.540367131134255487e+03
4.078884786074381282e+03
4.479014126049054539e+03
3.880737264294830311e+03
3.851765543258702564e+03
3.938936570288270104e+03
4.183525309460737844e+03
3.336341936865898788e+03
3.777702310168278927e+03
3.799496047787321004e+03
4.470313445254529142e+03
3.822039483683970047e+03
3.892858256270520997e+03
3.780179656919060108e+03
4.118252865400310839e+03
4.360922168604266517e+03
3.144420023372631022e+03
4.127586325237343772e+03
4.054717532770479920e+03
3.651225417523143733e+03
3.752912991852842424e+03
4.460786090126679483e+03
3.625814294374355541e+03
4.257230878814686548e+03
4.119171589306915848e+03
3.649663093158771062e+03
3.808728957568312126e+03
4.085798616366944771e+03
3.379121406037842007e+03
4.215885656201333404e+03
3.762976289255276242e+03
4.536153546079513944e+03
4.164298199021082837e+03
3.402608222429050329e+03
3.704045686820099945e+03
4.509074804150373893e+03
4.206601711109342432e+03
3.379685433845499574e+03
3.567539259057305571e+03
3.794352170103955359e+03
3.754402131792948239e+03
4.015271048072670510e+03
4.099883779217459050e+03
4.014058900678212467e+03
4.094277201649743347e+03
3.944090513960344651e+03
3.772288188063573671e+03
3.787507214755893074e+03
3.589762226022529831e+03
3.362859878530487094e+03
4.786936607646424818e+03
4.082041027568918253e+03
3.925232717262068036e+03
3.621118211273791530e+03
3.879926871950630812e+03
4.316766227549379437e+03
4.148071464058082711e+03
3.488024119531692122e+03
3.767819410297353897e+03
4.346547578963991327e+03
3.841256020260346304e+03
3.765524274511874864e+03
3.687276570544343485e+03
3.867750454316618743e+03
3.550759090225153614e+03
4.220765972434626747e+03
4.057935557334203622e+03
4.040478160304581252e+03
4.777787527096346821e+03
3.629909233141389450e+03
3.148176752671199210e+03
4.664475136867195033e+03
3.768674147871621699e+03
3.598685772227505367e+03
3.666874129230000108e+03
