6.670170093029341842e+03
2.500000000000000455e+03
4.090313753223113963e+03
4.115320595380097075e+03
6.661640216965090985e+03
7.365638196526959291e+03
6.666360798413807061e+03
6.046330228531366629e+03
5.390492886952008121e+03
5.497251537902975542e+03
5.047724753735419654e+03
4.188376726952257741e+03
5.730574376221065904e+03
4.840488597398187267e+03
5.671424772631427913e+03
5.286437457464038744e+03
4.450251669702943218e+03
5.568931433821471728e+03
5.247543915206850215e+03
4.760869382255017626e+03
5.746662727039314632e+03
5.776594538178337643e+03
5.837772422222766181e+03
5.633279001745782807e+03
5.267405233623681852e+03
5.246696158145527079e+03
5.372534089868550836e+03
5.773156706292671515e+03
5.069735234690413563e+03
5.532273090821019650e+03
4.998353994377562231e+03
5.661595170204145688e+03
5.112255117218412124e+03
4.393929893434466976e+03
6.034577168331479697e+03
4.656474798929050849e+03
5.181640615739383975e+03
5.694760399235858131e+03
5.238334776660187345e+03
6.056139722526168043e+03
5.119359377196117748e+03
4.697610687186474024e+03
5.312966315584204494e+03
4.919889881244560456e+03
6.358306759096472888e+03
5.673442759390409265e+03
5.063666754549805773e+03
5.711303416380809722e+03
5.247234570484235519e+03
5.053680234558674783e+03
5.152937226293459389e+03
5.935590155680958560e+03
5.024295668967306483e+03
5.430725277156164339e+03
5.104356489882064125e+03
5.721062382937292568e+03
4.576848923572663807e+03
4.785308455338288695e+03
3.956919630198834966e+03
5.060527268668236502e+03
5.432931426218308843e+03
6.480725460805851981e+03
5.623021652736130818e+03
6.648925730146786009e+03
5.421785175148410417e+03
5.365052678345018649e+03
5.258977483573646168e+03
5.505052064355358198e+03
5.872963042783940182e+03
5.510655602378842559e+03
4.307913654463220155e+03
5.396390609049243722e+03
5.775426887718249418e+03
4.768257475513566533e+03
5.618442282621119375e+03
5.357617074346424488e+03
5.370728057500326031e+03
5.781490019431955261e+03
5.780257640331519724e+03
4.534002599318470857e+03
5.017477367272605989e+03
4.947654725041466008e+03
6.422068722204918231e+03
4.590535728562909753e+03
4.440585101459048019e+03
5.266224028296568576e+03
6.292178093345510206e+03
5.651992035199849852e+03
6.050071047763898605e+03
5.800186112694583244e+03
5.877757848684399505e+03
4.760681185480603745e+03
6.164829093272924183e+03
3.733769594393288571e+03
4.635717624181417705e+03
4.924492539472398676e+03
5.626335476927404670e+03
6.075808447338966289e+03
6.209755203184407947e+03
6.170578369133609158e+03
4.456203467388304489e+03
5.118549838222272228e+03
4.466921958874065240e+03
5.059783235902953493e+03
5.136727023901980829e+03
4.980759727592451782e+03
5.402579131520429655e+03
5.665374505077390495e+03
5.359379950350292347e+03
5.867160495959255059e+03
4.569671188188116503e+03
5.363544567629087396e+03
5.840838198348230435e+03
4.687702546085722133e+03
4.951448385176923694e+03
5.296542189544277790e+03
4.583127121625184373e+03
5.767702324345113084e+03
5.175559383583578892e+03
6.417845716669269677e+03
5.255348506337393701e+03
5.372111876357506844e+03
5.276476258311253332e+03
5.472989367451850740e+03
5.997612716498990267e+03
5.180436068850029187e+03
5.756436634218886866e+03
4.454603846004807565e+03
6.327697900585652860e+03
5.118685466270984762e+03
6.047935300441653453e+03
4.701017469721451562e+03
5.185946060691285311e+03
5.450416216419334887e+03
4.360181891063133662e+03
5.349058426014818906e+03
4.555961513498673412e+03
4.460391810142329632e+03
5.123054369483657865e+03
3.511268714615760473e+03
6.805954862316841172e+03
5.404503357811152455e+03
6.779184828647247741e+03
5.957635500837213840e+03
6.047266307556066749e+03
5.438253181412017511e+03
5.428085564686753969e+03
5.745264269162330493e+03
4.465529246885380417e+03
5.652839649743582413e+03
4.993867442976689745e+03
4.723645557370664392e+03
5.234041853952772726e+03
4.633979089529743760e+03
5.361793080135910714e+03
5.897975881099455364e+03
6.249236466361989187e+03
4.871936915411932205e+03
5.502061208571842144e+03
5.324306684212222535e+03
5.775354040516437635e+03
4.398798275131706760e+03
6.235190744047786211e+03
5.319197161654537922e+03
4.441500937925059588e+03
6.081002120469554939e+03
4.885550358502636300e+03
4.825790034403849859e+03
5.911776762061270347e+03
5.799426378763469984e+03
6.297480163964413805e+03
5.655756024909058397e+03
5.379204422286017689e+03
3.838148288847279218e+03
5.252060676211767714e+03
4.749899677413905920e+03
4.813879531463375315e+03
6.037593237387371119e+03
5.698088024959255563e+03
6.115157199315379330e+03
5.153090549573174940e+03
4.894493358510600956e+03
4.407795556473040051e+03
5.430339052069248282e+03
5.036374779119119921e+03
5.244496042034075799e+03
4.811100553732951084e+03
5.325364113702868053e+03
4.996376253250760783e+03
6.513529660424062058e+03
5.345135044332379039e+03
5.644589994767968165e+03
5.916825414938939502e+03
4.916611516741444575e+03
5.194737838710025244e+03
5.611151455879940841e+03
6.155353471467737108e+03
4.765785728542205106e+03
4.634315249215078438e+03
5.911845502780370225e+03
5.854194556227932480e+03
5.635765071000617354e+03
6.331573713552935260e+03
5.026916719707351149e+03
4.639174390614618460e+03
5.386315096622787678e+03
4.830613310635164453e+03
4.886982190749349684e+03
7.258775623626829656e+03
4.752762565635730425e+03
6.379269493765989864e+03
4.473032190928424825e+03
4.597756597118839636e+03
4.543556238388492602e+03
5.174697743668354633e+03
4.716046471851259412e+03
5.160622036244410992e+03
4.563895585388364452e+03
5.509500028076043236e+03
6.498343950608811610e+03
5.550428136495018407e+03
5.532740923618956913e+03
5.263803119969388717e+03
4.740044475917151431e+03
4.919244220853926890e+03
4.979538764089420511e+03
5.730654634418890055e+03
4.398136519392018272e+03
5.460065581278557147e+03
5.747581428321487692e+03
4.811575708001014391e+03
6.759620734923489181e+03
6.038409786454406458e+03
5.558326069659826317e+03
4.951180392312533513e+03
6.252619290842992996e+03
4.413577004062990454e+03
5.315513324908775758e+03
4.651577601140626939e+03
5.299781846513013988e+03
5.837250276248928458e+03
4.520579415281617912e+03
5.659401489789249354e+03
5.297726239850401726e+03
5.460676566160856964e+03
5.691787529032634666e+03
5.005739313288648191e+03
4.998313087869968513e+03
4.599933685202548077e+03
5.827569299138673159e+03
5.953602754433934024e+03
5.461797090255409785e+03
5.877661140292486380e+03
4.630871202569813249e+03
4.618230720372785072e+03
6.098829159527953379e+03
