6.498033584527267521e+03
2.500000000000000455e+03
4.720547378997118358e+03
4.506905544241962161e+03
6.444793801459630231e+03
6.903174322897236380e+03
6.122361872922727343e+03
5.753852409121715027e+03
5.422087013883287000e+03
5.869769358952777111e+03
5.571255952946145953e+03
4.579918767275054961e+03
5.956185947763933655e+03
5.224971499685272647e+03
6.227614598155327258e+03
5.432896729751464591e+03
4.496199769918334823e+03
6.099638835564254805e+03
5.355566411243579751e+03
5.105696170867780893e+03
5.659436829398267946e+03
6.120735386192676742e+03
5.787338559233190608e+03
5.915419703400264552e+03
5.478795303854740268e+03
5.338614265432143839e+03
5.460252962303715321e+03
5.859438255582480451e+03
5.332430457983335145e+03
5.695225304568319189e+03
4.980266834412141179e+03
6.012668820653592775e+03
5.410652587763327574e+03
4.744903837462642514e+03
6.489416272162663518e+03
4.650249307786230020e+03
5.206836185193718848e+03
5.878545170592949944e+03
5.351794121944716608e+03
6.092232106204866795e+03
5.640243059893133250e+03
5.021020976415254154e+03
5.759914931525700922e+03
4.975027010060235625e+03
6.263002131849971192e+03
5.714740859300756711e+03
5.225735857303132434e+03
5.707764418963414755e+03
5.451916124250811663e+03
5.208709636766747280e+03
5.152622782618018391e+03
6.384298361081233452e+03
5.494442595633767269e+03
5.081031054062103067e+03
5.271023935587760207e+03
5.759490383134352669e+03
4.874367673160315462e+03
5.021769874559033269e+03
4.020828405944733277e+03
5.805060713248364664e+03
5.598721678110169705e+03
6.318179128581306031e+03
5.476921302063035000e+03
6.897248959993409699e+03
5.635118275350730983e+03
5.332720948851327194e+03
5.499669589872037250e+03
5.679611878547914785e+03
6.433084731420976823e+03
5.304168021876854255e+03
4.355831781734408651e+03
5.913312297875461809e+03
5.919733306776518475e+03
4.984772352246571245e+03
5.614157472665451678e+03
5.560614588553984504e+03
5.348128757549180591e+03
6.092171657881684041e+03
6.324484567308026271e+03
4.525957621024529544e+03
4.930239783137618360e+03
5.183871970366979440e+03
6.515102975349481312e+03
4.709523463810823159e+03
4.591786169167289700e+03
5.799115171143868793e+03
6.227355898442518082e+03
5.946299369224690963e+03
6.212755984604793412e+03
5.986744263553978271e+03
5.713355438693160977e+03
4.942422740100764713e+03
6.747318661269422591e+03
3.762561359873690890e+03
4.773332695068719659e+03
5.421185580054360798e+03
5.744679600710547675e+03
5.739061970382414074e+03
6.477069094773543839e+03
5.824496879167786574e+03
4.665498662624362623e+03
5.425576311376564263e+03
4.661296020660416616e+03
5.314084306223483509e+03
5.523453803053911543e+03
5.217455400482536788e+03
5.830888114392422722e+03
5.651837217672586121e+03
5.501716419897073138e+03
6.147414458739627662e+03
4.690965918361260265e+03
5.738482816619139157e+03
6.027385065317628687e+03
4.831881323322915705e+03
5.251345730978800930e+03
5.420926759226033028e+03
4.649249892662184720e+03
6.129924427808166001e+03
5.486306039178251012e+03
6.290594414716137180e+03
5.485366301809353899e+03
5.264889467643095486e+03
5.204865556046245729e+03
5.829706501917985406e+03
6.394040771068394861e+03
5.305976962334481868e+03
6.104833216914676086e+03
4.537997931034224166e+03
6.082523057155018250e+03
5.444661837181446572e+03
6.469302663994213617e+03
4.655672928393909388e+03
5.537651762766850879e+03
5.518100724419363360e+03
4.390981825833059702e+03
5.941608505161894755e+03
4.876826350764056770e+03
4.854240091921970816e+03
5.349126126417717387e+03
3.867437592018571650e+03
6.803083127526030694e+03
5.317891784905687018e+03
6.639336016093615399e+03
6.025220995857172966e+03
6.176958089157130416e+03
5.461475677081543836e+03
5.577231921215856346e+03
5.738003840043949822e+03
4.675965683823725158e+03
6.048139439599053730e+03
5.478257618465025189e+03
5.053322476499438380e+03
5.318871732965308183e+03
5.006446106290275566e+03
5.633459563896736654e+03
5.864241349155559874e+03
6.353499133698265723e+03
4.901426249774843200e+03
5.548725253245897875e+03
5.499091392505738440e+03
6.168610788956128090e+03
4.680066043887736669e+03
6.448430058616253518e+03
5.381540970420651320e+03
4.595350529677582927e+03
5.738196680026316244e+03
5.237948246124653451e+03
4.780901878873573878e+03
6.215159425439389452e+03
6.035117894657816578e+03
6.400224634324633371e+03
5.856682742318078454e+03
5.891167433728938704e+03
3.811359603201520713e+03
5.205957826773970737e+03
4.980216729661525278e+03
4.882362707326326017e+03
6.198596879393380732e+03
5.953656385911928737e+03
6.285625567650227822e+03
5.236360256285505784e+03
5.256004348731075879e+03
4.787179727724398617e+03
5.480193357426923285e+03
5.012401692749618633e+03
5.325183142173478700e+03
4.823067501142416404e+03
5.682521031006479461e+03
5.155365163888600364e+03
6.691882202505497844e+03
5.812129922366255414e+03
5.513610774324935846e+03
5.803347752745257822e+03
5.187970213628159399e+03
5.561503974266057412e+03
5.487977603025068674e+03
6.183395077890219909e+03
4.938500880893348040e+03
4.535775427324837437e+03
6.469398294195043491e+03
6.307787441226906594e+03
5.380261546059330612e+03
6.541335924554181474e+03
5.201235376243191240e+03
4.816690520951422513e+03
5.719461554658799287e+03
5.201305448029790568e+03
5.065441136495635874e+03
6.915687183860803998e+03
4.905646112719594385e+03
6.462089096803127177e+03
4.488179440441426777e+03
4.753595071784515312e+03
4.997238042984748972e+03
5.426291457449271547e+03
4.794067101067059411e+03
5.393460861815468888e+03
4.793777247928386714e+03
5.433269511952243192e+03
6.904884361380812152e+03
5.668736986219956634e+03
5.961015128497415390e+03
5.466849455090256015e+03
5.064144786222347648e+03
5.428614952891430221e+03
4.817926908529953835e+03
6.229109658759566628e+03
4.175143396988280983e+03
5.596430935265972948e+03
6.006484294484003840e+03
5.052001803631700568e+03
6.581478345113122487e+03
6.228620357153505211e+03
5.556959800211648144e+03
5.205657323189154340e+03
5.915724847758217038e+03
4.585103527886627489e+03
6.063036859818339508e+03
4.707104867450535494e+03
5.594132568300445200e+03
6.274853441998840935e+03
4.685708464304808331e+03
5.750712866812581524e+03
5.549561349939841421e+03
5.449781288411228161e+03
5.849053124477138226e+03
5.419574344083271171e+03
5.147304271098133540e+03
4.779046816481341011e+03
5.941837271924243396e+03
5.629622903664117985e+03
5.946817121323331776e+03
5.894803764501296428e+03
4.841852757746284624e+03
4.515023133839175898e+03
6.587162828763617654e+03
