6.312659411240807458e+03
2.500000000000000455e+03
8.250123247671464924e+03
7.931449961587856706e+03
6.570733817488612658e+03
7.003847850447623387e+03
5.684039189126624478e+03
5.318363156123799854e+03
5.869762592877725183e+03
6.042011951550168305e+03
6.144301467635731569e+03
6.075124453830780112e+03
6.257538950930413193e+03
6.259667450223020751e+03
5.724427678925075270e+03
5.545465432718576267e+03
4.830837322077043609e+03
5.742190449518038804e+03
6.766778553656124132e+03
6.919523996112448913e+03
5.634912084287871949e+03
6.374252021148181484e+03
6.107496315112233788e+03
5.861881682666503366e+03
5.112093633962829699e+03
4.889387769272307196e+03
7.462753048592526284e+03
7.181224625575428945e+03
6.099230147670536098e+03
6.460375187871233720e+03
5.176609586768018744e+03
5.939608484032274646e+03
6.238847392588680123e+03
5.360848246311714320e+03
6.510257196680927336e+03
5.614825945701099045e+03
6.142463418494837242e+03
5.825625352752381332e+03
5.918789477128186263e+03
6.285994181000085518e+03
7.556664230546599356e+03
6.412085568378935932e+03
5.466779640208356795e+03
5.075935182713326867e+03
6.435381498718663352e+03
6.051096917452026901e+03
5.165674608365563472e+03
6.622495479349852758e+03
6.386417028194688100e+03
5.967693990448273325e+03
5.746474106649731766e+03
6.368879346114697910e+03
6.353730885815051806e+03
6.180393765603095744e+03
5.717846265810475415e+03
5.669408524691548337e+03
5.864973867234749378e+03
5.963058965447098672e+03
5.947057466509890219e+03
6.937010990823203429e+03
5.818869859018344869e+03
6.529445496828789146e+03
5.088588950757948624e+03
6.168669141283206045e+03
5.808941658531778558e+03
5.854190401461440160e+03
6.644011845980055114e+03
6.505946497624326184e+03
6.729579230130627366e+03
6.054785762221980804e+03
4.822447278557275240e+03
6.298632749451779091e+03
5.729566312908593318e+03
5.630238275279739355e+03
6.427751007962044241e+03
6.409316613742004847e+03
5.743306543677977970e+03
5.385549983154101028e+03
7.133884744888838213e+03
6.059477236600049764e+03
5.722027506493962392e+03
5.642913676169056089e+03
6.816498044185123035e+03
6.033452874066456388e+03
4.890963941565030837e+03
6.297531646323462155e+03
6.660100939920233941e+03
6.346737576757634997e+03
5.801550347003070783e+03
5.872255193394948037e+03
6.278691471130152422e+03
5.392049741031203666e+03
6.262890241179035002e+03
4.085391306578800140e+03
6.760356720781045624e+03
6.817197506099520979e+03
6.030449886293363306e+03
6.406448545026847569e+03
6.329820256143320876e+03
5.349706606963360173e+03
6.597894621129188636e+03
6.906198804583313176e+03
5.825387822422540012e+03
5.571822823926142519e+03
6.747465741591779079e+03
6.600903592333865163e+03
5.457936494160250732e+03
5.677834615767762443e+03
6.000824462820633016e+03
6.632772821268959888e+03
5.252222008880802605e+03
5.825278443779090594e+03
7.086155936971891606e+03
6.585411627529775615e+03
5.508339815935847582e+03
5.054510104057699209e+03
5.561274606455410321e+03
7.192689205430548100e+03
5.856183746878838065e+03
5.455351359483274791e+03
5.880830368097732389e+03
5.889040626211984090e+03
5.899382251538743731e+03
6.442739921254247747e+03
6.834063935570085050e+03
5.887634586971701538e+03
6.446855203016020823e+03
5.298341828241166695e+03
5.923214319819547200e+03
5.596225792363007713e+03
6.630392384660176504e+03
5.614754801878395483e+03
6.600767814503277805e+03
6.535563496189482066e+03
5.486704140114042275e+03
5.994542116301869100e+03
5.822709794344285910e+03
6.047528605099924789e+03
6.937229207306679200e+03
5.327088405055128533e+03
6.047371026144274765e+03
5.096726892999642587e+03
6.563888251018586743e+03
5.909808751593014676e+03
6.237521455989197420e+03
5.672756931853915376e+03
6.050568824161873636e+03
6.441994150505666767e+03
4.632764986212792792e+03
5.941562651794180056e+03
6.552788086346810815e+03
6.680990255508642804e+03
6.272182717111481907e+03
6.000489057681611484e+03
6.254760567706012807e+03
6.500789223451621183e+03
6.572628361067322658e+03
5.221432992758747787e+03
6.087841041935584144e+03
5.947612249034042179e+03
7.517705187782208668e+03
6.471100703747324587e+03
5.636234820109436441e+03
4.279797144041376669e+03
5.169330865298874414e+03
6.186639240179018088e+03
6.427949141037318441e+03
5.707530947224718147e+03
6.977186248390823494e+03
6.875663773388199843e+03
5.396778356900811559e+03
4.774609147833911265e+03
5.991065857105327268e+03
4.828813407239734261e+03
6.618306690444630476e+03
7.229089410012502412e+03
5.798071609566325606e+03
6.257004845075420235e+03
5.572992164461214998e+03
5.930786282674518588e+03
5.256508997384344184e+03
5.473241621897402183e+03
6.750312064800181361e+03
6.589073277562018120e+03
6.703592708730788218e+03
6.803448062914754701e+03
5.647993714978215394e+03
6.453489154840273841e+03
5.100844872053792642e+03
5.757159589123786645e+03
6.118461293763582944e+03
5.872130865637843272e+03
5.560986411847185082e+03
6.347589879100285543e+03
5.950496106917895304e+03
6.313980299975470189e+03
6.865787238106500808e+03
5.666863216127325359e+03
5.331343776955623071e+03
6.627079712767510500e+03
6.087272271950774666e+03
5.919740692634362858e+03
6.394681752528951620e+03
5.748382604568220813e+03
6.327661237671478375e+03
5.895138382028877459e+03
6.026575028809056676e+03
6.005076151433117957e+03
6.112932297933681184e+03
4.611433844427241638e+03
6.583882724930923359e+03
5.300742860196886795e+03
5.725870774254495700e+03
6.617709335926645508e+03
6.477425765129017236e+03
5.858444427822434591e+03
6.385937050997910774e+03
5.873771592943194264e+03
5.769769380495075893e+03
6.516408988029027569e+03
6.107796908723985325e+03
5.862183380546777698e+03
5.764471732397076266e+03
6.357873834570656982e+03
6.400686652438909732e+03
6.347383354424562640e+03
6.348812563333942308e+03
5.577207524436038511e+03
6.975761031651967642e+03
6.579746107754977857e+03
4.306764739097954589e+03
5.790137843530603277e+03
6.375336143220800295e+03
5.830871884095673522e+03
5.457378974079676482e+03
6.285011875854115715e+03
5.592281624824667233e+03
6.527199020573587404e+03
5.641574340632825624e+03
6.377970542508058315e+03
6.258969474497841475e+03
5.774959032598177146e+03
6.066191244721614567e+03
6.007077332373541140e+03
5.951202174214877232e+03
5.831801898629966672e+03
6.669901725712992629e+03
5.730775198016930517e+03
6.003666975161791925e+03
6.317194968045634596e+03
5.779757533534173490e+03
6.131849245694990714e+03
6.791306720886416770e+03
5.756291922447953766e+03
5.263607520983674476e+03
6.654730341363332627e+03
