6.111852173887073150e+03
2.500000000000000455e+03
7.302827041086541612e+03
7.132559544543125412e+03
5.195925722002539260e+03
4.828596698718581138e+03
5.313496589180216688e+03
5.680642450414367886e+03
7.214160951558296802e+03
8.383979602707691811e+03
6.553727267126777406e+03
7.026586387168084002e+03
7.863723515844711983e+03
7.162573394170149186e+03
7.299837113674802822e+03
6.584642651153951192e+03
6.042423386842157925e+03
6.352844525758870077e+03
6.185329866074684105e+03
6.286777947608189606e+03
5.531130313912382917e+03
6.521494127146373103e+03
6.841137244737501533e+03
5.211173369286701018e+03
6.241184528027997658e+03
8.127990983350333408e+03
6.358571143636268971e+03
6.377508814791358418e+03
5.746180986633462453e+03
7.136493012002531941e+03
6.713243565130262141e+03
6.513683261997460249e+03
7.585627183688818150e+03
7.383731985995116702e+03
7.173131637313828833e+03
7.141785346548444068e+03
6.988334596925446021e+03
7.224585034958922733e+03
7.037029470625840077e+03
7.756392622394845603e+03
7.019410516568420462e+03
5.224228425206369138e+03
6.063717224577663728e+03
4.724714912687117248e+03
6.051179669494134941e+03
5.439272439203590693e+03
6.389762305627247770e+03
4.661796698620181814e+03
6.900410051558023042e+03
6.607428895554821793e+03
5.773665545529460360e+03
6.619595648148731016e+03
6.338846424192544873e+03
6.710611354209217097e+03
6.034280072875786573e+03
6.402280309806295008e+03
6.710616733244823081e+03
6.358550526076898677e+03
6.121814547706951089e+03
5.754575730097675660e+03
5.539326875692460817e+03
6.039154385907603682e+03
6.591737813587452365e+03
5.389344408746579575e+03
6.802200505263806917e+03
6.820451230422751905e+03
4.987838588532153153e+03
7.279117210313906071e+03
6.445306304699828615e+03
6.271402522834463525e+03
6.365788655709457089e+03
5.961497588864340287e+03
5.680438561945637048e+03
6.678346244121357813e+03
5.925598502870172524e+03
6.521381123280882093e+03
6.681051522865059269e+03
5.787608828246711710e+03
6.374404441947721352e+03
5.759479779044560019e+03
6.072039202422229209e+03
7.665953400829040220e+03
6.580954706018722391e+03
6.133798348316806369e+03
6.311028150555033790e+03
7.240233307046409209e+03
6.661809700644360419e+03
6.130746309467476749e+03
5.795431117831143638e+03
6.095397328586711410e+03
6.834409620047475073e+03
5.903043979693547954e+03
5.824098456283529231e+03
5.723321136760221634e+03
6.911354078109665352e+03
6.779458806432664460e+03
6.159529082768087392e+03
5.860359387481827071e+03
5.856877790949987684e+03
5.964917568894667966e+03
6.638671554266273233e+03
6.233669178499787449e+03
5.816812938155995653e+03
6.414377787534331219e+03
6.745247735586296585e+03
6.269846058303392056e+03
6.735906036375804433e+03
6.292783353307137077e+03
7.362701525681211024e+03
5.990999122150609765e+03
5.807096524898422103e+03
6.722527706602654689e+03
6.724837271539968242e+03
6.602927375008368472e+03
5.955464756124376436e+03
5.641880131353606885e+03
6.819786795063732825e+03
6.581081220734945418e+03
5.715466425599736795e+03
5.552970727235848244e+03
6.503856230236066040e+03
6.433540850692536878e+03
6.598901585403906211e+03
6.537029514773102164e+03
6.567112155380008517e+03
6.257286700532140458e+03
6.671339395308124949e+03
7.183521131988624802e+03
6.311895356204388008e+03
5.713235367847220914e+03
7.510709361971331418e+03
5.999720590195815021e+03
6.499528380814214870e+03
6.891469995305878911e+03
6.339453172532414101e+03
6.519152008687717171e+03
6.501740319655189523e+03
5.818244060584098406e+03
7.059126242558329068e+03
6.321161008956982187e+03
6.168027466412291687e+03
5.913181528406141297e+03
5.551365289733550526e+03
6.991065284108169180e+03
5.958625503835466588e+03
5.347972088642221934e+03
6.508204824010527773e+03
6.940517708880788632e+03
5.749963191540321532e+03
5.464795803644788066e+03
6.813524105273416353e+03
6.004068015025011846e+03
6.662435894521261616e+03
6.820814883294607171e+03
6.402258142136939568e+03
7.001053068331960276e+03
6.724124839074646843e+03
6.472507023138576187e+03
6.547147419385937610e+03
5.972632008595161096e+03
7.192253529233324116e+03
5.625885977448512676e+03
5.934735161540029367e+03
5.912710628036569688e+03
7.259923504520646020e+03
5.822237792151141548e+03
5.712095662709534736e+03
6.008519160360061505e+03
6.856554470339548971e+03
6.072367768705529670e+03
5.804325334605367971e+03
6.517794978164615713e+03
5.709597236532001261e+03
5.757054491691213116e+03
7.026773489915910432e+03
7.468617765504810450e+03
6.138916963860204305e+03
6.324072546820484604e+03
5.838335126766183748e+03
6.586353984243195555e+03
6.514623653354781709e+03
6.667169546702800289e+03
6.337903634237849474e+03
6.656374612536728819e+03
7.476953315248390936e+03
6.882389744021049410e+03
6.135730250099195473e+03
7.031773472672980461e+03
5.803269225246207498e+03
6.257428177324080025e+03
5.813656276406749384e+03
6.174992941612923460e+03
6.811847667495984751e+03
5.616986349207265448e+03
6.086719238996785862e+03
6.544977063560764691e+03
6.985335640739845985e+03
5.961824478412175267e+03
6.779288014187700355e+03
5.988062787237955490e+03
5.971877431847442494e+03
6.145231475961320029e+03
5.853737940612060811e+03
6.708229173587206787e+03
5.931429639675130602e+03
5.751574011361948578e+03
6.559905706970262145e+03
6.958996590463831126e+03
6.506875394833910832e+03
5.919923676610078473e+03
7.598185511088433486e+03
6.166964238064971141e+03
6.689161859037433715e+03
6.625246515201492002e+03
6.719258653225932903e+03
7.047362711679629683e+03
6.146465313991409857e+03
6.283771807377388541e+03
6.532232848637512689e+03
5.826126392689257045e+03
5.969507904043788585e+03
5.678638559686774897e+03
6.143987114804869634e+03
6.740398695603869783e+03
7.464199744456937879e+03
6.325703915673984739e+03
6.459640402329052449e+03
6.446763267284832182e+03
6.333317294356238563e+03
6.601531958970736923e+03
6.417027435963793323e+03
5.972302455746766100e+03
5.681440395084824559e+03
6.800225102590184179e+03
6.178677671181351798e+03
6.324480021834353465e+03
5.636454849739366182e+03
5.702145277455061660e+03
6.740780474603552648e+03
6.685831608516954475e+03
7.194360303826485506e+03
5.999832691478646666e+03
7.318329349573745276e+03
6.456069952263645973e+03
7.227323241947907263e+03
7.018972321066505174e+03
6.486300245517943949e+03
6.175300592283545484e+03
6.309303974647726136e+03
6.600370264702218265e+03
5.846705366268580292e+03
5.269899365420452341e+03
6.294844515720856180e+03
6.507744263687421153e+03
4.871937076699476165e+03
6.289729517495548862e+03
