5.859986689076586117e+03
2.500000000000000455e+03
4.428170070131104694e+03
4.396844945983119942e+03
3.472668748464420332e+03
3.782709863641593074e+03
4.119179395645323893e+03
3.788722033402973466e+03
3.317683804870724089e+03
3.665847814613797709e+03
4.107685597936791055e+03
4.041465999879535502e+03
4.061678208221003842e+03
3.394399650613028825e+03
4.121244462599577673e+03
3.903830184126964923e+03
3.487073086959588181e+03
3.652577226389405041e+03
4.209590506946231471e+03
3.783462622103281774e+03
3.874439694285637870e+03
3.834778684938537936e+03
3.824196951889593038e+03
3.852074764572510503e+03
3.750481236404305946e+03
3.816913568063989260e+03
3.773877813939418502e+03
3.897738624512065144e+03
3.865215327574896492e+03
4.362240074391026610e+03
3.796826582923551541e+03
3.593593341610274820e+03
4.169927022108963683e+03
3.700906940661016506e+03
4.098552597010366298e+03
3.577887947245481882e+03
4.121676307362386069e+03
3.870624446013110628e+03
3.512864830879172587e+03
3.912066894387678531e+03
4.168519423493992690e+03
3.826944724519399642e+03
3.434983159285453894e+03
3.679096331630245913e+03
3.634642836546954641e+03
3.439261372454214325e+03
3.731849221290992318e+03
4.163356815886543700e+03
4.247944865285177912e+03
3.629554866936946382e+03
3.688160240589481873e+03
3.900830684533964359e+03
3.646348620923850831e+03
3.892344066566821311e+03
3.810758081032465270e+03
4.094190776285920037e+03
3.534416310463579521e+03
3.784466485980610742e+03
3.788692929734762401e+03
3.938250009175166269e+03
3.534816669009716406e+03
4.382869958707252408e+03
3.729932698399079072e+03
3.977570313839820756e+03
4.044161569966411207e+03
3.783476403640736862e+03
3.476689600885559230e+03
3.798680410527936147e+03
4.023714970620687836e+03
3.708751998293407269e+03
3.585025624091475947e+03
4.190482585866815498e+03
4.469756454785924689e+03
3.959550101597845696e+03
3.184580543696542009e+03
3.626427312348235773e+03
3.834743729808374155e+03
4.068418093076632431e+03
3.990036019523500272e+03
3.669919203526379079e+03
4.075129466786436751e+03
3.579761954492028053e+03
4.041820330089085473e+03
3.456759050802000274e+03
3.682054718107808185e+03
4.062144645002790639e+03
3.991231616107739683e+03
3.760974928213585372e+03
4.044223562641327590e+03
3.559855098847728186e+03
4.432191982506310524e+03
3.314215313029527806e+03
4.078770463683956223e+03
3.232478501963902090e+03
3.920250647383311389e+03
3.842676385247400958e+03
3.747274962664897885e+03
4.048935006668626556e+03
4.086775103292347012e+03
3.835815269662278297e+03
3.878723394816710424e+03
3.990693161955820869e+03
3.570161961747337500e+03
3.772593548348608692e+03
4.125088863147595475e+03
3.831430246779294976e+03
3.640650632282704464e+03
3.696987205016222106e+03
3.604951130576830110e+03
3.614928634451959169e+03
3.672604807834613894e+03
4.467649641257255098e+03
4.187033774793766497e+03
3.512767119688392086e+03
3.752860530585477136e+03
3.804620472686922767e+03
3.689495410044049095e+03
4.428459964378526820e+03
3.396757753181549560e+03
3.778200457659891981e+03
3.873505474684807268e+03
3.930512660611583215e+03
3.705279049713960376e+03
3.865183651673273289e+03
4.005672346019188808e+03
3.731023642949755413e+03
4.194461027136165285e+03
3.525525082195037612e+03
4.312237319945467789e+03
3.675426697297579267e+03
4.163889413964972846e+03
3.263090067847849696e+03
3.399097406096364466e+03
3.799697207783970043e+03
3.606641686843645402e+03
4.330183420062563528e+03
3.816272985303246060e+03
3.765076300227938646e+03
4.317157196665149968e+03
3.437446279976381447e+03
4.512873018759422848e+03
3.484098098192720499e+03
3.865273113543649742e+03
3.665559675453554974e+03
3.826971284502950766e+03
3.806506797244856443e+03
3.685960411021560049e+03
3.704618325822228144e+03
3.416655446329850292e+03
3.889650764160444851e+03
4.251398665216872359e+03
3.933220053539050241e+03
4.245763975847512484e+03
3.677662807768924722e+03
3.448542932983735227e+03
3.889736721048555864e+03
4.133728788673551207e+03
3.356409803129150987e+03
4.012134631080871259e+03
4.066801041664725744e+03
4.345168430477920083e+03
3.467621557328806375e+03
4.121255642709994390e+03
3.738488631951225216e+03
3.049359208949208096e+03
3.466973382299509467e+03
4.325861256193584268e+03
4.067070181831495574e+03
4.164250366985649634e+03
3.787016236230436334e+03
3.800790718022419696e+03
4.025710051618123543e+03
4.311882265573425684e+03
3.675555716445598591e+03
3.466286643994326369e+03
3.589529212434776127e+03
3.542002245963383757e+03
4.276794692010191284e+03
3.802013042214831330e+03
3.925052209539903743e+03
3.458410794331113721e+03
3.419482450414095638e+03
3.681030199380715203e+03
4.361818856664930536e+03
3.744782860757545677e+03
3.541502185493828620e+03
3.734456251354200049e+03
3.642738544396008820e+03
3.458252464799711561e+03
4.246140499796215408e+03
4.119993045772080222e+03
4.297856114735379379e+03
4.048609905207983502e+03
3.653825803949293459e+03
4.019616788579352487e+03
3.831756787426119445e+03
4.074614241635119470e+03
3.336103715760847990e+03
3.771808378392828672e+03
4.131529513176755245e+03
3.488150749682159585e+03
4.010653089864589674e+03
4.145831023067094975e+03
3.762868591721356552e+03
3.996493973445543816e+03
3.905766478268151332e+03
3.391925015426923892e+03
3.832773739057669900e+03
4.269934180875672610e+03
3.273197730071703063e+03
4.784744734940230956e+03
3.345875044636364237e+03
4.008244960344140054e+03
4.030162994197717126e+03
3.626273031664737573e+03
3.540807675268974890e+03
4.264828239701008897e+03
3.884590538531548191e+03
3.390148315404431742e+03
3.497109054533617837e+03
3.802810444436690887e+03
3.553780425488547735e+03
3.927621365545417575e+03
4.050348127207679227e+03
3.851307930321958338e+03
3.817855276575499374e+03
3.769609830681555650e+03
3.636252027050498327e+03
3.921925635822013192e+03
3.836497612310671684e+03
3.565062663118053933e+03
4.445622038238472669e+03
3.944512967413110346e+03
3.829168610731766421e+03
3.141254736877777304e+03
4.388768291151539415e+03
3.578275721904205966e+03
4.334947934937652462e+03
3.411884883023515158e+03
4.039484256541320065e+03
4.535824497543708276e+03
3.357538530498035925e+03
4.078468905287106736e+03
3.520389303866154478e+03
3.568283766854421629e+03
3.797943061232839682e+03
3.969280350977250691e+03
4.050418901194247155e+03
3.795272557430565030e+03
4.550066690177959572e+03
3.854740826114082665e+03
3.090144414417221014e+03
4.437425456908524211e+03
3.647244918881078775e+03
3.570849236217383805e+03
3.603245633998122685e+03
