9.319294915561837115e+03
2.500000000000000455e+03
7.794327589263639311e+03
7.988334822329040435e+03
6.789149365497462895e+03
6.791164763347700500e+03
6.271260815274526976e+03
6.269245417424290281e+03
5.651572242904875566e+03
6.099716379499907816e+03
7.313932078265918790e+03
6.958498273449408771e+03
5.658374819616770765e+03
6.911723126000782941e+03
7.166933103078798922e+03
6.110791389259358766e+03
7.389590682088648464e+03
7.677575257406841047e+03
6.152569817105219045e+03
6.479069805191713385e+03
6.393276399208719340e+03
7.298118431993764716e+03
7.356949842900876320e+03
6.334444988301607737e+03
6.349391650360065796e+03
7.717535471024250000e+03
6.874079527581702678e+03
6.841443901827439731e+03
5.796301078416158816e+03
6.716277666200503518e+03
6.696883745805460421e+03
6.148634078584766030e+03
6.762360611686922311e+03
7.324728977324331936e+03
6.847271712122682402e+03
7.440131864316063002e+03
6.544917143809218032e+03
6.364119634705067256e+03
7.287539966307745999e+03
6.190923895135677412e+03
5.072250723359185031e+03
7.051988508013543651e+03
6.395687770258251476e+03
6.780467505777100087e+03
5.763987054305063793e+03
7.007392669364571702e+03
5.792606485227661324e+03
6.060607502706625382e+03
6.199252080768097585e+03
6.038292749830410685e+03
6.044476991124927736e+03
7.727056337238598644e+03
6.693898488664304750e+03
6.636594253444660353e+03
6.398874274440179761e+03
7.023419920477206688e+03
6.637592685570762114e+03
6.275340912422183465e+03
6.007346826662337662e+03
6.473133871886506313e+03
6.401565801364105937e+03
7.058745211804736755e+03
7.094255339914687283e+03
6.058492819443797089e+03
6.214586300491730071e+03
6.792121949542593029e+03
7.107962572482289033e+03
6.951865066737396774e+03
6.180161828932241406e+03
6.736719548097475126e+03
6.357953791083882606e+03
6.722945571154781646e+03
6.516250839461188662e+03
5.330727434978281963e+03
7.755601441945040278e+03
6.897198142105617990e+03
6.403908667205298116e+03
4.927361065047296506e+03
7.508195722428402405e+03
7.155447086898760972e+03
5.574725481975629009e+03
5.678674687416520101e+03
7.351066018980516674e+03
5.815468474201012214e+03
7.029545960214235492e+03
7.378272671587231343e+03
7.278235354266451395e+03
6.082827013851996526e+03
6.525514592522857129e+03
6.732864068383153608e+03
7.405756828515864981e+03
6.749328796560400406e+03
6.468621553564022179e+03
6.790165417094941404e+03
7.049503535598677445e+03
5.731939900711559858e+03
5.818758207412971387e+03
6.631219882259931182e+03
6.951498455070742239e+03
7.478444611055817404e+03
6.096500209988751521e+03
6.707899899245870074e+03
5.578820419395422505e+03
5.808329194623949661e+03
6.751292183429115539e+03
7.534671319183185915e+03
7.005382827988888494e+03
6.929006770508703084e+03
5.399460198838876750e+03
6.884556221029750304e+03
6.265459242341668869e+03
6.768679217149756369e+03
5.920239514725149093e+03
6.881964693406797778e+03
6.606312682155376024e+03
7.662510319517182324e+03
5.961664354248089694e+03
5.799169001773137097e+03
7.016281118339185014e+03
6.988219637552825589e+03
5.772676992181768583e+03
6.523530025996854420e+03
7.528774763914463620e+03
6.207943445325878201e+03
7.424805582114984645e+03
6.783642876023833196e+03
5.447413859468030751e+03
6.515165036841361143e+03
8.138934412277949377e+03
6.071104714773114210e+03
7.515816082361629014e+03
5.645786671384831607e+03
6.180790120158451828e+03
6.669179225427782512e+03
6.327496932072086565e+03
6.074535373433295717e+03
6.319000264567534032e+03
7.016096688251601336e+03
6.096645120915682128e+03
6.548241405292706986e+03
7.528497747606081248e+03
6.541526596371051710e+03
5.546904624973183672e+03
7.470634178210540995e+03
7.594681178805560194e+03
6.460458765016624966e+03
6.488550666552212533e+03
5.829005589493406660e+03
6.839044507534904369e+03
6.220048391105658084e+03
6.156646407403680314e+03
8.184240227811412296e+03
7.248463549553184748e+03
6.219668148107550223e+03
6.903391231648527537e+03
5.844170555536416941e+03
6.914510276978321599e+03
5.843110181562329672e+03
6.551876684112073235e+03
7.006560895473637174e+03
6.580855087673961862e+03
6.481219622591942425e+03
6.599071793448312746e+03
7.023066009578729791e+03
6.552826009164015886e+03
5.234267265195567234e+03
6.342543585287688984e+03
6.843901578163709019e+03
7.648305432988177927e+03
7.521220877811663740e+03
6.573002997907943609e+03
5.521407463812864080e+03
7.304007436895742103e+03
5.827879045985069752e+03
6.128460542610087941e+03
7.079031998364172978e+03
7.244212573788987356e+03
7.088016461751665702e+03
7.136214678290083612e+03
6.539560083522021159e+03
7.230127983132550071e+03
6.792463721084514873e+03
6.034689310786197893e+03
6.869320694470199669e+03
6.411284946591560583e+03
6.932665343785149162e+03
7.638542809288353055e+03
6.739583747340248919e+03
5.593833926687256280e+03
6.605372993413783661e+03
6.313771668655638678e+03
6.177726183170168952e+03
7.195621271741939381e+03
7.582995083155598877e+03
6.249396257111588056e+03
6.856293602753215055e+03
7.211288560765743568e+03
5.493834614479563243e+03
6.212238649094226275e+03
6.480600980955723571e+03
7.427479327340774944e+03
6.493057328021563080e+03
6.083745398538536392e+03
6.391012788590458513e+03
7.402172878025363389e+03
7.147550520469947514e+03
6.301190621372923488e+03
6.144258490313261063e+03
7.558414983431604014e+03
6.286261080002875133e+03
6.501348378821189726e+03
7.199908456708987615e+03
6.340753628242653576e+03
6.140056895496705692e+03
5.434812833541363034e+03
6.173757435810921379e+03
6.372093650944916590e+03
6.475748726487926433e+03
5.618352820501618226e+03
7.339894038088221350e+03
7.955394747928401557e+03
7.687708847435707867e+03
6.426613552698594503e+03
7.055093040011866833e+03
6.240618975809436961e+03
6.573577517244572846e+03
5.874368348217552921e+03
7.482748459868706959e+03
6.766864814213191494e+03
6.542205251297623363e+03
7.063676243489726403e+03
7.175849032878481921e+03
8.004201135043557770e+03
6.252343390376316165e+03
6.257504459265485821e+03
7.189135911071122791e+03
6.256217191474728679e+03
6.663626359076767585e+03
5.923665989186727529e+03
6.005218903964487254e+03
7.274143537419626227e+03
6.435997756240079980e+03
5.959988168073438828e+03
6.270515835494856219e+03
8.296690591693757597e+03
5.755928859093370193e+03
6.275198641146776026e+03
6.960749377263770839e+03
6.183180026845835528e+03
7.225641018022141907e+03
6.579480903564084656e+03
6.671296238541439379e+03
7.545354198975733198e+03
6.351126720230519823e+03
5.196888602812186946e+03
6.111119341222401090e+03
