1.388505304917252943e+04
2.500000000000000455e+03
9.017072049954931572e+03
8.686760855864666155e+03
5.176555931216311365e+03
5.938071505873052956e+03
6.311866693381669393e+03
5.550351118724925982e+03
7.531168576263284194e+03
8.482096557060755003e+03
7.931123703584009490e+03
8.566374940268866339e+03
8.150730582263758151e+03
8.491131401208956959e+03
8.337921956021369624e+03
7.695728617243438748e+03
7.824608805796871820e+03
8.269846765737807800e+03
7.514395549318684971e+03
7.328103148064658853e+03
8.148327418051415407e+03
7.664519627958019555e+03
8.402028854540632892e+03
7.410818191468802979e+03
8.655211028031355454e+03
8.185406116330244913e+03
7.983073818381032652e+03
7.839067987796608577e+03
7.163711661686131265e+03
7.064879632063795725e+03
7.307373261322434701e+03
8.233307781928757322e+03
8.020964575128705292e+03
7.086759134255492427e+03
7.663778962233091079e+03
6.547656302600154049e+03
8.410150375065830303e+03
7.486127548155012846e+03
7.265376050971442965e+03
8.491427774868894630e+03
8.372220299684171550e+03
6.765721945606659574e+03
8.349561273133220311e+03
7.454640984288830623e+03
8.435501930964936037e+03
7.084192713197206103e+03
7.554871215969538753e+03
6.990765038305168673e+03
8.785792609499256287e+03
7.395605852182669878e+03
7.480232541281744489e+03
8.204604303611120486e+03
7.441137542504651719e+03
7.734554022172928853e+03
6.709039038919735503e+03
8.069574580931540368e+03
8.670462741131857911e+03
7.779042225391192915e+03
7.158328142359204321e+03
8.108344397116710752e+03
7.018860409070439346e+03
8.706050804926169803e+03
7.637590006865996656e+03
7.271679201300157729e+03
6.510811803769744984e+03
7.655980244892934934e+03
7.803361697972243746e+03
7.414364373751377570e+03
7.230352614840188835e+03
7.934505516025489669e+03
7.864733359464242312e+03
8.720799755635056499e+03
8.126455522297240350e+03
8.039864214815604100e+03
8.143671856820782523e+03
8.238546044389357121e+03
6.879536156534734801e+03
7.101284604879195285e+03
6.647196927662187591e+03
7.196733386073803558e+03
8.731523649904549529e+03
7.798279963502653118e+03
8.822339969944834593e+03
7.669170712148448729e+03
7.205039974561402232e+03
7.975703788712092319e+03
7.233086889782451181e+03
7.482481589389604778e+03
7.993817952709807287e+03
6.974237013350593770e+03
8.533640018864294689e+03
7.255877950901391159e+03
8.723433564654022121e+03
7.157810002573955899e+03
7.741305633615276747e+03
8.031305884110697662e+03
7.073011463773978903e+03
7.497076090308688435e+03
7.400759767600937266e+03
8.355272187360093085e+03
7.106761103066413853e+03
8.156208941682858494e+03
7.629165911185962614e+03
8.769744635529625157e+03
6.584560474444988358e+03
7.711329557700465557e+03
5.674465742540762221e+03
7.545640087074971234e+03
7.518436594334139954e+03
8.774870196316232978e+03
7.104241722390093855e+03
8.628815812371864013e+03
8.654516045855627453e+03
6.759683604192407074e+03
7.715544176655718729e+03
8.138488862839072681e+03
6.307237894509467878e+03
8.137110328471029788e+03
7.711681142164195990e+03
8.424173614549785270e+03
7.862303980533297363e+03
8.258199924396809365e+03
8.146603604325278866e+03
8.339852353407210103e+03
7.997219864489612519e+03
7.107391149108373611e+03
7.403014332884886244e+03
6.170962121853368444e+03
8.322177563530805855e+03
6.781992849983533233e+03
8.185265195046924418e+03
7.440666690347651638e+03
7.465815100323952720e+03
7.311162140208908568e+03
7.052952957251106454e+03
8.211786421152053663e+03
8.288619592259334240e+03
9.454594370874447122e+03
9.599216063341897097e+03
7.455529648849783371e+03
6.706858896462285884e+03
5.437430452579702433e+03
7.607294260735066018e+03
7.501777611504709057e+03
7.825787244872881274e+03
7.788710989841447372e+03
8.171659698367880992e+03
8.017314996565542060e+03
6.389499481805170944e+03
8.659732336948534794e+03
6.992171707191174391e+03
7.556176045361866272e+03
7.743557352630712558e+03
6.499957007072272063e+03
7.411232488892554102e+03
7.642652683796837664e+03
9.278233415069669718e+03
7.946718731903778462e+03
7.532439241030413541e+03
7.985944970032730453e+03
8.306841454612573216e+03
6.954371023133364361e+03
8.003883206229781536e+03
7.358363532518602369e+03
7.165402380134261875e+03
8.937085184556324748e+03
8.188281915679658596e+03
7.109473999246292806e+03
7.088607112257803237e+03
7.123780008442387043e+03
8.065997089572594632e+03
7.121563234582620680e+03
8.136396011849857132e+03
7.435910643138126034e+03
8.039192620406286551e+03
8.366265376484032458e+03
7.569791068540790548e+03
7.227310044156373806e+03
7.217822349558573478e+03
8.027042882259544058e+03
8.291488535023159784e+03
8.231987579065131285e+03
6.793600476231611538e+03
7.166738866980426792e+03
7.648049828460441859e+03
6.896215726472121787e+03
7.067779363690390710e+03
7.361874988038082847e+03
8.106658174975004840e+03
8.576514869502010697e+03
7.305921270880340671e+03
8.544980818828244082e+03
8.610102161226335738e+03
8.392302794792347413e+03
7.482752954903107820e+03
9.139776488160297959e+03
8.308233732452179538e+03
5.459617157850067997e+03
7.166331082484901344e+03
6.904744715274702685e+03
6.832264822547491349e+03
7.552241102787946147e+03
7.878939746758780529e+03
7.192200771661426188e+03
6.951167494982871176e+03
7.531247594724388364e+03
8.093222229234878796e+03
8.709023830341478970e+03
9.935629350797877123e+03
7.017194073605551239e+03
8.198946147075459521e+03
6.754043851756518961e+03
7.436217751497270001e+03
7.060293293860679114e+03
8.132015482067026824e+03
7.453915971434114908e+03
8.009067030253228950e+03
7.800982700259638477e+03
8.091010280305485139e+03
8.713277595502997428e+03
7.137267731359782374e+03
7.833585215456242622e+03
7.218334583990596911e+03
6.048449990971169427e+03
7.758892347841879200e+03
8.110678837018454942e+03
8.485551061411475530e+03
6.567878438501472374e+03
7.900114264118520623e+03
7.467440958941081590e+03
7.519739837007304232e+03
7.837312016807256441e+03
8.461035919342859415e+03
7.528744357639656300e+03
6.860928019954536467e+03
8.211902130058808325e+03
7.004204521831094098e+03
7.228303682655830926e+03
7.369469709960823820e+03
9.013375273338544503e+03
8.350158952999248868e+03
7.366376515365771411e+03
7.709642850737303888e+03
7.302454203527543541e+03
8.290285206820870371e+03
8.391684419153252747e+03
7.052983635212273839e+03
7.559056000432764449e+03
6.011724905214240607e+03
7.133320310670461367e+03
7.361069905459798974e+03
6.925607502665200627e+03
8.302321163223476105e+03
8.013199790520915485e+03
8.795473071066289776e+03
8.764790301466586243e+03
