6.599337270807719506e+03
2.500000000000000455e+03
3.648837522353278473e+03
3.927859687780605782e+03
6.687061233489558617e+03
7.009173482190234608e+03
7.606634304205422268e+03
7.284522055504746277e+03
6.656497540443585422e+03
6.134024385046834141e+03
6.978206892850063923e+03
6.128726843066367110e+03
7.159160847255236149e+03
6.153197096308289474e+03
5.492376945015823367e+03
5.810624844505189685e+03
7.852260128611076652e+03
7.729257991612024853e+03
7.721185439279038292e+03
7.357942197703269812e+03
8.326723775613088947e+03
7.925238183169819422e+03
7.859578025778087977e+03
8.392383933004821301e+03
8.102049521518699294e+03
7.750441681807524219e+03
7.742291615970499151e+03
8.127010902149113463e+03
7.602202543500114189e+03
7.520179462880880237e+03
8.769576845640829561e+03
8.377238180946693319e+03
6.964390171637992353e+03
7.178360434921931301e+03
6.454034749426575218e+03
6.734843336097784231e+03
7.183887011696542686e+03
6.398552703829634993e+03
6.720993259560005754e+03
6.816977112317925275e+03
7.054946985086974564e+03
7.252454232418402171e+03
6.901258054803869527e+03
7.024778492708062913e+03
7.091652405301758336e+03
7.725173930196022411e+03
7.144330186091225187e+03
6.833400850580916995e+03
6.038857876964011666e+03
5.742240053914958480e+03
7.820279725205060458e+03
7.248149403630305642e+03
6.586196839564151560e+03
6.721419205730484464e+03
7.128980685861940401e+03
7.562845923379642045e+03
6.830092802878139082e+03
7.189295339772054831e+03
6.964578260836433401e+03
6.696407867757343411e+03
7.634058410437508428e+03
7.575957102195508014e+03
6.336380657706578859e+03
6.298931436794739056e+03
7.621569049591920702e+03
7.796907674276166290e+03
7.105226030500801244e+03
6.745851063405536479e+03
7.223790211962793364e+03
7.049395275237765418e+03
6.699487083639287448e+03
7.305034256326108334e+03
7.768293622638197121e+03
6.724191807497857553e+03
7.945249299157100722e+03
7.856518743733287920e+03
7.392310084306234785e+03
7.213312460197752443e+03
7.441180256425215703e+03
6.725471672725848293e+03
6.210001499334905930e+03
7.133824917082710272e+03
7.177549174831784512e+03
6.125158013423674674e+03
7.331903935023641679e+03
7.406441474177156124e+03
6.432838953972130184e+03
6.988590365182472851e+03
7.627731122561724078e+03
7.212874684000628804e+03
7.002346275880087887e+03
6.642623200841345351e+03
6.725671341127812411e+03
5.977226095991340117e+03
7.134833963369081175e+03
6.696573626910187159e+03
7.144874978847668899e+03
6.567493746186079079e+03
7.980618109490693314e+03
7.499866877821206799e+03
5.799421252950734925e+03
7.055859759571018003e+03
7.395371082126726833e+03
6.891789473899445511e+03
6.380323067241764875e+03
6.972032873687204301e+03
6.463129917822417156e+03
7.014258652295010506e+03
7.608788011071948858e+03
8.245286622828496547e+03
6.442672579473723090e+03
7.311856117798905871e+03
7.170501733062767016e+03
6.848544199494051099e+03
7.469199818615114964e+03
6.578383810851916678e+03
6.435061682475634370e+03
7.000936950473441357e+03
6.256925106099624827e+03
7.166063683356269394e+03
6.294798835463944670e+03
6.634615051097755895e+03
6.806840964499267102e+03
7.250370577293175302e+03
7.462855184770067353e+03
7.306078569033510576e+03
7.044015182730765446e+03
6.453243929575606671e+03
6.727338406978883540e+03
6.203041747460909392e+03
8.342810962658939388e+03
6.627444994781236346e+03
7.477579687724551150e+03
7.539217211590070292e+03
6.043726517020580104e+03
6.944403541972372295e+03
5.689319330568287114e+03
5.720633556572051930e+03
6.648102117835095669e+03
6.645575016720106760e+03
7.808916399337806070e+03
7.097385077363525852e+03
7.370614356009068615e+03
7.400518542768932093e+03
7.286468882674208544e+03
7.187099191787499876e+03
6.741194410882815646e+03
6.069921545311382943e+03
6.425100133962576365e+03
7.301551367188157201e+03
7.549888497779300451e+03
7.901605697896345191e+03
7.180465568158735550e+03
6.588951444169234492e+03
7.761169037286912499e+03
7.072811499192458541e+03
8.260301009661274293e+03
7.609186963194140844e+03
6.052507332649831369e+03
6.014901583849743474e+03
7.296355212246513474e+03
6.584801630108305289e+03
6.567776546257541668e+03
7.384836846289445930e+03
6.645968401441557944e+03
7.171827184793083688e+03
6.372416009584434505e+03
6.599307084952138212e+03
8.184655873182267896e+03
7.662498284413713918e+03
6.586327825934775319e+03
5.399360643526266358e+03
6.346472938615514067e+03
5.950277543769554541e+03
7.309704783789436988e+03
6.757521232321006210e+03
6.801772710739499416e+03
7.399401274734237631e+03
6.408558319788860899e+03
6.648837206878581128e+03
8.007882124799319172e+03
7.412068666386997393e+03
6.729949484767773356e+03
8.005999644406751031e+03
7.528349584015230903e+03
6.850479964839837521e+03
7.018910152129935341e+03
7.366178453333333891e+03
6.463161462569174546e+03
6.536509339399512100e+03
8.040309776222919936e+03
7.870304253551767033e+03
6.391995883647070514e+03
6.445657828159281053e+03
7.252031152922987530e+03
7.316930179029361170e+03
8.593305685456842184e+03
7.083877173757445235e+03
6.504312472990060996e+03
6.499880087134334644e+03
7.943139955058358282e+03
7.611476469757669292e+03
6.168464715821906793e+03
5.145474023423163089e+03
7.747234269666349064e+03
7.294319497238704571e+03
7.846658672785318231e+03
7.621991130537609934e+03
7.987816910059204929e+03
7.077032802925629767e+03
7.418873906730164890e+03
7.256433857114185230e+03
6.814838827674620006e+03
6.294995635743865023e+03
6.422015354393952293e+03
6.923768518288626183e+03
6.960572948096119035e+03
6.660699760292628525e+03
5.745647699192206346e+03
7.871642399544780346e+03
6.699185620654448940e+03
6.146341119904765947e+03
7.733024632063456011e+03
7.485074610843163100e+03
7.168165054968424556e+03
7.487974806573301066e+03
7.386562931920132542e+03
6.742078238713137580e+03
7.309798267820708134e+03
7.048268558072503765e+03
6.026059490736743101e+03
7.368206295343205056e+03
6.924509531574983157e+03
6.683071880206817696e+03
7.452200513062670325e+03
7.258143031378687738e+03
7.106912777000620736e+03
7.171624040305770905e+03
7.441468842461178610e+03
7.383350552133882047e+03
7.570440732483825741e+03
6.020659166213919889e+03
6.427794502924341032e+03
6.693543212493777901e+03
7.016759587586178895e+03
6.550695531555255911e+03
7.136950939586776258e+03
6.695514860287719785e+03
6.773490808938047849e+03
6.772989335178044712e+03
8.099523142096706579e+03
6.724693877976203112e+03
6.372943504440148899e+03
4.894025624716141465e+03
7.123982463026694859e+03
7.401416190111490323e+03
