3.592048062353609566e+04
2.820000000000000000e+03
7.589996207579525617e+03
6.382504750845437229e+03
5.795030399126613702e+03
1.925614018942147231e+04
7.005422359837583826e+03
7.093900936664454093e+03
7.429689210627358989e+03
1.391762867183613344e+04
8.556872890977067073e+03
6.872693774387988924e+03
1.302644440873559688e+04
8.347706867922464880e+03
7.394451710085580999e+03
9.316945928518496657e+03
4.699547571239818353e+03
8.600956440640533401e+03
1.512953657759759335e+04
5.676406815039233152e+03
1.080912934900467553e+04
7.073441343976175631e+03
7.597254164004534687e+03
6.409055933187924893e+03
7.656716459647137526e+03
1.674995469356769536e+04
7.888239964701609097e+03
7.519191201959778482e+03
6.040269960941090176e+03
6.263652979093187241e+03
1.091136355660890695e+04
9.630596308683287134e+03
1.424588598787439150e+04
5.527533711406282237e+03
8.955828051875691017e+03
5.114238541236252786e+03
8.530696495415417303e+03
5.312773358413575806e+03
1.411106431778770457e+04
1.404656065009455051e+04
7.943101519470326821e+03
5.652013719867699365e+03
2.169569896127377069e+04
1.396167552549848551e+04
1.133223900779623546e+04
6.758956036866702561e+03
5.284352105958285392e+03
6.428248423333381652e+03
8.653840647661587354e+03
1.965043426372853355e+04
7.910417823666707591e+03
8.197803665556919441e+03
4.271970904418715691e+03
1.026985994063858743e+04
7.277937644288385854e+03
1.175386226902727685e+04
6.146699389395371327e+03
1.207583024606592335e+04
8.713580807539608941e+03
1.124500926048080328e+04
6.071129046711373121e+03
2.800835724815947469e+04
5.461541955861550377e+03
7.500978052662447226e+03
6.383457682709478831e+03
9.392150683554322313e+03
8.637896213553280177e+03
1.425790526946023783e+04
6.387859565121393643e+03
6.522375792090246250e+03
6.942199424306438232e+03
1.005854541841339778e+04
1.050422226615398540e+04
6.318590996531394921e+03
6.909265227142534059e+03
9.496040547627510023e+03
8.090150089920844039e+03
8.430253408651828067e+03
1.268905348203568610e+04
1.020472678234113482e+04
7.680168898169053136e+03
1.032506050809094086e+04
1.058050376825456624e+04
7.244344837075190298e+03
6.843686060497585459e+03
1.048828933274581141e+04
8.340908199276720552e+03
9.465317463166838934e+03
1.111186229865375390e+04
6.308376995532811634e+03
2.379612913413669230e+04
4.360723297982082840e+03
1.331712804911691092e+04
5.400450771423986225e+03
5.508635628016007104e+03
1.405232183384473683e+04
6.064476332734342577e+03
7.137583543408024525e+03
7.114230455230052030e+03
1.187522914446737377e+04
6.671560660732362521e+03
1.207504227375922164e+04
5.203356153268141497e+03
2.271498633468186381e+04
1.219597969139471570e+04
1.911276232573573361e+04
9.135377249018396469e+03
8.751570434230154206e+03
7.425191233318473678e+03
1.116127326199023446e+04
4.730772815660582637e+03
1.359826332449231995e+04
1.454098918240141211e+04
6.904514234668795325e+03
1.954334623573560384e+04
7.732370626183648710e+03
6.627670690911864767e+03
6.391823632066127175e+03
7.966792408387407704e+03
5.382136106156980532e+03
9.846602033516357551e+03
1.146872883296912369e+04
8.333124290518288035e+03
5.914352479269249670e+03
1.578003286409505199e+04
5.054309223255917459e+03
2.989044447268674776e+04
6.989930800270165491e+03
1.572309559765428276e+04
4.240489238210555413e+03
2.438729747789602334e+04
5.922597478427306669e+03
1.005135987362772721e+04
8.477871620806916326e+03
8.311629653603591578e+03
8.812799436862071161e+03
1.301612586445765919e+04
5.360308015394541144e+03
2.460725032215393367e+04
4.873956037037145506e+03
2.060917508338575499e+04
6.250118858228315730e+03
1.213534985732837413e+04
7.082003543220570464e+03
6.216501935738294378e+03
7.968239339296576873e+03
5.032817292160929355e+03
9.121610844473427278e+03
5.800018360449209467e+03
3.810231148853249761e+04
9.342814213134719466e+03
8.737502229162286312e+03
8.433533850039504614e+03
1.960382027048101008e+04
6.406640617403053511e+03
1.735072123185071905e+04
7.000991536217571593e+03
6.524475218068771937e+03
7.522917972634659236e+03
6.278343205855622728e+03
1.795785519948830188e+04
5.915649926427076934e+03
5.787203799802451613e+03
8.701391519023167348e+03
4.750611730328198973e+03
1.667995350861660700e+04
1.069901414090769322e+04
5.791600632878986289e+03
7.462448988030666442e+03
6.815132905434552413e+03
9.886610419087828632e+03
7.099663703346493094e+03
1.752406047894234507e+04
6.812251642168722356e+03
1.329261467391681435e+04
5.537080548801224722e+03
8.612122444429995085e+03
1.083554243290691920e+04
7.805414523115606244e+03
1.117661771545444026e+04
1.159518240833446907e+04
1.164469790571054000e+04
6.084183415077826794e+03
9.722284422873784933e+03
8.153417685783711931e+03
5.537027872507493157e+03
1.052429683927510632e+04
8.798264008846697834e+03
6.841282472156550284e+03
1.160020084373415375e+04
5.626119167065166948e+03
1.600749286057777681e+04
1.699081629008016898e+04
2.795027012189795278e+04
5.537424011193543265e+03
1.092628692824186328e+04
1.350841168578082215e+04
5.851740066986281818e+03
7.265958787689672135e+03
9.515539719760101434e+03
5.159090973331295572e+03
7.756746090253021976e+03
7.237667272435158338e+03
9.998736091504664728e+03
8.248329429361292569e+03
1.594261411920563660e+04
6.464691947707727195e+03
1.489720268673033024e+04
1.422187017380267389e+04
4.924962697405926519e+03
1.370990880392136023e+04
4.465526671787892155e+03
5.588726045427785721e+03
1.014851642321569670e+04
2.820563266174820819e+04
5.880047469834620642e+03
8.287276307491541957e+03
5.543132700021563323e+03
1.334431778558501173e+04
8.458132961729392264e+03
7.670322771002295667e+03
8.974519165897607309e+03
9.631853575390357946e+03
5.608852100532312761e+03
7.854029096368760293e+03
6.289814094800649400e+03
8.266104859932507679e+03
6.448419195787944773e+03
1.034449702128414719e+04
1.274894725443945936e+04
5.002181179153382800e+03
1.533054999655841129e+04
1.095122603621671442e+04
5.460188529533620567e+03
5.193531725424086289e+03
9.816480636275326106e+03
4.852388079856471450e+03
8.375500258096566540e+03
1.134508711365358613e+04
7.152823426375052804e+03
9.846548310762416804e+03
6.107694462353653762e+03
1.563034841635035991e+04
9.092981144071392919e+03
8.730867275225205958e+03
1.698537904414509103e+04
6.086197319056434935e+03
6.610562217362758020e+03
5.279299339697276082e+03
2.007688566924650149e+04
6.824559827841259903e+03
8.741846136242671491e+03
8.571027632088866085e+03
4.842275660577147391e+03
1.210006027822241413e+04
1.007338603651885205e+04
