4.060390219346641061e+03
2.820000000000000000e+03
3.949754003433338767e+03
3.631205534488036847e+03
3.894739807137610114e+03
3.952809590157430193e+03
3.790350839356333836e+03
3.502190582830667154e+03
3.634040321879026578e+03
3.807708098648337000e+03
3.397800730071304770e+03
4.035667639143960969e+03
3.786451354709249244e+03
3.824144404736697652e+03
3.804728211355916301e+03
3.689996928839897919e+03
3.862450799445096436e+03
3.754076054188415128e+03
3.954274088046071483e+03
3.624044937586317246e+03
3.941691664562253209e+03
3.739897340763396642e+03
3.793479207193216098e+03
3.786734374363923052e+03
3.813042278078921299e+03
3.702697406967857205e+03
3.643189598926036524e+03
3.997948267266380753e+03
3.925788368354005343e+03
3.667627749152030901e+03
3.924717861890831955e+03
3.801486323506782810e+03
3.853074256825546399e+03
3.452331603001521216e+03
3.861092516611181054e+03
3.760285036986098021e+03
3.615480632521134794e+03
3.622926691208130251e+03
3.918681613384842422e+03
3.887853912506161123e+03
3.819210802597677230e+03
3.533600920408350248e+03
4.043346869160887763e+03
4.075613362663776115e+03
3.707422791326456718e+03
3.617475774954789813e+03
3.735113448257357959e+03
3.590237758859534097e+03
3.718342716555544939e+03
3.510296365918378797e+03
3.764913020382723516e+03
3.718925406348470005e+03
3.438819969777865026e+03
3.624888936542625743e+03
3.991692840745272406e+03
3.807647963441404499e+03
3.727368635820226245e+03
3.695386035718143376e+03
3.799480095164358318e+03
3.767382542260221271e+03
3.595953254649278279e+03
3.904227187400857474e+03
3.455103671518500050e+03
3.604489164218729456e+03
3.422766846021381753e+03
3.679805102684175836e+03
3.750246283982853129e+03
3.588762655254688980e+03
3.838557080074356236e+03
3.847457962148147999e+03
3.573160683431586222e+03
3.616078974339333854e+03
3.838843153959341180e+03
3.907732462914549615e+03
3.792851667655598249e+03
3.707002846932809007e+03
3.705571265545565439e+03
3.778096626347959955e+03
3.868486988857007418e+03
3.592815125004216952e+03
3.865761784439558596e+03
3.553091049499371366e+03
3.799547711957558022e+03
3.566161222995727258e+03
3.908395602038853212e+03
3.851271455355470152e+03
3.953327075966230950e+03
3.808204548103948127e+03
3.843157317027470071e+03
3.778273974402135536e+03
3.877601146726095521e+03
3.693092960961610970e+03
3.739433982581088458e+03
3.698609098672047367e+03
3.527334902695734854e+03
3.761022021264094747e+03
3.920773250618316979e+03
4.006676415080102743e+03
3.527860217264999847e+03
3.768660477465702570e+03
3.831637407110661115e+03
3.868957013171222115e+03
3.611865847241969732e+03
4.002186328566842349e+03
3.768089810955227222e+03
3.705333380154635506e+03
4.068879620914027328e+03
3.757871877676612712e+03
3.838242071223791299e+03
3.912522545350733253e+03
4.118373516968096737e+03
3.855537250256033076e+03
3.764165570857021521e+03
3.580751840732153141e+03
3.894918993160099490e+03
3.667334128135966694e+03
3.794096980664662624e+03
3.812735666153088459e+03
3.666519278705418856e+03
3.577632138914080315e+03
3.890147976247684710e+03
3.833799439346732925e+03
3.940022159198168993e+03
3.856004938061135817e+03
3.690007785133361722e+03
3.727938842161028788e+03
4.055919906910957252e+03
3.353275331204003578e+03
3.622999373875085894e+03
3.629783686617725380e+03
3.960298919332454716e+03
3.731534415725219787e+03
3.888967809885188217e+03
3.969256982187958783e+03
3.488446682342882013e+03
3.941304545280841921e+03
3.781372071297633738e+03
3.817851866039338347e+03
4.083603908697761653e+03
3.493539639431641262e+03
3.988714862577650365e+03
3.431293141340546754e+03
4.074766573021604472e+03
3.911045722251826191e+03
3.859369452336796712e+03
3.525951590356124143e+03
4.003720002457675037e+03
3.488919941480041416e+03
3.733634399435672094e+03
3.854078343065425088e+03
3.773601377921193944e+03
3.811632683207816171e+03
3.848793450712945742e+03
3.817225390882208558e+03
3.710727185001628641e+03
3.754630691663060134e+03
3.860218984842764712e+03
3.742342313329995704e+03
3.835132155846162277e+03
3.591715316655262541e+03
3.817840062487248360e+03
3.650313839767919490e+03
3.713081698442622837e+03
3.785470740201262288e+03
3.445255765461570263e+03
3.924712363537232704e+03
3.893430693924109164e+03
3.432028975466228985e+03
3.970796041800105741e+03
3.938261716029243871e+03
4.055798113189498508e+03
3.359346834844790465e+03
3.707401831454044896e+03
3.624927949725088183e+03
3.976105804153444751e+03
3.665689650091187104e+03
3.749630249043098502e+03
3.934282472707621309e+03
3.709437193411321459e+03
3.834073754762182944e+03
3.979148331290827628e+03
3.460284658209544432e+03
3.576079887497122400e+03
3.819185800489086432e+03
3.511135538272787926e+03
3.954772754632675969e+03
4.090673123712453162e+03
3.516103027995628509e+03
3.558417549377342766e+03
3.643365282231367928e+03
3.702339495496192285e+03
3.788426441098586110e+03
3.811700476410650026e+03
3.895362786411651541e+03
3.528856036327114452e+03
3.608067931918380964e+03
3.973736150394335255e+03
3.646778059201042652e+03
3.881713337400509772e+03
3.605532139196116987e+03
3.964865215256584634e+03
3.549203949658713100e+03
3.575764553889521267e+03
3.664983619415333123e+03
3.763733041709916506e+03
3.779346748221364578e+03
3.390031450543812753e+03
3.918136340166082846e+03
3.956361514168952453e+03
3.681036615105882447e+03
3.951733014014107539e+03
3.599415040049072559e+03
3.773288806623267192e+03
3.749228032692707984e+03
3.990071505970225189e+03
3.656510218432407783e+03
3.967721317564010405e+03
3.639380396607039984e+03
3.682570495332358860e+03
3.885960280337440508e+03
3.890553436175211573e+03
3.415589006017346946e+03
3.493639023673345491e+03
3.662986567780760197e+03
3.430455971735346793e+03
3.553130992198252898e+03
3.910670726497963187e+03
3.846542088192630217e+03
3.698664696892286429e+03
3.441058023427657190e+03
3.749257024895422546e+03
3.886927202905727427e+03
3.946954217537311251e+03
3.629874756781657197e+03
3.493960437405753510e+03
3.754910790797999653e+03
3.886045524957931775e+03
3.660348805648896814e+03
3.662332040980339116e+03
3.804770160295332971e+03
3.738557625298965831e+03
3.577523796734455573e+03
3.806322236087589772e+03
3.637842957499557997e+03
3.688950388843479232e+03
3.773719131931193260e+03
3.694288006501974451e+03
3.845918840350303981e+03
3.772173124168799404e+03
3.808082432017260544e+03
3.864397816988768682e+03
3.965736359495464967e+03
3.921146084653772050e+03
3.650256805055967561e+03
4.045046307863840866e+03
3.770587991056552710e+03
