2.045133358027644135e+04
2.820000000000000000e+03
5.548153769037809070e+03
5.069184237428213237e+03
4.711501866057777079e+03
1.077298093469232845e+04
5.520718276997927205e+03
5.211078825868506101e+03
5.421292983180503143e+03
8.771055881503420096e+03
6.011675865286499175e+03
5.476989963226375039e+03
8.413867048888119825e+03
5.935204189873462383e+03
5.544882840373404179e+03
6.269835903410969877e+03
4.274455616453242328e+03
6.286232344813674899e+03
9.211301517219832022e+03
4.618636223246867303e+03
7.020719636137609996e+03
5.567207792975081247e+03
5.748501959301433089e+03
5.176595901801492801e+03
5.777543513454970707e+03
9.852304621476083412e+03
5.758644751138926949e+03
5.638060664270869893e+03
4.970344381218441413e+03
5.013828313167534361e+03
7.295821828730368907e+03
6.669292489307985306e+03
9.046955160233730567e+03
4.557820765384407423e+03
6.506386897083206350e+03
4.608068353679209395e+03
6.044197232444910696e+03
4.595677510601564791e+03
8.623449774903869184e+03
8.678638909918918216e+03
5.904949042557384928e+03
4.814813373634282470e+03
1.207694210063674109e+04
8.634316471133937739e+03
7.577791915321926353e+03
5.290178490195371523e+03
4.400197446743184628e+03
5.040972659087052307e+03
6.254184213748618276e+03
1.108038581350413915e+04
5.768778373481532071e+03
6.157489729971056477e+03
3.949145743669549120e+03
7.101561985266455849e+03
5.437427457676348240e+03
7.573406113632718188e+03
4.948234299250621916e+03
7.665777831779328153e+03
6.181396846323644240e+03
7.513408057098072277e+03
4.768524661430439664e+03
1.503264839532770020e+04
4.708602128398653804e+03
5.697631441043442464e+03
5.260949088507511988e+03
6.463264233413723559e+03
6.084368471215437239e+03
8.785172525791465887e+03
5.152777436255179055e+03
5.068421641150685900e+03
5.256058089110605579e+03
6.595106181006072802e+03
7.226572370541624878e+03
5.135784115138621019e+03
5.288661857448188130e+03
5.803544019762046446e+03
5.964540875300177504e+03
6.049662614169098561e+03
8.189965528260164319e+03
6.913130071407023934e+03
5.546487491806587059e+03
6.988927942207162232e+03
6.896832722476788149e+03
5.298585318447037935e+03
5.473297871272259727e+03
7.332495272956841291e+03
5.820414131074201578e+03
6.633907841333626493e+03
7.203718302146729911e+03
5.220738990085774276e+03
1.348160902045601506e+04
4.187231482839961245e+03
7.744962465038046503e+03
4.668371353702887063e+03
4.576471212442325850e+03
8.663875255857383308e+03
4.980262184807468657e+03
5.433729800947607146e+03
5.358843632749611970e+03
7.581173795105747558e+03
5.035406164756048383e+03
7.857065038026413276e+03
4.405042223164033203e+03
1.274085004524635951e+04
7.835148083005764420e+03
1.096823571835290022e+04
6.488001279808209802e+03
6.161013513905198124e+03
5.650657468347764734e+03
7.317249533247256295e+03
4.405021936276005363e+03
8.480750687888652465e+03
8.869539021865803079e+03
5.271739444798493423e+03
1.110939616372952150e+04
5.877285318719063071e+03
5.196748373519166307e+03
5.248136866277352055e+03
5.989198551257983127e+03
4.670067751091276477e+03
6.764021609945893033e+03
7.506500544161494872e+03
6.117350809473286063e+03
4.885431809993536262e+03
9.268417119879490201e+03
4.504779740405596385e+03
1.568213770080533322e+04
5.411266246335252617e+03
9.334403827829184593e+03
4.144324684276578409e+03
1.342641051832007361e+04
5.055673667671227122e+03
6.802028268517537981e+03
6.096089192226032537e+03
6.010381910848560437e+03
6.181995079399403039e+03
8.181622495498584613e+03
4.538670192323423180e+03
1.382961335542008965e+04
4.424632233112645736e+03
1.162066822716774368e+04
5.066494839563746609e+03
7.727901142478683141e+03
5.447849649528998270e+03
5.125570335678277843e+03
5.785741221210961157e+03
4.420931756481119919e+03
6.227113974109157425e+03
4.930145661568702053e+03
2.021776355884729492e+04
6.375220512590321960e+03
6.240533684322135741e+03
6.107185038874986276e+03
1.085952900804394812e+04
5.120952860501602117e+03
1.023764602555326564e+04
5.342515024797115075e+03
5.203726007384013428e+03
5.783219492163622817e+03
4.957097024312532085e+03
9.007068141069810736e+03
4.895950515820140936e+03
4.913212220980137317e+03
6.225214443396712340e+03
4.265465252855661674e+03
1.068883918231940333e+04
6.978462835994274428e+03
4.665688718471521497e+03
5.808513611406652672e+03
5.357478225720603405e+03
6.603067284913085132e+03
5.261898848344122598e+03
9.629402877656988494e+03
5.225542111536798984e+03
8.611974878274530056e+03
4.694944906028665173e+03
6.161733928396146439e+03
7.131410280888705529e+03
5.738200167387783040e+03
7.430767576107096829e+03
7.608663462990884000e+03
7.424159031331902952e+03
4.902421808343736302e+03
6.705961159925662287e+03
5.832003248632643590e+03
4.654185056091711886e+03
7.139871201485027086e+03
6.073503109419299108e+03
5.318059993917988322e+03
7.671317009099020652e+03
4.833608484634622982e+03
9.625173670267924535e+03
1.018312720670533236e+04
1.442159766457940168e+04
4.660319697305997579e+03
7.314702284265162234e+03
8.414997081310359135e+03
4.900143090070629114e+03
5.563488538930443610e+03
6.524351905722118317e+03
4.531321635842134128e+03
5.872795281394881385e+03
5.522611152492967449e+03
6.982325211081602902e+03
6.052051416801046798e+03
9.662847728247645136e+03
5.039523438887701559e+03
9.050792226188674249e+03
9.153313770578186450e+03
4.524517062587879082e+03
8.693790752498069196e+03
4.420733318835361388e+03
4.801102517664608968e+03
7.062012333075821516e+03
1.485700799079422541e+04
4.807811202651333588e+03
6.142542417013237355e+03
4.697925265604064407e+03
8.204455764838403411e+03
6.098240077406912860e+03
5.762553310641594180e+03
6.314441934403332198e+03
6.526295053216870656e+03
4.731501708559520921e+03
5.878287866922709327e+03
5.060371092277600837e+03
6.030635103042723131e+03
5.014773890742953881e+03
6.988109997663966169e+03
8.034728544117477213e+03
4.486389634527328781e+03
9.556441465740350395e+03
7.285783510926919917e+03
4.621259272194927689e+03
4.402774648663198604e+03
6.926796982019739517e+03
4.269022017531971869e+03
6.096646095160085679e+03
7.314879448781003703e+03
5.376226218441159290e+03
6.893631936793245586e+03
5.245962048294615670e+03
9.486100112893809637e+03
6.223480321599861782e+03
6.273493500434161433e+03
9.965191081120263334e+03
4.756699499718063635e+03
5.140985053174757923e+03
4.571565094781813968e+03
1.130267911640342936e+04
5.388774256226709440e+03
6.232994838840490047e+03
6.147854272678323468e+03
4.362354782505323783e+03
7.633318203190334316e+03
6.987260516303765144e+03
