1.011112408159578772e+05
2.820000000000000000e+03
1.644631706807168302e+04
1.245038615447255688e+04
1.083120769010942604e+04
5.837005629545528063e+04
1.183476955371025724e+04
1.376899928498913687e+04
1.834628724846360274e+04
3.526320763842630549e+04
1.918944925022745883e+04
1.394557363386426914e+04
3.069089168251593583e+04
1.788590421600991976e+04
1.612795857296281065e+04
2.321300729606355890e+04
7.729769194622782379e+03
1.943528970961780942e+04
4.003690087327803485e+04
1.044362139454587123e+04
2.759636878499809973e+04
1.278988186798066090e+04
1.470261830269149868e+04
1.167624190709370669e+04
1.597672104538468557e+04
4.640236907535332284e+04
1.605656329277102850e+04
1.561320923606276665e+04
1.114900511771162746e+04
1.255480862950635674e+04
2.691462208145223485e+04
2.243708175800043682e+04
3.546538755504327128e+04
9.908700742329645436e+03
1.958724824532037019e+04
7.944084750405743762e+03
1.962540130606540697e+04
8.719649746198087087e+03
3.911205401975359564e+04
3.649669381765909202e+04
1.597988158666025265e+04
9.733658155533878016e+03
6.529824031004878634e+04
3.654596350930514745e+04
2.658765447262584712e+04
1.340900506434390263e+04
8.184124941805509479e+03
1.407202661960433397e+04
1.858383649730086836e+04
6.038678752504221484e+04
1.615997693955070281e+04
1.598400384351657704e+04
6.292785387301706578e+03
2.176899653414878412e+04
1.589181394105567051e+04
2.994179407939590965e+04
1.116353658437157719e+04
3.070819874939497822e+04
2.161017476888109013e+04
2.630195666767209332e+04
1.185879783728432085e+04
8.472817788761503471e+04
8.740607334813896159e+03
1.450497937409371661e+04
1.177421913847616452e+04
2.227856081358660595e+04
1.926551171442754639e+04
3.729173983089339890e+04
1.187393183142737871e+04
1.448109772063195123e+04
1.423478478415221252e+04
2.666243956061948120e+04
2.366603414427099051e+04
1.193712577720549052e+04
1.301136795249921852e+04
3.528009788832852064e+04
1.704066176308740251e+04
1.933740145826963999e+04
3.130799267611827236e+04
2.387178142000014486e+04
1.981016724096156395e+04
2.458921998284987421e+04
2.788984663674429976e+04
1.589410673189013505e+04
1.285551575614522517e+04
2.304351914827272776e+04
2.100703917536546578e+04
2.240436719975247979e+04
2.827497165320237400e+04
1.140085703151874804e+04
6.695811112953632255e+04
5.368936714692812529e+03
4.466292216977693170e+04
8.941475005061247430e+03
1.048804852969264357e+04
3.766808712563148583e+04
1.085116659811448517e+04
1.488089747102363799e+04
1.479792024589455832e+04
3.252863061123597436e+04
1.585789253696493870e+04
3.067647666733114238e+04
8.815840012623322764e+03
6.506990581993415981e+04
3.215187482852913308e+04
5.725739301809203607e+04
1.987377672895343494e+04
2.002611244843987879e+04
1.487077484269805245e+04
2.767215059827754521e+04
6.325012101557502319e+03
3.663759345615583152e+04
3.955930242104553326e+04
1.483596915370891838e+04
5.723530899456531188e+04
1.541282915462330857e+04
1.305481004120462785e+04
1.104295357960376168e+04
1.837366976962537956e+04
8.816792291930949432e+03
2.478849150911349352e+04
2.756640814376772687e+04
1.718251054920033494e+04
1.069137751242884224e+04
4.473732649295222654e+04
7.450540972757940835e+03
9.273344424225021794e+04
1.385414446474661236e+04
4.277201234564546758e+04
5.207792296060264562e+03
7.262638486731315788e+04
9.467859665081577987e+03
2.595104725268913535e+04
1.913804588088664968e+04
1.983372456525365851e+04
1.987695094753997546e+04
3.410795443322464416e+04
8.753812304155664606e+03
6.884423169714851247e+04
7.466493491062731664e+03
5.968080994505494891e+04
1.136034219786294852e+04
3.257711905033750736e+04
1.551717796629205623e+04
1.073169179417364649e+04
1.753734516836686817e+04
7.537539046487107044e+03
2.400286976316849177e+04
9.136093724061247485e+03
1.131445976861962845e+05
2.213218640051980401e+04
2.041090796100226362e+04
1.846486205938252533e+04
6.405560305996615352e+04
1.211578962425854479e+04
4.712040653165027470e+04
1.482022666045476944e+04
1.219443923049805198e+04
1.428212980929892547e+04
1.270378815853508422e+04
7.311926239585111034e+04
1.115362380568665139e+04
1.008941125481662311e+04
1.868313455009707104e+04
7.642878646173432571e+03
3.863503933803874679e+04
2.727652191370035871e+04
1.204207854835574835e+04
1.390653807551603495e+04
1.343342154112098615e+04
2.606801667898937012e+04
1.528412011361533041e+04
6.172666150883268710e+04
1.343284122915457374e+04
3.227895599724337808e+04
9.436280612837674198e+03
1.966809605536686649e+04
2.773132450813398827e+04
1.723177248575944759e+04
2.636962771773636996e+04
2.791213307651570722e+04
2.993884404662657835e+04
1.187151630188128729e+04
2.319916209104169320e+04
1.740907980945146846e+04
9.814899436446616164e+03
2.639370721989084268e+04
2.271138632462674650e+04
1.320544299602311003e+04
2.741406504216808389e+04
9.361923014957592386e+03
4.336374906876077875e+04
4.476411909364700114e+04
9.903073306933886488e+04
8.858552252331332056e+03
2.576280715606305603e+04
3.528832404448246962e+04
1.051909004447607003e+04
1.524641221953208515e+04
2.285798901671521890e+04
8.145264054996690902e+03
1.454488186964563101e+04
1.425814211006854021e+04
2.522465907328766843e+04
1.921746821299165094e+04
4.340192080943960173e+04
1.314684262599350586e+04
3.911431433104177268e+04
3.363384940881628427e+04
7.223848329426541568e+03
3.293239935706960387e+04
6.022786793457380554e+03
9.181209686111738847e+03
2.270160295526332629e+04
8.830333077386500372e+04
1.102686925849011459e+04
1.713054735972180788e+04
8.883888480137311490e+03
3.735774022335171321e+04
1.890123507218946907e+04
1.554159815664617054e+04
2.164581495246666236e+04
2.368123616368060539e+04
9.128962489860459755e+03
1.705524394432166446e+04
1.041757241248007449e+04
1.756658267004905792e+04
1.548662719144834591e+04
2.430209121054696152e+04
3.239009792482208286e+04
7.884570886768518903e+03
3.873663825020877266e+04
2.682308662834772622e+04
8.614284327014196606e+03
8.319273179013767731e+03
2.157488262624592608e+04
6.721883962202563453e+03
1.778186952963365184e+04
2.853770755478156570e+04
1.545061631854233019e+04
2.124588121229306489e+04
1.040207540063385932e+04
4.153483669156114047e+04
2.235323922310390844e+04
2.013829721679195427e+04
4.790156237458618853e+04
1.229116894864216556e+04
1.287231802995971157e+04
9.112678598552898620e+03
5.930049470917038707e+04
1.358450927765953202e+04
2.029481816423640703e+04
1.806529495168949506e+04
6.931619408953542006e+03
3.170363728382705085e+04
2.174103585965413731e+04
