2.509029692084759590e+05
2.820000000000000000e+03
3.545675503955960448e+04
2.573434553097685057e+04
2.345180294003338713e+04
1.467318632943235280e+05
2.172097127201968397e+04
2.645216234381220784e+04
4.856061793110132567e+04
7.861139391802747559e+04
4.108282103377040039e+04
2.937073864170266461e+04
6.598556775985607237e+04
3.700566672175519489e+04
3.487349158158549835e+04
5.342891694459378050e+04
1.734851338873461646e+04
4.731308735149388667e+04
9.222826852816424798e+04
2.283323921181680998e+04
6.344278832287333353e+04
2.471418065264308098e+04
2.942083510876832952e+04
2.342474456356985684e+04
3.242422994188303346e+04
1.097570325722243142e+05
3.248538473479610911e+04
3.214030190699108789e+04
2.101470261731061328e+04
2.831256134426309291e+04
6.031124798457483848e+04
5.289968620166737674e+04
8.131416931508736161e+04
1.959529984779774531e+04
4.227676305665902328e+04
1.523695078420288519e+04
4.206050081444256648e+04
1.705898426817798463e+04
9.186876663391881448e+04
8.539891688933249679e+04
3.153664873520034598e+04
1.864281194186541688e+04
1.617978503594140057e+05
8.422443274397580535e+04
5.733632318083629070e+04
2.749612860003130481e+04
1.425684830951993354e+04
3.567577744116049143e+04
3.889664283111917030e+04
1.537560506810062507e+05
3.271946035880481941e+04
3.109805780313469222e+04
1.240801173954356636e+04
4.397717937221071770e+04
3.404123060368840379e+04
6.759537692486858577e+04
2.127274879202584998e+04
7.082985123106271203e+04
4.936119342941977811e+04
5.754186389042556402e+04
2.556654328393708420e+04
2.103584253281182318e+05
1.644178239843760093e+04
2.782253243143593863e+04
2.429984613198619263e+04
5.003951965154031495e+04
4.115001276035485353e+04
8.539702057494141627e+04
2.194975857809765512e+04
3.547616885505777464e+04
2.924654003753252982e+04
6.946686054790549679e+04
4.889208717169331794e+04
2.344922734864304948e+04
2.450697189052330214e+04
1.158773686456699361e+05
3.431956254667030589e+04
4.474041014651631122e+04
7.044962531528460386e+04
5.072128637418350263e+04
5.549609480232773785e+04
5.403912524752762693e+04
6.952916960026881134e+04
3.594859883770684246e+04
2.497180526548547277e+04
4.986155023167889158e+04
5.360353110810239741e+04
4.880865834944855305e+04
6.445124849385101697e+04
2.156651603961202636e+04
1.653600429851568188e+05
7.260880904296662266e+03
1.350640515483644558e+05
1.784068638007197296e+04
2.464272559183158592e+04
8.822426322017704661e+04
2.031202001805297914e+04
3.341853795018710662e+04
3.067680427849016996e+04
8.202815072127753228e+04
4.274977470230069594e+04
7.206766856370515598e+04
1.736386386866249086e+04
1.566902923256294744e+05
7.514352710597775877e+04
1.430086132452344173e+05
4.150373466379968158e+04
4.423986397163088259e+04
2.940214706765442679e+04
6.204705409610566130e+04
1.036633573309681015e+04
9.133526686603498820e+04
9.649935663480790390e+04
3.222358210072414658e+04
1.419666533080886875e+05
3.079692164946465346e+04
2.765611303626842346e+04
2.033181250889565490e+04
4.213170560725095129e+04
1.717386317367019365e+04
5.954356252285664232e+04
5.964476972145352920e+04
3.390775884874125768e+04
2.167257488867300344e+04
1.069348969015398034e+05
1.177138910486144414e+04
2.382034554572390334e+05
2.731987549612574003e+04
1.011912456049858738e+05
7.338067240321759527e+03
1.833638023905043374e+05
1.632937339915730263e+04
6.259637466657051846e+04
4.233410232365958655e+04
4.408205548964790796e+04
4.321148642123395985e+04
8.129126722164539387e+04
1.672248421534684167e+04
1.664388160975940991e+05
1.334622610643327243e+04
1.452440584703110217e+05
2.169057232640938673e+04
8.053660996085082297e+04
3.585779326447468338e+04
1.893696245032179286e+04
3.657833245473032002e+04
1.255712380860841404e+04
6.263535466614396137e+04
1.606232585444697906e+04
2.827695422594480915e+05
4.880448946991354023e+04
4.614093742066111008e+04
4.062172258076116850e+04
1.682141416294693481e+05
2.397361464924923348e+04
1.083566232848458894e+05
3.464048740428290330e+04
2.324923886141269395e+04
2.766326934991556118e+04
2.901647801560024527e+04
2.384664849596061977e+05
2.425751872741784973e+04
2.089275912935931774e+04
3.769584496741090697e+04
1.489403747693674995e+04
8.389832075715732935e+04
6.283433127439385862e+04
2.834941898806896643e+04
2.554483068428906336e+04
2.851660647073921064e+04
6.632153146766198915e+04
3.197209060540203427e+04
1.836754937591951748e+05
2.699135543382858305e+04
7.175508173032346531e+04
1.838045214215029046e+04
4.172403631779405259e+04
6.846074960092885885e+04
3.665487573179399624e+04
5.674008063592405233e+04
6.200837077995512664e+04
6.927233555776560388e+04
2.619290252666654123e+04
5.637809780068057444e+04
3.642645893226691987e+04
2.110042433544162850e+04
5.919494139156133315e+04
5.947029436056987470e+04
2.594717734214690427e+04
6.362119335661586229e+04
1.686930696008497762e+04
1.008352724863434851e+05
1.027271673673356272e+05
2.685182772148241056e+05
1.664540699344911991e+04
5.558742849882461451e+04
8.258074024032687885e+04
1.964199172311925940e+04
3.117137896513292435e+04
5.488159524698803580e+04
1.432714059581875699e+04
2.734187466341427717e+04
2.967416102356128977e+04
5.859867002109798341e+04
4.534728282441492047e+04
1.026922597168323700e+05
2.772634126746009133e+04
9.214650628805338056e+04
7.345725889133330202e+04
1.263049760859331946e+04
7.226758500260829169e+04
9.002182692979398780e+03
1.660576553771046747e+04
4.839582172887505294e+04
2.282895782082693477e+05
2.177108554803433799e+04
3.363482384814604302e+04
1.552133374674872721e+04
9.079087304565180966e+04
4.201772825494377321e+04
3.221424187636868010e+04
4.934886722666324204e+04
5.500539650956039986e+04
1.539778655200656976e+04
3.545987899653112981e+04
1.837240646631151321e+04
3.651014751973103557e+04
4.194758150130582362e+04
5.334488104378704884e+04
7.310608235625615634e+04
1.377485535254101887e+04
8.774053648909195908e+04
5.976829933756968239e+04
1.533406361637792543e+04
1.465230170183187693e+04
4.862585100207143114e+04
1.090564550730158589e+04
3.846704695344476931e+04
6.405849760214296839e+04
3.530835894898220431e+04
4.369732724680803221e+04
1.892626249245632062e+04
9.716226665142628190e+04
5.149145828786838683e+04
4.610393366281220369e+04
1.148064002030812262e+05
2.776530118440300066e+04
2.782577129006130781e+04
2.001698630953079191e+04
1.458441379163301026e+05
3.155537986446130890e+04
4.435583293477589177e+04
3.706450763739117247e+04
1.155382167926966395e+04
7.255671792705920234e+04
4.517529540870930941e+04
