5.014746154747324996e+06
2.820000000000000000e+03
5.579604784404452657e+05
4.391947506378198159e+05
5.221852424599211081e+05
2.935047895118325949e+06
4.341069446029801038e+05
2.856603280253136181e+05
1.439987991805032128e+06
1.241438209395518294e+06
6.637264481938051758e+05
5.541334690974160330e+05
1.007475935082607670e+06
4.742124685208129813e+05
6.186094699229374528e+05
9.395808856208469952e+05
5.377941003110765014e+05
1.322657110548100201e+06
1.591370668245356064e+06
5.252268063130190130e+05
1.063187281858479138e+06
4.516145644825846539e+05
5.593941433156332932e+05
4.501100776119113434e+05
4.843524351015859866e+05
1.956327410681793699e+06
5.009722798974528559e+05
4.840219939494364662e+05
2.198944571920205199e+05
7.095227100514990743e+05
1.007892318043394946e+06
1.283893282430078601e+06
1.532075375797804911e+06
2.899359584836034919e+05
7.788195027351545868e+05
3.330669833090523025e+05
6.008904607141949236e+05
4.000814244430321269e+05
1.502760283906586468e+06
1.621761577149151592e+06
4.508803208835444530e+05
2.905543058696449734e+05
3.153913885436654557e+06
1.452148712625033921e+06
8.754207104649712564e+05
4.162722865891833790e+05
1.625438499439769075e+05
1.094685745146729983e+06
6.421744013678694610e+05
3.234357049278772436e+06
4.948321207788349711e+05
4.941989772091053310e+05
3.162346764053247171e+05
6.042012006689057453e+05
5.305390299258739688e+05
1.091873603844061261e+06
2.679096174897292512e+05
1.250856399264134932e+06
8.183848886015032185e+05
9.941347769937893609e+05
4.660229905763627612e+05
4.074905772954774555e+06
3.924607200339006959e+05
3.658597249811957590e+05
5.356476432764322963e+05
9.012726036147688283e+05
6.502025965313924244e+05
1.434135857104011113e+06
2.281923446076567925e+05
9.805569051251675701e+05
4.083759260435908800e+05
1.861343377924494212e+06
6.738920249710006174e+05
2.953545660773595446e+05
3.016942759380419739e+05
4.181557878458109219e+06
4.304522477967659943e+05
1.004724238631548244e+06
1.227997664295865921e+06
7.115182928540442372e+05
1.855395620135847945e+06
8.765740234450865537e+05
1.629209996834398946e+06
5.939832349412488984e+05
3.533784109994830214e+05
9.473218435151454760e+05
1.400940588065364864e+06
7.099830566938881529e+05
1.044044507501754677e+06
3.437992148729289183e+05
3.436287173837079201e+06
4.317742066229482589e+04
4.344437952616941184e+06
2.425915905639776320e+05
7.573574952177577652e+05
1.569935753106247867e+06
2.603086471257517114e+05
7.767946957672445569e+05
4.572508461225469364e+05
1.946655659527459648e+06
1.346603824077499099e+06
1.469844126638493268e+06
3.481428958608349785e+05
2.877419507598581258e+06
1.347835493221182842e+06
2.895951931827549357e+06
6.603856631850721315e+05
8.045366103698355146e+05
3.690862978645746480e+05
1.007767882704666932e+06
1.882310907315983786e+05
2.119345204664929770e+06
2.034800666105261771e+06
4.605471670024972409e+05
2.858798026823456399e+06
4.587689434814229608e+05
4.920819308466590010e+05
3.181674097548013087e+05
8.071238531606914476e+05
4.003657568021321204e+05
1.279247453978456790e+06
8.875001824157487135e+05
4.593315378482303349e+05
4.253726565436419332e+05
1.887781084978524595e+06
1.577519099642721412e+05
5.020564707905737683e+06
3.419142280204334529e+05
1.822838338903088123e+06
7.023939777541632066e+04
3.891321300325941294e+06
2.260878229472863604e+05
1.319639049330142327e+06
7.847081288087600842e+05
6.651919255412921775e+05
7.300829520221117418e+05
1.663959243142230203e+06
3.465626652581657399e+05
3.121731017199819908e+06
1.373059625400085934e+05
2.732868811204058584e+06
2.428919619208168006e+05
1.801559545958408620e+06
8.384673178749340586e+05
2.263491602818647225e+05
4.885408560428466299e+05
1.836335494167403085e+05
1.709638318125678459e+06
2.032271458966718928e+05
5.664506536477734335e+06
7.889504942519973265e+05
8.641631492057937430e+05
8.229422964081678074e+05
3.562105764620944392e+06
4.132257713005891419e+05
1.758161222920639208e+06
8.993619555031126365e+05
2.910552207239767304e+05
4.294658542718995013e+05
7.377822869514138438e+05
8.154915866101446562e+06
3.689324963192583527e+05
5.353773312681112438e+05
4.524062740095290355e+05
2.342489689270543749e+05
1.400484774844504194e+06
1.069239666689087637e+06
7.149839648528929101e+05
3.052655532319008489e+05
6.094237034548181109e+05
1.653185474023644114e+06
4.748993967821823899e+05
5.575737645963370800e+06
3.554546752438366530e+05
1.262483403465548763e+06
3.457408223954199348e+05
5.585912993905589683e+05
1.623910232954748441e+06
5.162861307378986385e+05
8.616082351370856632e+05
1.061893653477206361e+06
1.240222096007071435e+06
4.452644318433422013e+05
1.461233433262665290e+06
5.608513035176621052e+05
5.632095317044735420e+05
9.021729330618535168e+05
1.691319580778971780e+06
3.002829840343769174e+05
1.388830173820429482e+06
2.448792773839841248e+05
1.733971379721838282e+06
1.755666236661264906e+06
5.723372355704880320e+06
3.808978594766870374e+05
8.290310810738598229e+05
1.504565353804491926e+06
2.281382984381852730e+05
4.304231226212654728e+05
1.334796963137751678e+06
2.209388674817314604e+05
3.831178948564111488e+05
5.922887916640078183e+05
9.991879172067081090e+05
1.062326955596072366e+06
1.935385627665944863e+06
4.443948934436711133e+05
1.743962108739906456e+06
1.171766048948002281e+06
1.400198814293881878e+05
1.118722552138678031e+06
1.021020816566430003e+05
2.711332321504391148e+05
8.320346306304185418e+05
4.930231674613071606e+06
3.283940791612461908e+05
3.972604436968879891e+05
2.299235716398101067e+05
1.680230660146122798e+06
8.434995466920245672e+05
5.750575234228785848e+05
8.640062336205109023e+05
1.086535574404034531e+06
1.414795024670936982e+05
4.611840703963413835e+05
2.685006167675663019e+05
5.670318579310730565e+05
1.318676018453811528e+06
9.157984156859137584e+05
1.205677507326586405e+06
1.438128871930001769e+05
1.514896960824747337e+06
9.688853683889672393e+05
2.682558918722445960e+05
1.431930358899764833e+05
1.083916031528380234e+06
1.636204783988923300e+05
7.846026651783582056e+05
1.005488199256810127e+06
7.969037318495734362e+05
6.576936737072160468e+05
2.198207019371350762e+05
1.803387002019843087e+06
8.779603471025031758e+05
9.654567818099868018e+05
2.117061345211940818e+06
6.619484113333831774e+05
6.631024205375800375e+05
5.234575081674468238e+05
2.776565303159238305e+06
9.288490301149466541e+05
6.966653564966634149e+05
5.518127189655426191e+05
2.169395614134473726e+05
1.170239331305461004e+06
7.280625782816774445e+05
