5.461075573800020665e+07
2.820000000000000000e+03
5.832974422503032722e+06
5.061232446400632150e+06
6.679016074238395318e+06
3.186702713569480553e+07
6.061472017405164428e+06
2.407881843103113584e+06
1.918068589311074466e+07
1.239152090885210037e+07
7.002163480228101835e+06
6.653495140663554892e+06
1.008331677370205894e+07
4.346771164564153180e+06
6.944411087697727606e+06
9.922960044346479699e+06
7.646007626740335487e+06
1.776871526187029108e+07
1.651648204547039233e+07
6.840940282644776627e+06
1.075073948091090471e+07
5.772871137571766041e+06
7.053448662271420471e+06
5.702014414797392674e+06
5.087806988813109696e+06
2.043934827682254836e+07
5.537899788345546462e+06
5.013952982460674830e+06
1.842119292110083159e+06
9.331340182474713773e+06
1.054809448991208151e+07
1.641360050626278855e+07
1.707556722897541150e+07
3.121276606927742716e+06
8.952516915920130908e+06
4.540476866782075725e+06
5.721257347176403739e+06
5.536046966541168280e+06
1.493415516713115759e+07
1.786898656521655992e+07
4.727897423171400093e+06
3.335186483330835123e+06
3.407115241724573821e+07
1.502098184528693929e+07
8.684583176979400218e+06
4.425200347539847717e+06
1.680356244014183059e+06
1.492688616772472858e+07
7.120738192226720043e+06
3.639308415550854802e+07
5.366128429011036642e+06
5.786650324640518054e+06
4.380514503283843398e+06
5.913364879707796499e+06
5.413243501521763392e+06
1.091004513787765987e+07
2.649888421960848849e+06
1.303255544999045692e+07
8.401205176024839282e+06
1.085244566414501518e+07
5.421685204435913824e+06
4.339617761093945801e+07
5.643900678835829720e+06
3.734250644836921711e+06
7.071201847138917074e+06
9.980003522225081921e+06
6.808351652496078983e+06
1.461762893013886735e+07
1.925411144580855733e+06
1.301144419381281734e+07
4.084302858372232411e+06
2.361646418926611543e+07
6.604428357388810255e+06
2.849016004256535321e+06
2.891530345320574939e+06
5.651120451534851640e+07
3.897752284662485588e+06
1.245811056522920914e+07
1.310475293063980713e+07
6.931561011166931130e+06
2.544246271305202693e+07
9.273403501637147740e+06
1.963629946936615184e+07
6.218247494588995352e+06
3.831696139875773340e+06
1.115284788750864938e+07
1.778762498622576520e+07
6.910532685647893697e+06
1.045376378948798962e+07
4.072129761531822849e+06
3.872962736551214010e+07
3.902652595105220680e+05
5.698057424139290303e+07
2.282167210059248377e+06
1.067606026784100197e+07
1.649235848709344119e+07
2.690544959512775298e+06
9.876088723803671077e+06
4.704636774410724640e+06
2.378230304264724255e+07
1.835032471143244952e+07
1.710059407967651263e+07
4.424969252812588587e+06
3.009883018657317013e+07
1.445997186328735203e+07
3.217849203353375196e+07
7.199110379540996626e+06
8.963984099378025159e+06
3.432913971050224267e+06
1.009349688563532755e+07
2.676129629419865552e+06
2.551018530482080579e+07
2.339776987539304793e+07
4.387252068431335501e+06
3.140356657148877159e+07
4.986829756269439124e+06
5.789427496499816887e+06
3.812421929485069122e+06
9.295664584460880607e+06
5.501312877754332498e+06
1.516144728956927359e+07
8.658923355391386896e+06
4.634255133754814975e+06
5.310862408443039283e+06
1.940090035789775848e+07
2.096812149498986546e+06
5.542622296192216128e+07
3.345723822436252609e+06
1.899492101023588330e+07
8.871133339234780287e+05
4.385150860926121473e+07
2.809055379443807993e+06
1.536142682468845695e+07
8.843433911480404437e+06
6.468727508767605759e+06
7.778709432765346952e+06
1.910428294754302129e+07
4.606359153384589590e+06
3.297102403095137328e+07
1.148237698431145633e+06
2.887681988333836198e+07
2.218121077026606072e+06
2.132800683410642296e+07
1.074493662033857405e+07
2.393167733122328296e+06
4.467459876801461913e+06
2.355130271776305977e+06
2.193800951560390368e+07
2.381521634870945476e+06
6.153169478720980138e+07
8.085376008102889173e+06
9.803040364548984915e+06
9.921538922474730760e+06
3.970296242496351898e+07
4.949266699602169916e+06
1.737075522780028731e+07
1.182445359964051284e+07
2.854289597040131688e+06
4.984036716318819672e+06
9.768682644263239577e+06
1.076159718888857216e+08
3.650059275060567074e+06
7.438685031129010022e+06
4.003553825795766432e+06
2.516822027501659468e+06
1.506064567318260111e+07
1.111988370421026275e+07
9.242548395587883890e+06
3.101272229858912528e+06
7.795294063428993337e+06
2.048821052606264129e+07
4.733381998968823813e+06
7.175124710094557703e+07
3.408671894348687027e+06
1.384853634211822040e+07
4.362804507159971632e+06
5.101315470673342235e+06
1.987787815985814109e+07
5.004473185229564086e+06
8.602711689654652029e+06
1.130747373334335350e+07
1.320662357146715373e+07
4.886149189036446624e+06
1.900661247155019268e+07
5.873265586113490164e+06
7.785217497967836447e+06
8.796072861526129767e+06
2.216663693612984940e+07
2.747574145264726598e+06
1.688066253429244086e+07
2.876485974589657504e+06
1.791782658258669823e+07
1.815947128503146023e+07
6.302703917229052633e+07
5.412970847629193217e+06
8.088167551959403791e+06
1.592122367561262473e+07
2.159682171251701191e+06
4.283107306532151997e+06
1.690834135616448522e+07
2.714302086256208364e+06
4.235109387578629889e+06
7.364691446109165438e+06
1.050767243797383830e+07
1.348411954100543074e+07
2.123549499455483630e+07
4.728113279923269525e+06
1.898513431927696615e+07
1.193557324097402766e+07
1.301264950605218066e+06
1.096365571337112598e+07
1.254683646568721859e+06
3.428349012522298377e+06
9.356087001618091017e+06
5.523566333805922419e+07
3.554770057273466140e+06
3.510929313716981560e+06
2.815300253292637412e+06
1.785862968611579761e+07
1.001407556583807431e+07
6.693530747532418929e+06
9.309780167989781126e+06
1.230789217937437631e+07
1.238331598368286621e+06
4.285765247474132106e+06
3.265048027293202933e+06
5.909247541210530326e+06
1.783336777252169326e+07
1.001004443545383401e+07
1.229494752367710136e+07
1.346644682756871218e+06
1.594837483823567443e+07
9.864958836280673742e+06
3.553357795029089320e+06
1.283452054976996966e+06
1.358543680154108070e+07
2.184035697688319255e+06
9.628162249844184145e+06
9.990710042530387640e+06
9.831244248795062304e+06
6.847790682114616036e+06
2.260929487108631525e+06
1.959093021621005610e+07
9.069478509193466976e+06
1.172841568689949438e+07
2.247379694807779416e+07
8.521534569078790024e+06
8.767588024542480707e+06
7.179138788793331012e+06
2.942038365333644301e+07
1.297557880270664766e+07
7.076942150065083988e+06
5.668326489395710640e+06
3.119656456319242716e+06
1.168492205165611580e+07
7.938043799536767416e+06
