3.193043975928255543e+07
2.820000000000000000e+03
3.426194745203882921e+06
2.917034923932571895e+06
3.786575340310186613e+06
1.864686474209016189e+07
3.374305195230234880e+06
1.472083951574845007e+06
1.082244744771429524e+07
7.352878483600215986e+06
4.107078293646973092e+06
3.809187590409755241e+06
5.974748220585266128e+06
2.617318424085802399e+06
4.026974582205898594e+06
5.829024114693752490e+06
4.266012994574205950e+06
1.000269071468690597e+07
9.733546009047092870e+06
3.865997881169781554e+06
6.370667447742902674e+06
3.262530724887456745e+06
3.999053906936250161e+06
3.231238534252661280e+06
2.982040317322854884e+06
1.203537466333082691e+07
3.211970999069555197e+06
2.948691585574907716e+06
1.127060893975469517e+06
5.269296102809290402e+06
6.201035936418404803e+06
9.312547691550230607e+06
9.924035799288408831e+06
1.820315303685924504e+06
5.168341590631733648e+06
2.543482954952411354e+06
3.425092115422965027e+06
3.095013671614033636e+06
8.877571093128481880e+06
1.041278354707985185e+07
2.769040246713982429e+06
1.921223599132698961e+06
1.994805198375282064e+07
8.859275946267545223e+06
5.157207406878357753e+06
2.588048840765364934e+06
9.823991910901754163e+05
8.388777684188809246e+06
4.133208670491151977e+06
2.114811155728198960e+07
3.123823215406537056e+06
3.318228768850737251e+06
2.452028671509278473e+06
3.512835794142404571e+06
3.197054784166262019e+06
6.476749270905517973e+06
1.567948741208789637e+06
7.678990542000745423e+06
4.960121402072109282e+06
6.325357575955771841e+06
3.121944006501258817e+06
2.548514871265618876e+07
3.133803004509765655e+06
2.195554754137786105e+06
3.983567207100508735e+06
5.804437026718970388e+06
3.997816312579909340e+06
8.645082334979904816e+06
1.175726197119631805e+06
7.342274625815513544e+06
2.416134946382276714e+06
1.343621729198045842e+07
3.921804304711103905e+06
1.694938388989362866e+06
1.721989177305540070e+06
3.185315136973112822e+07
2.352935767434136011e+06
7.104309859911937267e+06
7.677321415377166122e+06
4.123623979744311888e+06
1.429268457816391066e+07
5.434600979925787076e+06
1.126836281674431823e+07
3.654772685417159460e+06
2.227619292370737530e+06
6.409244668624846265e+06
1.011615158032988943e+07
4.116476260784916114e+06
6.203309913475422189e+06
2.331112535247878172e+06
2.249273155777656659e+07
2.293768772520235507e+05
3.226907646745159477e+07
1.365339029115635436e+06
5.963698056547686458e+06
9.699691715895593166e+06
1.577246561800323892e+06
5.607750446843247861e+06
2.770360268044816330e+06
1.361087803431746177e+07
1.031539240598795563e+07
9.862869686932003126e+06
2.509011870841466356e+06
1.772870489767279476e+07
8.465983019764281809e+06
1.873719016532974318e+07
4.190199463189038914e+06
5.208274369035120122e+06
2.059463777418239508e+06
5.990018209376683459e+06
1.484578028076571180e+06
1.463940717454878055e+07
1.353540221902203001e+07
2.626240775398083963e+06
1.833073519882547110e+07
2.900648151179371402e+06
3.324375581826099660e+06
2.176672706978727598e+06
5.367608941165846772e+06
3.079424283374992199e+06
8.719052621935017407e+06
5.158185451616093516e+06
2.733417229037335142e+06
3.019869773124861065e+06
1.146464029522681609e+07
1.170974271859058645e+06
3.234285485227974877e+07
1.982671222433099058e+06
1.119480593990689516e+07
4.972579138352056034e+05
2.547764537445763126e+07
1.588427223483623238e+06
8.864598917309062555e+06
5.127741953896299005e+06
3.858635445980539545e+06
4.557184134316589683e+06
1.104993355407888815e+07
2.590647579854941461e+06
1.938669933349529654e+07
7.021037996399151161e+05
1.697933397080227733e+07
1.331550788269741694e+06
1.227523891532542743e+07
6.091129702580342069e+06
1.393298883777748793e+06
2.695783857643437572e+06
1.326331748549079290e+06
1.245640801332358457e+07
1.358897500068935333e+06
3.599832445536308736e+07
4.773050545813377947e+06
5.676594356587882154e+06
5.681165758645844646e+06
2.312094483451451361e+07
2.830803149144090712e+06
1.033808586616854183e+07
6.679532623303676955e+06
1.691660368909421610e+06
2.862201994871546980e+06
5.509818176599077880e+06
6.090601480831762403e+07
2.169045617461362388e+06
4.159005176981601864e+06
2.426034570985995699e+06
1.469135114229120547e+06
8.798148617255499586e+06
6.548995918595245108e+06
5.237111072395447642e+06
1.820039596196013736e+06
4.415820855685765855e+06
1.170076425605067424e+07
2.807518399414155167e+06
4.076021655213834345e+07
2.033363704408284277e+06
8.065202469909789041e+06
2.474291674660216086e+06
3.078699640837346669e+06
1.137265487890641019e+07
2.982024957379836589e+06
5.100112707711136900e+06
6.625445658954142593e+06
7.745491732088366523e+06
2.843272279117017053e+06
1.075617250274253450e+07
3.446899883972014766e+06
4.358976774666458368e+06
5.243839304658671841e+06
1.254006842504299060e+07
1.649735770406242693e+06
9.659490968261269853e+06
1.646855293490531622e+06
1.056857476258062571e+07
1.070720267784440517e+07
3.680229813455385715e+07
3.010407988483086228e+06
4.818886138932446949e+06
9.353770557551080361e+06
1.287884530664312188e+06
2.535804071811801288e+06
9.610990706395434216e+06
1.542718366599134170e+06
2.451104925319688395e+06
4.190756009499673732e+06
6.172645622066825628e+06
7.657725879517394118e+06
1.238289564211875200e+07
2.768646216376895085e+06
1.109165118926731497e+07
7.051314395779713988e+06
7.774293635191057110e+05
6.530726351962227374e+06
7.083097951911783312e+05
1.938851586565393023e+06
5.418168561714039184e+06
3.214204250216120481e+07
2.071504994653345319e+06
2.127630652214855887e+06
1.599456348421523347e+06
1.048399937490839325e+07
5.751424516861841083e+06
3.852593255849109031e+06
5.443637370684002526e+06
7.136247033338678069e+06
7.463737598300215323e+05
2.573256130682408344e+06
1.856155667571442202e+06
3.472746936426681466e+06
1.003958757795391791e+07
5.832085516186240129e+06
7.267909991674549878e+06
8.026266317567670485e+05
9.368701586268763989e+06
5.831773883954201825e+06
1.994538822764463723e+06
7.703849804523243802e+05
7.729110725199929439e+06
1.221825826553691411e+06
5.494094980514162220e+06
5.934258760413754731e+06
5.613634709452591836e+06
4.020899533933387604e+06
1.322663168311391026e+06
1.144583439687174559e+07
5.350678809636942111e+06
6.708182344760106876e+06
1.319546120622986555e+07
4.829031952744876035e+06
4.942547617065381259e+06
4.024031452544696629e+06
1.729232583727303892e+07
7.256129996451765299e+06
4.183382474018936045e+06
3.338276347986848559e+06
1.727721603442946449e+06
6.936965004191243090e+06
4.621344220587396063e+06
