2.444225694967401400e+07
2.820000000000000000e+03
2.630595102593171876e+06
2.217028817637237255e+06
2.850869907156855334e+06
1.427929157862421684e+07
2.516012755065375939e+06
1.155029225245593349e+06
8.123596633127731271e+06
5.675059149705779739e+06
3.150787090769863222e+06
2.884134453907355200e+06
4.608643866354630329e+06
2.036603114241434960e+06
3.070179441070707049e+06
4.474082446122671477e+06
3.182200083502849564e+06
7.499689789924197830e+06
7.484121421457825229e+06
2.905524314086345024e+06
4.912387381746193394e+06
2.453365635679507628e+06
3.012188785707565956e+06
2.433031912694744766e+06
2.287416501915846951e+06
9.249169926382746547e+06
2.450213053282425273e+06
2.265658223249369301e+06
8.847390173662976595e+05
3.957904732413072605e+06
4.762420800616146065e+06
7.013586078544882126e+06
7.574220576600702479e+06
1.392589507995967986e+06
3.930886204831951298e+06
1.902495151676237117e+06
2.656161467552920803e+06
2.312260435815644450e+06
6.857241370237630792e+06
7.957960605493468232e+06
2.123588740448649041e+06
1.460056397057405906e+06
1.528145146221408993e+07
6.814609896287913434e+06
3.982321571877079550e+06
1.982827949124355102e+06
7.532413895252188668e+05
6.282816072662308812e+06
3.153563847310066223e+06
1.613491617137091048e+07
2.387701894982361700e+06
2.515896164546594955e+06
1.832716095932733035e+06
2.714195222146739718e+06
2.461502376741762273e+06
4.999453298317364417e+06
1.209293105118308216e+06
5.903191538974603638e+06
3.817731540688553825e+06
4.835970824999498203e+06
2.371248849980430212e+06
1.955401625268236175e+07
2.332388343513253611e+06
1.687676470491559478e+06
2.989056605797924567e+06
4.432152458090471104e+06
3.068965059214685112e+06
6.659726843857350759e+06
9.220871407414647983e+05
5.512085878057734109e+06
1.862616352718219394e+06
1.013227708122503199e+07
3.029625179479016457e+06
1.310911664488197304e+06
1.332620746076407144e+06
2.389054008768515289e+07
1.833301043816576945e+06
5.365781802837182768e+06
5.884976791390343569e+06
3.188267414469861425e+06
1.070124928067619912e+07
4.167557200768663548e+06
8.538560263040645048e+06
2.806590893769598566e+06
1.701848135299871676e+06
4.862708207128645852e+06
7.627319260674296878e+06
3.184286697166428436e+06
4.787334661624969915e+06
1.765665672302627005e+06
1.715619148609950766e+07
1.770222010731053888e+05
2.426753408870702609e+07
1.059000736204905901e+06
4.451756648931913078e+06
7.449620726337254979e+06
1.210563000551707111e+06
4.225307871107257903e+06
2.130111642512649298e+06
1.029885885859145038e+07
7.726705887320547365e+06
7.495941907582012005e+06
1.889430701133152237e+06
1.362547495835465193e+07
6.486909317168240435e+06
1.431203387263785675e+07
3.202067944732926320e+06
3.974657408591930289e+06
1.599617089413927868e+06
4.622811687279722653e+06
1.104822185864975443e+06
1.109351368762756139e+07
1.030246804903125204e+07
2.036531739043747308e+06
1.401932982688233815e+07
2.216275836089541204e+06
2.521468885870204307e+06
1.646437284942453727e+06
4.082524986780246720e+06
2.302198206247353926e+06
6.615560503188526258e+06
3.989836889936091844e+06
2.104381904817547183e+06
2.277846608590174001e+06
8.826720177009675652e+06
8.754029000926612644e+05
2.472892977420572191e+07
1.530575793937544804e+06
8.606689559433346614e+06
3.728064023357304977e+05
1.943591061015039310e+07
1.195712599987957394e+06
6.738473718739697710e+06
3.908807892919236794e+06
2.986362154951844364e+06
3.493445370897760149e+06
8.410565747841930017e+06
1.942200327103911666e+06
1.488558367987414263e+07
5.510489449712530477e+05
1.303694068761891127e+07
1.035150709570599603e+06
9.316982430580396205e+06
4.585569835398914292e+06
1.065884222405806649e+06
2.099382560692518018e+06
9.958746567749730311e+05
9.383072351462760940e+06
1.028332404820486554e+06
2.756437018156050891e+07
3.673793360214445274e+06
4.324157449884569272e+06
4.301285214504390024e+06
1.765936481170613691e+07
2.142723835977675859e+06
7.990309524668148719e+06
5.017936769159976393e+06
1.305864642356852768e+06
2.171939643309035804e+06
4.135884708607601002e+06
4.578425230859019607e+07
1.675429736306163948e+06
3.106917248911618721e+06
1.894353386749647558e+06
1.124356994226688985e+06
6.735493037960313261e+06
5.033991683638628572e+06
3.940940545225318056e+06
1.398323116649094271e+06
3.323582717387782875e+06
8.842562138853542507e+06
2.166626551375968847e+06
3.070691638949055597e+07
1.574485816014290089e+06
6.163392553568412550e+06
1.863839198480290826e+06
2.397828421410084236e+06
8.603700414283821359e+06
2.307313929721981287e+06
3.935040349638298620e+06
5.079323720043323003e+06
5.940010911369315349e+06
2.172079166742776521e+06
8.088732720595811494e+06
2.645522968510434031e+06
3.258614540046031121e+06
4.057254711126416922e+06
9.426885595408296213e+06
1.282526895597354043e+06
7.309682946202176623e+06
1.247745164064618293e+06
8.129922237877583131e+06
8.235223765027469955e+06
2.814760456731322780e+07
2.242715331250712741e+06
3.727579313912904821e+06
7.179408456056662835e+06
9.975723418377568014e+05
1.955785788050017552e+06
7.245468740221813321e+06
1.163984669900017790e+06
1.868307162544219987e+06
3.162327862678238656e+06
4.738561919672836550e+06
5.770603402152924798e+06
9.467265615262757987e+06
2.122089586723088287e+06
8.488095774679802358e+06
5.430020168361540884e+06
6.029526267422108212e+05
5.050594947172830813e+06
5.329870479232131038e+05
1.458808986740707187e+06
4.128584021114264615e+06
2.453864122666794807e+07
1.584024410814646631e+06
1.661450287955704844e+06
1.206728407502338057e+06
8.043512804193385877e+06
4.361496947408111766e+06
2.925695949124040548e+06
4.168508397107659839e+06
5.438904139863532037e+06
5.819429865095383720e+05
1.999345607760519721e+06
1.401051531673548510e+06
2.667107163324319292e+06
7.526077579341809265e+06
4.458016930634836666e+06
5.597762796107600443e+06
6.218099503959850408e+05
7.191843380360038951e+06
4.491956109878089279e+06
1.494288448185032001e+06
5.992729275753272232e+05
5.830602931852207519e+06
9.139416860168977873e+05
4.151932633633541875e+06
4.582490166585908271e+06
4.242632898395057768e+06
3.087267932647157926e+06
1.014574845844276017e+06
8.759827371274227276e+06
4.116359239737504162e+06
5.075501021841514856e+06
1.012481880091646686e+07
3.634433584867095109e+06
3.709444896039973013e+06
3.010176466748437379e+06
1.327418757203345932e+07
5.420240576154309325e+06
3.222448700701594353e+06
2.567061502039799001e+06
1.284514476211428177e+06
5.354892523475772701e+06
3.531824709344353061e+06
