4.915356914026747290e+03
2.950000000000000455e+03
4.296851644824577306e+03
4.304436443999865332e+03
4.499010647742341462e+03
4.399327215837391122e+03
4.200829462237428743e+03
3.823124342627722399e+03
4.645377700647317397e+03
3.990274764803631115e+03
4.627570854230970326e+03
4.052502297912234553e+03
4.254484014305885466e+03
4.153721440934998100e+03
4.572808264556563699e+03
4.812086636285823261e+03
4.103798098919843142e+03
4.481442482414017832e+03
4.537329754216196307e+03
4.222199956857437428e+03
4.192024889301387702e+03
4.604086561852423984e+03
4.646365448982654925e+03
4.415980121778168723e+03
3.789441915067594891e+03
4.244898626507773770e+03
4.356669082026170145e+03
4.359866352190170801e+03
3.947244087613031752e+03
4.553154533429240473e+03
4.024076241269419370e+03
4.481442815651013916e+03
4.249525593075575671e+03
4.009853969013561255e+03
4.238513551568624280e+03
4.183288292891864330e+03
4.815129454202865418e+03
4.596696185079215866e+03
4.344008428803394054e+03
3.968772346538547936e+03
4.708123098915690207e+03
4.321419689121874399e+03
4.429461283717002516e+03
4.119622101026393466e+03
4.303419915796122950e+03
4.646832873980541081e+03
3.869568879439296325e+03
4.611775090937842833e+03
4.367804772804865024e+03
4.288694446717509891e+03
4.059641247722870503e+03
4.268827279665548303e+03
4.015932092569322322e+03
4.335750179682256203e+03
4.623376912130866913e+03
4.046818412803823776e+03
4.121040876946009121e+03
4.191737788453454414e+03
4.073185595475016271e+03
4.776126631902443478e+03
3.910649695564046851e+03
4.338692628262680955e+03
3.830008400120361330e+03
4.302870239493570807e+03
4.420074262448639274e+03
4.280725493494393049e+03
4.330936081641970304e+03
4.553348654684206849e+03
4.030877823419063134e+03
4.301519884713383362e+03
3.984201431715485342e+03
4.475038335012306561e+03
3.886588424785370080e+03
3.976833210493870865e+03
4.156668553632107432e+03
4.370236429201119790e+03
4.432984388816746105e+03
4.796898086149607479e+03
4.746816968799234928e+03
3.976699225703110642e+03
4.267632673635996980e+03
4.391225769684413535e+03
4.348406004488320832e+03
4.473993687817543105e+03
3.881473182981508216e+03
4.591915606146240862e+03
4.792444827172274017e+03
4.089477669785931539e+03
3.968620215472677955e+03
4.473776925418961582e+03
5.009816173076947962e+03
3.524645119730600527e+03
4.559543297589899339e+03
3.817039424173563020e+03
3.972522610650210936e+03
4.329391048156186116e+03
4.324886095179837866e+03
4.181904403218642983e+03
4.028008622298693808e+03
4.330084607956923719e+03
4.396893548911787548e+03
4.583321612802033997e+03
4.467302261917111537e+03
4.592364630826112261e+03
4.282683411048677954e+03
3.807428592714794831e+03
4.758674212105826882e+03
4.367612420215573366e+03
4.231007134111450796e+03
3.899316890395026348e+03
4.023399237347383860e+03
4.315473357582473909e+03
4.588969625634892509e+03
3.982557474669049498e+03
4.138178969477946339e+03
4.419491751742053566e+03
4.309290080301680973e+03
4.750378878562848513e+03
4.114159429630325576e+03
4.263127871454098567e+03
4.447328487409862646e+03
4.054074879967164179e+03
3.853924578241366362e+03
4.819809794473629154e+03
4.264738667935611375e+03
4.068013956192421119e+03
4.310981920413839362e+03
3.909301388187164775e+03
3.795868020563110804e+03
4.305168651123787640e+03
4.799863440678876032e+03
4.063320129720014847e+03
4.085889773780860196e+03
4.609535790827188976e+03
4.191468104337125624e+03
4.181279389993153018e+03
4.178002014068991230e+03
4.870276535667062490e+03
4.047255063967802016e+03
3.724475123333670126e+03
4.300053447640910235e+03
4.018221058154987077e+03
4.492359219197922357e+03
4.161376928273177327e+03
4.234963296394731515e+03
4.107664879865422336e+03
4.088755339600478692e+03
4.732185081663781602e+03
4.078608348871172893e+03
4.209849728071603749e+03
4.659184220140003163e+03
4.011346476619214172e+03
4.799286935952792192e+03
4.421310300518866825e+03
3.964994211759611517e+03
3.737437070662236692e+03
4.896565019716300412e+03
4.438870052599104383e+03
4.516940588870253123e+03
4.303697445453145519e+03
4.171561701659698883e+03
4.199643917259392765e+03
3.881458723039070264e+03
4.565578003506278037e+03
3.710520336884552762e+03
4.553161255374092434e+03
4.480793110125898238e+03
4.090201537740116237e+03
4.739630117344671817e+03
4.490774222645504778e+03
5.050871922336894386e+03
4.311251249153618119e+03
4.493172213042887961e+03
4.536156052493024617e+03
4.249087269888874289e+03
4.330189783171183080e+03
4.029684547095605467e+03
4.534463068393011781e+03
3.800195108322529904e+03
4.806106061662196225e+03
4.721053748630556584e+03
4.615257809976327735e+03
3.959049476017395136e+03
4.819814003964655058e+03
3.731502965985560877e+03
4.302004414877714225e+03
4.252999903441976130e+03
4.342721877176452836e+03
3.657540205257210800e+03
4.657683413608601768e+03
4.560098319392129270e+03
4.600108527139140278e+03
3.970467821578737130e+03
4.481721374074239066e+03
4.280178603972824931e+03
3.623206045432114024e+03
4.251456289637273585e+03
4.492374076703311403e+03
4.248351045810315554e+03
3.862147155888497309e+03
4.151549755192742850e+03
4.473452946125717972e+03
4.534726837999428426e+03
3.974782873383438528e+03
3.567185649207154711e+03
4.113317047932880087e+03
4.421956354444387216e+03
4.896675572572739839e+03
4.368073279029618789e+03
3.789463110676251290e+03
4.362586501012433473e+03
3.722549506813666085e+03
4.358944289311564717e+03
4.853711546635461673e+03
4.372181202932635642e+03
4.214301917231516200e+03
4.068407540276959480e+03
4.246917343625554167e+03
3.902277169849679467e+03
4.352105751004281956e+03
4.307525692469292153e+03
4.776014964165826314e+03
3.959725945197041256e+03
4.111347904842059506e+03
3.533806518652394061e+03
4.105383774382809861e+03
4.021453325285045139e+03
4.312364051491390455e+03
4.377831651509521180e+03
4.414806490186118936e+03
3.743134762243453224e+03
4.873830774261159604e+03
4.108554803624634587e+03
4.310904672681943339e+03
3.526668666604734881e+03
4.865093778294136428e+03
4.026138685722252831e+03
4.330338376540945319e+03
4.537890488924720557e+03
4.998285298803064507e+03
4.356676725296544646e+03
4.445669247321828152e+03
4.591905927106431591e+03
4.291126817292698433e+03
4.339430552892182277e+03
4.454937021925014960e+03
4.600363895780645180e+03
4.891678450094874279e+03
4.125721120734964643e+03
4.411343622895163207e+03
4.958768955609371915e+03
4.010861811315437990e+03
4.547599943022738444e+03
4.186807688489442626e+03
4.154327317662551650e+03
4.234689541449728495e+03
