1.023455058390178237e+04
2.950000000000000455e+03
6.363131672327619526e+03
6.198476225185142539e+03
4.513195348946731428e+03
5.695324689690854939e+03
5.321871539490399300e+03
4.744328135927182302e+03
4.906059202291735346e+03
7.970694210453578307e+03
7.192278853183635874e+03
5.752640862033900703e+03
6.278259877417934149e+03
4.740920608229709615e+03
4.833264983726731771e+03
5.371886350735606356e+03
5.473417743330824123e+03
6.358266446220026410e+03
6.133636759224366870e+03
4.712829172219680004e+03
4.981717896036820093e+03
5.045812309133578310e+03
4.978628838270044071e+03
4.818965455407726040e+03
6.030788671686404996e+03
4.770967521964981643e+03
4.513108528904505874e+03
5.366839386766532698e+03
5.045931636524108399e+03
4.517992509849234921e+03
4.350093069630995160e+03
5.381807689712970387e+03
5.074597640480736118e+03
5.479310530632346854e+03
4.401767587737592294e+03
6.363727016493319752e+03
5.335606098243168162e+03
5.348063088869981584e+03
4.838220922269119910e+03
4.461746760141382765e+03
5.609016854577535923e+03
5.161211510805122089e+03
6.373345288433195492e+03
4.515497495632673235e+03
4.234465228552400731e+03
5.250738603111964039e+03
4.864113091588956195e+03
4.350660603274212917e+03
6.088962585662417041e+03
5.408117630286647909e+03
6.308285541560219826e+03
5.959765275638497769e+03
5.138407810821297062e+03
4.763967202499569794e+03
5.442212873645184118e+03
4.644444701200184682e+03
5.549365952709806152e+03
6.166477082834016983e+03
5.838151566786505100e+03
6.086843627342832406e+03
4.656184472940290107e+03
5.174249687536801503e+03
4.387953094286091073e+03
4.618585600995744244e+03
5.325859470644221801e+03
5.124394224487044085e+03
5.371501970991819690e+03
5.157323550204073399e+03
4.600905092298287855e+03
4.494718131318294581e+03
5.187000655391834698e+03
4.788182161661276950e+03
5.399321132109675091e+03
4.647142793313058064e+03
5.084852284829329619e+03
5.418845887380239219e+03
4.709709783846540631e+03
4.596944821195503209e+03
4.594159970845700627e+03
5.041062123134479407e+03
6.111728105805301311e+03
5.758184345938972911e+03
5.245255664889155014e+03
7.358449611812845433e+03
4.513075866795234106e+03
5.137715227885580134e+03
5.540699299794423496e+03
4.770342576681616265e+03
5.944467354362313927e+03
5.751146886492886551e+03
7.892519104347430584e+03
5.765136695306124238e+03
5.039982439944971702e+03
5.223131438990334573e+03
4.486679005645741199e+03
5.624424650828625090e+03
5.365013103084442264e+03
6.875255729376345698e+03
6.990794923359298991e+03
5.507879052906218931e+03
6.119311530508772194e+03
4.448848792235057772e+03
4.575316310370789324e+03
5.139475308347699865e+03
6.760508297210890305e+03
5.622322287963859708e+03
5.182664473365879530e+03
7.337787179226652370e+03
5.298608166782626540e+03
5.563119034239954999e+03
5.217458303860404158e+03
4.829233987821651681e+03
6.789627704450016608e+03
5.009020835685210841e+03
5.101140011762434369e+03
5.927761064543004977e+03
5.520598852077931042e+03
5.106027383420467231e+03
5.064705099482812329e+03
4.674244905493550505e+03
5.275018238041796394e+03
6.782294468188683823e+03
5.812806419819299663e+03
4.482830125981083256e+03
5.612094806434048223e+03
5.234090391479151549e+03
5.193709442726199995e+03
4.830007977917932294e+03
4.433007561231155705e+03
5.253891083761063783e+03
5.117936900491959022e+03
4.673522299296520032e+03
4.925144706409731953e+03
5.206903064990860003e+03
5.888176104741130985e+03
4.332347045609223642e+03
4.471225687240015759e+03
4.751972184450311943e+03
4.546206713371331716e+03
4.931665484292570000e+03
5.313467535016984584e+03
5.498229913411700181e+03
4.769722872679338252e+03
5.804313371115262271e+03
5.283737352151541927e+03
5.020196387628237972e+03
4.926791445841794484e+03
4.987595390597920414e+03
5.195838979681107958e+03
6.570130997177640893e+03
5.736373119730551480e+03
6.734249861283428800e+03
4.950140850618776312e+03
5.423395350498941298e+03
5.010520900871807498e+03
4.738113921685965579e+03
7.184738629543881871e+03
5.497010941481544251e+03
6.881678659981016608e+03
5.774396744639272583e+03
4.995816457988852562e+03
5.122430973598507990e+03
4.792474078239361006e+03
6.048947900396286968e+03
4.904844442006798090e+03
8.254329713049321072e+03
7.314138745485824074e+03
5.285629240094519446e+03
4.725767867702215881e+03
5.300090492963446195e+03
5.993685246778247347e+03
4.875112295527176684e+03
7.985012130765516304e+03
5.041228984491809570e+03
5.795364840371965329e+03
7.147625644349664981e+03
4.820618694561428129e+03
4.337966290955306249e+03
4.308975167045202397e+03
4.544872980335405373e+03
6.044258206349115426e+03
5.123319709498131488e+03
5.379022624825005551e+03
5.443499342844619605e+03
4.869953268615971865e+03
5.649114047009968090e+03
5.162271231588137198e+03
4.470175188963087749e+03
5.137040824462832461e+03
6.890798870391819946e+03
5.100170226564574477e+03
5.414353075656743385e+03
4.979832826761992692e+03
5.810964599640541564e+03
5.067962235871955272e+03
4.775623910535565301e+03
7.377817191746693425e+03
5.139018721346668826e+03
5.884028999218306126e+03
6.720802863781308588e+03
5.780650289820622675e+03
4.949572260056555933e+03
5.173192007885962994e+03
4.880357901030155517e+03
5.097060332772847687e+03
7.031623217236643541e+03
6.467791669097558042e+03
5.204057573720807341e+03
4.602544241172788134e+03
5.455023622974807950e+03
5.081012400448701555e+03
4.982603246267928625e+03
5.052525368639788212e+03
6.330403463129165175e+03
6.453768518904928897e+03
4.862670049245924019e+03
5.257193990157054031e+03
4.975076528298101039e+03
5.426799808872878202e+03
4.739351000434675370e+03
7.053162459885759745e+03
4.449655308750701806e+03
4.396209938339003202e+03
5.881496919678362246e+03
4.619533757196788429e+03
4.739057745940326640e+03
4.306256200112115948e+03
4.732710379591414494e+03
5.011237766179861865e+03
5.594573407982470599e+03
5.434745284469196122e+03
5.772542179846954241e+03
4.774205683116925684e+03
4.622283855120278531e+03
5.000735727955068796e+03
4.889066952042599041e+03
5.409034899010253866e+03
4.679575170984706347e+03
5.677228872459137165e+03
5.052564613939021001e+03
5.154397611105816395e+03
4.995577064491202691e+03
5.116866741163579718e+03
5.087855900961149018e+03
5.655401516689789787e+03
6.308579460014483629e+03
6.990295730267799627e+03
5.643175826519005568e+03
5.030221426602100109e+03
5.045405203622238332e+03
5.181435037509170797e+03
4.868117932205816942e+03
6.185644520088113495e+03
6.040510848925345272e+03
5.502411173005174533e+03
6.869876438469083041e+03
