5.401007899245360022e+03
2.950000000000000455e+03
5.006075611374782966e+03
4.570350955449203866e+03
4.750673624588987877e+03
4.810378152181483529e+03
4.392233006569432291e+03
4.095770489445337262e+03
4.535274313318641362e+03
5.038887567447107358e+03
5.135599266191797142e+03
4.567659543274481621e+03
4.892105125286252587e+03
4.869459454150646707e+03
4.145258876621495801e+03
5.019173160568019739e+03
4.800329202124739822e+03
4.722155065362596361e+03
4.514306265644138875e+03
4.783586418718616187e+03
4.821567669747180844e+03
4.520738776232545206e+03
4.467517856038376522e+03
4.699260076799460876e+03
4.554457944246614716e+03
5.157468190986775880e+03
5.500878034504547031e+03
4.880469954383983350e+03
4.519561008659732579e+03
4.518707329339686112e+03
4.360457388270177034e+03
4.593936973285954991e+03
3.974112576134601568e+03
4.585052553998099029e+03
4.645736099136088342e+03
4.388736044697772741e+03
4.142392557843157192e+03
4.953910723664632314e+03
4.466119431195676043e+03
4.856314419029329656e+03
4.599559323401004804e+03
4.750596719996721731e+03
4.333333692604852331e+03
4.898845072376594544e+03
4.749756654521137534e+03
4.557237996465642027e+03
4.724264059370716495e+03
4.926359913764778867e+03
4.909322624689521035e+03
4.404683980003026591e+03
5.002775701930360810e+03
4.736586352932115915e+03
4.621174300687356663e+03
4.307016174806622075e+03
4.740191027213042616e+03
4.389196692391293254e+03
4.664308349841160634e+03
4.625533325947584672e+03
4.579961209304777185e+03
4.127888600769375444e+03
4.672821983504168202e+03
4.922568706440673850e+03
3.999119599995664885e+03
4.436280963750475166e+03
4.542794273483572397e+03
4.591664368744417516e+03
4.635318594875654526e+03
5.246447576828417368e+03
4.242755964800108814e+03
4.815267127682572209e+03
4.492916039699480280e+03
4.740364190694004719e+03
4.622076840835440635e+03
4.336925498191756560e+03
5.028486032584650275e+03
4.488119718057489990e+03
4.413606874391870406e+03
4.840814677615790060e+03
4.116378853476895529e+03
5.063204701252658197e+03
4.787663231066213484e+03
4.799836355556799390e+03
5.044771532046730499e+03
5.009166227165844248e+03
4.870950733007179224e+03
4.826997007632585337e+03
5.210664588677633219e+03
3.976083193382156423e+03
4.404630638929035740e+03
5.328810016204237400e+03
5.252853882435721061e+03
4.299797263468673918e+03
4.496106144412694448e+03
4.532649222722205195e+03
4.015633912855641029e+03
4.957150530383215482e+03
5.019525831489567281e+03
4.777367430546366450e+03
4.781165160460288462e+03
4.573937647670994920e+03
4.424902933489800489e+03
5.092747998583226945e+03
4.494408048951415367e+03
4.497286054717716979e+03
4.303640427556443683e+03
4.699044315610150079e+03
4.627271703724636609e+03
5.650852502674073548e+03
4.505988034975509436e+03
4.402034778565722263e+03
4.605149973297480756e+03
4.692326939169428442e+03
4.652267522601684504e+03
4.898226530389692925e+03
4.829412899320072029e+03
5.089801172976268390e+03
4.239398052141791595e+03
4.025663008949586583e+03
4.157550312692144871e+03
4.344090660186100649e+03
4.487039789946293240e+03
4.959120719183548317e+03
4.769071453180527897e+03
4.671550769141316778e+03
4.554236876648965335e+03
4.545008242369191066e+03
4.765414686867421551e+03
4.700858203600988418e+03
4.543598015477055014e+03
5.067708103046378710e+03
4.727505967541121208e+03
4.559894033746229979e+03
4.603676574886325398e+03
4.875982590519148289e+03
4.678514432120455240e+03
4.253853241974906268e+03
4.400733354004562898e+03
4.813474688906637311e+03
5.052053948831597154e+03
3.951234272597836934e+03
4.649442755973046587e+03
4.233087887671907083e+03
4.983228495635841682e+03
4.606283920400224815e+03
4.809129389921576148e+03
4.611163765446571233e+03
4.922133326983988809e+03
4.823090338176138175e+03
4.365346887744814921e+03
5.107563607619484173e+03
4.885951228578993323e+03
4.745537760894720122e+03
4.193915000850696742e+03
4.433903169856842396e+03
4.858314735282787296e+03
4.040098044060840039e+03
5.339945013392922192e+03
4.390795063811374348e+03
5.404013407771390121e+03
4.595690429165799287e+03
5.491506325056291644e+03
3.903959337324758962e+03
4.649106162863420650e+03
4.876427617690343141e+03
4.219297530264559100e+03
5.081371496884657972e+03
5.285112343552018501e+03
4.718189363556379249e+03
5.126520944305902958e+03
4.290629500562325120e+03
4.760324517731694868e+03
4.190258106492041406e+03
5.095029561663929599e+03
4.469467209126544731e+03
4.550365282776991080e+03
5.142179769350215793e+03
4.905750561492406632e+03
4.488908273705698775e+03
5.093015360084089480e+03
5.143379811756635718e+03
5.214644867644139595e+03
4.941647578535173125e+03
4.459589816520700879e+03
5.001641599083279289e+03
4.968778737838476445e+03
4.463740837814488259e+03
4.667933535701089568e+03
4.801444489347545641e+03
3.823084383201121454e+03
5.554008316918037963e+03
4.433399703501596377e+03
4.859462281696128230e+03
4.699255764803177044e+03
4.712723414568911721e+03
5.253342437812116259e+03
4.244126688162591563e+03
4.912254326558282628e+03
4.676375560528241294e+03
4.870382463592830391e+03
4.861604951751291082e+03
4.410707670854471871e+03
4.808833475758660825e+03
4.939091052053121530e+03
4.366404855537419280e+03
4.685342943445271885e+03
5.361010367663235229e+03
4.623410138740542607e+03
3.908826109789059046e+03
4.549190565598815738e+03
4.701060903225493348e+03
4.593061150972363066e+03
4.374318164553053975e+03
4.480351072244680836e+03
5.067747260009628008e+03
4.579201545871234885e+03
4.606199381813557011e+03
4.305824332589956612e+03
4.427918546985502871e+03
4.495344827174192687e+03
4.737404182606338509e+03
4.494430900114291944e+03
4.531538622331670922e+03
4.951520584695954312e+03
4.247543875805362404e+03
4.454693216755432331e+03
4.431376066209798410e+03
4.900788097732112874e+03
4.432425383608330776e+03
4.584054793629456071e+03
4.970679621706951366e+03
4.125008180047469068e+03
5.130798625391003952e+03
4.298891807823201816e+03
4.693316425129055460e+03
4.559412414970361169e+03
5.040110322177142734e+03
4.430737804441527260e+03
4.446923778152624436e+03
4.554455831340088480e+03
4.803549008805128324e+03
4.610694730725545014e+03
4.643355990770115568e+03
4.714190997868334307e+03
4.681588438887418306e+03
4.579336526138360568e+03
4.743400145357104520e+03
5.393130197823080380e+03
4.822058199432708534e+03
4.041394367111183783e+03
4.605834141751165589e+03
4.573521323592431145e+03
4.642796987714451461e+03
5.017999567878665403e+03
4.597886153663219375e+03
4.188096822525419157e+03
4.956931237256819259e+03
