3.019371138160570263e+04
2.950000000000000455e+03
1.468979550717425082e+04
1.454770736605505954e+04
4.404920962316405166e+03
1.136480700166907627e+04
1.121568674865005960e+04
3.927820169082522625e+03
4.926593756174989721e+03
2.952515142565685164e+04
2.205863932727805513e+04
8.836581911747773120e+03
1.463930927507569322e+04
4.322956493958436113e+03
3.849531732665368963e+03
8.406452719576886011e+03
5.110491503345881938e+03
1.324272609232911418e+04
1.085414592557649667e+04
5.759120444127880546e+03
3.606533012334163686e+03
4.298902289967362776e+03
5.168685892959054399e+03
4.856681905487526819e+03
1.471650512209894987e+04
4.020882297901750462e+03
5.227951263159304290e+03
8.219248876259616736e+03
5.338285180259908884e+03
5.654638026522575274e+03
4.366366101570897627e+03
7.000187833108789164e+03
5.462383945858964580e+03
9.615194198023991703e+03
3.279084254899551524e+03
1.519618866218998301e+04
4.514106047563849643e+03
4.204383115075306705e+03
5.965475900589199227e+03
5.088103841340230247e+03
1.025412400513509056e+04
6.039760586775631964e+03
1.649018835187209697e+04
3.766173268193301737e+03
3.848338755139820023e+03
4.722000658038195979e+03
4.329265010509073363e+03
3.472891666845683631e+03
1.517472867537123966e+04
1.129940134538414532e+04
1.615648511040683661e+04
1.300964765962721867e+04
5.911016140405335136e+03
4.913819696216542980e+03
5.810114632239188722e+03
4.795690429627069534e+03
1.062231168038154647e+04
1.556448976460653103e+04
1.287530590644043150e+04
1.635209694369517456e+04
5.843913233803135881e+03
4.557757664780839150e+03
4.717455121291772230e+03
4.527263949493938526e+03
8.587847685157856176e+03
6.739468332044370982e+03
6.566920542649564595e+03
7.670321777530918553e+03
4.173760661369195986e+03
3.818080654958753712e+03
4.411507817464100299e+03
3.889084999776069708e+03
7.811201156870023624e+03
7.580413508208329404e+03
7.969542267616095160e+03
6.196415356536463150e+03
3.740141531080961613e+03
3.517295364800614607e+03
3.461426883305128285e+03
3.945943321892482345e+03
1.333876534292192082e+04
1.292407077632207074e+04
8.485771234923711745e+03
2.147187211993741585e+04
4.981990900015774969e+03
6.133496024800793748e+03
8.735111239385561930e+03
4.502155609778730650e+03
1.610492524888972366e+04
1.166935302882697943e+04
2.617761449040626758e+04
7.749267057815885892e+03
4.199060784326920839e+03
6.208774856275374987e+03
3.795691435450087738e+03
9.474737365304572450e+03
8.632070824937181897e+03
2.059566526898352458e+04
2.141692902477429016e+04
1.130866355089740500e+04
1.068185176369733745e+04
3.323935503983983835e+03
3.877893020628605882e+03
5.041764050520227102e+03
1.873955678712919689e+04
8.463652468329242765e+03
8.450351045761433852e+03
2.349645271408727785e+04
3.891391540851367608e+03
8.766544615960898227e+03
7.515159312418580157e+03
5.878011917559997528e+03
2.060022159294276207e+04
3.914943038413450267e+03
4.974456028754500949e+03
1.184719932395194155e+04
8.933804948987526586e+03
6.127679053250377365e+03
5.147791466927490546e+03
4.862912836839452211e+03
3.613340096840711340e+03
2.259063777956492777e+04
1.098545194034532506e+04
4.295749675242388548e+03
8.238223593642469496e+03
1.098643640850108022e+04
4.210038232870215325e+03
4.356908671050598059e+03
4.880553139748434660e+03
4.596422885814545225e+03
4.731964787018932839e+03
4.415699118548982369e+03
7.875279005211436015e+03
7.987240259640095246e+03
1.259910715251824331e+04
3.507616270052828895e+03
4.918109169509822095e+03
3.762953688073193007e+03
3.068044641743637385e+03
4.102505145097427885e+03
9.718065114991535665e+03
7.095273857059156398e+03
4.882489729081800760e+03
1.223108339528981742e+04
6.057303262481138518e+03
4.128505491445939697e+03
5.182551486333146386e+03
4.663830644181475691e+03
8.973487240474096325e+03
1.739265553917471698e+04
1.034675519915605400e+04
1.908387181757432336e+04
3.532614809005751340e+03
7.308306803242554452e+03
3.929862189847491663e+03
6.195904055996958050e+03
2.000656350661586839e+04
8.855198033090597164e+03
2.134460370562421303e+04
1.004371951862937203e+04
1.131968244883372608e+04
4.263692010362741712e+03
3.804714360216581099e+03
1.066554212420267868e+04
5.808181153235587772e+03
2.653597045759511093e+04
2.290008304649086494e+04
8.459253114657200058e+03
3.986569634537036109e+03
8.784561895318885945e+03
1.460382962210613914e+04
4.894812779128353213e+03
3.002609283898111607e+04
4.756104374727276081e+03
9.239427163334323268e+03
2.178787878994029597e+04
6.051152561492050154e+03
4.597844409815119434e+03
3.962473016725763046e+03
3.879618858647127581e+03
1.591170631059418702e+04
6.364589729450797677e+03
7.277134796309230296e+03
8.910532795992219690e+03
5.704699466773172389e+03
7.372903875781185889e+03
5.350861738580435485e+03
4.344752850690138985e+03
3.880650942055052383e+03
1.754924746448053338e+04
6.270598309772555695e+03
7.058972736773986071e+03
3.871153531214008581e+03
1.231799425565673118e+04
4.593698519941877748e+03
4.461724263576592421e+03
2.691135877982571765e+04
5.989661794675244892e+03
1.313070513650715293e+04
1.836654013477538683e+04
1.186043790750835433e+04
4.274156296273335101e+03
5.346334613179814369e+03
6.250240852773404185e+03
7.126518582051900921e+03
2.167778979409436943e+04
1.992256180148381463e+04
9.203823487088700858e+03
5.229525059285624593e+03
7.798705697242631686e+03
5.273797022530714457e+03
5.810228103028114674e+03
4.197425063223171492e+03
1.479999889375606654e+04
1.841003313221298595e+04
3.648799741642496883e+03
7.219894924825555790e+03
4.788796040356941376e+03
6.839430305095264885e+03
6.088417876200538558e+03
2.152793233633334967e+04
3.626686236888150688e+03
4.843743250248823642e+03
1.118352827419741152e+04
4.458729647643938733e+03
5.564503393236637748e+03
4.117957919030121047e+03
6.110560587373560338e+03
5.402164290687273024e+03
1.057317498448547121e+04
5.794530321337608257e+03
8.450461777750901092e+03
4.244231746260683394e+03
3.825565868020386915e+03
4.162343124821752099e+03
4.708905212586660127e+03
1.005926582062498346e+04
5.367426184637057304e+03
7.708288264264673671e+03
6.639531021824752315e+03
9.132713436466765415e+03
4.238089496151910680e+03
6.260061916018141346e+03
5.566021780851129733e+03
1.070558851542851698e+04
1.569618815231380904e+04
1.836677915377434329e+04
1.075269648725269872e+04
5.080645968137749151e+03
5.758506628914397879e+03
7.319855769032235003e+03
3.593816786913447231e+03
1.533507879977856828e+04
1.188034661197027526e+04
1.087762220004791016e+04
1.994082966082067651e+04
