2.248421802109908094e+04
2.950000000000000455e+03
2.464751077497264487e+04
2.461420475182050723e+04
4.501014366862003044e+03
1.689917273930762167e+04
1.651624170788995980e+04
3.979204411561323923e+03
5.850839024610078923e+03
4.743478507811182499e+04
3.572846514404566551e+04
1.332942778895712945e+04
2.039383373024245520e+04
4.849312302099412591e+03
3.958280888793175109e+03
1.216563875237644243e+04
6.224470020295127142e+03
1.832841322438610950e+04
1.555171045634503025e+04
7.615631378973968822e+03
3.564445420123026452e+03
4.919285979502545160e+03
6.255890222882479065e+03
5.876900615373930123e+03
2.310999670668830368e+04
4.254925149072572822e+03
6.452159636793169739e+03
1.174330555547511358e+04
6.664267443659186029e+03
7.088697517815297942e+03
5.062593686571897706e+03
9.098499004427492764e+03
6.509612271341646192e+03
1.495199042500856194e+04
3.237276129882280657e+03
2.593910868924688475e+04
5.070112733566913448e+03
4.538280062756259213e+03
7.783212302375812214e+03
6.082371460537463463e+03
1.472535003658686037e+04
8.204036722902408656e+03
2.561700744785740972e+04
3.948876139214337854e+03
4.089070713704839363e+03
5.441987878038898998e+03
4.434820555633856202e+03
3.425815436235946436e+03
2.396585211072233142e+04
1.714128346925204823e+04
2.633114353934688916e+04
1.938538021982003193e+04
7.487341453505137906e+03
5.652202924169506332e+03
7.498836363680204158e+03
5.568869022453438447e+03
1.693961525418317979e+04
2.195166930262942333e+04
2.116965534102235688e+04
2.412416435056486807e+04
7.560860375001133434e+03
5.194632701438773438e+03
5.547631215323612196e+03
5.111841753217457153e+03
1.239621377700939593e+04
9.409579147446249408e+03
8.797394976417092039e+03
1.034627006886598429e+04
4.407432645672090985e+03
3.964692847574170173e+03
4.860443484857962176e+03
4.157719275555327840e+03
1.090777728966721406e+04
1.131839091933532472e+04
1.077313010612014659e+04
7.937421523434391929e+03
3.747876183474072604e+03
3.356955554438483432e+03
3.492296965424597147e+03
3.971522920280876406e+03
1.943934102377087765e+04
2.090950570197537672e+04
1.135156784555348531e+04
3.934980988400151546e+04
6.023239289510551316e+03
7.428531419076147358e+03
1.238245703859863352e+04
4.973383834843354634e+03
2.618113462562485438e+04
1.787853583038145007e+04
3.407527462048086454e+04
1.122834962851791352e+04
4.466196552161205545e+03
7.708204851860310555e+03
3.875863255837193719e+03
1.354506776191965400e+04
1.276905493766843574e+04
3.009726224027174976e+04
3.689492325630541018e+04
1.710679985019892774e+04
1.650802357717137784e+04
3.171139064952377794e+03
3.848778521910492145e+03
5.938853705733252355e+03
3.132803464648623049e+04
1.200527095232584907e+04
1.218164736355806235e+04
3.674984387250000873e+04
4.155814103496767530e+03
1.224299611974954860e+04
1.102802321687366202e+04
7.160529351723474065e+03
3.064825123331691793e+04
3.288274289939749906e+03
5.880105929364971416e+03
1.856022501642620773e+04
1.370350654707312060e+04
7.779690216671532653e+03
6.404225475459819791e+03
5.578129951439872457e+03
3.538017697761077216e+03
3.608447862264670403e+04
1.622562214363662679e+04
4.756639612943486100e+03
1.188150625829045566e+04
1.732046898487278668e+04
4.603147880823398737e+03
4.476912490433292987e+03
5.736041430441748162e+03
5.123212949802489675e+03
5.397025581545560271e+03
4.849311213855942697e+03
1.115457986672720835e+04
1.095864823556074771e+04
2.074664201863692506e+04
3.544094875974955812e+03
5.814224360214035187e+03
3.952894207513749279e+03
3.005575565387122879e+03
3.610573235415757154e+03
1.333069862895721599e+04
9.781103564430182814e+03
5.757752134550969458e+03
2.024561613610120548e+04
7.896425166732169600e+03
4.566278622031836676e+03
6.462635387263235316e+03
5.362623672789854936e+03
1.394717602732257728e+04
2.202001669591589234e+04
1.557185698881170356e+04
3.217823703670066607e+04
3.500704839597692171e+03
1.005731555362955260e+04
4.098949059736416530e+03
7.985027419666384958e+03
2.949269970431669208e+04
1.312493426195010761e+04
3.517224787894451583e+04
1.509749380689749160e+04
1.439522479948464206e+04
4.038219650367628674e+03
4.055086494677739211e+03
1.649761303188747843e+04
6.820403920617919539e+03
3.119047995473802075e+04
3.913113721502033150e+04
1.264896874272337118e+04
4.178717414166065282e+03
1.289453692976363709e+04
2.192641563059360124e+04
5.945030907227403077e+03
4.543091733474361536e+04
5.550553217376575958e+03
1.282774766292782624e+04
3.804137060166752781e+04
8.014770529599946713e+03
5.255406077658788490e+03
3.809484094269387697e+03
4.188141330440490492e+03
2.348083090220873783e+04
8.367598361717702574e+03
1.008666149327065068e+04
1.215964458112083594e+04
7.305708608307833856e+03
1.020243498953609014e+04
6.587491072111753965e+03
4.830286126196932855e+03
3.851423503879500458e+03
2.336328290397054661e+04
8.286461422185997435e+03
9.640056440345077135e+03
4.131024754438237323e+03
1.995523877069847731e+04
5.189752770057141788e+03
5.162407663215032699e+03
3.913701077701107715e+04
8.050321389184653526e+03
2.139786725394827954e+04
2.789055812643044555e+04
1.867004756073125463e+04
4.798930064012485673e+03
6.538699241512895242e+03
8.502842534056773729e+03
9.918398294693910429e+03
3.469599187212069228e+04
3.471856563314869709e+04
1.213846763824819209e+04
5.900111966707543615e+03
1.211502257586445012e+04
6.026713777866993951e+03
6.933332377148434716e+03
4.495547083244999158e+03
2.265316065257828086e+04
2.563923852044466912e+04
3.355326745418896280e+03
9.973470154704704328e+03
5.788402443075390693e+03
9.459752345060751395e+03
7.696705008026681753e+03
3.311102317655694787e+04
3.419695051159969353e+03
5.695796605882014774e+03
1.744481519949560243e+04
5.032403703336020953e+03
6.867189256086400746e+03
4.527760139480996258e+03
8.085231074050380812e+03
6.820424240558431848e+03
1.524111720067454371e+04
7.540238573426577204e+03
1.101333973647067432e+04
4.679112276639245465e+03
3.868319955823089003e+03
3.925332656103472345e+03
5.285001733777988193e+03
1.595349285508284811e+04
6.622429742039461416e+03
1.105017447587366223e+04
8.443045928256276966e+03
1.229093744415965557e+04
4.084254483053204240e+03
7.919771542728500208e+03
7.223476535325379700e+03
1.642514666447039053e+04
2.412933353692022501e+04
3.062284697220910311e+04
1.556662870719118291e+04
5.599919486597853393e+03
7.154874783850051244e+03
9.343532181428912736e+03
3.546496648159753022e+03
2.307020473654938178e+04
1.925469877498673304e+04
1.686238426962341327e+04
2.896041470515913534e+04
