1.183050523461054763e+04
2.950000000000000455e+03
3.113146126837636621e+04
3.113143978661875735e+04
4.825001862908361545e+03
1.852089002793853433e+04
1.809628939263673601e+04
4.168752459353973791e+03
6.366308579223353263e+03
5.246227684090616822e+04
4.071283033549635002e+04
1.570992150007796408e+04
2.009875169995849865e+04
5.313814612630390911e+03
4.128519747186343920e+03
1.408328427187377929e+04
6.973016519178838280e+03
1.805031112439483695e+04
1.645944097522990342e+04
9.111471430984378458e+03
3.635630749025515343e+03
5.217590639485457359e+03
6.538456374858193158e+03
6.543640991402512554e+03
2.633230377194658286e+04
4.381860039626633807e+03
7.186377255292859445e+03
1.329558341059934173e+04
7.758279799792491758e+03
7.487979774155945051e+03
5.409252378618481089e+03
9.246984627488218393e+03
6.364819981553970138e+03
1.910934195988573629e+04
3.226200136020575883e+03
3.315599780792860111e+04
5.517928896629029623e+03
4.778522642517720669e+03
8.927126288027917326e+03
6.173246146893704463e+03
1.588306760510940876e+04
9.725764906650962075e+03
2.832138586056063286e+04
4.005306080809497871e+03
4.110017937414962944e+03
6.074357746140780364e+03
4.812566747267710525e+03
3.419177870714946948e+03
2.734597474014437103e+04
1.942083223568659741e+04
3.153101035475799290e+04
2.105754060358156494e+04
8.939576136681918797e+03
5.498648662687221986e+03
8.531317833517678082e+03
5.912571979240235123e+03
2.114207274227951712e+04
2.179443812426277873e+04
2.633661101437605612e+04
2.509258496243360423e+04
9.206013545867226640e+03
5.198448159835893421e+03
5.963238000968908636e+03
5.405527222072180848e+03
1.415671835347841989e+04
1.066262593941434898e+04
9.928763089668915200e+03
1.099706784712010813e+04
4.688041466503570518e+03
4.093559508816621019e+03
5.391782160918301088e+03
4.048696816596006101e+03
1.226421105549977619e+04
1.414139877560516834e+04
1.128115897413120729e+04
8.393145317826852988e+03
3.859739505708958859e+03
3.378160204845593853e+03
3.492445335775059903e+03
4.144454565077622647e+03
2.058206031438825084e+04
2.516251450647827733e+04
1.138573993930338838e+04
5.306962231820899615e+04
6.805333270606705810e+03
7.158893121296629033e+03
1.367276289963246381e+04
5.460325917282641967e+03
3.111462594136643020e+04
2.027705113261361475e+04
2.998734982291142660e+04
1.504958897828592490e+04
4.177590447655000389e+03
9.611740348381066724e+03
4.016060953329874792e+03
1.484794410673648963e+04
1.546219361764513997e+04
3.047409700234539559e+04
4.533887048884471733e+04
1.929829854565465212e+04
2.005538847973921293e+04
3.167233686018569642e+03
3.991823030681378896e+03
5.936065257944545010e+03
3.747428127726083039e+04
1.348028879095612319e+04
1.387336415658757323e+04
4.004817068619637575e+04
4.364771342254314732e+03
1.299759428323917200e+04
1.414315454828901238e+04
7.053840512662184665e+03
3.169067780632054928e+04
3.173317265004483488e+03
5.972363598139068927e+03
2.202239026298030149e+04
1.737490801756337532e+04
7.989372700916385838e+03
7.358253941137324546e+03
5.509152590411012170e+03
3.606113570177809379e+03
4.032187906980630214e+04
1.790527298676301143e+04
5.084905373138866707e+03
1.330735509708380778e+04
2.079535265354564763e+04
4.468748054005509402e+03
4.872101310224900772e+03
5.804524520837272576e+03
5.686874926807962765e+03
5.309526957371612298e+03
5.319018385887633485e+03
1.261448200254839321e+04
1.171795264211354151e+04
2.595693322005134905e+04
3.569534381871345431e+03
6.011573183501634048e+03
4.099781912428295982e+03
2.978282699388013953e+03
3.284473762811106553e+03
1.362826306840031430e+04
1.214395822167298684e+04
5.935786095204700359e+03
2.518709512465449006e+04
8.618891276403570373e+03
4.889958902929876785e+03
7.368244103786582855e+03
5.485683355654606203e+03
1.822127455230658234e+04
1.929042590252605805e+04
1.772391534144935576e+04
3.886179347233806038e+04
3.521789303681005094e+03
1.170804438987724825e+04
4.276113848315213545e+03
8.491305318558632280e+03
3.027270293782595400e+04
1.571142401111002619e+04
4.109324858156206028e+04
1.748056561474559567e+04
1.316228903205953793e+04
4.223975552672151935e+03
4.100158539774344717e+03
1.995984379459518823e+04
8.485918367767386371e+03
2.468060291450787190e+04
4.774273978719334264e+04
1.505910944885614299e+04
4.340922547820614454e+03
1.483229144795097091e+04
2.364890412448014831e+04
6.503064678966819883e+03
4.683815005680804461e+04
6.233967190762212340e+03
1.341127440326416763e+04
4.773872157223536487e+04
9.274803729420931631e+03
5.261446947002405068e+03
3.958228622569929485e+03
4.287650741549785380e+03
2.457598783268365878e+04
9.066061002086727967e+03
1.296876229970073109e+04
1.242897115662524993e+04
8.133556369150922364e+03
1.124260515559567284e+04
7.453139728902205206e+03
4.976260693374227230e+03
3.992644218452405312e+03
2.152634363275014766e+04
9.505603192927103009e+03
1.051354958086771148e+04
4.163661542190719956e+03
2.449369941966812621e+04
5.660816159218689791e+03
5.388853727586356399e+03
3.880335415933996410e+04
9.562963884091910586e+03
2.678849930306778333e+04
2.969786265656271280e+04
2.248687240024824132e+04
4.874149882795366466e+03
6.852675204167258926e+03
1.014953210741344810e+04
1.161441967547064633e+04
3.882949753568465530e+04
4.389762475966156489e+04
1.192000691658353207e+04
5.498485450422263966e+03
1.618540315041794929e+04
5.663031689514826212e+03
8.336038482268246298e+03
4.829218621665656428e+03
2.485443346496993399e+04
2.477277679024270401e+04
3.370019032817948300e+03
1.117228440922346454e+04
6.257590885858835463e+03
1.092098904083449634e+04
8.096322631833510059e+03
3.538886294764466584e+04
3.460691933790285930e+03
5.898619692213203962e+03
2.059344908883229800e+04
5.598975572097055192e+03
7.097737516690580378e+03
4.608924849105698740e+03
9.158417263787820048e+03
7.417659204746492833e+03
1.661386528298503254e+04
9.235681694312384934e+03
1.083730727777556240e+04
4.915480853259545256e+03
4.045655494643607199e+03
4.054941491871636117e+03
5.057018522166241382e+03
2.020715030666264283e+04
6.831696165693380863e+03
1.270128463008024846e+04
8.516216489222426389e+03
1.243812185113192027e+04
4.327284747987301671e+03
8.156641658466151057e+03
8.242362068273858313e+03
1.962991380262601524e+04
2.666571547865116008e+04
3.659661306840114412e+04
1.676343596745453397e+04
6.410362761943357327e+03
7.459206727192096878e+03
9.227000000617113983e+03
3.633945414168001662e+03
2.475533175484071398e+04
2.469317195193259249e+04
1.986099764083381888e+04
2.911285424329740636e+04
