2.900002895628104397e+03
2.950000000000000455e+03
5.199284469022217309e+03
5.199284469022217309e+03
3.018785043351732384e+03
3.035042420343844697e+03
3.031363513651407629e+03
2.977414565364266764e+03
2.975077389881435010e+03
3.303487803155118854e+03
3.403904478613600077e+03
3.360246123437090318e+03
2.925322407157616453e+03
3.081097204188567957e+03
2.933346893234394884e+03
3.212955108327286780e+03
3.083621520105528816e+03
2.921966708213226866e+03
2.966441948274922652e+03
3.892771570635883108e+03
2.911755675583555785e+03
2.938367657693626370e+03
2.922634977615081880e+03
3.064011764861723805e+03
3.247738467914455669e+03
2.913141699644884284e+03
3.032988651163042050e+03
3.097242021914651559e+03
3.581347358867454659e+03
2.932323316580982009e+03
2.947069148880835201e+03
2.916854217778487964e+03
2.903849595435903666e+03
5.455115990021427933e+03
2.900883031046270389e+03
5.775696840116124804e+03
3.001553237780789914e+03
2.934389735030559223e+03
3.167429363501833905e+03
2.909593610105542211e+03
2.990136504204167977e+03
3.468080858315747264e+03
3.125945805761212796e+03
2.905852935704822812e+03
2.903495398562597984e+03
3.131018749014130663e+03
3.231330246323116171e+03
2.901288151783436660e+03
3.267046020481477626e+03
3.147876104480415506e+03
3.806084307976883792e+03
3.030080577795008139e+03
3.874513844456761035e+03
2.902332325871738249e+03
3.127351321258438475e+03
2.934979584699911356e+03
4.474738154549222600e+03
2.931292684642302902e+03
4.472845326138655764e+03
2.976300372456470541e+03
4.394042401974133099e+03
2.904805770772927644e+03
2.951510877075375902e+03
2.932823343422249309e+03
3.136985396233762458e+03
3.084749714104577833e+03
3.067205913313168821e+03
2.949604176045937947e+03
2.975448008522507280e+03
2.918485939387181133e+03
3.170416147097290377e+03
2.900711104957353655e+03
3.063567739877420081e+03
4.558016017172754800e+03
2.937812684414101113e+03
2.935714080903149352e+03
2.924143867060462071e+03
2.905530191733601441e+03
2.901719638660930741e+03
2.955330934910426095e+03
2.983036829119164395e+03
3.755150086522451602e+03
2.916946821259791250e+03
1.288556773044470174e+04
3.169387053285428010e+03
2.903525726746658620e+03
3.023102240697924572e+03
3.064775210114596575e+03
3.693610397077018206e+03
3.162518462794843799e+03
2.907387116119604343e+03
1.336057660325311008e+04
2.900164942390045326e+03
1.306374161828386423e+04
2.927638846489642674e+03
3.013527283131768399e+03
3.686402578787163748e+03
2.961611143180828549e+03
4.727822806842406862e+03
3.130168302597769980e+03
3.790369176216911910e+03
2.902137977165738903e+03
2.931117917952169591e+03
2.905962426852199769e+03
3.923264160963705308e+03
3.067859422479082241e+03
3.123075536964782714e+03
3.149309625600320942e+03
2.944862656580969087e+03
2.956254787587017745e+03
6.564613660017459551e+03
2.905682839864866764e+03
2.988567004084123255e+03
2.938505832646835188e+03
2.909375303507626541e+03
3.511204033757780962e+03
4.995646763537981315e+03
2.917606457134752873e+03
3.310436926786850563e+03
2.903611863941899173e+03
2.915649804134888655e+03
3.268816056488384220e+03
3.047687488382154697e+03
2.964507086120000167e+03
3.057611733888714298e+03
3.634337810918139894e+03
2.901047475672523888e+03
3.129698500387554304e+03
2.908099262834107321e+03
3.666282600450892460e+03
2.902958200210598989e+03
3.071640801070624548e+03
3.085849281140657240e+03
2.959117276567358658e+03
4.650038697907843016e+03
2.903365898271258629e+03
2.915495806009723310e+03
2.925659070415539190e+03
2.900014284729878455e+03
3.055508269778087652e+03
2.929666421140237617e+03
4.545356878997970853e+03
2.914436757619277159e+03
4.438727726867997262e+03
2.977344558541511560e+03
2.971661631715087879e+03
3.177087699417507793e+03
2.910498188652835324e+03
7.094882293851405848e+03
2.903738588312088268e+03
3.153792492411083913e+03
4.122127720693831179e+03
2.903149880287827273e+03
3.237921610719096861e+03
2.938858768479840364e+03
2.941487479810259174e+03
2.975520790389470676e+03
3.542311470881626519e+03
3.652925015661639918e+03
3.245749339064026572e+03
2.904078249299468553e+03
3.449585559201832439e+03
2.904809049357779713e+03
3.729660140267807947e+03
8.835338655611883951e+03
2.901165734606312981e+03
4.600400982001353441e+03
3.454817264977635659e+03
2.922656578149182224e+03
3.178413223632315749e+03
3.028606234884816331e+03
2.986059815719518156e+03
3.026940424042411905e+03
3.152768031871745734e+03
2.943704225292151477e+03
5.579075333942355428e+03
3.233802917669283488e+03
2.904980129478470189e+03
2.996015398932728658e+03
2.909515952045371250e+03
2.982351970065481964e+03
2.966201709519177712e+03
7.951278272152280806e+03
2.926644041836880660e+03
3.021580674111545250e+03
3.004652605535652583e+03
3.130410535880379484e+03
2.912694688033958300e+03
3.083322515306293553e+03
2.909566833479279012e+03
3.160995282737597336e+03
2.981833531968183706e+03
2.904236078494567209e+03
4.094894377844871997e+03
2.994215711810848916e+03
2.920470447261977370e+03
2.958367294221868633e+03
3.535935331965172736e+03
4.683190294680028273e+03
3.030421345757750260e+03
3.717150777850510167e+03
2.907309831649402440e+03
2.924790187062948462e+03
3.560786112079734721e+03
3.292042755051632867e+03
3.265433688715416793e+03
5.775353235962998951e+03
2.912200489157004085e+03
2.900714553869745941e+03
1.879259756146046129e+04
2.900995052946837404e+03
7.938795346139851063e+03
3.011960741986086305e+03
3.078540176993726618e+03
2.923789329374612862e+03
2.926662089037396527e+03
3.045099090564440303e+03
2.962234139347540804e+03
3.187501024125233016e+03
2.930947672672837598e+03
3.064316643973190367e+03
2.930950161370361457e+03
2.915975510802908047e+03
3.435835386149143687e+03
3.171891625456864858e+03
2.918005476398602696e+03
2.907479473774246799e+03
3.087624402887390715e+03
2.968291483545228402e+03
3.012501969206257854e+03
5.270782214898836173e+03
2.911083299842405722e+03
2.926253889518176038e+03
2.947588571392006997e+03
3.341353487115087773e+03
2.901088968801472220e+03
5.011571621253106059e+03
2.916600745510638262e+03
3.164134860225355624e+03
2.912921947745302532e+03
2.922240147846190212e+03
3.104375343964282365e+03
2.919309238434268082e+03
3.146726103938436609e+03
3.564374346109925227e+03
3.113198962986357401e+03
3.880636250143813413e+03
2.991383550136265512e+03
3.705767664129592049e+03
2.923414685792951786e+03
2.909344084192349328e+03
2.923575433597287429e+03
3.023693248341639901e+03
5.679492433874246672e+03
3.408609175271493768e+03
2.952592995642490678e+03
