1.756402070436256104e+12
1.590804499949270248e+10
9.453978368816059875e+10
5.889962829092049599e+08
2.740436668463356018e+09
5.471502731786630249e+11
3.329434808311347663e+07
2.761922352503323364e+10
2.541104482831510007e+08
4.382204302815051880e+11
7.928244974934582412e+07
4.866311781993218422e+09
2.631048095357455313e+06
4.416131033018840332e+11
5.612250656149048358e+06
1.666130047293494568e+11
5.668284784034424275e+07
2.346961824854151611e+11
2.982209998253099442e+09
1.429922378126132965e+10
2.389499143277718220e+06
1.702219896248124390e+11
3.804035113370891113e+11
1.009308488350023460e+10
1.300866921156822890e+08
6.234653085710870361e+11
5.988625982805537109e+11
1.591743672537459564e+10
7.689612982502798462e+10
4.651301121281667948e+08
4.456771854049293518e+10
2.172742490281298447e+10
9.488744297872482300e+09
3.061917490128973007e+10
4.207863811822772217e+10
1.398559811182477713e+09
7.821501253764378838e+06
1.414183576340529480e+11
2.187064149448073959e+10
6.862868697364984512e+09
1.187474283219875395e+08
3.512595039432324219e+11
1.309793670560252838e+11
4.054874909473848724e+10
5.541089122050263672e+11
1.332533279342347260e+11
1.056521031377545791e+06
6.438418933645823669e+10
2.158960612654771805e+10
2.396302217242021973e+12
5.864695331935764160e+11
1.203964610031686425e+08
3.765352757430984173e+06
4.720326966874369049e+10
5.454442657052522991e+05
4.712964121909782715e+11
1.568497704621237218e+08
2.114663197077032166e+11
1.295277027109571695e+09
2.857351718562157593e+11
8.437311610187850893e+07
4.104089561108129272e+11
2.659917648839311674e+07
4.649748213315262198e+08
1.410241932804074860e+10
3.201158494161796265e+11
4.663940418779154053e+11
1.615664643404342651e+09
5.247642593013008118e+10
1.609369091866438389e+09
1.394384654359664202e+09
9.067575388462188721e+10
1.417284910058657697e+05
2.292762830820218506e+11
5.492524157617369843e+10
5.994684027259655762e+10
8.338104933232101798e+07
5.956145009592760010e+11
4.927468504863534546e+10
9.475261730721898377e+07
3.903819682711471617e+07
6.604013532509987640e+10
9.091375297998867798e+10
4.527555192443837891e+11
7.130085033506785333e+07
3.434660062769154663e+11
7.042097532538376981e+04
2.118488862782335205e+11
1.189542077880610466e+09
2.209767075898819336e+12
1.042874309737782478e+10
2.534797389511515212e+05
8.275082027870486975e+08
2.393456842288072205e+11
1.645583376474574506e+08
2.377442651484654846e+11
1.059675236035656738e+10
4.296462653923333287e+08
8.922109486325387955e+09
8.150737602601746826e+11
9.193889530809125900e+08
8.814336393343043213e+11
1.008714266194598377e+07
4.838059262254423141e+09
5.198846960334533691e+09
2.501121175074338379e+12
1.087752333822620544e+11
8.034034351477943361e+07
3.397012505375895500e+08
8.787081298120358276e+10
3.117890805130230188e+08
4.605427513749248047e+11
1.782064022208731771e+08
5.472940736556348877e+11
3.352930310489429474e+09
5.743863905824576796e+04
7.015063243576650620e+09
3.057080400213222504e+08
9.669396263300141907e+10
7.415454497223310547e+11
2.006964864222033501e+09
1.479259692233982544e+11
3.486348775006801758e+11
2.756564582763460922e+10
6.638351850475858688e+09
8.050951230163917236e+11
1.179434577688226476e+07
3.799676251088336110e+08
1.182974973934763908e+10
9.325128523693241882e+10
4.737807197831945377e+05
5.042483785140972137e+09
3.032088869612236500e+09
1.550320777197525940e+11
2.937436631089480591e+10
5.861604132329662323e+10
2.367649380657605361e+06
1.944204183512907028e+08
3.467871621104664612e+10
1.024102677450150909e+11
9.188652694428403378e+08
1.159604818079494385e+12
7.901520653837448120e+10
2.507308092662384268e+06
1.121926761626952362e+10
6.149642787768650055e+10
4.654833751653584838e+07
1.519479021182117188e+12
6.982973805612232685e+08
1.615325586853958008e+12
1.455125536365261269e+10
5.339023848223111033e+07
8.082661336258679390e+09
7.609096013047192383e+11
2.948604909075047607e+11
1.458192548505210876e+11
2.860742917132782936e+08
3.584436535591226196e+11
1.409276437154079676e+08
9.570759904243694305e+09
5.879397198586583138e+08
3.623191908155893087e+08
5.599732766810811311e+07
2.913619736549595337e+11
1.796625885019360352e+10
5.550132619936678711e+12
5.593856766926342010e+09
2.033208088271079779e+09
7.454699589669089317e+08
8.057150073286162109e+11
1.035601952626552433e+07
9.159967032732955933e+09
7.208599661187882996e+10
6.596824924299816895e+10
1.908089820275251770e+11
5.912359723843667603e+10
4.121847814743640423e+09
1.273145387791071930e+11
6.761270713123942375e+09
5.915324167639189959e+08
1.115819264035799742e+09
4.265161493758917999e+10
5.037919292750020027e+08
1.291810852443972321e+11
2.037803140845023394e+09
8.413117261618280411e+08
1.339409415440499420e+11
1.522315634737711914e+12
9.332712362892440557e+08
1.799323741994984619e+12
2.669460078674003983e+10
4.395275799980233765e+10
2.974424060062670135e+10
2.644475630861121826e+11
1.267167306774626923e+10
1.022379402728152084e+10
3.476651658459432125e+09
1.193503561587066650e+12
1.924627072277931124e+07
1.903583877187077713e+10
3.137089931762774658e+10
5.857982472740602875e+10
3.410628043431178570e+09
1.227552787337166748e+12
4.594943077444701385e+10
2.770787637624016113e+11
1.272482386180197601e+11
4.998090578140048027e+09
9.929126548732265472e+09
6.055686349148672485e+10
4.994866632513523102e+08
1.103180773079641342e+09
3.624335652466162682e+09
1.300382719891973389e+12
2.063368026185283508e+11
4.551554974303885549e+07
5.261199774570052028e+08
8.911315421044062376e+08
1.713866116229020996e+11
3.755960059943403320e+11
1.438966611120619011e+10
4.992727000925135498e+11
9.568475706541497707e+08
5.411208362806818485e+08
7.452461565464346886e+09
1.553958060290681267e+10
3.173621520455737591e+09
1.696142770944207764e+11
1.762728966778277588e+10
1.310821517656438477e+12
1.059363288439232330e+11
2.385157861002765656e+10
4.987110490030628443e+08
1.251689644388817291e+11
6.101898953113108063e+10
4.916535911749892235e+09
1.200312975512062162e+08
5.210009677969371796e+10
4.310706632670832634e+09
1.335507910226196289e+11
9.701681115059314966e+08
4.855744828573740845e+11
7.451508821778385162e+09
1.762358049376633911e+11
1.260332374715863228e+09
1.528809143088318115e+12
7.788436837686444521e+08
1.026517743098603040e+08
1.770544946225641072e+08
8.953611116979658127e+09
2.534151343905883282e+07
9.743723648946806641e+11
8.987637140720419884e+08
6.394036703251474609e+11
2.416188514376811218e+10
3.565383931606472015e+10
