5.686922728887103271e+11
1.590804499949270248e+10
7.148405054609115601e+10
1.393667724349879026e+09
4.066154702810674191e+09
3.429537276117382202e+11
1.884113384715918073e+04
2.504239371850424194e+10
8.201443344148707390e+08
2.801806927039960327e+11
4.218815059385915995e+08
6.253388734584638596e+09
9.711954131040094793e+07
2.821505148945201416e+11
1.270202894247442484e+08
1.176141549606181946e+11
3.538423105243837833e+08
1.595673049519315796e+11
4.327943694263301849e+09
1.459152146034508514e+10
1.489758741258017952e+06
1.198696458310997314e+11
2.464410206527812195e+11
1.103762861356015015e+10
1.842583284319154045e+05
3.864322517441251221e+11
3.724549810785093384e+11
1.591567067541595459e+10
5.974902266840917206e+10
1.195871276537998915e+09
8.828268291057476044e+09
2.052959323197961426e+10
1.218465049769222260e+09
2.729177991700199890e+10
3.566065773290828705e+10
2.506572100227361679e+09
1.443102898750860393e+08
1.017448265675199738e+11
2.064103067131109619e+10
8.150094367866731644e+09
1.247465605798142788e+05
2.292990161046611328e+11
9.509869678745193481e+10
3.456071658283914948e+10
3.469337233216901855e+11
9.655035648921670532e+10
7.370614957490816712e+07
5.126357598769908905e+10
3.583967104058795452e+09
1.346787874754294434e+12
3.654004260906808472e+11
5.303838988192662597e+08
9.322293803556258790e+05
3.931281488113153839e+10
4.129723301876398269e+06
2.993417782975686035e+11
6.165066902127493620e+08
1.453819393460407104e+11
2.375506178070658207e+09
1.903626747087095337e+11
3.761205734199065773e+04
2.639925398575390625e+11
1.742930516695456754e+04
1.195616201665350437e+09
2.067291664969327211e+09
2.108664258448729553e+11
2.965077464026514282e+11
2.775294822119866848e+09
4.302455303945927429e+10
2.767625712312448025e+09
6.646029802513760328e+07
6.893398586882511902e+10
7.044057244825068861e+06
1.562680854766012878e+11
4.473405509609214020e+10
4.821423005790264893e+10
4.334380857591064572e+08
3.706069687933988647e+11
4.077609768901877594e+10
5.553359749054319400e+04
2.636500541984886877e+04
5.239579009665434265e+10
6.909135471976062012e+10
2.886126701975424194e+11
3.987502848342486620e+08
2.246979827017245483e+11
9.798691433802705258e+06
1.456165311483124695e+11
5.020867941990175843e+07
1.248255024719902588e+12
1.132844767029438782e+10
5.161638091259406507e+07
1.746882034007209778e+09
1.623927551715462341e+11
6.338683883323488235e+08
1.614200824845086975e+11
1.414411661052842140e+09
1.136731563039138317e+09
1.001087977624308395e+10
4.942102540528093872e+11
1.875904991520914555e+09
5.311600754313590698e+11
2.111261599438381963e+05
6.225673448898597717e+09
5.258412507572488785e+08
1.401997642735310547e+12
8.079571944288638306e+10
3.465226915894202102e+04
9.803510868839306831e+08
6.707624665407801056e+10
2.918523803337981459e+06
2.931224926826105957e+11
5.647014237889151555e+05
3.430360061790541382e+11
4.721526662098085403e+09
9.581937000538399443e+06
8.290469383433132172e+09
9.183008173639590740e+08
7.290128955563920593e+10
4.530577674945830078e+11
1.226997623823995292e+08
1.058657942494296722e+11
2.277503531070855408e+11
2.500195182798016739e+10
7.942062083273185730e+09
4.886389431459851074e+11
1.702773635198833048e+08
4.781104167133157142e+06
1.252751951206412697e+10
7.063484974640840149e+10
5.864814311512874812e+07
6.425552970643809319e+09
4.381432049175911903e+09
1.103476652276251831e+11
2.636189836476728821e+10
4.729509725148644257e+10
9.388007522727265954e+07
6.987906071886461973e+08
3.029325615236412048e+10
7.664758721504240417e+10
3.121928755448969081e+07
6.844323405008480225e+11
6.117154578868181610e+10
9.594052957720856369e+07
1.200783142990416336e+10
4.928174038744862366e+10
2.460495311423373641e+04
8.797806185877521973e+11
1.827340646113027260e+07
9.313732807108026123e+11
1.479910276323573112e+10
1.994184249549978995e+04
9.786127985238325596e+08
4.639185019359063110e+11
1.958219465188822937e+11
1.045334927752464752e+11
2.324718109802572988e+06
2.335337766085333557e+11
5.797660567632765770e+08
1.058207299060290146e+10
1.282551734537987038e+07
1.020674000329382539e+09
1.346380090453297635e+04
1.937304679528769531e+11
1.756542520447048187e+10
2.975613820902918945e+12
6.957744342794239044e+09
3.271353134819398880e+09
2.082447776606941596e+07
4.889851594186077881e+11
1.613685056557108164e+08
1.022106804697744179e+10
1.573939635983630371e+10
5.234670321131452179e+10
1.326613030031608734e+11
4.764590808512012482e+10
5.512867267363952637e+09
9.275431871146092224e+10
8.056100301492303848e+09
1.397568632203245163e+09
2.141921582746902227e+09
3.607141660076920319e+10
1.258959355015583754e+09
9.394908924941786194e+10
3.276683699699040413e+09
1.766484454542875767e+09
9.698888154103605652e+10
8.813098730584758301e+11
3.214785279341573268e+07
1.029989669515812500e+12
2.434306640839134216e+10
8.680122435850652695e+09
5.365223039600170135e+09
1.775748806641875305e+11
1.323772954687116241e+10
1.115105216638294792e+10
4.850988009839009285e+09
7.029589162305255127e+11
2.105136823289896548e+08
1.841621122643051147e+10
2.785105888702006912e+10
4.727005241970939636e+10
2.822619341380060315e+08
7.215388158014960938e+11
9.162333278436136246e+09
1.851717294967722168e+11
9.271185338759533691e+10
6.382266445806040764e+09
1.089502913473820114e+10
4.863482267649736786e+10
1.251989675633527994e+09
2.125167728781477928e+09
3.093506232482525110e+08
7.611879059681385498e+11
1.422331029492817383e+11
3.165840715247939229e+08
1.009847733015244268e+07
1.836578083599676609e+09
1.205966248217534180e+11
2.436199894100561218e+11
1.466607140021922302e+10
3.154773864218465576e+11
1.927605043681343317e+09
1.318651693661040068e+09
8.691144352591024399e+09
1.560826261585906219e+10
4.532272257670117378e+09
1.194901307590391693e+11
2.763849904026367188e+09
7.668609193694194336e+11
7.894848022903138733e+10
4.066724622678771496e+09
1.250738535664569855e+09
9.137897676828186035e+10
4.895314230207780457e+10
6.302574959921113968e+09
5.295084288082928658e+08
4.276107446529980469e+10
5.702864582109489441e+09
9.674008488722630310e+10
3.458316740146712214e+07
3.075846066383652344e+11
8.690271534662279129e+09
1.236191037426480255e+11
2.330642253985345840e+09
8.848100590053718262e+11
1.677152617444076300e+09
4.854255207854193449e+08
6.614450633574836254e+08
1.003876703425750923e+10
2.386584098807044029e+08
5.826389185470424805e+11
2.994716548279336467e+07
3.954683724852330322e+11
2.241128614943881607e+10
3.100773407286971664e+10
