2.515118640442706543e+12
1.590804499949270248e+10
1.046822552720781860e+11
4.006363101864581108e+08
2.331139542300967693e+09
6.453632154596557617e+11
1.305568695646028966e+08
2.865503929102567673e+10
1.455131493600363135e+08
5.135331294073424683e+11
3.275830499332386255e+07
4.402402502506833076e+09
1.374987784596772981e+05
5.176289387865734863e+11
5.339089572716638213e+05
1.888946505719629822e+11
2.077496712866953388e+07
2.694770141278889160e+11
2.561514329201094151e+09
1.418865097821371651e+10
2.081597397410808876e+07
1.931457992017839355e+11
4.438497284524074707e+11
9.748521451136070251e+09
3.835875721612039208e+08
7.380669919828205566e+11
7.081533803740541992e+11
1.591811220232875633e+10
8.433974597647778320e+10
3.027549746359852552e+08
7.196171389363941956e+10
2.219891284911448288e+10
1.679552384287628555e+10
3.196832083788004684e+10
4.474768076639685059e+10
1.091760453668342352e+09
9.658656066807184834e+05
1.592956931547059937e+11
2.235492460448201370e+10
6.413508288695075035e+09
3.560759372113527060e+08
4.088154495865093384e+11
1.470767231798256226e+11
4.303190226498395538e+10
6.538054818876834717e+11
1.497359635573785400e+11
1.648222966304183501e+04
7.001205402848197937e+10
3.624323030183237457e+10
2.927019264505706543e+12
6.930946821669593506e+11
5.672352697356290370e+07
2.786951583629211038e+07
5.051327613056060028e+10
8.611140980398682877e+06
5.534936932104327393e+11
7.960374008032901585e+07
2.418987968907278748e+11
1.000199490507302761e+09
3.303140897257054443e+11
2.701521385384901762e+08
4.799853229809738159e+11
1.101705902256325781e+08
3.026339633806959391e+08
2.430184817894003296e+10
3.714544270866682129e+11
5.475668570593353882e+11
1.286496849586855412e+09
5.647242101960321045e+10
1.280807532047756195e+09
2.927006476369243145e+09
1.002150733645714111e+11
4.322495453767579049e+06
2.630357419048971863e+11
5.924799616086350250e+10
6.495440354593054962e+10
3.503745856279527396e+07
7.042060112990935059e+11
5.285115905097681427e+10
2.965505383006576896e+08
1.474533542016445994e+08
7.190287213853337097e+10
1.004900391506407928e+11
5.310855915435692139e+11
2.840764229035439715e+07
3.994583000924264526e+11
2.530984795123728923e+06
2.423523381100438843e+11
2.541663456852379799e+09
2.694867912186390137e+12
1.009937176500438499e+10
7.749085932432159098e+03
5.966697069891526699e+08
2.750058612343707886e+11
8.459087079049268365e+07
2.731012480721527710e+11
1.861250900337218857e+10
2.753515873490607738e+08
8.530305427953191757e+09
9.717922887561149902e+11
6.742224204728425741e+08
1.053004313003251465e+12
5.435720637024946511e+07
4.374321945357174873e+09
9.632590658307073593e+09
3.057588899464374512e+12
1.211905890470972595e+11
2.597620053234649599e+08
2.074738383617499173e+08
9.697632568200456238e+10
7.948317745043004751e+08
5.404946212853575439e+11
4.971216421830016971e+08
6.455376530495242920e+11
2.917800325935991287e+09
2.611682542567673605e+06
6.568663440792069435e+09
1.825141274807645977e+08
1.071753790478711395e+11
8.819568117603012695e+11
4.054494363382039070e+09
1.669269314981608582e+11
4.056636692246271362e+11
2.859601132535975647e+10
6.185049411567724228e+09
9.595910120006176758e+11
1.980752174734418280e+06
9.405913806831638813e+08
1.157085932349207878e+10
1.031919331047276611e+11
4.537888722540802701e+04
4.577782163337454796e+09
2.609242089868985176e+09
1.752714686772194214e+11
3.059160561745065308e+10
6.344027312730411530e+10
1.079060255482336797e+05
1.043544132794845551e+08
3.647502733480368805e+10
1.137999654611911774e+11
2.023434006241326332e+09
1.394585295084962158e+12
8.677506172129162598e+10
9.574959613296024327e+04
1.092831835829995918e+10
6.671906275238201141e+10
1.689417066647663713e+08
1.838612330970528809e+12
1.590892839373095274e+09
1.957187926228351074e+12
1.445733430215206146e+10
1.880168413439117074e+08
1.447317749942394829e+10
9.055993634826949463e+11
3.412221144549890137e+11
1.644553371288365784e+11
7.389544219203094244e+08
4.174453944022417603e+11
6.946037847390237451e+07
9.203979392530258179e+09
1.369752261310697317e+09
2.243023763980305493e+08
1.951859171949725151e+08
3.370391165894741211e+11
1.812129054823832703e+10
6.879981131021335938e+12
5.129512857786834717e+09
1.668191402687711716e+09
1.684357486059078455e+09
9.603488843281148682e+11
1.593351500961807556e+06
8.776995624974088669e+09
1.138207045245015411e+11
7.182075260899456787e+10
2.174437484216237793e+11
6.401759756559861755e+10
3.666745689151823997e+09
1.427939760761566162e+11
6.310061962904307365e+09
4.026827578237556815e+08
8.430136584176323414e+08
4.539095091752002716e+10
3.329530162555738688e+08
1.449747685029929810e+11
1.672437576844988346e+09
6.082549045239483118e+08
1.505403544289499817e+11
1.842119902129593018e+12
2.051328870543405771e+09
2.185131704126018066e+12
2.763711104616119766e+10
7.101738745970452881e+10
4.904051369658608246e+10
3.049025336655200806e+11
1.246014788834628105e+10
9.885063276173818588e+09
3.037450053403378487e+09
1.436320085166651611e+12
4.313539363283799961e+06
1.927679764207721710e+10
3.280093770644328308e+10
6.339908564779626465e+10
6.550992489835671425e+09
1.478260993669572021e+12
7.408171713826792908e+10
3.199746901353339233e+11
1.427165308270939941e+11
4.533547769944722176e+09
9.577400283167970657e+09
6.564888982753235626e+10
3.295773152416934967e+08
8.320397122608375549e+08
6.923942349706511497e+09
1.568037792403517090e+12
2.358198426539022217e+11
1.530797779341011494e+07
1.244134807968225718e+09
6.502652456506828070e+08
1.945182046596107788e+11
4.380660817805990601e+11
1.428503959986069489e+10
5.873419127558762207e+11
7.061106170199947357e+08
3.624277326399604678e+08
7.015809836611913681e+09
1.551338473132815933e+10
2.745036337941337109e+09
1.924297713909712830e+11
2.995274326510146713e+10
1.580912791695196533e+12
1.178924252652676544e+11
3.981078326972557831e+10
3.289671217148572803e+08
1.402884101625198059e+11
6.617517829687971497e+10
4.452356651088028908e+09
5.649331543129929155e+07
5.604631911886137390e+10
3.852479753806378365e+09
1.500839309067896729e+11
2.122579937861690283e+09
5.707632187472368164e+11
7.014836036448032379e+09
2.002354257945562134e+11
9.693906821521670818e+08
1.850149750392953125e+12
5.560044700830365419e+08
4.609019129197729379e+07
9.278385646998502314e+07
8.562953493799410820e+09
6.553533929507214576e+06
1.166935929076201660e+12
1.984437570387702465e+09
7.574589921145865479e+11
2.485749451180849457e+10
3.756114290209672546e+10
