5.054400099500011719e+12
1.590804499949270248e+10
1.301047974114113922e+11
1.448568050530817211e+08
1.587115680704860449e+09
9.102438308534165039e+11
9.506345252971225977e+08
3.105902035848863602e+10
2.897826269769600779e+07
7.151411477903052979e+11
1.386625979574217927e+06
3.491355154678948402e+09
1.196798743300000671e+06
7.211735122883009033e+11
2.841219396599855972e+05
2.463036591783460083e+11
3.898017901100637391e+05
3.604174637578596802e+11
1.787342794414439440e+09
1.394542129562210083e+10
2.889406694271638989e+08
2.522660830389985046e+11
6.128458188924274902e+11
9.015020596566104889e+09
2.080232146480232954e+09
1.048445446482793457e+12
1.003770716581578857e+12
1.591961275043706512e+10
1.027906043286072693e+11
9.498349908974920213e+07
1.760585407253948669e+11
2.327324712004409409e+10
4.729301465246136475e+10
3.512312804779370880e+10
5.112675803534146881e+10
5.921665696373245716e+08
1.130204675578109163e+05
2.050112465534561768e+11
2.345898766256739044e+10
5.494837074496382713e+09
1.967164670001620770e+09
5.616785901689113770e+11
1.880909627385024719e+11
4.895220293183189392e+10
9.227981942549179688e+11
1.917664630053758545e+11
3.344717246219247580e+06
8.382181476077613831e+10
9.420481658297749329e+10
4.416648621657898438e+12
9.813091746755972900e+11
4.864861674151033163e+06
3.447001080244339705e+08
5.848326255995252991e+10
1.747067983266766667e+08
7.740811593604796143e+11
9.650625403993558139e+06
3.211260435859270020e+11
5.264300743700434566e+08
4.477916312917204590e+11
1.602347657052335978e+09
6.658113509066879883e+11
8.448759277954998016e+08
9.492416281683906913e+07
6.573555013489473724e+10
5.073347022906223755e+11
7.653275739105549316e+11
7.365679322024967670e+08
6.615823800763766479e+10
7.322616046923035383e+08
1.048487522764521980e+10
1.240732018002499390e+11
1.221295555842646509e+08
3.512209606153356323e+11
6.975520363241137695e+10
7.719046865735981750e+10
1.639414518344388343e+06
9.978809720372751465e+11
6.148617464772601318e+10
1.716534007010112762e+09
1.035450657214390039e+09
8.631021867513076782e+10
1.244439528422071381e+11
7.410069975445466309e+11
9.602248065120825777e+05
5.480456214674711304e+11
9.391006913254563510e+07
3.217704037489668579e+11
9.322349367304376602e+09
4.053995987689207520e+12
9.395949112796483994e+09
8.956292986221928149e+06
2.579002878417059183e+08
3.683202422066788330e+11
1.084111886471224576e+07
3.655969211453760376e+11
5.181002787455937195e+10
8.203389264232909679e+07
7.706544525395752907e+09
1.399712480405776123e+12
3.063014284240485430e+08
1.522545216863203369e+12
5.258458367152952552e+08
3.464266461127680779e+09
2.900247149578890991e+10
4.620967496614326172e+12
1.525356469565741577e+11
1.556793391931080580e+09
5.235759097678916156e+07
1.197113844949400940e+11
3.643281759279808998e+09
7.548875699535939941e+11
2.532476672598987103e+09
9.105031699539559326e+11
2.103777061313636541e+09
9.559948624185259640e+07
5.653827515900150299e+09
4.245347534608905017e+07
1.334784754324492188e+11
1.264273950620142334e+12
1.378806285501950073e+10
2.156179789835598755e+11
5.570849660783881836e+11
3.098699955969483948e+10
5.261750901185395241e+09
1.381289466848649414e+12
7.564238975838375336e+04
4.160657820928818226e+09
1.101120997350774765e+10
1.280906317291172485e+11
6.578442280075680465e+06
3.661196045572524548e+09
1.829266857921199322e+09
2.272483972519271851e+11
3.342943995582173920e+10
7.521257834281843567e+10
1.375165471250638133e+06
1.607917169621879235e+07
4.071255977443479156e+10
1.424674332130420837e+11
7.721992983022423744e+09
2.042573984556429199e+12
1.060387479492151642e+11
1.220519259377433220e+06
1.030253170570298195e+10
7.949998413631625366e+10
1.140354438708693743e+09
2.724828218362575195e+12
6.343830992358265877e+09
2.907957811263187988e+12
1.425041202118480682e+10
1.231084742853803873e+09
4.145795730343164825e+10
1.299870743910831299e+12
4.635461856464981689e+11
2.121795167648507690e+11
3.441021076825353622e+09
5.742647212935888672e+11
7.389740300806781277e+06
8.427311295058876991e+09
5.619495926474611282e+09
5.935188458007417619e+07
1.264689184316974640e+09
4.575017327227200317e+11
1.846912021175656128e+10
1.067544481341809766e+13
4.202168028554444313e+09
1.034458911011097193e+09
6.645584075226402283e+09
1.382433548710633301e+12
8.308483246763944044e+04
7.969635703030718803e+09
2.687641187042782288e+11
8.620204332336444092e+10
2.864803636945210571e+11
7.596631469943914795e+10
2.791534690414791584e+09
1.821799615006195984e+11
5.389140659616625786e+09
1.459785967490150928e+08
4.172966975929230452e+08
5.194383910496003723e+10
1.097926272012906075e+08
1.851885551170387573e+11
1.037868586075163722e+09
2.650084187539615929e+08
1.928790304029903564e+11
2.730240272005405762e+12
7.809413676621273041e+09
3.260923471607943359e+12
2.981901240789356613e+10
1.739356878463571472e+11
1.239659337126633301e+11
4.111889464056925659e+11
1.199993872565492249e+10
9.163061733811317444e+09
2.211714247124945641e+09
2.106432146559494629e+12
4.719836743349720200e+04
1.982001496618147659e+10
3.615071480863684082e+10
7.515882551164796448e+10
2.076569331183143616e+10
2.170667193595204834e+12
1.808181719941170654e+11
4.328815631425795288e+11
1.820731670593801270e+11
3.618263933242488384e+09
8.829867774294450760e+09
7.809882924618220520e+10
1.081205642827030420e+08
4.098603610629296303e+08
2.178051304962493134e+10
2.308363234162955078e+12
3.124957373283508301e+11
1.458524735690670204e+05
5.200688585784467697e+09
2.911521369067891240e+08
2.541925153241980896e+11
6.043858868681123047e+11
1.405476089630768585e+10
8.241472925062314453e+11
3.267058976451550126e+08
1.247698941048648953e+08
6.115016831648047447e+09
1.545533672887945557e+10
1.949363621888125896e+09
2.512613076634293518e+11
7.931342351610708618e+10
2.328131615356211914e+12
1.480375785058266602e+11
1.025654919887761993e+11
1.078122494987724572e+08
1.787267586509696960e+11
7.878767615204232788e+10
3.539629613369941711e+09
4.805122722268781625e+06
6.560723837877787781e+10
2.966168449558505535e+09
1.922477035119567566e+11
8.031945034994260788e+09
7.996095921901782227e+11
6.114013229974305153e+09
2.622258318542209778e+11
5.046444767645725012e+08
2.742631218207454590e+12
2.332619381240096390e+08
3.084636913122570142e+06
1.292636816390551068e+07
7.741305928946572304e+09
4.154270805268715776e+04
1.695430215304145264e+12
7.599495425015626907e+09
1.077444717198562988e+12
2.645570376432656479e+10
4.206913852174213409e+10
