8.158231895493333817e+09
1.590804499949270248e+10
3.813938078452835846e+10
5.187072125471680641e+09
8.116104972261826515e+09
1.092516183932120361e+11
7.872133148858779669e+08
2.041685719741600800e+10
4.262411979136350155e+09
9.468008322919381714e+10
3.408675901995260715e+09
9.911141281445505142e+09
2.259404864806228161e+09
9.514757768229925537e+10
2.416453819399073601e+09
5.249042163084131622e+10
3.226065928168217182e+09
6.427971349940584564e+10
8.348659209180214882e+09
1.519193575550609779e+10
1.133557586146748066e+09
5.314878032969369507e+10
8.655241503081182861e+10
1.313277927928240013e+10
5.635905844751263857e+08
1.190039878214593506e+11
1.158955671728945465e+11
1.591212851114578056e+10
3.411552598493703079e+10
4.892978733380329132e+09
1.545456631345553978e+04
1.827469750539163589e+10
1.754640912641521543e+07
2.143654115206739426e+10
2.501640178130582428e+10
6.572846132794028282e+09
2.497905617254240990e+09
4.776035813174127960e+10
1.832937709460787201e+10
1.127255674559674644e+10
5.790713739865509272e+08
8.232715018955856323e+10
4.572255256931511688e+10
2.456237824813434982e+10
1.101548750691781311e+11
4.617080370228261566e+10
2.116091599595147133e+09
3.106309949683209610e+10
1.302944254817178473e+06
3.033198071580717163e+11
1.143173574870465240e+11
3.671149522318356037e+09
1.083040004257555962e+09
2.649383945596913910e+10
1.274346788652579308e+09
9.919747745248860168e+10
3.860698758392093182e+09
6.039210738931488800e+10
6.426417447591091156e+09
7.244273442220141602e+10
6.366846379998589754e+08
9.080973394801496887e+10
8.216672787847006321e+08
4.892586275144037247e+09
6.548559992569152266e+06
7.770139295308651733e+10
9.853346017410189819e+10
6.863031556593100548e+09
2.795284286057839203e+10
6.854929186609137535e+09
1.838979624856651425e+08
3.728195045440260315e+10
1.370833257419209242e+09
6.338343488393315125e+10
2.861187728184589386e+10
2.993068170710159302e+10
3.438144713835589886e+09
1.154827589756081543e+11
2.707382743005458832e+10
6.172262340286202431e+08
7.623189516302220821e+08
3.147846353654656601e+10
3.733511920699982452e+10
9.667616763820936584e+10
3.348416290542872429e+09
8.118085060024351501e+10
1.439510550079084635e+09
6.045714029829123688e+10
2.054724133319775760e+08
2.859484139840642700e+11
1.330947676553940582e+10
1.953980980022522688e+09
5.668008931318512917e+09
6.504367111711406708e+10
3.897290605975173950e+09
6.478104418886682129e+10
1.377076484209236316e+07
4.800728010513474464e+09
1.249478063671036339e+10
1.422573752538606873e+11
5.832488424709856987e+09
1.499821543732699890e+11
9.605038980783095360e+08
9.890139538043098450e+09
4.904761984882200509e+07
3.129599112822393799e+11
4.120101602525877380e+10
6.448723655013180971e+08
4.545236467629131317e+09
3.665169154398796082e+10
4.149303755229529142e+08
9.773844049055216980e+10
5.099294907586327791e+08
1.092703130430366669e+11
8.687753495674190521e+09
1.434854502838284969e+09
1.136818789928002357e+10
4.438532895111931801e+09
3.861219444226618958e+10
1.335153629949628906e+11
1.382493633789079785e+08
4.900616468695150757e+10
8.194191473863203430e+10
2.039825704672562408e+10
1.112967627997280884e+10
1.410827589831307678e+11
2.610563549170699596e+09
3.818668745387411118e+08
1.402132547258278656e+10
3.785481200043271637e+10
2.009172224262939930e+09
1.004077370085438919e+10
8.395464665000535965e+09
5.034670155927272797e+10
2.101845289828628540e+10
2.958522462387540054e+10
2.240862684190822124e+09
4.029852504788251877e+09
2.275588931459948349e+10
3.984990615377017212e+10
2.424124591094629467e+08
1.809900650234721069e+11
3.461455576311864471e+10
2.252810114503084183e+09
1.371597366876960945e+10
3.032946579188296127e+10
7.342919306340363026e+08
2.186664747522081299e+11
2.839025499670161605e+08
2.283485516325235291e+11
1.530630520978562927e+10
7.121418289027624130e+08
2.409135267980480194e+07
1.358376207838749084e+11
7.385544129786479187e+10
4.860482002879772949e+10
4.294357671662515998e+08
8.337751376586976624e+10
3.781547580136448383e+09
1.285252521259767342e+10
3.108794817924612164e+08
4.612869844755385399e+09
7.043665339825494289e+08
7.331534607233793640e+10
1.678088573628663254e+10
5.693650345506640625e+11
1.043317636000632668e+10
7.368796806481901169e+09
2.738364287541993260e+08
1.411558315306921692e+11
2.573030179789804459e+09
1.262727765482573128e+10
4.066196380046721897e+05
3.146051199792307663e+10
5.682471392101914215e+10
2.971731156827319336e+10
9.336744336249801636e+09
4.499474641060102081e+10
1.120817488468733978e+10
5.192644129637945175e+09
6.156395466894575119e+09
2.518483076557661819e+10
4.989082233022273064e+09
4.536626386115670013e+10
7.374047195787874222e+09
5.693345676271924019e+09
4.630586259572178650e+10
2.189549038879099731e+11
2.401255713716811240e+08
2.465952934786279297e+11
2.009382627584338760e+10
1.452828939273264405e+04
1.678370771741006465e+05
6.909498185539524841e+10
1.443136971159482956e+10
1.320189450912362671e+10
8.796763992198858261e+09
1.846418869877891846e+11
2.768073647116052628e+09
1.721786915150564194e+10
2.168578034463806534e+10
2.957578323901315689e+10
8.275206338990588486e+07
1.882860266068587646e+11
1.461347622410943586e+04
7.109049027881913757e+10
4.498152084494382477e+10
1.000830480299558258e+10
1.304551384374850845e+10
3.008811169719961166e+10
4.978569650695475578e+09
6.136551043321510315e+09
7.729796750888493657e+07
1.960045653130570374e+11
5.951660392807397461e+10
3.118271264359020710e+09
3.286251337275319695e+08
5.782913561073686600e+09
5.336029998482611084e+10
8.586181821196237183e+10
1.523307408459661865e+10
1.029522671170704803e+11
5.896971557910176277e+09
5.077962794983932495e+09
1.163784043310087967e+10
1.574686041154883766e+10
8.526201207385748863e+09
5.303822479450614929e+10
3.114179069687206298e+06
1.971027284907349243e+11
4.060176133699735260e+10
7.745942931729927659e+05
4.976684012202689171e+09
4.456548293733734894e+10
3.020698953477861786e+10
9.948310992364452362e+09
3.669168096577354908e+09
2.785057091702677917e+10
9.486883805482566833e+09
4.622925331565877533e+10
2.344639828691325486e+08
1.011210000173030853e+11
1.163725369113066483e+10
5.423621305992945099e+10
6.375498891334682465e+09
2.196147319733236084e+11
5.576851082053196907e+09
3.566063115751739502e+09
3.954375156880996704e+09
1.251241859254713631e+10
2.868747250356322289e+09
1.605695653449974670e+11
2.456846609806410372e+08
1.210009159685268707e+11
1.918517789926799011e+10
2.306368136985688400e+10
