4.337336652270386696e+09
1.590804499949270248e+10
3.617251278584510803e+10
5.651150299425874710e+09
8.521835105683268547e+09
9.848671128906393433e+10
1.051365310092904329e+09
2.008810564825132751e+10
4.725352279907892227e+09
8.588028051272726440e+10
3.858306814241520405e+09
1.024874799970493698e+10
2.664782918820756435e+09
8.628566245108740234e+10
2.830181728474370480e+09
4.895529538718996429e+10
3.670966980470853806e+09
5.935398300239135742e+10
8.746714072922550201e+09
1.523912107845581818e+10
1.445439365381165028e+09
4.953813166587445831e+10
7.882155485940272522e+10
1.330634348994203568e+10
7.879546600066040754e+08
1.068933825465202637e+11
1.042163252406672211e+11
1.591185483509770203e+10
3.255613475032900238e+10
5.357983413475992203e+09
3.648577707940615946e+05
1.810844416589761734e+10
5.017701607818917185e+07
2.102690269808970642e+10
2.430700751609931183e+10
7.019164612860503197e+09
2.915633036477471828e+09
4.475939711341002655e+10
1.815910998663759613e+10
1.154656807425882721e+10
8.065000658686971664e+08
7.514331897305860901e+10
4.294685545940161896e+10
2.389225903622793198e+10
9.926629653526371765e+10
4.334582129143938446e+10
2.513063329302652359e+09
2.980095076780162811e+10
9.321193617787742987e+06
2.631202758509020386e+11
1.028562697477126312e+11
4.126335424970450401e+09
1.388762197843171120e+09
2.565432688702478790e+10
1.602216598860702038e+09
8.979478030910850525e+10
4.319051772705099106e+09
5.593341568228471375e+10
6.875541624660951614e+09
6.651265368243411255e+10
8.750682679630062580e+08
8.252158336919720459e+10
1.091218780027116537e+09
5.357591455286145210e+09
2.536618788571911678e+07
7.110903923856993103e+10
8.921975585204389954e+10
7.303211968626294136e+09
2.698155012228913879e+10
7.295291402608499527e+09
3.076172255587328672e+08
3.540329127470639801e+10
1.708759341109463453e+09
5.856606327342427063e+10
2.758004808309777451e+10
2.877591770180258179e+10
3.888470327028954983e+09
1.038606358552511139e+11
2.618230723797246170e+10
8.519852881216790676e+08
1.022461866758191824e+09
3.017652081144603348e+10
3.545101123817295837e+10
8.761070426143615723e+10
3.796568047050371170e+09
7.414433332653672791e+10
1.784188622858606339e+09
5.599070029777038574e+10
3.370054078238068819e+08
2.485408934363760681e+11
1.347278081521887207e+10
2.340447846464126587e+09
6.128276696425893784e+09
6.002526535821463776e+10
4.356178392953644753e+09
5.979452957592581940e+10
4.223401193631560355e+07
5.265788074080369949e+09
1.270439562747384644e+10
1.268551302593878326e+11
6.290847701106323242e+09
1.334637887432979584e+11
1.250235083480938673e+09
1.022865276770153618e+10
1.076617360320377499e+08
2.712019108365336914e+11
3.891354400050286865e+10
8.847591861682215929e+08
5.009827180632168770e+09
3.483740845579750824e+10
6.067652397567079067e+08
8.853111830692053223e+10
7.232400239484360218e+08
9.850284828162702942e+10
9.073966441658338547e+09
1.779085893966676474e+09
1.163739599494647217e+10
4.902645373623263359e+09
3.659638088878867340e+10
1.193632181177483978e+11
2.437857735181031525e+08
4.586600254419057465e+10
7.480764429031040955e+10
2.007096068683870316e+10
1.141078574720536995e+10
1.258493074836763306e+11
3.033470787633240223e+09
5.655503563863604069e+08
1.414214442881755066e+10
3.591729844089006805e+10
2.399338717149518967e+09
1.037273127078939629e+10
8.791930543295324326e+09
4.705554368901165009e+10
2.064223961483659363e+10
2.846288891264359283e+10
2.645197071729185104e+09
4.490475233074142456e+09
2.223850815786959076e+10
3.770497269369670105e+10
3.864117568868415952e+08
1.598963782411546936e+11
3.300555387279380798e+10
2.657819774789993286e+09
1.385523887469869423e+10
2.913707378340352249e+10
9.898092884196946621e+08
1.918432471242449646e+11
4.407713976166435480e+08
2.000275987097569580e+11
1.534605958337501335e+10
9.639156093583964109e+08
6.315331468280594051e+07
1.213547991594723969e+11
6.774855492284325409e+10
4.550962257936598969e+10
6.247281552496007681e+08
7.605828154169869995e+10
4.238660019830558777e+09
1.304212033352172852e+10
4.755821512978653312e+08
5.077676438394731522e+09
9.548077887380311489e+08
6.727615342471346283e+10
1.672133753981777954e+10
4.844188421823955688e+11
1.074749401085460854e+10
7.796553024216745377e+09
4.276801819800346494e+08
1.259118867648873291e+11
2.994255327840145588e+09
1.282953690797332382e+10
1.593704238504874775e+04
3.016029366509358215e+10
5.278748750777868652e+10
2.858259544002955246e+10
9.698266704081268311e+09
4.229874351581855011e+10
1.148539638237000084e+10
5.656693124732838631e+09
6.610157416694359779e+09
2.446077990146924973e+10
5.453907937018241882e+09
4.262963069077458191e+10
7.801663469785100937e+09
6.153338915811727524e+09
4.346600100415043640e+10
1.920871974769194641e+11
3.833828177100783587e+08
2.154269696589768372e+11
1.979024200094243622e+10
4.026929172225697548e+05
3.202057193819632754e+06
6.358046586198101807e+10
1.452691153059570885e+10
1.337145943154590988e+10
9.179011850656322479e+09
1.630003800595825500e+11
3.197582482438594341e+09
1.712771195601743507e+10
2.125604799347732925e+10
2.845433153958190536e+10
1.617288880681193769e+08
1.660961333592714844e+11
2.888492441732521984e+05
6.532885586551065826e+10
4.228696265503063202e+10
1.034168548042019844e+10
1.322410170552705574e+10
2.891851798116975403e+10
5.443420701709104538e+09
6.590625897246045113e+09
1.532749680531705618e+08
1.726476768625445251e+11
5.516199852848530579e+10
3.560021891616446018e+09
4.982829783292030692e+08
6.241879330753405571e+09
4.972532939620028687e+10
7.822079012729777527e+10
1.527759111177971840e+10
9.304402039167674255e+10
6.354503110017693520e+09
5.542514827910520554e+09
1.189328291237572479e+10
1.575761578929108810e+10
8.918150416777605057e+09
4.944027715046797180e+10
1.569955751663507149e+07
1.735792159114160156e+11
3.837770941631491089e+10
6.948449778375203721e+06
5.441539554009449005e+09
4.191629149111366272e+10
2.902617605580754852e+10
1.028430680350396919e+10
4.124317783529194355e+09
2.688861721225655746e+10
9.842335023801670074e+09
4.339783290038316345e+10
3.758669709200901985e+08
9.145980663274771118e+10
1.189272620055042267e+10
5.050022572123261261e+10
6.825551888020298004e+09
1.926452414718881836e+11
6.038047992138916969e+09
4.019194300338291168e+09
4.414048040023127556e+09
1.272105843335942459e+10
3.302106131762572289e+09
1.425052802775992432e+11
3.907369555587960482e+08
1.086120368321669006e+11
1.895114885495825195e+10
2.252068951632275391e+10
