3.598850320677025616e+07
1.590804499949270248e+10
2.892355720531425858e+10
7.874833171682415962e+09
1.033723075759812546e+10
6.257082096005338287e+10
2.864533462275335312e+09
1.878751727807803345e+10
7.015645946883773804e+09
5.616012218281113434e+10
6.168621274651009560e+09
1.171664811099933243e+10
4.907504904134071350e+09
5.636849296576763916e+10
5.090755489108122826e+09
3.634543676702072906e+10
5.978972649168848038e+09
4.212445609902753448e+10
1.052044036441335678e+10
1.543281559132296753e+10
3.423727696545221329e+09
3.667471250190704346e+10
5.250565531548836517e+10
1.403252128296323967e+10
2.450398467048298836e+09
6.677383129721875763e+10
6.544114566813433075e+10
1.591073833827944946e+10
2.673982342642306900e+10
7.607103019331304550e+09
2.158627464604021907e+08
1.744172911167311478e+10
7.151113521832448244e+08
1.941580157480454636e+10
2.156732126174521637e+10
9.080116239772912979e+09
5.184198073573659897e+09
3.395351935613822556e+10
1.747655130246583176e+10
1.271686638975519562e+10
2.480985672829101562e+09
5.058043961455126953e+10
3.290784005273147202e+10
2.129873844717045975e+10
6.296285832955976868e+10
3.313868864830494690e+10
4.736444972891945839e+09
2.504468595540558624e+10
4.190763433196451664e+08
1.388710615156956787e+11
6.476207224906475830e+10
6.435568862671828270e+09
3.346715903854758263e+09
2.243350056952400970e+10
3.631868769859488487e+09
5.816577064851085663e+10
6.624554926718291283e+09
4.024468807836865997e+10
8.956607114487361908e+09
4.599997816307691193e+10
2.591998798573108196e+09
5.442755455996405792e+10
2.923923192625552177e+09
7.606742585878635406e+09
5.653082170231088400e+08
4.845091917675406647e+10
5.787203753371850586e+10
9.322522249273824692e+09
2.327783323497600174e+10
9.315796261906921387e+09
1.526543243252593994e+09
2.846269230960984421e+10
3.769625738557671070e+09
4.169315649902888489e+10
2.365584139928639984e+10
2.440631482173075104e+10
6.198913606630468369e+09
6.526368404167031097e+10
2.277040869987718201e+10
2.554975329754456520e+09
2.820984200572767735e+09
2.527749842480176163e+10
2.849133782828042221e+10
5.704849021102875519e+10
6.106411461485749245e+09
5.005491729090139771e+10
3.865511659088600636e+09
4.027632926282141113e+10
1.594400455275974751e+09
1.324642635298711548e+11
1.415482186491928291e+10
4.538033198298449516e+09
8.302939832799408913e+09
4.249113149938051605e+10
6.660696188044413567e+09
4.236517567722428894e+10
6.722195871974081993e+08
7.522116809531067848e+09
1.358725396593210983e+10
7.656051629720504761e+10
8.446811940617113113e+09
7.974822201236447144e+10
3.154031291814086437e+09
1.170093381005040741e+10
9.604962297121592760e+08
1.424027757838381348e+11
3.055110516601217270e+10
2.607441713013750076e+09
7.284065650735490799e+09
2.812244233309230423e+10
2.136651544294164419e+09
5.751986823597769165e+10
2.341627965971335411e+09
6.257894054729044342e+10
1.078502257605177689e+10
3.859068846853394508e+09
1.278585130483532524e+10
7.183425397894806862e+09
2.917671367406313705e+10
7.291675492911874390e+10
1.369583969558766127e+09
3.458813728361274719e+10
5.040398473876835632e+10
1.877598638019038391e+10
1.261350231692715836e+10
7.607323039597538757e+10
5.311756636746006966e+09
2.060783355721146584e+09
1.464329573343670845e+10
2.877085750867091751e+10
4.606196951143280029e+09
1.181343787180282211e+10
1.055713992624432755e+10
3.526723676382786560e+10
1.915909473163846970e+10
2.421047953388868713e+10
4.885587953201989174e+09
6.790728569771207809e+09
2.021808124767299652e+10
2.983623563017171860e+10
1.703486607296573400e+09
9.228089716685978699e+10
2.701363774678897858e+10
4.899722600378240585e+09
1.443457633542760849e+10
2.463173919845288086e+10
2.771284844851771832e+09
1.070441695889145355e+11
1.817470712488034248e+09
1.107697150412693634e+11
1.550909291969299889e+10
2.731477773499703884e+09
7.787504145605316162e+08
7.388862852080746460e+10
4.666171470745662689e+10
3.438406635753495026e+10
2.169132185391770840e+09
5.106075356374382782e+10
6.546005117966845512e+09
1.383764975405288887e+10
1.887670366026503325e+09
7.347477544474627495e+09
2.717392246911056995e+09
4.640901945393519592e+10
1.647997474605552101e+10
2.318866672542524109e+11
1.210435778318901062e+10
9.738015770827720642e+09
1.790535058403498888e+09
7.610356479212194824e+10
5.269467238885055542e+09
1.368021117963205338e+10
1.186080769633814692e+08
2.526745151828253937e+10
3.849810224283687592e+10
2.428541982212088013e+10
1.128348086466689873e+10
3.253198845675780487e+10
1.267033492715095329e+10
7.879856579731109619e+09
8.726649380970329285e+09
2.166666367369707870e+10
7.695119246220813751e+09
3.272400562956962204e+10
9.742284855175506592e+09
8.325183350663715363e+09
3.320815135614959335e+10
1.071555246735575714e+11
1.696959987447991848e+09
1.177246721476196442e+11
1.858689328600006104e+10
2.191396299538966119e+08
3.214356487549203038e+08
4.442160705971797943e+10
1.492172549857316971e+10
1.408041066860036469e+10
1.086945874548281670e+10
9.373223996453118896e+10
5.487056154830082893e+09
1.676346421058983231e+10
1.956825527991493988e+10
2.420511984771667099e+10
1.140215902457759619e+09
9.517584691921623230e+10
2.087504871366073191e+08
4.536419694503334045e+10
3.252514766730624390e+10
1.178922644275774574e+10
1.397196028945572662e+10
2.449538904817385101e+10
7.685516097087960243e+09
8.709634147109268188e+09
1.114067820821310043e+09
9.821862593200123596e+10
3.981803359998490143e+10
5.865382007200512886e+09
1.932422253924605846e+09
8.403578576984732628e+09
3.678032454785511780e+10
5.219223241283388519e+10
1.546026890387734604e+10
5.982001377400912476e+10
8.502884725733364105e+09
7.776058929388719559e+09
1.297953416081529617e+10
1.580156383055994225e+10
1.065934073808227539e+10
3.661947674643094635e+10
4.865524203308988810e+08
9.864994354221714783e+10
3.023467952545532227e+10
3.874863886627951860e+08
7.683793262382175446e+09
3.230970292687139511e+10
2.456257884920410538e+10
1.174443494531168747e+10
6.433579152035169601e+09
2.321898785380302429e+10
1.139740007095935249e+10
3.316875401491990662e+10
1.680675505402990341e+09
5.901462669755230713e+10
1.297911304412522125e+10
3.721674680603311920e+10
8.913466567020528793e+09
1.074101826305638885e+11
8.222665488214139938e+09
6.329455081335477829e+09
6.716859799864721298e+09
1.359964341488010216e+10
5.597359152955857277e+09
8.407228300401101685e+10
1.712763508773715258e+09
6.762670124659801483e+10
1.801824737793225098e+10
2.040361447643148804e+10
