5.535030404957333580e+06
1.590804499949270248e+10
2.786288713017591476e+10
8.288125944459671974e+09
1.065593523464401817e+10
5.785134388804150391e+10
3.297737243974188805e+09
1.858333331560515976e+10
7.452302714251222610e+09
5.220061704353481293e+10
6.622189083424404144e+09
1.196800665072220230e+10
5.372490664656355858e+09
5.238464745490741730e+10
5.555259816776830673e+09
3.456229034294176483e+10
6.435388090721687317e+09
3.973864417401008606e+10
1.083072797475841141e+10
1.546430326334658241e+10
3.873716298180395603e+09
3.485808487682670593e+10
4.896878488710577393e+10
1.415265788075922775e+10
2.865820009430370808e+09
6.154449772662815094e+10
6.037440995283086395e+10
1.591055787964154243e+10
2.587831572961013412e+10
8.028290261009507179e+09
3.510095896098526120e+08
1.733569370636961746e+10
9.673925258434847593e+08
1.916429548419559097e+10
2.114715467466658020e+10
9.451709268327920914e+09
5.648290404793025017e+09
3.241017478626400757e+10
1.736803418117379379e+10
1.291411257894051170e+10
2.897900540479593754e+09
4.726282854464498901e+10
3.146735716740200424e+10
2.090015623340533066e+10
5.819619481780238342e+10
3.167560492055438614e+10
5.201474758632340431e+09
2.433283371966599274e+10
6.119079925590386391e+08
1.239547490754611664e+11
5.977786040911652374e+10
6.884523887742894173e+09
3.794825182101002693e+09
2.194275566769052505e+10
4.086312182169655800e+09
5.397093907191429138e+10
7.069835212761287689e+09
3.805827471190167236e+10
9.332905388456747055e+09
4.319379571923776245e+10
3.014080580984758854e+09
5.066943741736978149e+10
3.359276091808392048e+09
8.027940100058143616e+09
7.900159876133620739e+08
4.537293358893280792e+10
5.371181396880266571e+10
9.684612921055822372e+09
2.271692012524580002e+10
9.678155406773410797e+09
1.879335212027966499e+09
2.744462001481214142e+10
4.226542264026242256e+09
3.935336615542268372e+10
2.306309252950035477e+10
2.374961589151977921e+10
6.651992937355644226e+09
6.021853594615502930e+10
2.225182352119277191e+10
2.975376936710454941e+09
3.252551673941787720e+09
2.454536373283439636e+10
2.747062643629996490e+10
5.298503632121091461e+10
6.560953568616299629e+09
4.679673000800686646e+10
4.323936404222509384e+09
3.808658514126535797e+10
1.953194555618673325e+09
1.184614449899337769e+11
1.426747439271203041e+10
5.002597567723734856e+09
8.702533231325576782e+09
4.006606962614527130e+10
7.105236494387384415e+09
3.995360910441831207e+10
9.170375876621594429e+08
7.945697285018011093e+09
1.373419621416832924e+10
7.011278880842465210e+10
8.841517586363313675e+09
7.289513662125804138e+10
3.596857240972970009e+09
1.195310878554615784e+10
1.250226908966742754e+09
1.269796199195940094e+11
2.933771110465120697e+10
3.030211885435873508e+09
7.714049890907419205e+09
2.713562951296645355e+10
2.534877647808245659e+09
5.340107272732779694e+10
2.751486310144204617e+09
5.785848693565367889e+10
1.108285921121496391e+10
4.317397900669376373e+09
1.297921576870098114e+10
7.615980866313965797e+09
2.809251982072902298e+10
6.692744235774832153e+10
1.707384191239405870e+09
3.298176852258616257e+10
4.710634713924570465e+10
1.857266224390719604e+10
1.281652969566507339e+10
6.968711898484022522e+10
5.775110420075777054e+09
2.454294406129725456e+09
1.472555207190420532e+10
2.772433390860447311e+10
5.070984917924854279e+09
1.205974355710844231e+10
1.086572131032318306e+10
3.359294048325078583e+10
1.892703464484904480e+10
2.357056235020530701e+10
5.350601694615970612e+09
7.232508767209305763e+09
1.990484300165443420e+10
2.869035324775549698e+10
2.071377093948818207e+09
8.379881018348159790e+10
2.612753857942475891e+10
5.364719493674417496e+09
1.452991831717249680e+10
2.395564240871350479e+10
3.200921484385197163e+09
9.658063233106471252e+10
2.194190981616604805e+09
9.979683752754248047e+10
1.553557248054071999e+10
3.159518059207236767e+09
1.041550361413737535e+09
6.777757832653720093e+10
4.378258325919093323e+10
3.279801238230231476e+10
2.569307176248893738e+09
4.768866864620880127e+10
6.992852748608718872e+09
1.396960402921416855e+10
2.269510106585772514e+09
7.775799875149597168e+09
3.144857077914116383e+09
4.355778360109625244e+10
1.644119975921057129e+10
2.030160664145028687e+11
1.233523411898790359e+10
1.008302528310714340e+10
2.165228002645576000e+09
6.971362044675270081e+10
5.733087875399391174e+09
1.382161539566012764e+10
2.154367688459087014e+08
2.453619399670273209e+10
3.649411911983269501e+10
2.363908854858288193e+10
1.155694574357646179e+10
3.112816964755062103e+10
1.287018888495183372e+10
8.292995807552368164e+09
9.111456497711097717e+09
2.123847703141232300e+10
8.113770177090250969e+09
3.130147612094549561e+10
1.008711380930651093e+10
8.724030230851354599e+09
3.173825512865051651e+10
9.667681456213975525e+10
2.064324489458027363e+09
1.057918690421487732e+11
1.839762427610089111e+10
3.554082790853969455e+08
4.891058656938444376e+08
4.178807311182393646e+10
1.498630400021297455e+10
1.419762288691855812e+10
1.116324995572828102e+10
8.505816778625181580e+10
5.949075600535131454e+09
1.670512550458294296e+10
1.930512917251085663e+10
2.356566101004472351e+10
1.452891617917900562e+09
8.631017353460977173e+10
3.414330970962193012e+08
4.262779046109298706e+10
3.112199479004137039e+10
1.203679976831227303e+10
1.409578363008422470e+10
2.383103561005251312e+10
8.104446538989522934e+09
9.095057720519144058e+09
1.423601446904935122e+09
8.894707208183340454e+10
3.767644300782224274e+10
6.323324990007656097e+09
2.317406252442042828e+09
8.799767679358688354e+09
3.495293501685852051e+10
4.869122166883736420e+10
1.548995609061262512e+10
5.542938343208088684e+10
8.895648080997152328e+09
8.192326123994640350e+09
1.316190149873143005e+10
1.580867770428249168e+10
1.096313495609969711e+10
3.480847309066577148e+10
6.948202760986142159e+08
8.932063716456013489e+10
2.905125008988167572e+10
5.725825417520041466e+08
8.102773801111261368e+09
3.092748988518202591e+10
2.389244251601065063e+10
1.199434691188371277e+10
6.882571277409522057e+09
2.266300754996340561e+10
1.166513273510588646e+10
3.170272213101891327e+10
2.046717548996824026e+09
5.471951169409391785e+10
1.316150433588220596e+10
3.534476617888861847e+10
9.291386423868675232e+09
9.689676213713589478e+10
8.624925201790788651e+09
6.780326575038435936e+09
7.160226416131301880e+09
1.374584934067685699e+10
6.058355361578804970e+09
7.666327321665759277e+10
2.081397060103082418e+09
6.229287090001279449e+10
1.787072084203961182e+10
2.007589907920160294e+10
