6.235099396540854871e+07
1.590804499949270248e+10
2.322607773900811005e+10
1.047289447175552177e+10
1.226817435389005661e+10
3.900296776422855377e+10
6.053812002995387077e+09
1.763794135864584351e+10
9.805810949860191345e+09
3.620022137616768646e+10
9.121553147037132263e+09
1.321504989906634331e+10
8.041248180930335999e+09
3.629245517400692749e+10
8.203594379959690094e+09
2.698500095752653885e+10
8.964199415508977890e+09
2.977713441792855453e+10
1.239606300506023216e+10
1.561422852063362503e+10
6.637425793013410568e+09
2.714693872635555649e+10
3.456914534262022400e+10
1.473270172690384102e+10
5.594171642283464432e+09
4.080437542210656738e+10
4.023607534060823822e+10
1.590970258875251770e+10
2.207405517884122849e+10
1.026766269527408981e+10
1.987401580367981911e+09
1.683959075765861511e+10
3.165105109988918304e+09
1.800510206534283829e+10
1.923824928763944626e+10
1.137075730758781815e+10
8.285610243898766518e+09
2.579720777210048294e+10
1.686046320157640457e+10
1.388056939873063087e+10
5.629061398238142967e+09
3.369910385434980774e+10
2.527128294555134583e+10
1.908623591567388153e+10
3.917214376837514496e+10
2.538775197709254456e+10
7.887823503491780281e+09
2.116250206722536469e+10
2.544781492499801159e+09
6.888369194878955078e+10
3.994548206164498138e+10
9.340357514946880341e+09
6.559221665021418571e+09
1.972499758783015060e+10
6.845700777892888069e+09
3.708472882419851685e+10
9.493454277398756027e+09
2.888006104657764053e+10
1.128056174549609375e+10
3.159630024755809784e+10
5.754358482818781853e+09
3.543016159102466583e+10
6.117651544990875244e+09
1.026738487749938011e+10
2.869403915431020260e+09
3.272745078926319885e+10
3.695564231582103729e+10
1.154666957736389542e+10
2.019454910798720932e+10
1.154180848971887207e+10
4.444749526789642334e+09
2.298491475848221207e+10
6.981212919935343742e+09
2.957219793120294571e+10
2.040326114316069412e+10
2.081497158438281250e+10
9.146537345242441177e+09
4.016020213426552582e+10
1.991292691476191330e+10
5.712797280547079086e+09
6.006690020270094872e+09
2.128865114736546326e+10
2.299993430901138306e+10
3.659289623364952087e+10
9.070116056970033646e+09
3.346024635565549088e+10
7.074498230106575966e+09
2.889524535663954163e+10
4.537055551012480736e+09
6.654167765669452667e+10
1.481068674191761589e+10
7.707457145773921967e+09
1.079648922317878723e+10
2.995095732475329208e+10
9.522568484206062317e+09
2.989128919480859756e+10
3.083461522683289528e+09
1.020203328431751633e+10
1.444706647088790321e+10
4.490303355465154266e+10
1.090403846417979240e+10
4.621216384753415680e+10
6.360653120910903931e+09
1.320446042793370628e+10
3.596847181727797985e+09
7.016543399497967529e+10
2.406984420535190201e+10
5.771629057690616608e+09
1.001691340913966370e+10
2.280620971434495163e+10
5.226271548471444130e+09
3.680067054005646515e+10
5.468759541644842148e+09
3.900647394536234283e+10
1.257955555817628098e+10
7.068257392655000687e+09
1.392588030254533768e+10
9.938064139919065475e+09
2.335811959390510178e+10
4.339164345339466858e+10
4.224752463609794617e+09
2.611436759625672150e+10
3.361896883825880432e+10
1.763117089792595291e+10
1.381253991483661461e+10
4.470185950293196106e+10
8.396762807332577705e+09
5.134299593581236839e+09
1.512021821158232498e+10
2.314628475858436584e+10
7.769720135118868828e+09
1.328017808000842285e+10
1.242159901783922768e+10
2.645212047237616730e+10
1.785549436375568390e+10
2.070787025784864807e+10
8.021694478192029953e+09
9.626890278260784149e+09
1.846915532931379700e+10
2.370071847457589340e+10
4.682261046891449928e+09
5.125307964527439117e+10
2.221983251474221420e+10
8.034310359108523369e+09
1.498833478268473434e+10
2.093796954915061951e+10
5.952586564265287399e+09
5.700604974731120300e+10
4.830142975337561607e+09
5.843059341485910797e+10
1.566156212552055359e+10
5.908994534947854996e+09
3.282448363568757534e+09
4.379638352637779236e+10
3.190311064610975266e+10
2.601254343515127945e+10
5.265266613579411507e+09
3.391689529247189331e+10
9.429997387014541626e+09
1.460802706679724884e+10
4.919426192813273430e+09
1.006641456146650887e+10
5.893514737511231422e+09
3.178607545580142975e+10
1.625831507311131287e+10
1.009658808291598053e+11
1.347497204755082512e+10
1.184491082016165352e+10
4.795531547037990570e+09
4.471439135454329681e+10
8.360013201988354683e+09
1.450692298553429222e+10
1.624633061444633007e+09
2.128321392911045074e+10
2.803717359073952866e+10
2.074888233523563004e+10
1.292155833921003723e+10
2.508120446699629211e+10
1.384996514013623810e+10
1.047672219519056892e+10
1.111158065817497635e+10
1.929434350244070435e+10
1.033538458965732002e+10
2.517838225176061630e+10
1.184795437418516541e+10
1.081315557262894821e+10
2.542275746329442978e+10
5.704877732987173462e+10
4.673677828358932495e+09
6.106370338905149841e+10
1.751997720868889999e+10
1.998026525375493050e+09
2.298161138156210899e+09
3.086012337282377243e+10
1.529529883233946228e+10
1.476326222557790565e+10
1.263782299237227631e+10
5.182689878008704376e+10
8.548057986244633675e+09
1.643063706193296051e+10
1.809368936464728928e+10
2.070493572547339630e+10
3.884003327457140923e+09
5.239576911531482697e+10
1.964073215217285872e+09
3.130051416144193649e+10
2.507774023277127838e+10
1.326390133650546074e+10
1.469401069955974579e+10
2.086360976804095459e+10
1.032800762507272530e+10
1.109902235446612740e+10
3.843455457880841255e+09
5.358882368701377106e+10
2.867501749796075058e+10
8.869156618374975204e+09
4.975676761920722008e+09
1.087178193035004425e+10
2.719880142197743988e+10
3.442802809893508148e+10
1.563127220207749176e+10
3.780891448234934998e+10
1.094579762040088654e+10
1.039744215437997627e+10
1.405270854268630981e+10
1.584243430577357483e+10
1.249256726504783249e+10
2.711979891073332977e+10
2.700005040647117138e+09
5.375729756747598267e+10
2.390673714233440399e+10
2.468205322051674843e+09
1.032668394639712906e+10
2.496852335449395370e+10
2.090026622654177475e+10
1.323376320571252823e+10
9.338738595623922348e+09
2.016197585966524887e+10
1.299906982416486740e+10
2.540290489395963287e+10
4.652204813332242012e+09
3.745692713129656982e+10
1.405243296483885193e+10
2.741271512522793579e+10
1.124896607489933014e+10
5.714645753524136353e+10
1.073622486893870926e+10
9.253747757915910721e+09
9.567707974096204758e+09
1.445505118265878105e+10
8.642422494433965683e+09
4.796969586786507416e+10
4.694435754129900932e+09
4.116670897903421783e+10
1.718365195655720520e+10
1.857573623047074127e+10
