9.301592200295250000e+13
1.590804499949270248e+10
4.372035267306555786e+11
1.120052713745625913e+08
1.781197260217027366e+07
5.269832866673713867e+12
1.628340330604349060e+11
5.125250839678125000e+10
8.493903446749899387e+08
3.935219717210058594e+12
3.544821264603493690e+09
4.547668995614183545e+08
1.845967941479009628e+10
3.975690965792814453e+12
1.485328909081310081e+10
1.028399869661410767e+12
4.671693093636301041e+09
1.678847241010469482e+12
3.370949515581134707e+07
1.239761518790000153e+10
9.208049988575009155e+10
1.060988045264662476e+12
3.257897838217013184e+12
5.114474755901536942e+09
2.485767761371081543e+11
6.242900773323877930e+12
5.926130633933090820e+12
1.592967577705413055e+10
3.147788341769260254e+11
2.318949743358868957e+08
5.286720282996655273e+12
3.149724823266969299e+10
1.924298716851645996e+12
6.263110101191773224e+10
1.129778408328832703e+11
1.473768764723921486e+05
1.326383971577335739e+10
8.079429425590053711e+11
3.193307634704148483e+10
1.615586763681552649e+09
2.408818723822468262e+11
2.926094515149082520e+12
7.205418516525469971e+11
1.056864236185913849e+11
5.357362316617016602e+12
7.393682594946223145e+11
2.249974042922255707e+10
2.353304107976037598e+11
3.237649322354587891e+12
3.304661450979963281e+13
5.767643475348454102e+12
2.348270038406373978e+09
9.964100001739810181e+10
1.385389438512565918e+11
7.430319451698545837e+10
4.332964191145645508e+12
1.721025008262859106e+09
1.449049259293377686e+12
4.919500295864570653e+05
2.207496713241596680e+12
2.149776909208865051e+11
3.606412085040611328e+12
1.532904174645146484e+11
2.320983844018293321e+08
2.460661151457141602e+12
2.579507185192605957e+12
4.273573522961093750e+12
1.462184791856946831e+05
1.665365212120498657e+11
1.023874112670421746e+05
6.699253008799261475e+11
4.094551493203362427e+11
6.438763567547198486e+10
1.624576160124727539e+12
1.800798076947225037e+11
2.088528220649541016e+11
3.387858313642785549e+09
5.884521561831660156e+12
1.493408797134057007e+11
2.232794583192934875e+11
1.702107011594442749e+11
2.454508116384627380e+11
4.111498423517210693e+11
4.109141499287707520e+12
3.886197782391570568e+09
2.838560115878596680e+12
5.823707726167844391e+10
1.452772864749348877e+12
6.201672913900960693e+11
2.999755386255828125e+13
5.587587676119061470e+09
2.815579773412774277e+10
2.573845440228984877e+07
1.725708954780974609e+12
1.618384512066570520e+09
1.709537139566455566e+12
2.058877446384415771e+12
2.858312377191415429e+08
3.621700819601231098e+09
8.795873762505049805e+12
1.369717933915469237e+07
9.710795627283919922e+12
1.212976051733112030e+11
4.439250810172044635e+08
1.348716571638438721e+12
3.477527350305451172e+13
5.434894385761407471e+11
2.116096867141822510e+11
4.913595575513888001e+08
3.896281439519406738e+11
3.443427818582777710e+11
4.202883711410476074e+12
2.780967396409174805e+11
5.271639201594191406e+12
7.200560813859887421e+07
5.863217196123387146e+10
1.735994911803991318e+09
6.075682140551089048e+08
4.528857109609913330e+11
7.799519256813468750e+12
8.043353480746402588e+11
8.636469191219055176e+11
2.896557375280986816e+12
5.105695333269847870e+10
1.446181834038585424e+09
8.659546357459472656e+12
1.133370868038221359e+10
3.730229749125847778e+11
7.771191747030740738e+09
4.278956361528737793e+11
2.608411821108480835e+10
5.260804163735353351e+08
3.776706317676509172e+07
9.254843826828510742e+11
5.780912057937905884e+10
2.011007139439054260e+11
1.893858644558631516e+10
1.289560128456511021e+09
7.928915990680424500e+10
4.952078836266423950e+11
5.489100336459413452e+11
1.368258785093487109e+13
3.288777401976583862e+11
1.862826665542765427e+10
6.778784704374382019e+09
2.179906399934339905e+11
1.790426632615068665e+11
1.907810452543800391e+13
4.843009472430844116e+11
2.055431967582458203e+13
1.292261434607200432e+10
1.864510322541699829e+11
1.746628962369539795e+12
8.060039970987766602e+12
2.305080054099669922e+12
8.455149059919367676e+11
3.328031297434025879e+11
3.007240982368832520e+12
1.962515901690112114e+09
4.418011168660667419e+09
4.488067655958561401e+11
4.277279664462064505e+08
1.891461454360690002e+11
2.267565874008449219e+12
2.092676800929711533e+10
8.830653867013153125e+13
7.878814522962931395e+08
6.051550861564093502e+05
4.987504923546415405e+11
8.668005292859060547e+12
1.194472527507286453e+10
3.904783791177303791e+09
7.433162966846377930e+12
2.450088168729932861e+11
1.251253425491057861e+12
2.040467511849820862e+11
2.169590351935695112e+08
6.904586770157631836e+11
1.537684092060251951e+09
1.104627299961170554e+08
2.925096035049875267e+06
1.157500021751084290e+11
1.847877030020439029e+08
7.057403468959761963e+11
6.320628223431602819e+05
2.344125984635680169e+07
7.450847269330112305e+11
1.912157896927037109e+13
5.528980394002982178e+11
2.342751384543114453e+13
4.791655141118375397e+10
5.235858199435540039e+12
4.007139274342655762e+12
1.983326660616176514e+12
9.240333479771608353e+09
5.296340344697309494e+09
8.900591934474353492e+07
1.417968354963020312e+13
9.078782054865159988e+09
2.375545404950042725e+10
6.560987928333031464e+10
2.008910101703388062e+11
1.065349112264298096e+12
1.468152414836917969e+13
5.400421363579616211e+12
2.115740154739038086e+12
6.899173624891218262e+11
5.076248157811469436e+08
4.890666431503728867e+09
2.124359028617006226e+11
1.895976655542439818e+08
3.189136177251531743e+06
1.101454533982885010e+12
1.576311595039525781e+13
1.399330737928607422e+12
5.480052896460860252e+09
4.277009706755377808e+11
1.669160780968824960e+07
1.071554827130475098e+12
3.202694426028654785e+12
1.258494964971106720e+10
4.674673278427293945e+12
1.043219443394176662e+07
1.485030888404943645e+08
2.107099158425910950e+09
1.507118053334961891e+10
5.116314871792466193e+07
1.055484005678509399e+12
2.837422294912791992e+12
1.591902318169521875e+13
5.218086526604849854e+11
3.457479036185036133e+12
1.904216524921103716e+08
6.729973852430422363e+11
2.151625901193989868e+11
4.745835213762214184e+08
2.355684151666463375e+09
1.644848095281585388e+11
2.677823220180440843e+08
7.418399654212799072e+11
5.629944623316265869e+11
4.506776071144714844e+12
2.106319031474265575e+09
1.115813365861938477e+12
6.809001895134510705e+05
1.922114969912822656e+13
3.519302518404054642e+07
2.775665820752434254e+09
1.468875990241686821e+09
3.658600667524173737e+09
7.866878795875391960e+09
1.101478854586242188e+13
5.433012592919335938e+11
6.449586801495044922e+12
3.921718505198392487e+10
8.349244514013978577e+10
