4.397621235320385600e+16
1.590804499949270248e+10
2.890348489159232031e+13
6.691924870826954102e+12
6.253159439449267578e+11
8.059185609414586250e+14
2.291477146890125312e+14
5.793225570959488525e+11
1.301132983913663281e+13
5.628515771787027500e+14
2.400367665471529297e+13
8.590356686466673279e+10
5.699267306204500781e+13
5.700341202340445000e+14
5.036800700667513281e+13
9.843397490634646875e+13
2.741375169454334766e+13
1.899749825177321250e+14
5.005254313908317261e+11
4.795464504188725471e+09
1.550943171238410625e+14
1.027278324230772969e+14
4.447464941315815625e+14
1.636110594967081677e+06
3.095417103881933125e+14
9.899111536078422500e+14
9.294735952680180000e+14
1.600213224055694771e+10
1.744791166144582031e+13
8.280540317681494141e+12
3.457374371443153500e+15
1.663773815434053040e+11
1.493605571751165500e+15
9.121684914196278076e+11
3.018473552242966797e+12
2.349519737342656250e+12
4.728376763084959375e+13
7.044757346094314062e+13
1.729485207326232910e+11
8.990291125588548660e+09
3.026037575454396875e+14
3.885102309020792500e+14
5.993769134060379688e+13
2.659146602301606934e+12
8.222594774776760000e+14
6.216986646168984375e+13
6.394004884033220312e+13
1.093730372430307031e+13
2.290568702342317500e+15
6.892123547483300000e+15
8.994249308701442500e+14
1.986284399595121094e+13
1.635326312392139688e+14
4.397588717951012695e+12
1.345269102043479062e+14
6.339928821399790000e+14
1.733808746734870703e+13
1.563761693270410312e+14
2.636500440038475098e+12
2.712363552252660312e+14
2.788917401762923750e+14
5.050031344129195000e+14
2.196834169388755000e+14
8.282883430177771484e+12
1.825820494176197000e+15
3.311028977211486250e+14
6.232941185711087500e+14
1.861793510981713623e+12
6.095631650602651367e+12
1.874074159367003906e+12
6.482879095328126250e+14
2.617921349858396484e+13
1.225119687441107500e+14
1.819338614108768438e+14
6.978765335701155273e+12
8.973508827335677734e+12
2.349683988907076172e+13
9.215721174560341250e+14
5.031170471659357422e+12
2.865538095689315000e+14
2.363775137956665938e+14
1.171749519923182422e+13
2.634361871233166016e+13
5.938100496385957500e+14
2.507638323990149609e+13
3.738756565067936875e+14
1.148153740667352344e+14
1.569108426162794375e+14
6.110298556753025000e+14
6.178046887789632000e+15
2.899535157240979839e+06
7.304954152394893750e+13
4.698353875612617188e+12
1.969679092327606562e+14
1.688981348277707617e+13
1.945495737670343438e+14
1.578042581007064250e+15
8.849315003159851562e+12
1.807172713239382207e+08
1.492569971786978250e+15
4.154859546054525391e+12
1.678281484093720000e+15
1.868935816053592500e+14
8.833266597349945068e+10
1.121847946085962250e+15
7.299841781743826000e+15
3.991739819072178125e+13
2.757652599406607500e+14
1.062963246573810547e+13
2.427560809358860156e+13
3.926483257707451875e+14
6.105938684923331250e+14
3.357589168755731875e+14
8.062553475017940000e+14
3.564847214367000732e+11
1.153161258889255156e+14
7.303149603515395164e+09
1.147282233394936523e+13
3.047264961566343359e+13
1.293421214960412500e+15
7.466670888165723750e+14
7.733108348686546875e+13
3.835621917964250625e+14
5.741644848269125977e+11
1.206080983510061646e+10
1.465121962071323500e+15
4.336598698303797656e+13
4.165850186555021875e+14
1.257986157642193437e+08
2.798208170895305859e+13
6.978377257850354688e+13
7.208025642796586609e+10
4.781361591916539307e+11
8.512730769712157812e+13
7.634576165076701660e+11
8.421071364560721680e+12
5.783962836635990625e+13
1.536248306960018945e+13
1.504608148837942139e+12
3.480722955895477734e+13
5.567331059793886250e+14
2.509653988377271000e+15
1.868738928147646875e+13
5.729176982462747656e+13
1.719763136994537339e+07
9.638113923327169922e+12
2.449424188980755312e+14
3.687062101828741000e+15
5.063931921940452500e+14
4.016482635240362500e+15
5.978541108825970650e+09
2.520547435920452188e+14
1.380837432090444750e+15
1.345158524543281250e+15
2.867479948660671875e+14
7.507546996661021875e+13
3.829081139276665625e+14
4.021542400276626250e+14
1.834974176234745312e+13
1.619862398421172798e+07
4.782171052085824375e+14
1.012695531964754297e+13
2.546266337847255000e+14
2.807678460127601875e+14
4.602425174229047394e+10
2.056101622182488800e+16
4.070579501569556427e+10
1.221523136946369385e+12
5.177528436631354375e+14
1.466823306969090000e+15
4.462901429899134375e+13
8.542994666977496445e+07
4.623828827622004000e+15
1.168309495200085742e+13
1.284894319301837500e+14
8.629759162423665039e+12
1.753944395195268555e+11
5.640901156843874219e+13
1.028620971573565292e+10
6.664904725647986328e+12
3.249676173199175293e+12
3.159265178565691406e+12
7.725457974594927734e+12
5.819555625744117188e+13
1.216044951771856689e+12
4.610555350917798828e+12
6.285118359040385938e+13
3.696723981509538000e+15
5.598038903320358750e+14
4.664955186524465000e+15
4.940753380053287964e+11
3.429160236223197500e+15
2.736929508040194500e+15
2.361730675061035312e+14
6.865653908951627016e+08
1.777753154856794048e+06
3.183140694554863892e+11
2.616104681978805500e+15
3.848549556816832812e+13
7.072084337550012207e+10
1.009382541358948730e+12
8.406276369053272461e+12
9.303754970036546250e+14
2.724035982513886000e+15
3.520335019159643500e+15
2.567851581650392812e+14
5.634595788437291406e+13
7.536277083068064880e+10
3.882999440476067364e+06
9.232409984100117188e+12
7.784392540531457031e+12
3.299459248546276367e+12
9.551759866986083750e+14
2.958156108060497500e+15
1.492701721578395938e+14
2.966637377594085938e+13
4.612663966010039375e+14
4.312205159972270508e+12
1.041280009310092188e+14
4.353101511710781875e+14
5.200092433380250931e+09
6.960350320869373750e+14
3.958071858779341797e+12
7.243964956175657227e+12
3.838519677995999336e+09
1.255280462204580307e+10
4.200176221899580688e+11
1.020000293743203594e+14
2.053246388570644750e+15
2.992065305377945500e+15
3.760189268408103125e+13
2.419310313022580500e+15
7.795012311242221680e+12
5.438308766835885938e+13
9.430907232064984375e+12
8.174102577014115906e+10
1.989107605995848438e+13
5.965189998545371094e+12
1.468521137831792603e+11
6.246425699201596094e+13
5.675603353170552500e+14
6.654494753627552500e+14
3.845446578101997852e+09
1.100332954540788281e+14
2.743416688467867188e+12
3.718862125875389000e+15
5.027232391380810547e+12
2.142317424994122656e+13
1.621408684300061719e+13
1.651084409319113791e+08
3.568727519282427344e+13
1.947078717553415000e+15
5.524075285339362500e+14
1.029606386912729500e+15
3.005241059997781982e+11
1.671835795629067383e+12
