1.121756428622495878e+05
1.109737289048109596e+04
7.910023522798277554e+03
3.710498135097106569e+04
1.022322117848600101e+04
1.546934802746728928e+04
4.682834452776329272e+04
1.875101318752025691e+04
2.306245654023252064e+04
5.771550865222136963e+03
2.945197889735207718e+04
1.170854996973176276e+04
2.446069736592042318e+04
3.657820540199302923e+04
1.102767126966532851e+04
2.170433403107351842e+04
1.481565371126665377e+04
3.322988063929195050e+04
7.870494900943161156e+03
2.713408300284804864e+04
2.378819456928535146e+04
1.267878481031534466e+04
1.820382264208023844e+04
8.751416952006104111e+03
2.405627917251819963e+04
4.089003296572007912e+03
6.823791909109322660e+03
2.439755367592528637e+04
5.013612291744558206e+03
2.536936661898435341e+04
4.277544716761125164e+04
2.513995801309026501e+04
2.429059933045905927e+04
1.784305443677416042e+04
1.953773756794391375e+04
2.512602529879119902e+04
8.582400807061776504e+03
1.118520517326530535e+04
9.839466580641315886e+03
3.740424287050766725e+04
1.742583866143093474e+04
1.013983594383349009e+04
1.852369088277640913e+03
4.558309178215378779e+04
2.258014567819129661e+04
1.578093768943661962e+04
2.437655288351861964e+04
9.659075354714601417e+03
5.767679081915327697e+04
4.641996590348158861e+03
8.721333778358206473e+03
1.329784078910019525e+04
1.612886133694145246e+04
5.086887252955780423e+04
1.417167275891335157e+04
2.466551069051595550e+04
1.660103176086374151e+04
1.216325763193048260e+04
1.241286216848575714e+04
2.494833922925527440e+04
1.467947122415722515e+04
1.018085926514800303e+04
2.638259348611755922e+04
2.122676035423023495e+04
4.668867138136639551e+04
1.392357895735013699e+04
3.356751261515605620e+03
1.453222955526345686e+04
6.050890922879460049e+03
2.427664633618439620e+04
1.347513468029805517e+04
1.707888409989875800e+04
9.371317567068212156e+03
1.796958694256689341e+04
1.555460637335811589e+04
4.581671417152341746e+04
1.710586958795810642e+04
4.917200159878801969e+03
2.447211944861403754e+04
1.908892602027236353e+04
2.824335495651568272e+04
6.728046983188679405e+03
2.604515180170412714e+04
7.201438960931132897e+03
1.501642936375263889e+04
2.212819921969601637e+04
1.322081629760559008e+04
2.591054055014044206e+04
3.319873099557762907e+04
1.252583282243138092e+04
1.370958313880046262e+04
2.189734430270407029e+04
2.017433443502352748e+04
1.538460773066576985e+04
5.809369593262299168e+04
1.533894413622385764e+04
2.779476442283549841e+04
2.824656803749142273e+04
7.372686535978738902e+03
1.711095399329088832e+04
1.688686168848554371e+04
1.188257605900645831e+04
8.686445321688976037e+03
7.998373401692087100e+03
3.588048948594375543e+04
2.185699702619977870e+03
1.727670910157515755e+04
1.916935739431307229e+04
4.333472320684653823e+03
3.303724917762029509e+04
3.622157904265179241e+04
5.221866449781255506e+04
2.247242147668112739e+04
1.389827932352727839e+04
3.813886139124574584e+03
6.030151177547197585e+04
1.704671120297667221e+04
2.311352137319735630e+04
3.789333808101186878e+04
7.302640191104161204e+03
2.622508050870758234e+04
2.008820244014572017e+04
1.230349556346607278e+04
2.094642526040426674e+04
1.279761992639172604e+04
9.527416724998347490e+03
2.079783387420539657e+04
3.871503320302518841e+04
1.768219703363642839e+04
1.638707104942716978e+04
1.703740732640583519e+04
1.136147973025426472e+04
1.022899327004463703e+04
1.012267264174612501e+04
1.903159112268689933e+04
2.124233990986302160e+04
1.710115948964480049e+04
2.775467297220803812e+04
7.372037421362954774e+04
1.042515338934860483e+04
1.909720075179206469e+04
1.800375824513895350e+04
2.917566387459057296e+03
4.249592398704132938e+04
4.884621594257504512e+03
2.462643898733047536e+04
2.570218677865768041e+04
2.485261449287881987e+04
4.345131606039684993e+04
3.322281013424472803e+03
1.430099239558516456e+04
2.214020105220883488e+04
4.793889810669474537e+04
1.494082164969080441e+04
8.598916159232188875e+03
6.652195798807660140e+03
3.146108737877817475e+04
1.737417641682804242e+04
8.531756275888397795e+03
2.710083392781196380e+04
2.771003888457391804e+04
2.672472040102963729e+04
3.339272964540181420e+04
6.453461948955603475e+03
1.598066181335956207e+04
1.241586403015290307e+04
8.777424855124918395e+03
4.107294665355147299e+04
1.719144678506451601e+04
2.045131263775552361e+04
1.594763420326689447e+04
3.263084616201424433e+04
4.594952695373555616e+04
1.056638864453657334e+04
2.866883073931834588e+04
9.965473743669705073e+03
1.743260784212224462e+04
1.014080270464906425e+04
2.090137804382768081e+04
1.242416985717722855e+04
6.458756868141817904e+03
1.230587406843011377e+04
7.295951692907843608e+03
4.426248279386106879e+04
1.098110875904823297e+04
3.202132454592505019e+04
1.204009108780021779e+04
1.329311502339061190e+04
3.829591439605455525e+04
1.986971141805643492e+04
8.990155214109699955e+03
2.831094205682678148e+04
2.518011173912979939e+04
9.011951499100776346e+03
2.438443483878552433e+04
2.292685360603229492e+04
2.471112138337113356e+04
1.038567872397545398e+04
2.270649167099002443e+04
2.647195777561079376e+04
8.857134023405804328e+03
3.865372175731827156e+04
1.582158471753573758e+04
1.664663869019188132e+04
4.833345075679403089e+04
3.147595162499602338e+03
7.026055656028933299e+03
1.147280238074486624e+04
2.869235788118546770e+04
1.080461863425946467e+04
5.474901921166539978e+04
7.527501764004905453e+03
3.345785021719253564e+04
1.920428524626541548e+04
2.589707386436061370e+03
3.495373780375100614e+04
1.823755776414130378e+04
1.622853169834021719e+04
5.576919879639192004e+03
1.194842553485174722e+04
1.440471865505142523e+04
1.115512225757260239e+04
3.089413670662266668e+04
2.774425272906089231e+04
8.801264675620290291e+03
2.386222874178234633e+04
2.374006092502984757e+04
2.236891233701787496e+04
2.625595251480496518e+04
8.761109304868759864e+03
1.158868797142056792e+04
4.460555385112441581e+04
3.304405117771931691e+04
1.248679491360479733e+04
1.407818677343380295e+04
1.870595370221378107e+04
1.439296562139049638e+04
2.774488874671328449e+04
2.546282652555119057e+03
1.928384772949761464e+04
1.392669053529122903e+04
1.673225970847503777e+04
1.349580255256097735e+04
2.817655276053889975e+04
3.556830328900998575e+04
1.291452681699361165e+04
3.148776252256819862e+04
1.369963434173980932e+04
1.498062384684807876e+04
2.500620702215744313e+04
3.682501709653205035e+04
9.588789918742857481e+03
2.667227708850545605e+04
4.125527747887401347e+03
1.156957700775098601e+04
3.424328199386923370e+04
