8.571527079658600269e+04
1.109737289048109596e+04
7.182166061253817134e+03
3.216186286078668127e+04
9.707846593379268597e+03
1.436861600112612905e+04
3.885189929357010260e+04
1.607726049685703583e+04
2.062770412949668389e+04
5.779772832751785245e+03
2.566160534546049166e+04
1.138557500087795052e+04
2.081421986704544906e+04
2.996842527736625561e+04
9.480045987847533979e+03
1.990684891527256332e+04
1.365438656579953204e+04
2.837214543444039009e+04
7.754451247621405855e+03
2.363386523536150708e+04
2.161407418741258880e+04
1.206137756978188190e+04
1.658362030125599267e+04
8.065963294775575378e+03
2.125646455932368190e+04
4.044944654561063089e+03
6.993781585002947395e+03
2.121377844932598964e+04
5.100420790846803357e+03
2.244842746904236992e+04
3.586925202492858807e+04
2.159717504610495234e+04
2.125866090366074422e+04
1.647600125101958110e+04
1.779003814251199583e+04
2.074846415735762639e+04
8.232556398994154733e+03
1.059960426969358014e+04
9.910337044865909775e+03
3.123572893599668168e+04
1.574171230145575646e+04
9.633752103826354869e+03
2.187793128441695899e+03
3.820097140215008403e+04
1.916122747541196077e+04
1.465790914283929487e+04
2.209785457809500804e+04
7.960164596506036105e+03
4.790831633926564245e+04
4.774962547241363609e+03
8.105654897980776695e+03
1.236097313760137149e+04
1.481180011963479410e+04
4.231170599609292549e+04
1.314213531676649836e+04
2.110344713608602615e+04
1.542070618148260655e+04
1.145751932448824846e+04
1.205222541467710835e+04
2.266727892407302352e+04
1.372872670809187002e+04
9.225999511787782467e+03
2.331710342608559949e+04
1.929278574466060672e+04
3.928998606047243811e+04
1.236279432616336635e+04
3.658319899922487821e+03
1.344323152460968413e+04
6.521828560514105448e+03
2.140565111240528131e+04
1.282545132820330946e+04
1.498117821755567275e+04
9.306121760479616569e+03
1.623871067843710807e+04
1.416773261835486119e+04
3.897493635453536990e+04
1.603265344836238182e+04
4.963683006742073303e+03
2.123437599989423325e+04
1.655816529840916337e+04
2.352377153107748381e+04
6.859064119912847673e+03
2.326864735112973358e+04
7.327093351187075314e+03
1.378271937221870394e+04
1.993238323935152221e+04
1.130296921131528870e+04
2.243024630668896134e+04
2.873332606931383270e+04
1.164426407475070846e+04
1.093033672554984514e+04
2.001154369929033783e+04
1.620508970408453024e+04
1.455306900696038792e+04
4.760746942086536001e+04
1.371560176404320737e+04
2.455369771743103047e+04
2.510356669479644188e+04
7.463536191546074406e+03
1.546913312781408786e+04
1.512239828109098380e+04
1.107077952013904178e+04
8.615340026832376680e+03
6.779262399761503730e+03
3.050969104961254197e+04
2.478453478826860191e+03
1.613573307934051081e+04
1.737136831698005699e+04
4.240881933255892363e+03
2.869504526166044889e+04
3.087704181382056413e+04
4.170279285000993696e+04
1.995430814607292268e+04
1.240453520528431727e+04
3.656697603637332577e+03
4.990454163430401240e+04
1.604178624892309017e+04
2.045929311063811474e+04
3.257085613230739182e+04
6.832379164035291979e+03
2.332052242288269917e+04
1.765285974168676330e+04
1.146912712351650407e+04
1.765194580043257884e+04
1.241511796207563930e+04
9.446721484184408837e+03
1.768306976580124319e+04
3.299495886915249866e+04
1.597577027370465839e+04
1.548796360908224415e+04
1.350544335083408623e+04
1.082693330508050167e+04
1.008633296676907048e+04
9.711193547917662727e+03
1.791010760153828232e+04
1.860703768448891060e+04
1.520272317097833002e+04
2.414335263843270877e+04
5.972191876339903683e+04
9.842376131626437200e+03
1.749696444393755883e+04
1.595892736633601635e+04
3.094059448732593410e+03
3.608703929901235097e+04
4.675105857551175177e+03
2.144930602196720065e+04
2.232290126075782609e+04
2.203288936734412709e+04
3.651304860805484350e+04
3.002140956262776399e+03
1.347164256623206165e+04
2.005876120365595489e+04
3.973920768714968290e+04
1.403918065242264856e+04
8.393152612824222160e+03
6.234685665717845950e+03
2.633964369148583137e+04
1.585410919147277491e+04
8.230850382390384766e+03
2.331718604506017800e+04
2.343741181277273790e+04
2.394343896347625923e+04
2.856040312058485142e+04
6.547714953405795313e+03
1.508828075531880495e+04
1.077770852485875730e+04
7.715550329039016106e+03
3.507839960560605687e+04
1.564021644699091667e+04
1.795812516550261353e+04
1.327863758410990158e+04
2.858112115094423643e+04
3.807435714540232584e+04
1.013496095826983583e+04
2.435008328412137416e+04
9.461253247844835641e+03
1.584241395824460960e+04
9.198127414817399767e+03
1.929726567428463750e+04
1.111727009298248777e+04
6.442197002552878985e+03
1.192890462624937209e+04
7.596073968621942186e+03
3.656963190448784007e+04
1.019041292805026205e+04
2.796308370322575138e+04
1.161815483693178430e+04
1.169331382383685741e+04
3.325629704320579185e+04
1.688710660796282536e+04
9.036725432439825454e+03
2.466362590553272821e+04
2.177190064567191075e+04
9.160182247495231422e+03
2.189174796799079922e+04
1.962492418977073612e+04
1.970685851712435760e+04
9.875072094041357559e+03
2.038497493912944992e+04
2.388472792130425296e+04
8.264956033246149673e+03
3.359132122200726735e+04
1.438236807899014457e+04
1.455678488854480929e+04
4.039824989310938690e+04
3.689364129094652981e+03
6.911354745642302987e+03
9.735693843169827232e+03
2.344452639690987053e+04
1.072564685736073807e+04
4.527508128922085598e+04
7.466859567196129319e+03
2.851255021746099737e+04
1.650248822724943966e+04
2.459900007288604229e+03
3.031970690063991424e+04
1.620879846448090575e+04
1.435355268831165631e+04
5.405193691286138346e+03
1.146231032882095496e+04
1.361192153896733362e+04
1.053910400405228029e+04
2.728667549301643157e+04
2.478754029440249724e+04
8.568278165745319711e+03
2.121989154452566800e+04
2.113605504649244176e+04
1.957505120752284711e+04
2.329488726076515377e+04
7.525188177602236465e+03
1.110329470138651777e+04
3.740554122743945481e+04
2.887298390094643764e+04
1.159302142893051314e+04
1.340451811815275141e+04
1.489309034025833716e+04
1.357399576535380947e+04
2.368469768570004453e+04
3.077754133528088005e+03
1.788597097900381050e+04
1.195284687156652035e+04
1.535596528010779002e+04
1.203818744680494456e+04
2.460160455313187049e+04
3.035467202128788267e+04
1.234006433872717935e+04
2.726817609221625025e+04
1.233279246484007490e+04
1.342967367735143853e+04
2.253190248501631504e+04
3.067072894245643329e+04
8.317809678371457267e+03
2.293266009563192711e+04
4.540280285793583971e+03
1.030280449399645295e+04
2.975960897179941821e+04
