1.646509644553854378e+04
1.109737289048109596e+04
9.038565836463307278e+03
1.384535297121584335e+04
1.000056075255291580e+04
1.103999822557949483e+04
1.403273598013147421e+04
1.061437824435254151e+04
1.226125494770276055e+04
9.107963348634968497e+03
1.290659799944740917e+04
1.083182300055688211e+04
1.160499664343442964e+04
1.231226094654870212e+04
9.257790740544762230e+03
1.248506953313087433e+04
1.102636042760688906e+04
1.315209072032291078e+04
9.464822476196042771e+03
1.249042134739179710e+04
1.280865445518147862e+04
1.084591476423167660e+04
1.156423808644801102e+04
9.554649839276926286e+03
1.206140728446815046e+04
8.751074618060167268e+03
9.758077646461062614e+03
1.204170947725957922e+04
9.140829370735687917e+03
1.248617926719811476e+04
1.368895314863263229e+04
1.214726188632937738e+04
1.232389754263996292e+04
1.186439973944983285e+04
1.169908394935188153e+04
1.114337514944198301e+04
1.011214546339722801e+04
1.055224510426564302e+04
1.079356313185641375e+04
1.296508642253582548e+04
1.106520731939369580e+04
1.010066898720386234e+04
7.941443715939678441e+03
1.406233704422809933e+04
1.085975951788077509e+04
1.145139488333122790e+04
1.282392660330059516e+04
8.305871655077688047e+03
1.538806194616279936e+04
8.842828174268921430e+03
9.649164464375026000e+03
1.064313117304515617e+04
1.103882451686927925e+04
1.471625109146289833e+04
1.077329837681157187e+04
1.147915660898822352e+04
1.158451775176334559e+04
1.071159790769233223e+04
1.118291259295472082e+04
1.309392019704371342e+04
1.111553969488166149e+04
9.481571366612170095e+03
1.272448901643431054e+04
1.229307177531713751e+04
1.439949863376880603e+04
1.013457869886435219e+04
8.453367375334742974e+03
1.118008523986248838e+04
9.972454216534328225e+03
1.251360490618041331e+04
1.116539060097379297e+04
1.091234785393602760e+04
1.029046393358879141e+04
1.144632552531509100e+04
1.068352206468646000e+04
1.473258775569638965e+04
1.175256960910327689e+04
9.053653139854261099e+03
1.204424999956910688e+04
1.086242345668614144e+04
1.191263805768808561e+04
9.488754910792935334e+03
1.273534774956805813e+04
9.859463841581609813e+03
1.097009446991022378e+04
1.233756147624029654e+04
9.593589317619969734e+03
1.211758515687124600e+04
1.341541748892333271e+04
1.038302094316514922e+04
8.839166341065392771e+03
1.243824922805958340e+04
9.947039573117272084e+03
1.148185624744766028e+04
1.479758966950684953e+04
1.039151476320209258e+04
1.289165424381701996e+04
1.291558215325257879e+04
1.011685684078195663e+04
1.125327701112612704e+04
1.129031342940704599e+04
1.038072266542653051e+04
1.012291452265261069e+04
9.017644395120452828e+03
1.334982113707012468e+04
8.064497254986779808e+03
1.173855052549828724e+04
1.188399368663144378e+04
8.790350664920721101e+03
1.318442060495730948e+04
1.321727536104491628e+04
1.325592426097395219e+04
1.165985638358328106e+04
1.000256598976101304e+04
8.377265513520236709e+03
1.558278543953577355e+04
1.186580972587267024e+04
1.212103290205934172e+04
1.381915181367471632e+04
9.452397855813240312e+03
1.274018477723163960e+04
1.151843534048547917e+04
1.040202794663114219e+04
1.070402034246101903e+04
1.110723236066130994e+04
1.060093265775496729e+04
1.094423790658692997e+04
1.361698531327989076e+04
1.145844185587507673e+04
1.180526926436614303e+04
9.366073964526980490e+03
1.072222700574540431e+04
1.067957369955413924e+04
1.038689310437752283e+04
1.214765517527663542e+04
1.152499016268109153e+04
1.107112900773397632e+04
1.221945294001270486e+04
1.591573911490008868e+04
1.012475012860856441e+04
1.187046119035729316e+04
1.105734997616269538e+04
8.152460291147871430e+03
1.419893874637162662e+04
8.670253068866144531e+03
1.202993188377053593e+04
1.208860667928936527e+04
1.251974453661181906e+04
1.387709634968015052e+04
7.731619194660983339e+03
1.125504577874183815e+04
1.229064095976502540e+04
1.373283812090959873e+04
1.126095915885139220e+04
9.812958768264716127e+03
9.373101908519167409e+03
1.243659907895255856e+04
1.139498482629486898e+04
1.013624379586458963e+04
1.220879674559225168e+04
1.205174934409459820e+04
1.301569764952079640e+04
1.300996223225167523e+04
9.594494150721222468e+03
1.169044113336406372e+04
8.716787575579543045e+03
9.175630692306873243e+03
1.407042024774995298e+04
1.092134861351738073e+04
1.129534322555317885e+04
9.948507183711271864e+03
1.343876246935372183e+04
1.391906740543614615e+04
1.031153862164223756e+04
1.216090944423175461e+04
1.009395709002518743e+04
1.146690482763801992e+04
9.660542215823819788e+03
1.246214617128791178e+04
1.037704743050376055e+04
9.299300041746437273e+03
1.107507077503615255e+04
1.011418757407916564e+04
1.363270394404143008e+04
1.019712852543051486e+04
1.353389074281415924e+04
1.076968706227431903e+04
9.823663870639265951e+03
1.421048121256903505e+04
1.086598751244942650e+04
1.032753812033538816e+04
1.272115802890912528e+04
1.185600775809151492e+04
1.053967973529779374e+04
1.267765961340135073e+04
1.160463887236273695e+04
1.048020806379864371e+04
1.017538515975326300e+04
1.213914869667610583e+04
1.312908564945703620e+04
9.831112404667122973e+03
1.428629981534811486e+04
1.070298577675183333e+04
1.040834152917830397e+04
1.442258449567815660e+04
8.815106553855610400e+03
9.590626313619663051e+03
9.698649058830718786e+03
1.120191492613847731e+04
1.090324597154897674e+04
1.452807802677538166e+04
9.746180965804443986e+03
1.259817865265480032e+04
1.070622754890544820e+04
7.218635772090587125e+03
1.362134540839603869e+04
1.139475567994291305e+04
1.098479105757335128e+04
8.702285476919658322e+03
1.090709496557689454e+04
1.146677056993862971e+04
1.041650610577889347e+04
1.321588858158034054e+04
1.318191669176836149e+04
1.004257069436755046e+04
1.249859142027076450e+04
1.220683848242394924e+04
1.179222953372471056e+04
1.255869705297427754e+04
8.670096212828822900e+03
1.070047272616031660e+04
1.414241033091433201e+04
1.352502725358076168e+04
1.060704045047589352e+04
1.129784752816279797e+04
1.016318604903641244e+04
1.115576277498630589e+04
1.241158454992107727e+04
8.656669975766890275e+03
1.239535050576262438e+04
1.006357283767627268e+04
1.131240659820007750e+04
1.006793326623545727e+04
1.265147837885543777e+04
1.331283918314171751e+04
1.074414601477077122e+04
1.307433794884121016e+04
1.031345580826606965e+04
1.086311798889716010e+04
1.281197026774969345e+04
1.288643969766900773e+04
8.879427522765739923e+03
1.206645914742311652e+04
9.025868443277529877e+03
9.636208549808827229e+03
1.353390294708820511e+04
