2.880674103094504680e+05
1.109737289048109596e+04
1.433120676386914965e+04
6.264976623480331909e+04
1.374742981065430831e+04
2.166128637821516531e+04
9.428962267397721007e+04
3.655682215189989802e+04
3.660343533830987144e+04
7.660657512882349693e+03
5.133345302555306989e+04
1.405321109988019271e+04
4.913503226190417627e+04
7.863246676471116371e+04
2.336487897719685134e+04
3.132487206687805519e+04
2.247414399539684746e+04
6.327612156672689889e+04
9.018763142673731636e+03
4.767093704465901101e+04
3.567919284275538666e+04
1.709817059043017798e+04
2.806708992085127102e+04
1.556096917537607078e+04
3.978462847086643887e+04
8.494008172385834769e+03
7.378646371232107413e+03
4.437448017415939830e+04
7.250546416578295066e+03
4.217882106842563371e+04
8.229249953132026712e+04
5.014592267659550998e+04
4.524930609852354974e+04
2.620430717120449481e+04
2.886111510234319212e+04
5.546915059403131454e+04
1.430984922360238488e+04
1.681478156794371898e+04
1.033366075679113601e+04
7.584061748260816967e+04
2.694018074721406811e+04
1.411660678347752764e+04
1.734531867853441327e+03
8.739149199378886260e+04
4.358781400066871720e+04
2.354145176908148642e+04
3.603198766611798055e+04
2.247553256914302256e+04
1.128512078891928104e+05
5.693042606282854649e+03
1.516874532503122282e+04
1.961321109770811017e+04
2.320897331600117832e+04
1.016752200692560291e+05
2.039485260042045775e+04
4.636674313748348504e+04
2.364240829721220871e+04
1.866536358133117392e+04
1.517932879476516973e+04
3.747890623557142681e+04
2.012300754744694132e+04
1.758354162878779971e+04
4.433910437520042615e+04
3.243106726420938139e+04
8.818777091307575756e+04
2.429743339099810692e+04
3.188956173905472497e+03
2.321141059365300316e+04
5.086711839246411728e+03
4.350690403733227140e+04
1.788726507069472427e+04
3.340743621534223348e+04
1.062936831721853196e+04
2.871261481952482427e+04
2.422651277415708319e+04
8.328385405124597310e+04
2.242589932261502327e+04
7.724316596633392692e+03
4.667065753216546727e+04
3.569481778347019281e+04
6.088519718192207074e+04
6.688958503417580687e+03
4.075187928280368214e+04
7.657286533937162858e+03
2.287206500593250530e+04
3.728545327863413695e+04
2.788969270915509333e+04
4.705874893736462400e+04
5.874579182469654916e+04
1.814749433462598608e+04
3.511109639307514590e+04
3.121378966225787008e+04
5.030647693546707160e+04
1.950920306003206497e+04
1.192878145570803608e+05
2.519971051303174681e+04
4.539475153005954780e+04
4.453077632781627472e+04
9.578101889562345605e+03
2.759831647244272972e+04
3.013382736920658499e+04
1.851999786095701711e+04
1.041840551330775452e+04
2.201725303940632148e+04
6.770018522173634847e+04
2.507327421161422990e+03
2.298005398641157080e+04
3.165101470320990484e+04
8.737000879321100001e+03
5.630579960339118406e+04
6.587255198293569265e+04
1.191590275562944735e+05
3.562949936877490836e+04
2.291967612888017175e+04
8.399910080170622678e+03
1.193674138353093877e+05
2.187494514686252296e+04
3.926665224656205100e+04
6.693128181146566931e+04
1.446957881279961111e+04
4.192141978472437768e+04
3.681021930642727966e+04
1.808735866668366361e+04
4.299573755014818744e+04
1.515550499542699254e+04
1.227878884716060202e+04
4.288589076169002510e+04
7.018719774360241718e+04
2.940120953173237649e+04
2.110842262458760524e+04
4.470979471593868220e+04
1.648379267593846453e+04
1.246661671395033954e+04
1.517711436127078559e+04
2.357373297784146780e+04
3.787682479210509337e+04
3.111518603136090678e+04
4.733657234104716190e+04
1.553323076627806877e+05
1.490568027179717683e+04
2.779575606473850712e+04
3.101904038146905441e+04
3.565146283116963787e+03
7.834747876021618140e+04
9.258211574317918348e+03
4.404461572606486152e+04
4.576804243885621690e+04
4.179792494452930987e+04
8.273955436040506174e+04
8.016306141071373531e+03
1.993157080545064673e+04
3.332329982912781998e+04
9.429209434479285846e+04
1.993478352847968563e+04
1.102683933355814588e+04
1.427968197971314839e+04
6.560397151412937092e+04
2.647968483624841974e+04
1.368939388883658830e+04
5.030363931020114251e+04
5.614406339760641276e+04
4.086224175787961576e+04
6.177097317219695833e+04
8.348887211646766445e+03
2.074069947577960920e+04
2.283887142672242044e+04
1.874025176420115167e+04
7.377579792852277751e+04
2.530866946106141768e+04
3.566786434414168616e+04
3.699708514401563298e+04
5.368645584224627964e+04
9.336389955737089622e+04
1.392028584564461562e+04
5.572810681750162621e+04
1.443698281916662199e+04
2.772661605833750582e+04
1.839749117778057189e+04
2.914074293941630458e+04
2.444377712936674652e+04
8.710777619256899925e+03
1.489035169737100659e+04
6.490917320991587985e+03
9.149267978335636144e+04
1.832495550175675089e+04
5.648635408966420800e+04
1.463267487355363664e+04
2.460406276907870779e+04
6.444820942164683220e+04
4.151328078986435139e+04
9.230580492977553149e+03
4.992791534771461738e+04
4.578511201317753148e+04
9.115588497300932431e+03
3.842685475505139766e+04
4.636388339797177468e+04
6.173684005140775116e+04
1.432175840129236167e+04
3.482210652706753899e+04
3.960623507370828884e+04
1.572156374348733334e+04
6.517809044014146639e+04
2.442061001183768167e+04
2.989496576526614081e+04
9.359832379229563230e+04
2.114515818016378944e+03
9.992174304224699881e+03
2.834847794949083982e+04
6.379868946635792963e+04
1.152567907055174874e+04
1.086110409641759325e+05
9.220381521920526211e+03
6.071055530230556178e+04
3.689428572380926926e+04
4.603509006674430566e+03
5.976629622728362301e+04
3.289568969432039012e+04
3.093451450365942219e+04
8.074962717992877515e+03
1.678013261271097872e+04
2.130173080604903953e+04
1.607255037565453131e+04
4.950572905107906990e+04
4.351691264522312849e+04
1.198517863680115988e+04
4.060146974457244505e+04
3.867572482167994167e+04
4.050530276843495085e+04
4.177678714345913613e+04
1.907729429362051815e+04
1.521879274611601977e+04
8.689062874775500677e+04
5.524017100823878718e+04
1.932020084736372883e+04
1.810669246204408773e+04
5.264982664028980798e+04
1.909470379891592893e+04
5.515948948477348313e+04
1.677687391220483732e+03
2.938047511452238177e+04
3.067256187141544433e+04
2.457870302516884476e+04
2.387077756237436188e+04
4.844371840209412767e+04
6.552665556177641702e+04
1.614209653063733276e+04
5.557897990392200154e+04
2.286411676569082192e+04
2.713776517871532633e+04
3.856871416215836507e+04
7.578345661985517654e+04
1.959300780690470492e+04
4.945897084938891931e+04
3.238270023138951274e+03
2.069442804674919535e+04
5.827799835795006948e+04
