4.119301703378581442e+05
1.109737289048109596e+04
1.904996910024460522e+04
7.719676905431834166e+04
1.601552477797532447e+04
2.568695209052277278e+04
1.249728313350226817e+05
4.874709599259382958e+04
4.490151877492305357e+04
9.706881811082903369e+03
6.529595225681238662e+04
1.594307693478470173e+04
6.682768566559272585e+04
1.069993058637061185e+05
3.255731575034587513e+04
3.745052762955634535e+04
2.774247018424942871e+04
8.362587666273469222e+04
9.972923101513990332e+03
6.079467877964022045e+04
4.331044796797110757e+04
2.050139673672206118e+04
3.476296381323592504e+04
2.107320936254903791e+04
4.956138546711622621e+04
1.325803380263813233e+04
8.472978490811430675e+03
5.783902675075383013e+04
9.820977117915914278e+03
5.297856939841710846e+04
1.069051126001647790e+05
6.889936306094685278e+04
6.103193085250622244e+04
3.189068715091224658e+04
3.448683022143643029e+04
7.711298376501805615e+04
1.991933564082094381e+04
2.165327433699058747e+04
1.120454202990162594e+04
1.019091807131134265e+05
3.273666435032747904e+04
1.693131038716406329e+04
2.182747152098570950e+03
1.132040928685138060e+05
5.716533177607823745e+04
2.938860245713001859e+04
4.284211947516153305e+04
3.162566892395278046e+04
1.469304094621858094e+05
7.004130884906513529e+03
2.052602052255006492e+04
2.410860019918306716e+04
2.730086525548104692e+04
1.348275082032752689e+05
2.444732566390601642e+04
6.047641009575107455e+04
2.830733472792532484e+04
2.439788750694270493e+04
1.738007514180113867e+04
4.567758689205059636e+04
2.345175735154344147e+04
2.303633138232749116e+04
5.613627439291093469e+04
3.979428496531901328e+04
1.137163445514199557e+05
3.118269212330237497e+04
3.643432410854857153e+03
3.022470576533920757e+04
5.366099091991462956e+03
5.760376823903890909e+04
2.110427797936247589e+04
4.636713668092821899e+04
1.201896672206141557e+04
3.583052338491862611e+04
3.038925634810299016e+04
1.059682806813641801e+05
2.543715479880981729e+04
1.092137794511679931e+04
6.327036100046907086e+04
4.709089651089491235e+04
8.448510007852388662e+04
6.898552354691613800e+03
4.962504113906830753e+04
8.342223067520608311e+03
2.808850538111240894e+04
4.934680427675553801e+04
3.881887378126497060e+04
6.094171970682646497e+04
7.490380655310934526e+04
2.182424428707411789e+04
5.091061131915610167e+04
3.631659630398009176e+04
7.309060472879261943e+04
2.174664608953586503e+04
1.580190279497786250e+05
3.148791701720128913e+04
5.599165128907351027e+04
5.426459766606416815e+04
1.242416102392789617e+04
3.470057498438529001e+04
4.028119440471463167e+04
2.388049835516122403e+04
1.221307737172400630e+04
3.459772143786399101e+04
8.827314832643956470e+04
3.343608678173670796e+03
2.617397064809919539e+04
4.120675133964649285e+04
1.320683212352445844e+04
7.021175256565790914e+04
8.376179651902096521e+04
1.644437580223555851e+05
4.315727363232663629e+04
2.846704518587692655e+04
1.288676521140990189e+04
1.560048681947926816e+05
2.444893694123353271e+04
5.007918818857339647e+04
8.441061671740579186e+04
2.138634619058548196e+04
5.137776609142118832e+04
4.892136318092090369e+04
2.221454013482709342e+04
5.818981114558275294e+04
1.699147854417165945e+04
1.548004021970293070e+04
5.917966870181584090e+04
8.909717562942576478e+04
3.802280658672746358e+04
2.398680394368423367e+04
6.576873493728188623e+04
2.080984400780077704e+04
1.476828873393558206e+04
2.002039700927816375e+04
2.589191952259404934e+04
4.906796757642179000e+04
4.188615750951049995e+04
5.899266087291404983e+04
2.070349674177029519e+05
1.804686195715652138e+04
3.303390156538612791e+04
3.970536005687859142e+04
4.367344543309924120e+03
1.003661152360013075e+05
1.334515595959774146e+04
5.690129005423522176e+04
5.869500131134951516e+04
5.320150653215757484e+04
1.069505985825872922e+05
1.197441534944727573e+04
2.405389576263674098e+04
4.014701376572703884e+04
1.227448464139557473e+05
2.294830130549549358e+04
1.322407798376553183e+04
2.197480404497824929e+04
8.989165639435962657e+04
3.243678016294251574e+04
1.873665535081844064e+04
6.564035833587961679e+04
7.629363233108750137e+04
4.886523400313448656e+04
8.008959251794400916e+04
1.088209526192911289e+04
2.359197642405151782e+04
3.040694801604034001e+04
2.664320831561878003e+04
9.344956793661294796e+04
3.012416066410746134e+04
4.558881483148415282e+04
5.315822496577401034e+04
6.584335598632766050e+04
1.243093896518778638e+05
1.639825782923556835e+04
7.391513756582049245e+04
1.791727578141879349e+04
3.487333752302154608e+04
2.495742787866038270e+04
3.411954902526643127e+04
3.445585920781987807e+04
1.137352109915117580e+04
1.675811707285825833e+04
6.336866844476726328e+03
1.228093755738181499e+05
2.454232766377320149e+04
7.330413511353690410e+04
1.644121547310837923e+04
3.265530193120333934e+04
7.948350820621479943e+04
5.760024452575957548e+04
9.586076834959261760e+03
6.407991471895563154e+04
5.928204578605037386e+04
9.791065296557422698e+03
4.741269881976238685e+04
6.380535272574721603e+04
8.930552652577482513e+04
1.711121913533929182e+04
4.176675165627447859e+04
4.731265519641210994e+04
2.174013848414780296e+04
8.078327312894219358e+04
3.019768292333854697e+04
3.854589380645666097e+04
1.217551153729246871e+05
2.483725398902507095e+03
1.287760537078118250e+04
4.267791955329348275e+04
8.831721653016623168e+04
1.206956130621641205e+04
1.422263524101030198e+05
1.071203831544545210e+04
7.703642488918374875e+04
4.888091963998060965e+04
6.286832369246729286e+03
7.441623729133876623e+04
4.393729968313525023e+04
4.240417244817267783e+04
1.005896101778425509e+04
2.125799618007432582e+04
2.747954991050843819e+04
1.972282513404327983e+04
6.059385825413066050e+04
5.316154958945582621e+04
1.489984025752620437e+04
5.242536215462176915e+04
4.839216799761336733e+04
5.318367191342007573e+04
5.080987590262884623e+04
2.690881292905338341e+04
1.784186713103491638e+04
1.140820372001176875e+05
6.833947385198129632e+04
2.437388341124821090e+04
2.078594590673073253e+04
8.122911090619019524e+04
2.209084836139299659e+04
7.494899549958226271e+04
1.974536089525214720e+03
3.786841967833469971e+04
4.417813505410151993e+04
2.939353195675299139e+04
3.142916359986674797e+04
6.109546037681587768e+04
8.432370400407916168e+04
1.842518877309464369e+04
7.072429650773579488e+04
2.902475745920059489e+04
3.655354296190712921e+04
4.725796973863097082e+04
1.024441918944007193e+05
2.695937281460581653e+04
6.440795138661065721e+04
3.178660812123217056e+03
2.705044273221357435e+04
7.256372452925347898e+04
