2.593286926520667970e+06
1.109737289048109596e+04
9.192687283779974678e+04
2.509975488776152488e+05
4.769556792853507795e+04
1.091049690653491562e+05
5.913826457775352756e+05
2.426674009625882900e+05
1.613760883261868439e+05
6.838769499006938713e+04
2.812876685627144761e+05
6.869556812170878402e+04
3.954613294323449954e+05
5.588264550689794123e+05
1.956278242295503151e+05
1.549441493159754318e+05
1.149177757691863953e+05
4.331160946799696540e+05
4.793148926499064692e+04
2.557550369418519549e+05
1.838017619216942985e+05
1.011759571571142005e+05
1.600171219989787496e+05
1.259313202838988509e+05
1.983522766929286881e+05
1.353771998149241263e+05
4.983758039499896404e+04
2.772150289634969668e+05
7.209229627901052299e+04
2.293151603782220336e+05
4.531513463137079380e+05
4.499330562551856856e+05
3.982145224993034499e+05
1.329445084167791356e+05
1.246115604640640668e+05
4.502913196083559887e+05
1.578344192806219799e+05
1.349184894884947571e+05
4.459045879783463897e+04
5.516955832279826282e+05
1.151806777967769740e+05
5.985831482824236446e+04
2.338164814414582725e+04
4.695940186283172807e+05
2.558429396469301719e+05
1.559583179469105089e+05
1.409474764971516270e+05
1.897296962711982487e+05
6.203909690781551180e+05
4.253127040941586893e+04
1.269990510740256577e+05
1.128216856142655015e+05
7.980512622039603593e+04
6.666066874099896522e+05
9.392603731648338726e+04
2.743612677918653353e+05
1.086498185297343443e+05
1.752154891442616354e+05
6.640358782833475561e+04
2.063228003566349798e+05
6.844787570399887045e+04
1.266980165041072469e+05
2.584705231461856456e+05
1.690941615300260019e+05
4.696860858442115132e+05
1.294195110989882087e+05
3.226567363857528471e+04
1.882906367179840163e+05
3.548543433256584831e+04
3.420000127288469812e+05
8.551807633906061528e+04
3.337348698783619329e+05
6.451743553541248548e+04
1.466566711115954968e+05
1.725809069102652720e+05
4.175481995916770538e+05
6.906637266708769312e+04
9.569001798255168251e+04
4.182725958742302610e+05
2.371900723311183392e+05
5.138952982166516595e+05
2.308469103453758362e+04
1.876807604656915646e+05
2.362992314461748174e+04
1.075848176699850737e+05
3.614611721240470652e+05
2.426676165383340267e+05
2.780886229085735977e+05
3.181501435496881022e+05
8.005911891761315928e+04
3.283801164351612679e+05
9.283754299240985711e+04
5.114871510998819722e+05
4.620894301327940047e+04
7.166959196728041861e+05
1.273069468339049345e+05
2.012335908713098033e+05
2.134646578881077003e+05
9.518810043539982871e+04
1.508163601868473925e+05
2.433721223745339084e+05
1.492814135775497707e+05
6.510317515407750761e+04
3.273941995648118900e+05
4.031270288804185111e+05
3.170102118071131190e+04
6.760766928724048194e+04
2.568769714585017064e+05
1.139379629374840879e+05
2.680677066982445540e+05
3.161288302888654871e+05
8.941322062720868271e+05
1.407098342751000309e+05
1.010356346238608094e+05
1.177351774814165110e+05
6.668728576450109249e+05
5.160708800159938983e+04
2.350632337841650296e+05
3.205997054927396239e+05
1.956079315105664718e+05
1.843755514359476510e+05
2.754416856044442393e+05
1.024439733482638985e+05
3.027241319284690544e+05
7.323077422874131298e+04
1.173374557129102031e+05
3.757776107109067379e+05
3.350089316537459381e+05
2.107582574192653701e+05
7.117589496517546650e+04
4.646794376519923680e+05
1.142437306574666436e+05
8.275372407796357584e+04
1.525250775341956760e+05
7.816771811988980335e+04
2.302083973703406518e+05
2.713192893956497428e+05
2.180466173080310982e+05
9.622243796674249461e+05
6.418646696278242598e+04
1.059582423248819541e+05
1.742983355533309223e+05
2.263497102641532547e+04
4.048606740738859517e+05
1.041987554344925156e+05
2.640635013339404832e+05
2.556860047441685747e+05
2.580913015175284818e+05
4.371417297319027712e+05
9.444077632783033187e+04
1.072966688929764059e+05
1.471184442200408084e+05
5.113439950461375993e+05
6.495718807943783031e+04
7.642497644610938733e+04
2.242241005632479500e+05
5.331403019563166890e+05
1.306676334841570497e+05
1.400075580308827048e+05
3.072947018617673893e+05
4.407066665735673159e+05
1.456402723346325802e+05
3.690589815347681288e+05
9.619950294801313430e+04
6.367158792696695309e+04
2.361930941308287729e+05
1.720021843683054321e+05
3.593985936508114100e+05
1.154375532744298107e+05
1.984264698960647220e+05
3.660420161126566236e+05
2.206874366934925783e+05
6.017343131380924024e+05
6.459551510962750763e+04
3.696267607406455791e+05
8.417580627702508355e+04
1.604672152273071115e+05
1.596704104461685638e+05
1.183306933149563120e+05
2.488521514831538661e+05
1.052335713872204215e+05
5.256222701664290798e+04
1.136571006014472732e+04
6.200189434607863659e+05
1.706320698507517518e+05
4.005137090996203478e+05
5.953075919300140959e+04
1.785733045077894931e+05
2.643733863131391699e+05
3.656074032084838254e+05
2.323411456934050148e+04
2.959846161094923737e+05
2.747305747494333773e+05
4.578369370916196203e+04
1.980173030518707528e+05
4.074673251444339985e+05
6.008375270353644155e+05
6.150949188562632480e+04
1.270196720424297091e+05
1.650252862102980143e+05
1.513717508851433522e+05
2.957204818603581516e+05
1.492600932512715808e+05
1.645714205553132924e+05
5.157489949428538093e+05
4.725293049559539213e+04
7.878032270776544465e+04
3.553700239312240155e+05
5.053240147057591239e+05
2.067416738253984295e+04
6.376458620839284267e+05
3.614631582230589993e+04
2.912949550612918683e+05
2.375159704901993682e+05
6.912492828015456325e+04
2.626226206177779823e+05
2.651974012550738407e+05
2.746050048126450274e+05
4.832696495857142872e+04
1.471337368165248481e+05
1.990058715058151865e+05
8.232996009741528542e+04
2.416027189220320724e+05
2.062746765107327374e+05
8.462054795313520299e+04
2.826065386708426522e+05
2.221472002994108771e+05
2.816999574078747537e+05
1.704902351553569024e+05
1.766746693187160417e+05
6.212634584223533602e+04
5.304869309394136071e+05
2.400753156051384867e+05
1.125701341417983931e+05
6.850747408429367351e+04
7.359977368852711516e+05
7.333685021714286995e+04
4.473326221978107933e+05
2.645546767606844514e+04
2.746314081085385405e+05
3.307783486367011210e+05
9.512215603882176219e+04
1.804315123822347960e+05
2.469331125990609871e+05
3.536696852281393949e+05
8.672067282311581948e+04
2.946230216092605260e+05
1.207592860825774260e+05
2.231937565427272348e+05
2.075667985065468820e+05
5.625572333387890831e+05
1.625066712518922868e+05
2.964823059926166316e+05
1.331204503597231997e+04
1.290654956621049787e+05
2.643209869528036215e+05
