2.172739603394629806e+07
1.109737289048109596e+04
6.379622017808303935e+05
1.263370337830381235e+06
3.427267222917780164e+05
1.248331501039231662e+06
4.110259853303047363e+06
1.742541556643925374e+06
9.944121762070576660e+05
9.421694739539596485e+05
2.030377652127516922e+06
8.653634317681366811e+05
3.524185674746839330e+06
4.037708061385564506e+06
1.642938018058128888e+06
1.541590394747011364e+06
8.396015974265829427e+05
3.534794559213750530e+06
8.992747681697346270e+05
1.682275136681422824e+06
1.714848298308948288e+06
1.152554378895323025e+06
1.491818046890121885e+06
1.075073852091486799e+06
1.489990511699162889e+06
1.552570402574039064e+06
7.062064729346964741e+05
2.044939239604040748e+06
7.512984123216571752e+05
1.822034907782663126e+06
2.841172930910594296e+06
4.360071460277461447e+06
4.118278790608693846e+06
1.072787822325726505e+06
1.071171384323258884e+06
3.527785265209988225e+06
1.652712003205630928e+06
1.422830199949970935e+06
5.300715148673017975e+05
4.636273334914647043e+06
8.163096739596640691e+05
3.905156494630242814e+05
5.437960106904675486e+05
2.857063197405808605e+06
1.720486234446507879e+06
1.589783980750612216e+06
9.824936388487606309e+05
1.737690367016785080e+06
3.819632655953065027e+06
5.814302262825036887e+05
1.131141988465864677e+06
1.122696731138118077e+06
5.121187823737303261e+05
5.112566002977453172e+06
8.371617425935526844e+05
1.923581197012005374e+06
8.674602118882498471e+05
2.118217962625388522e+06
6.078506231641864870e+05
2.053639437116313260e+06
3.936978490854504053e+05
1.255972514102050569e+06
2.160403224657484796e+06
1.427928651088495739e+06
2.943354970225322992e+06
7.932959775310924742e+05
7.073350015892121010e+05
1.945790570919020567e+06
5.352183902102321154e+05
3.288528265264168382e+06
7.720379558593785623e+05
3.552818803692382295e+06
9.741368201854500221e+05
9.941624367305765627e+05
2.144319685778402723e+06
2.581300691823207308e+06
5.037822188630023156e+05
1.127858532210227335e+06
4.413734696760904975e+06
1.867325206767080817e+06
4.338957679901483469e+06
4.655375914344740449e+05
1.502557103198270313e+06
1.888478860866699542e+05
7.061863385864763986e+05
4.531048795761995949e+06
2.196564413029877469e+06
1.984882929546549451e+06
2.189346055496747140e+06
6.431735023063980043e+05
2.711227520078818314e+06
3.844160724342620233e+05
4.683608564050003886e+06
1.930357468786368554e+05
4.635952096737432294e+06
1.004112860519694397e+06
1.221707779518035939e+06
1.922444068510009442e+06
1.074452851079580840e+06
1.110311049241212429e+06
2.222507211149225011e+06
1.694236275421457831e+06
8.280336348813087679e+05
3.511622368702094536e+06
2.799613934379614424e+06
5.815497814357817406e+05
4.085790114232609048e+05
2.784490484875793569e+06
1.122943888937080745e+06
1.890031545940287644e+06
1.724992071370925987e+06
6.620359675682553090e+06
9.434070068455236033e+05
6.546214114524077158e+05
1.320129295057760552e+06
4.102341700370381121e+06
1.869634603682644374e+05
1.920306764346359298e+06
1.927269979481937597e+06
2.226344644561522640e+06
1.187881998175589833e+06
2.409859574105079286e+06
1.013866082950957119e+06
2.197170017555634957e+06
9.923274626382656861e+05
1.498094222009683028e+06
3.541749789291300811e+06
1.844633693911800161e+06
2.009247351137995254e+06
5.392241153404244687e+05
4.144786200707854703e+06
1.051836096314359223e+06
9.991640528281717561e+05
1.853890662541834405e+06
1.035978297230851720e+06
1.703516211457621772e+06
2.783846912979880814e+06
1.454356061488126405e+06
6.458058049018925987e+06
3.814098142934906064e+05
6.527774130697110668e+05
1.202962625040169572e+06
3.859587987092405092e+05
2.458875361828085035e+06
1.113605087015405297e+06
1.976884571063760202e+06
1.792962738312472124e+06
2.267219875850212295e+06
2.577634280602285173e+06
1.124295488873595372e+06
9.950811327296053059e+05
1.152304736328667495e+06
3.147469072957099881e+06
4.023199229327884386e+05
1.058069427288590930e+06
2.624737041558983270e+06
4.617892182525869459e+06
1.031288383337379550e+06
1.410165457770773442e+06
2.201548873966524377e+06
3.776026414622382727e+06
7.250317907956686104e+05
2.775226318608727306e+06
1.343414182172545465e+06
3.648152819945561932e+05
3.665649541325342376e+06
1.417937861432781676e+06
2.184010797418180853e+06
1.261252277504546801e+06
1.423908391725630965e+06
3.320339531526592094e+06
1.262486018603170989e+06
4.242566357575783506e+06
6.111932132503066678e+05
2.778704020906751975e+06
7.351930133971809410e+05
1.291787819305405719e+06
1.587471998501632828e+06
1.011678352202438167e+06
2.397869907867897768e+06
1.628944997351811267e+06
4.161774070265220944e+05
1.348500955160519807e+05
4.534136089858480729e+06
1.889050490448405035e+06
3.920792560908881482e+06
7.087790970259616151e+05
1.647687243078057887e+06
1.371752206966891419e+06
3.319178854530921672e+06
2.878813298369731056e+05
2.310587268038450275e+06
2.093225696682207054e+06
6.674622884481970686e+05
1.616048245399542619e+06
3.821010511585895903e+06
5.186605010267116129e+06
4.364321596884402679e+05
6.781031391003918834e+05
1.291053309219852090e+06
1.436392794324014802e+06
1.950436996443773853e+06
1.712431096608694410e+06
1.089409700068921084e+06
3.171056172101090662e+06
9.875333088337733643e+05
7.914600834153665928e+05
3.542739011267414782e+06
4.022498769612051081e+06
8.063368760345381452e+04
4.536354440557182766e+06
2.453190799162301118e+05
1.731794991968186805e+06
1.695702941759429639e+06
1.532430153452910716e+06
1.435110712558232713e+06
2.486728659704976249e+06
2.543192744232709054e+06
5.755794814534174511e+05
1.822629548904181458e+06
2.458148159503136761e+06
5.951496331542149419e+05
2.191427030357513111e+06
1.639813149284978630e+06
9.086621424708007835e+05
2.660397389647897799e+06
2.056529433754950995e+06
2.417506270785578992e+06
1.069073505092130974e+06
1.746007312694255030e+06
4.288657708993504057e+05
3.763115473207300529e+06
1.377424440572467633e+06
8.353223440874770749e+05
5.528687671899028355e+05
7.923209834852048196e+06
6.217014047692589229e+05
3.972435971537220757e+06
4.872227052839156240e+05
3.514930823477258906e+06
3.306264693376605399e+06
5.607248642331060255e+05
1.829090869323390536e+06
1.672299984351773048e+06
2.239463156112305820e+06
1.294786051133120432e+06
1.985642269166139886e+06
7.876738063146802597e+05
2.004774904841748998e+06
1.987145351796311559e+06
4.656228635871512815e+06
1.560809334186140215e+06
2.098412404217483010e+06
2.853620171682804939e+05
9.967981323632122949e+05
1.605677863817350939e+06
