9.046906254645816716e+02
7.417754941044280486e+02
6.857340812013178493e+02
7.910814351941162386e+02
7.926647874112760519e+02
7.254330869378610487e+02
7.392809983346262470e+02
7.663048469869281689e+02
8.077542174532504760e+02
8.438366500148136993e+02
8.327546977778156361e+02
7.282541858716539309e+02
8.036046479224519317e+02
7.592739150743564096e+02
7.254621272086241106e+02
8.095465635068967458e+02
7.612005730124420779e+02
7.352956896198177219e+02
7.353961758357146437e+02
8.126111068273989986e+02
8.271276599253567383e+02
7.873775264186984941e+02
7.492154738801358462e+02
7.237868909617525333e+02
7.982612917113790445e+02
7.803772405407529504e+02
8.010293194358879418e+02
7.230404273995783342e+02
7.086193359138069354e+02
7.746935363300825657e+02
7.873142089488150077e+02
8.139928124285352169e+02
7.848095818759614986e+02
7.019190826468641262e+02
8.436816638513441831e+02
7.542006972700655751e+02
8.337834203391788606e+02
7.599646773826508479e+02
6.992135901528182558e+02
8.410381264647830903e+02
7.953470674888003487e+02
7.789180339109100260e+02
7.144932793351787268e+02
7.881958163298834279e+02
6.965291585763933426e+02
8.158688163572917347e+02
8.567150178210980584e+02
8.473843369800072196e+02
8.095368741571193141e+02
7.600795685207260703e+02
7.667548154524500887e+02
8.256219551955185807e+02
8.058330010188001324e+02
8.000544337921212446e+02
7.201216323786711655e+02
8.141410875372387181e+02
7.426256080773684971e+02
8.153687161399654997e+02
7.375945075152259278e+02
8.543232783604736369e+02
7.386341049124232541e+02
8.036864914270306599e+02
8.869583195709612937e+02
8.031738068205108902e+02
7.821001834491587488e+02
7.694036700372316773e+02
8.010333043031895386e+02
6.978333114541858322e+02
7.601362886164660040e+02
7.918544416680894074e+02
7.560170707225113347e+02
8.536243649461679297e+02
7.704438447589997168e+02
7.071289984049410577e+02
7.235929022431641897e+02
8.136160007899364928e+02
7.862245056877140996e+02
7.833176924192933939e+02
7.520005768816749878e+02
7.827054036386027747e+02
7.109818538567842552e+02
8.084111487091737445e+02
7.656697843245177637e+02
7.779483941862655456e+02
7.452991768403195465e+02
8.214976114536993919e+02
7.497773133529441338e+02
7.956056325910531086e+02
7.540907203581125486e+02
7.694773189163736333e+02
7.407195260621759871e+02
8.044824480459454890e+02
7.607815191780874784e+02
7.391426993539319028e+02
8.190352912612195269e+02
7.550418205763168089e+02
7.110159350981573425e+02
8.406004081589290990e+02
7.427546949001065286e+02
8.463400894251026330e+02
7.580289758574783718e+02
7.342327278796155952e+02
7.466771068977585628e+02
7.707522544491042709e+02
7.666597034568155777e+02
7.827875377478671908e+02
7.391001605316160976e+02
8.021274279956473947e+02
7.993138259346475252e+02
7.197276020377538543e+02
7.596755567223783601e+02
8.027718167941280853e+02
8.265639140916537144e+02
7.772037333649606126e+02
7.517261499829622835e+02
7.753743854213053055e+02
7.308180058392738374e+02
8.093015729978905028e+02
8.162777050916226926e+02
8.418754370463111627e+02
7.748217224660913871e+02
6.945294801347043858e+02
8.259080397119256531e+02
7.872357077049118743e+02
8.580576902192640318e+02
7.487687280607318598e+02
7.255638873159558671e+02
7.883941974793065128e+02
7.317646223906995147e+02
7.685389858312133811e+02
8.321401369554956773e+02
7.879397074676631973e+02
8.393100860692915148e+02
8.083541302673007749e+02
8.256289706735494747e+02
7.278684395002105703e+02
7.705523901142507839e+02
7.683120050092298925e+02
8.446666053012286284e+02
7.167931131147634005e+02
8.972573894818990539e+02
7.926833998108778587e+02
8.011226062081086638e+02
8.363364613764679234e+02
7.275627187099486264e+02
7.916272873447605889e+02
7.655916955384714129e+02
7.929509958647336134e+02
7.761100705707260659e+02
8.134046328062141811e+02
7.858353668233528424e+02
8.203755777652149845e+02
8.421723515358227132e+02
8.149820771307705627e+02
7.193086226094512767e+02
7.154278527529381790e+02
8.059984299768713072e+02
7.182106980114597263e+02
7.318215132916551511e+02
8.183836027834878450e+02
7.313072891234115787e+02
7.807847984599637812e+02
7.878209327451336321e+02
8.037082782150718003e+02
7.319918276074650976e+02
8.578565587727050570e+02
7.016902929416725101e+02
8.000405877966743446e+02
8.439897122016189996e+02
7.360445388537007148e+02
7.697644674889268117e+02
8.092309910561723427e+02
7.754065492780982822e+02
7.489445905865537725e+02
7.730822830659740248e+02
7.667861474037101743e+02
7.430237191373068981e+02
7.940003174386157525e+02
7.678295443318754678e+02
7.268360054455712316e+02
7.681411795035891146e+02
7.846929325408278828e+02
7.812785178084733388e+02
7.919934931871792969e+02
8.424104130280045410e+02
7.966011382548314259e+02
6.950709194439737075e+02
8.703913273517273410e+02
7.833771347698193495e+02
7.359939422633797221e+02
7.815006543046406478e+02
7.626358675722516409e+02
8.378608188513550203e+02
8.067510921614700692e+02
8.139006826527117937e+02
8.127703677410897853e+02
8.174975915086490659e+02
7.353359315875271704e+02
7.078339301269703583e+02
8.031628215731582259e+02
7.613965263355868274e+02
8.070819328832990323e+02
7.789288209034016290e+02
8.310936251896737303e+02
7.478360527724238409e+02
7.855171565668673566e+02
7.056882841661720249e+02
7.376244613904914331e+02
8.258153012041128704e+02
8.472730285126945091e+02
7.932771455536902749e+02
7.432465660862335426e+02
8.128898265974074775e+02
6.966801531394702351e+02
7.716862923264832261e+02
7.872403993855568842e+02
8.266524488819611634e+02
7.963753581473148415e+02
7.156207061137970413e+02
8.539683510552614507e+02
7.719312679724731652e+02
8.112712704425229049e+02
8.749461258904532315e+02
7.508834598394158775e+02
7.630763180634321543e+02
7.414160360852969234e+02
7.213453877320425818e+02
8.662779586340797096e+02
7.501565659682718206e+02
7.413476080878396033e+02
7.538420581890726453e+02
8.123150734257709473e+02
7.168267505134823523e+02
8.179824312681045058e+02
7.311317597680321114e+02
8.172595470962423860e+02
8.412783954437809371e+02
8.595561244948887634e+02
8.126014621322646008e+02
8.305870754205790263e+02
8.018136673518069983e+02
7.634788034651612634e+02
7.324879580411630968e+02
7.986493796009198149e+02
7.539491486175896853e+02
8.129016492605160238e+02
8.867528002704973460e+02
8.726834284981844121e+02
6.869589783541473480e+02
7.987056756097974812e+02
8.163604798360945551e+02
7.562371477930417996e+02
7.431979645045016696e+02
8.150682210108539039e+02
6.809341762132726217e+02
9.225863763339273191e+02
