7.475425171067937526e+02
7.417754941044280486e+02
6.643808915947421383e+02
7.762274231738516619e+02
7.271091418480750690e+02
7.649641421865433131e+02
7.518123684069960291e+02
7.505122564637788400e+02
7.369812299934641260e+02
7.457935647748900010e+02
7.130811191442368226e+02
7.325115887092091498e+02
7.183458287116577594e+02
7.442511146433498652e+02
7.264316543496038321e+02
7.765336644342893351e+02
7.580674142241965683e+02
7.032315832598916359e+02
7.383224716083345811e+02
7.540842294456444961e+02
7.726890341437434699e+02
7.484180693906445185e+02
7.104089993408113060e+02
7.585216872483570114e+02
7.260684869768670069e+02
7.504693684320310467e+02
7.967403907464513395e+02
7.376896484103556304e+02
7.352816986418820306e+02
7.852166939134876884e+02
7.366757750313098541e+02
6.779560966429843347e+02
7.269734861435744051e+02
7.018927745810883607e+02
7.533254504870574237e+02
7.293029530636089248e+02
7.205555020239594342e+02
7.477311040853355735e+02
6.940804212359790881e+02
7.681609936013500146e+02
7.367103446600027610e+02
7.229350132252900494e+02
7.280469878972141942e+02
7.415017263952800022e+02
7.520936915465739503e+02
7.150544406432562710e+02
7.647886487059324736e+02
7.117507738313385062e+02
7.725864166880414814e+02
7.623320179895273441e+02
7.279595398963140269e+02
7.913134870588629610e+02
7.364515541448968179e+02
7.176613318202284972e+02
7.029616287525071812e+02
7.717857742334915656e+02
7.062436326809356615e+02
7.342643955728276524e+02
7.356020334541158263e+02
7.778551610026653407e+02
7.517545163635008976e+02
7.411757530588348573e+02
7.143936492405298395e+02
7.491099012442239200e+02
7.392335850402985216e+02
7.811809657003663006e+02
7.823578104722747639e+02
6.879871102218810393e+02
7.457804181426823789e+02
7.074306297186851680e+02
7.150192429424910188e+02
7.578781457211166526e+02
7.339967043065851158e+02
7.121206131147756651e+02
7.444259880076767786e+02
7.671222675330357106e+02
7.187122277976041005e+02
7.533801631664709930e+02
7.582556687720034461e+02
7.146351675680225526e+02
7.263806573477536404e+02
7.358444673751129130e+02
7.139396865560502192e+02
7.672853395671900216e+02
7.365116962432148284e+02
7.839935993174560735e+02
7.548283533770456870e+02
7.279089249432641964e+02
6.706308794496542305e+02
7.325796948062910587e+02
6.703660735967395112e+02
7.074668865517148788e+02
7.334660552093494061e+02
7.068117976017324509e+02
7.424856642750592073e+02
7.276144638214153701e+02
7.151205584748106503e+02
7.591633815299929893e+02
7.457844641528587317e+02
7.155990917419371726e+02
6.868430662669456979e+02
7.211048194983355870e+02
7.265708445665560475e+02
7.147349918164170504e+02
7.348108621004263341e+02
7.604094658782059923e+02
7.236012191557858841e+02
6.894849293435877371e+02
7.073008170092521141e+02
7.756813949043623779e+02
7.456752437780372702e+02
7.643232743747432778e+02
8.156960834142571457e+02
6.933290729346472290e+02
7.487902350284651902e+02
7.468966421028482046e+02
7.394725408355175205e+02
7.478681627194276871e+02
7.642168536060455608e+02
7.575301897910416074e+02
7.854024697555959165e+02
7.304352324009306585e+02
8.055203190836195972e+02
7.461177853013165304e+02
7.467341598666976097e+02
7.574845229354857565e+02
6.639114276826868490e+02
7.524885641731623309e+02
7.373479107506865375e+02
7.157501829739626373e+02
7.344049315121367272e+02
7.156127633233919596e+02
7.338542798935765177e+02
7.150110655230956809e+02
7.679771951136883672e+02
6.959469736868820746e+02
7.407849529765485386e+02
7.517625647918737286e+02
7.446981244955197781e+02
7.768410212030919411e+02
7.771557033013109503e+02
7.367399955649531194e+02
7.104685922579413955e+02
7.053711664739378193e+02
7.347074670179690656e+02
7.128463985459943615e+02
7.378330887143054042e+02
7.554727925247022995e+02
7.185787482088300067e+02
7.258479241997133613e+02
8.089657531191442104e+02
7.856216690829772915e+02
7.684279796588969020e+02
7.589680381307600783e+02
7.108226552642527167e+02
7.473907987685415719e+02
8.003242899415400871e+02
6.938715188605688127e+02
6.826823096004242188e+02
8.014549909805242578e+02
7.147785227027588917e+02
7.554514843405556803e+02
7.481630340600454474e+02
7.389569610527780696e+02
7.261771030283431401e+02
7.601507273874736939e+02
6.845290191701571985e+02
8.126976256096630777e+02
7.809269129442050144e+02
7.544032843882527004e+02
6.833544155639882547e+02
8.274870974463306084e+02
6.994658750229986026e+02
7.317518060881301381e+02
7.333822036647579807e+02
7.416570743817618450e+02
7.404162345098719697e+02
7.357561725917350941e+02
7.767546738532760173e+02
7.230501660179568262e+02
7.318040949169477472e+02
7.399004918013835095e+02
7.012580054558000029e+02
7.449725852459877160e+02
7.422086641285613950e+02
7.372291330598112609e+02
6.923700359427737112e+02
7.336012677318146871e+02
7.352216216571673613e+02
7.225817151313003706e+02
7.386018864624528533e+02
7.264852656963614663e+02
7.890536773816497771e+02
7.212637919029479008e+02
7.887440186064184218e+02
7.365146141773280988e+02
7.073532631451855650e+02
7.131407839264811628e+02
6.961001524060417296e+02
8.379438667452309346e+02
6.997571909009139972e+02
7.193725549881610277e+02
7.559501005782228731e+02
7.837117810686451094e+02
7.319669848311690430e+02
7.810888415160686691e+02
7.237601148014260843e+02
7.187386311083228065e+02
7.331389493305969154e+02
7.465017840910086306e+02
7.141052200542870878e+02
7.218691126596175991e+02
7.573900210795404746e+02
6.879771272021430377e+02
7.128518034212656858e+02
7.801279746801752708e+02
7.228166347842131927e+02
7.408863907198816605e+02
7.358524053057036554e+02
8.223963366926349181e+02
7.608848491640378597e+02
7.164307825811164321e+02
7.944204818235234598e+02
7.142581317603010120e+02
7.478401239723954177e+02
7.164715479876914515e+02
7.194511636498218650e+02
7.640685470564982325e+02
7.604073090484807835e+02
6.905049246040349544e+02
7.173303135626936182e+02
7.241641347758128404e+02
7.260969006941783164e+02
7.459297509639603732e+02
7.517919272609996142e+02
7.515993029709991333e+02
7.633130002715880664e+02
7.024852843681560444e+02
7.559229265479201558e+02
7.533674423985280555e+02
7.202603383641729806e+02
7.714685836744819198e+02
6.975126435891664869e+02
7.756814216063664844e+02
7.217373922123152852e+02
7.446365635124996061e+02
7.523176521230493563e+02
7.677100716137879317e+02
7.317356601604533353e+02
7.426099776769809750e+02
8.097146350260956069e+02
7.192781050239925662e+02
6.847207501086440971e+02
7.580752214519004610e+02
7.233455959381100229e+02
7.903239094730379293e+02
