7.149331262508188729e+02
7.417754941044280486e+02
7.009002796580159611e+02
7.667571502076777961e+02
7.014274175734797154e+02
7.318090720103089097e+02
7.302488266656298492e+02
7.560189330182482763e+02
7.415653019964784107e+02
7.237963295733347877e+02
7.161134470481780454e+02
7.401308667015423453e+02
7.235345344646885906e+02
7.610583149528185913e+02
7.121820251524336527e+02
7.698462933019578713e+02
7.341336730167771520e+02
7.133182819244464099e+02
7.094648064823704772e+02
7.488177161718938351e+02
7.504314446867605284e+02
7.492415120937802158e+02
7.654373866128827331e+02
7.217640229668537586e+02
7.531929966524941165e+02
7.289990527147239163e+02
7.612210833226414479e+02
7.388624365105922607e+02
6.940972581658318177e+02
7.174353471992668574e+02
7.286575122376132185e+02
7.047226236350561521e+02
7.217144988767001905e+02
7.370417999012562404e+02
7.148412033178469756e+02
7.199862593415463152e+02
7.691690247932340299e+02
7.247407566203528404e+02
7.349766861250049033e+02
7.544048549714552792e+02
7.133197021454217293e+02
7.411209746589338465e+02
7.599663325441871393e+02
6.900318626975456482e+02
7.234397656807147996e+02
7.184767977502547183e+02
7.286182868909625086e+02
7.232689598678487073e+02
7.844706827542343035e+02
7.632777670315298337e+02
7.223771054197246713e+02
7.491103122804184977e+02
7.569990137013882077e+02
7.853538806246075410e+02
7.156900052448132783e+02
7.343913428691738545e+02
7.027642612845637586e+02
7.373988165546224991e+02
7.102857649805850997e+02
7.329228629230163961e+02
7.364291993409741508e+02
7.371447817193566152e+02
7.225241952938190479e+02
7.273877667650832564e+02
7.158206261475357906e+02
7.066825534342360697e+02
7.173544184376975181e+02
7.167083273181228833e+02
7.508121036176680718e+02
7.113512143955538249e+02
7.442160653090821825e+02
7.313892191268752185e+02
7.788769352167112174e+02
6.902393765591285728e+02
7.118725478683641086e+02
7.740167708792470194e+02
7.015037421428851303e+02
7.261336354019929331e+02
7.257139842593321646e+02
7.044456590979962129e+02
7.523697838208686335e+02
7.261555531115251370e+02
7.525810822189715736e+02
7.693444758819298386e+02
7.450628940191156744e+02
7.373151897687711198e+02
7.112753871819754750e+02
7.464996543742169024e+02
7.427961806309588155e+02
7.229719475296020619e+02
7.163510508480479757e+02
7.207574705586176833e+02
7.283300448922191208e+02
7.893639563549753575e+02
7.513611038178084982e+02
7.485849955230837622e+02
7.162535059458377873e+02
7.512731792391340377e+02
6.981343664209753115e+02
7.689154831792614004e+02
7.325653426413997522e+02
7.341552472226387636e+02
7.497565773801212572e+02
7.595949874055854707e+02
7.257508449803435724e+02
7.128346798039560781e+02
7.567324858983633931e+02
7.229280810921191005e+02
7.273206154652114037e+02
7.159418250416226783e+02
7.365084179466690557e+02
7.642551214828064303e+02
7.202697499641062677e+02
7.618330748666214731e+02
7.463166913371132978e+02
7.599730877075725175e+02
7.187724138613162950e+02
7.163225755825786791e+02
7.372602744693050454e+02
7.361163653288057276e+02
7.345437044519995879e+02
7.287460091191035190e+02
7.595125222798450295e+02
7.388056707682657134e+02
7.508901496135104026e+02
7.250711727874336248e+02
7.265757345978420290e+02
7.754810685047747256e+02
7.039996678685325833e+02
7.262205227634331095e+02
7.039607230780557074e+02
7.481636633411155799e+02
7.463208140854965222e+02
7.254153568485522783e+02
7.248817184683389314e+02
7.553719909812384685e+02
7.167331236228003490e+02
6.984092472137567711e+02
7.668645035401295900e+02
7.139511759323355591e+02
7.435856604518105542e+02
7.139448430910169918e+02
7.228123151710918819e+02
7.589557212225527110e+02
7.494179356435624868e+02
7.386000529025791366e+02
7.027125649977962212e+02
7.472813508010314081e+02
7.147452004597749919e+02
8.008119720629784979e+02
7.396203708389388112e+02
7.431694059852012515e+02
7.669055929496026920e+02
7.320082322170582074e+02
7.154040503612967541e+02
7.301941573235616261e+02
7.094270109021259714e+02
7.153902666202536693e+02
6.936904895858567670e+02
7.835333249264890583e+02
7.455221946522185590e+02
7.436572736557168355e+02
7.256065143773346335e+02
7.321349822098896993e+02
7.536036122093463518e+02
7.719375023475726039e+02
7.209728141810214765e+02
7.432172267412460087e+02
7.060501728571208560e+02
7.242311672606628008e+02
6.827162903203324049e+02
7.979370711242443122e+02
7.317483214894972434e+02
7.191028261755758422e+02
7.209159328270357037e+02
7.052237560277072816e+02
7.297277837305553021e+02
7.350900609656972620e+02
7.449167701021576704e+02
7.235309304088120825e+02
7.364160082948354784e+02
6.978090343254322079e+02
7.611768243644639824e+02
6.991486780658658517e+02
7.318225110245377891e+02
7.427177775670257915e+02
6.845059464457998502e+02
7.527824945899745899e+02
7.196669047457595525e+02
7.474038664510773060e+02
7.321249901388922581e+02
7.158055470179788244e+02
7.725396207410765328e+02
6.985232839713559088e+02
7.353021708888652483e+02
7.078172416765748949e+02
7.357815435263662494e+02
7.934212421323750277e+02
7.156669054384411766e+02
7.819086438411029576e+02
7.383026614373277425e+02
7.319174222927389337e+02
7.716009704036603125e+02
7.401293778955838434e+02
7.327281864797176922e+02
7.551465871255689990e+02
7.008405553205602700e+02
7.023546186305306946e+02
7.382351962272583705e+02
7.650696523583719681e+02
7.530729735525848128e+02
6.878265220769211510e+02
7.366135469649059360e+02
7.033470167374434823e+02
7.558490890384421164e+02
7.698897739373188642e+02
7.251178772558728269e+02
7.150280756917254621e+02
7.506201449874145055e+02
6.936610638127067432e+02
7.575627518425368407e+02
7.083007853512931433e+02
7.187580488065544841e+02
7.237746115055214204e+02
7.577558210132945078e+02
7.227084601789574663e+02
7.389673162302854053e+02
7.760017319475516615e+02
7.270720290231852232e+02
6.910300754836971464e+02
7.447921200580457253e+02
7.053958780723418158e+02
7.167090131935384534e+02
7.038784346672414358e+02
7.201735075769136074e+02
7.313876042245993858e+02
7.384325239435403319e+02
7.294037644809380936e+02
7.500342589669379549e+02
7.718106625639130698e+02
7.106724668734284478e+02
7.345626008131700928e+02
7.019257717691798462e+02
8.005590963048736057e+02
7.563848144046555717e+02
7.200589850810861208e+02
7.366696414173057974e+02
7.990556351960018446e+02
7.055331984107110657e+02
7.481894596211454882e+02
7.317184815835847758e+02
7.257113739912592791e+02
7.069748041096351017e+02
7.015212259006813156e+02
7.479954899208627239e+02
7.774547604230375555e+02
