1.261859142466452340e+03
7.417754941044280486e+02
8.009967960904972415e+02
9.446430778187900614e+02
9.632369354796248899e+02
9.060609820278206143e+02
1.049438992522639410e+03
8.085929124259953369e+02
9.666088346345536593e+02
9.562510394523451396e+02
8.800474589776404173e+02
8.785961981863686105e+02
9.564886003923188582e+02
8.516549517669614033e+02
9.385311944844099799e+02
8.739777408895747612e+02
9.433665576226236453e+02
8.968820227534731657e+02
9.332576171599731651e+02
9.200268654504482129e+02
9.723922082228269801e+02
8.509302037180844991e+02
1.009398274956575847e+03
8.435772390811691821e+02
1.011032840854433744e+03
9.776439401449254092e+02
9.624790499182665826e+02
9.211453239796170465e+02
8.028428174925956000e+02
9.735875831311361708e+02
9.882498229991167591e+02
8.556653567021205617e+02
1.103973203462840502e+03
8.317976278077985626e+02
8.972380764146756746e+02
8.677670920896684947e+02
8.882469473922716361e+02
8.626588088730158006e+02
8.214941464174097518e+02
9.037517480562781884e+02
1.026326621295539326e+03
8.654431255704491832e+02
9.486300830103930366e+02
9.435039453373294691e+02
8.495409255922604643e+02
9.359322128971049324e+02
8.266845689266673389e+02
9.561145438390333311e+02
1.028412571662416440e+03
9.135526824683190625e+02
7.695443720163841590e+02
9.953541629796677626e+02
9.352946525240587334e+02
1.012771819829179776e+03
8.057513806817927389e+02
1.067305954485153507e+03
8.439271130776423888e+02
9.380173766849973163e+02
8.221167361116811207e+02
1.014296222230298781e+03
8.756536502115152416e+02
9.577540324570410348e+02
9.931261748865413210e+02
8.550615613822351406e+02
8.837763301329184742e+02
9.712605169027460761e+02
9.142225816135123750e+02
9.353333434134840445e+02
7.864336483073360569e+02
9.047471408286393171e+02
8.569693655391349694e+02
1.044767317283265129e+03
9.495762521190456482e+02
7.366580179554759980e+02
7.898584836602097994e+02
9.274036489988292260e+02
8.625250725277558104e+02
8.635570246150177809e+02
8.952015449434950369e+02
8.743717077584815343e+02
9.124193349442541603e+02
9.572871542022417088e+02
1.000899600369429891e+03
8.580416363294820030e+02
9.155840867254405566e+02
9.205070360126758260e+02
8.584880103763791794e+02
8.714371186497367034e+02
9.162315441503542388e+02
8.807988794968082402e+02
9.256026344661844405e+02
8.849291614829370474e+02
1.095223193452427040e+03
7.827755200347869504e+02
8.874664509550982530e+02
1.007859844754303708e+03
8.041455355756752397e+02
1.091013226389635747e+03
8.293447829094386634e+02
1.030955579526887732e+03
7.679529510390518681e+02
8.244986112432703749e+02
9.668470358666909306e+02
9.954211387100119737e+02
9.904562566077609063e+02
8.889528508159786497e+02
9.226004492605754876e+02
1.090105060293396718e+03
8.440172733019927591e+02
8.834421920810416395e+02
7.518638236851359125e+02
1.224572114604396575e+03
9.055328251221615119e+02
9.235313291549327914e+02
9.603435640572024568e+02
1.036841623341174909e+03
8.433157920761041169e+02
9.166216647566029678e+02
9.359954849105096173e+02
1.065363495728018279e+03
9.400835038788900420e+02
8.262968244719858149e+02
9.603987822919973496e+02
9.422975073463815079e+02
9.483117516763379626e+02
8.494056327169008682e+02
9.568085962409975309e+02
9.030201887223047379e+02
8.705964281008020862e+02
9.597543889031505842e+02
9.309564100870954917e+02
9.323561496669026383e+02
9.138189425846549057e+02
8.694957523180530643e+02
9.924896602865655950e+02
8.118453433601702045e+02
9.366496933206981339e+02
8.091628440460057163e+02
1.050622492446659635e+03
7.967931818784893494e+02
1.108640188386648333e+03
7.749607390379942444e+02
8.629115225354388485e+02
1.024139219580057215e+03
9.501981767123513691e+02
9.908537808523449257e+02
8.163005280768779812e+02
1.040898266603112461e+03
8.169983117336448686e+02
1.114093404651859601e+03
1.036805631070612435e+03
9.018332894006118750e+02
8.977009053486915491e+02
8.083479034015492743e+02
8.923385241276946545e+02
1.013775495816157218e+03
1.001303708170780510e+03
8.038287917917432424e+02
8.358888850595436679e+02
1.001462868208026748e+03
9.334772448911061247e+02
8.206452423259695479e+02
9.227001567716396266e+02
8.523807877513248741e+02
7.522612225552435348e+02
1.205850260994628343e+03
8.296288594806690071e+02
9.110900669966745227e+02
1.078832435329859891e+03
8.212554492424695809e+02
8.479906508642390008e+02
8.994895887106592909e+02
1.018394102136095057e+03
8.296327750618195296e+02
1.004331911944663489e+03
9.588927258390153838e+02
8.293069647804350097e+02
1.117380044146776299e+03
8.761308195231433729e+02
9.176928118744933727e+02
9.447680723928527868e+02
9.160358374483371335e+02
7.933307969259830088e+02
9.338051384277142688e+02
8.754668538870514567e+02
9.247128856527361904e+02
7.635471392254845568e+02
1.022361856476011098e+03
8.221986796979069823e+02
8.864175105837737192e+02
1.042881495349226725e+03
9.698368601877375568e+02
9.686010906950289154e+02
9.127080632957635089e+02
9.368086540562118216e+02
8.784381614845639206e+02
1.006911947708349544e+03
8.334653540369924940e+02
8.062275305218540780e+02
1.087044589629543907e+03
8.191614885975891411e+02
9.869307969262143843e+02
8.685448034812091009e+02
8.862559680576412120e+02
8.180600462513893945e+02
9.450308636641364046e+02
8.586647755379599403e+02
9.886190393883045999e+02
1.127971457885644895e+03
8.830527275653495280e+02
9.799594583638632912e+02
7.823771911952541132e+02
1.053759635158069386e+03
8.460914842559570843e+02
9.673131640569913543e+02
9.652668365597728553e+02
7.608763041861586771e+02
9.493368913479753246e+02
8.347387395952390534e+02
8.993814864306323216e+02
9.473829471772385205e+02
9.061977530921451489e+02
1.018247715186560981e+03
8.247946060979302274e+02
8.285289235658030975e+02
9.187143450691824000e+02
8.481424918200905267e+02
9.657113171838764174e+02
9.015334857954934478e+02
8.830685718071817973e+02
7.527753653802250255e+02
8.994826254259837697e+02
8.766104951906140741e+02
9.275943267175355231e+02
7.829292592586413093e+02
9.915547997431390286e+02
9.610834313576974637e+02
9.182354295566444762e+02
9.947263019951122942e+02
1.031640599050631408e+03
1.138852371025004913e+03
8.918660686017359467e+02
8.509692384641763283e+02
8.481702078381073306e+02
9.383411194424174937e+02
9.313888209186388849e+02
9.281056343594659666e+02
1.076413537990187251e+03
7.855147908748342616e+02
9.973157895030383315e+02
9.913420329844802836e+02
8.066172266105908193e+02
9.288444382059742566e+02
7.968001038416933852e+02
8.367936911993979265e+02
1.059080832807983370e+03
