1.031040632481767034e+03
7.417754941044280486e+02
6.674530856825334695e+02
9.673629519231195673e+02
7.588669321429371166e+02
8.053536826754726690e+02
8.845987963525991518e+02
7.985518252186736845e+02
8.579498368122169722e+02
8.640945830087894137e+02
9.071358292963145686e+02
9.250080718849944788e+02
8.799344607906054989e+02
8.967781868848067006e+02
8.469714763347205917e+02
8.090538624836710824e+02
8.237684526109030685e+02
7.975799550814867871e+02
8.163396826709121115e+02
8.394660670657675610e+02
8.992470879938880444e+02
7.706303734149141746e+02
8.399655974658032846e+02
7.913275101651170189e+02
8.322312363151318095e+02
8.247782096895736004e+02
8.347201705968302576e+02
8.289912035626326769e+02
7.639295364569329649e+02
8.006930565266002304e+02
8.556289058613181169e+02
8.395671237489079886e+02
9.081037935426485319e+02
7.800987575437458190e+02
9.149107722371441014e+02
8.406583606119403385e+02
9.036253365947561633e+02
8.477664887414507575e+02
8.097917167608956106e+02
8.738645900334670387e+02
9.727869605529838282e+02
7.573012613395915196e+02
8.505709665901825929e+02
8.484754221664957186e+02
8.010597441708033557e+02
8.211966674643655324e+02
9.343052777265045279e+02
8.617616325936076009e+02
8.908920958091143802e+02
8.343231067396501430e+02
7.745566861173296047e+02
9.224087579610505827e+02
8.884343552237824042e+02
8.512016831665017662e+02
7.980948927624273210e+02
8.797587623505047532e+02
7.834327775982969797e+02
8.851468061608247808e+02
7.050929891659783380e+02
8.883180987276684846e+02
8.111281595169964476e+02
7.705446028569580221e+02
8.918156535190071281e+02
7.829018779732974735e+02
9.320992228906302444e+02
9.189098696796938839e+02
8.927967872254110944e+02
7.869464072491143725e+02
7.517575301321622874e+02
8.475503279252915263e+02
8.028659581704274615e+02
8.696458093237338289e+02
9.723955204531877143e+02
7.248409818107276124e+02
8.180273346187520929e+02
8.857046487481301256e+02
8.627831318156181624e+02
8.278816629768009534e+02
8.416502988931065374e+02
8.412002418213368173e+02
8.026141391922722050e+02
8.397261029214981818e+02
8.303209597047675743e+02
8.704826728220994028e+02
7.602251746677859501e+02
8.056019718378929610e+02
8.466465012959193928e+02
8.385357279041862739e+02
8.465898682795301511e+02
8.192768359584679274e+02
8.145939083256361073e+02
8.608084994028968140e+02
9.460276683070990202e+02
7.635667122647431597e+02
8.832362626558889360e+02
9.238332102893348292e+02
8.209003340667177326e+02
9.811867261972913639e+02
7.988709042950416688e+02
9.110772413875208713e+02
8.049342745164924509e+02
8.599482748890027324e+02
8.576208452821250603e+02
8.950803593022137647e+02
8.700092858902000899e+02
7.852802145690668567e+02
8.479610999653663157e+02
8.968814845489678191e+02
8.230267141111311275e+02
7.993427229336220989e+02
7.555498623330825012e+02
1.065854959583131631e+03
9.070820070345937438e+02
8.387858302711904344e+02
8.333650012189202698e+02
9.159438696131935558e+02
8.249192019091919974e+02
9.085901962661982907e+02
8.580833704451933954e+02
8.775732788789889582e+02
8.658475333176007780e+02
7.720619556032473838e+02
8.874572507071461587e+02
8.163488403672753293e+02
8.334903784966713829e+02
8.351209697059055088e+02
7.651832257353950126e+02
8.277067324601152905e+02
8.868465250079829048e+02
8.502941938928071295e+02
9.680566068251450815e+02
8.763284629522104296e+02
8.819924049922443601e+02
8.237858611879750015e+02
9.045750906198904886e+02
7.892690382323137328e+02
8.007464813437578641e+02
7.882161224727572062e+02
8.513501454131039736e+02
7.499865082126182187e+02
9.008532684004844668e+02
7.586760501158410079e+02
7.955087580477356823e+02
8.353515361789283133e+02
8.723403102455970384e+02
8.347620049658019070e+02
7.901696984698171491e+02
8.639423622725417999e+02
7.200549230690583045e+02
8.936042675215489908e+02
8.769461985672156743e+02
9.233703520845056119e+02
9.517828928627093319e+02
7.766019794540144403e+02
8.294900072175097421e+02
8.248682248411969340e+02
9.292346022770557283e+02
7.953385815458481147e+02
7.952551510011159053e+02
9.272384332869138461e+02
9.369793484081815222e+02
8.186614259251310841e+02
8.234375213047447915e+02
8.163018400870428195e+02
7.686657734591085500e+02
9.345635617806142363e+02
7.841677977655130007e+02
8.586840680367246250e+02
8.917736890760136248e+02
8.297880338135732927e+02
8.105831804863055368e+02
8.715811550782316317e+02
8.579778573318772033e+02
8.582671130103358337e+02
9.445215892283811172e+02
8.946108542045213881e+02
7.600890785176903819e+02
8.826591977269818017e+02
7.966405318112041414e+02
8.515435915588130911e+02
8.772165226702629752e+02
8.613584295130897317e+02
7.763273057261643544e+02
9.060467534032975436e+02
8.007275062456664045e+02
8.851431014970756905e+02
7.475554390807934624e+02
9.479302780595689910e+02
8.285291009866087961e+02
8.766216013269101950e+02
8.604035146780788637e+02
8.132917550238857984e+02
8.755927307789760334e+02
8.676335478136716119e+02
8.233263515365235889e+02
8.453765582989542509e+02
8.583658721653342809e+02
7.603084704013793953e+02
7.366801569561228007e+02
9.737915515182379522e+02
7.371260683741340927e+02
9.065213185955290101e+02
8.195676211935124229e+02
7.721554310103408625e+02
7.768021608339153090e+02
8.294711819125855072e+02
7.488907081766192277e+02
8.766722562089762505e+02
9.787105739250937404e+02
7.309861607028639128e+02
8.507476309674842696e+02
7.930796046210787154e+02
9.262329906724614830e+02
7.396469056899821908e+02
7.753462221024517476e+02
8.242155616822587945e+02
8.200327862416365861e+02
8.809308768024725396e+02
7.893181104987511389e+02
9.740403584386046987e+02
8.818959966548566172e+02
9.161273411032562990e+02
1.003152177392387784e+03
8.069271633955132756e+02
8.175309177790408057e+02
8.466874999690377308e+02
7.708049485280728277e+02
9.625637743410047733e+02
9.921554457566661540e+02
7.896628758877691325e+02
8.284747529810223341e+02
8.548244938054099293e+02
8.096201604037510151e+02
8.164144462896833829e+02
8.090682516501302644e+02
9.396245785829478336e+02
8.593899970070408472e+02
9.867529934081062493e+02
8.348118503475063790e+02
8.079720113415216929e+02
9.357444794107402686e+02
7.610611477337203041e+02
7.448034030090110491e+02
8.677685950472076684e+02
8.472870825517147750e+02
8.581054474795637361e+02
8.563216798786334039e+02
8.887568684484808728e+02
7.402955624596536381e+02
1.020769600716062087e+03
9.979045232946375563e+02
7.526079697559898705e+02
8.309421412572686449e+02
8.915638250997961904e+02
8.012931576834606631e+02
1.059918772135126801e+03
