1.036104170333299180e+03
7.417754941044280486e+02
6.995197103715903495e+02
8.777548416691979583e+02
8.816511541352006134e+02
8.059415000590933005e+02
8.425909458642429399e+02
8.094331282448532647e+02
7.905585324840508292e+02
9.948397912279253887e+02
7.847520369900603328e+02
7.421799102632487575e+02
7.911022328953948772e+02
7.577488484388719598e+02
8.286761635247927416e+02
8.257651722718976544e+02
8.599676198486079102e+02
8.122549140418722118e+02
8.212832650654866029e+02
9.462602810139394478e+02
8.302699882438296299e+02
8.718518407805370316e+02
8.199885001475618083e+02
7.586156523489165693e+02
8.902051913546457627e+02
8.586406486430681753e+02
9.206938494522385099e+02
7.653002207621823345e+02
7.596719705631669513e+02
9.340334939980868967e+02
8.191829475154285092e+02
9.089220313385077361e+02
9.065947928023889517e+02
7.365763341610097541e+02
9.241950801106734161e+02
8.073971188980799525e+02
9.032525248037402434e+02
7.929691920514076173e+02
7.224296070188170233e+02
9.014450419392470621e+02
8.390251907083037395e+02
9.220160323027062077e+02
7.632727390871186799e+02
8.857043740272234800e+02
7.572878936640980783e+02
8.809499022105871973e+02
8.426619964420734732e+02
8.476519390226267205e+02
9.093770165590685792e+02
8.684839152770921373e+02
7.593208042410753933e+02
8.961117175929349514e+02
8.327735186841591712e+02
8.654411269819590871e+02
7.781808399758479027e+02
9.450378599756261337e+02
7.336844445721064858e+02
8.887217804227302622e+02
7.574580047205430446e+02
9.793289900753666188e+02
7.953500275665475101e+02
9.555301995881436596e+02
8.659491504618499675e+02
7.890336789758677014e+02
8.148041929292479608e+02
8.234826144494078335e+02
8.347468098006216906e+02
7.924276907575340374e+02
7.987534177420031938e+02
8.136919598809821537e+02
7.824128873657806480e+02
9.991671347717336857e+02
9.127297858727840776e+02
7.495100736858443042e+02
7.807393761538858143e+02
8.888439813026964202e+02
8.220524963655481088e+02
8.196568073155756338e+02
9.196655665345182342e+02
8.016429071320434332e+02
8.005151276906065050e+02
9.323411082140198687e+02
9.156225388640812071e+02
8.455719691307023140e+02
9.144680276403660173e+02
9.672593930946329692e+02
8.288215494897804092e+02
8.238883174096588391e+02
8.296649728422545422e+02
8.268584394603540204e+02
7.766792006875302832e+02
8.669311257645404112e+02
8.444276419476309457e+02
7.979961289026491613e+02
8.258593812059166339e+02
8.500583142152272558e+02
7.209920180670587797e+02
8.628969067733265774e+02
7.183328532244561302e+02
8.604176576925376594e+02
8.029138369524632708e+02
8.600639258414628330e+02
8.852257496627946693e+02
7.692562079790995995e+02
8.084732799000111072e+02
9.177114388718997589e+02
7.701408408305126159e+02
9.168033595185352169e+02
7.972403741025141244e+02
8.163669953439315350e+02
7.603145620739760489e+02
8.813751380888322728e+02
8.800122556194893377e+02
7.742461206634663995e+02
8.861283819278398823e+02
8.953831388092787620e+02
7.373664856224645519e+02
8.361792068474964026e+02
8.661207062398451626e+02
8.882430114425558259e+02
8.684429360071831070e+02
7.284599504370165732e+02
8.582966611678075424e+02
8.377832056180864129e+02
8.697006864210646881e+02
7.736025408756087245e+02
8.238853576289405964e+02
8.621738127836050580e+02
7.523392194816508436e+02
8.832995266982421754e+02
8.202061585708496523e+02
8.201039963146677110e+02
8.129207766778827136e+02
8.075748911051671257e+02
8.409454969660156394e+02
7.551055949423331413e+02
8.692737179985117564e+02
7.506856224868261052e+02
9.701930310422662842e+02
7.980890611718320997e+02
9.710897669307944398e+02
8.089230755955604764e+02
8.338530215255445910e+02
9.003069393775242588e+02
7.756827008748123262e+02
8.518298428264133690e+02
8.204111935223754699e+02
8.841884329460558547e+02
7.701267494073209718e+02
1.003960386948202313e+03
8.525878640984957428e+02
8.294457316603202344e+02
8.717717615367976123e+02
7.868203139899865164e+02
7.834621989175445833e+02
8.302023188513387595e+02
8.471700947223367848e+02
7.640176876566624742e+02
7.755233747101387962e+02
9.068598786506515808e+02
7.989295301587507083e+02
7.788794116825214360e+02
8.938500751666726956e+02
8.553216297064154787e+02
7.459882562083154198e+02
9.984844464840020919e+02
7.181863996559028465e+02
8.779719562352031517e+02
9.957165481018826085e+02
7.149534983280060487e+02
7.901717993971168426e+02
9.337461228998192837e+02
8.535844282061028707e+02
7.572995261933357369e+02
7.600746962858056577e+02
9.089619835087951287e+02
7.528902697868600171e+02
9.648067182448598942e+02
8.319992945531106443e+02
8.025748726428435020e+02
7.860707731492205994e+02
8.033377045047260481e+02
7.958300366269611459e+02
8.327410044131183895e+02
9.403141971694083168e+02
8.634146442967679604e+02
7.258024018996543418e+02
8.890025875625973413e+02
8.420436156283733453e+02
8.748396531048180123e+02
8.236168880721544383e+02
7.990831371947032267e+02
8.470995547684696021e+02
8.079326090786216810e+02
8.405905562405412184e+02
8.645856255915392694e+02
8.670938123506722377e+02
7.769258748013539844e+02
7.720416599300448297e+02
9.434665770549104309e+02
8.014004521077645222e+02
8.193067511916175363e+02
9.147524779504765320e+02
9.147837564369721122e+02
8.118051035883796658e+02
8.676590231476154713e+02
8.041056472364604133e+02
8.611536064497784082e+02
8.876786786143053405e+02
8.575667964797833065e+02
9.139145719999645507e+02
7.785960351573758089e+02
9.060363073850887758e+02
7.669925075349466397e+02
8.650314200673194591e+02
8.466652424107531942e+02
8.144580317799014892e+02
8.151177289538738933e+02
8.065064035635100481e+02
8.082722691134895285e+02
8.282929344793789141e+02
8.167450345138521470e+02
8.050889167626569360e+02
8.157961751497872456e+02
9.250238691319591453e+02
8.550834556506262061e+02
7.981367018045733630e+02
9.429190816929755101e+02
8.058299066794028249e+02
7.368360076986572267e+02
8.130626948554939872e+02
8.932527822438760268e+02
8.539105246954677568e+02
8.731111997279413117e+02
7.794555652411710298e+02
8.874179538273613161e+02
8.882647208207963558e+02
7.650767073454125011e+02
8.832877015683318405e+02
9.600567366051498084e+02
8.807050666290820118e+02
8.610341781221823112e+02
8.140570384093596203e+02
9.271110963186617937e+02
8.613567329720137877e+02
8.312043574431259003e+02
8.618453945676008061e+02
9.674739902105163765e+02
7.292304140743593734e+02
7.545911949615720005e+02
8.426575765621989831e+02
8.404948577563336585e+02
7.702044336615646216e+02
8.007308199606168273e+02
7.657500303234729699e+02
8.493172079076206273e+02
