1.372114473796837046e+03
7.417754941044280486e+02
8.285182821604263381e+02
1.112648493958250583e+03
9.276106272663557775e+02
9.389946670270046525e+02
9.679696580606225780e+02
8.776288102812700345e+02
8.633659110647772650e+02
1.172729452803475624e+03
8.654442683485635825e+02
9.325799361954902906e+02
1.162428669492956942e+03
8.176217515875072195e+02
9.077569314690883857e+02
9.668433098349172496e+02
8.651429988899792534e+02
1.037218994619096065e+03
9.401345824796032957e+02
1.028462081036190284e+03
1.097963896697936889e+03
9.799164724926012013e+02
1.084052589991284549e+03
9.403089499713171335e+02
9.235781125203179727e+02
9.534173670580688622e+02
9.988045007725767164e+02
9.344635228203012502e+02
8.485200660629994900e+02
1.108633148434837040e+03
9.292004250787908859e+02
1.076167297640442257e+03
1.025267206767883408e+03
8.680399319597142949e+02
1.054212892304866273e+03
8.342095336012475855e+02
1.017393796891017359e+03
1.053153861427085985e+03
8.624524029182884988e+02
1.098324222762738373e+03
1.073418006119842175e+03
9.534481803661694812e+02
9.330165637997808972e+02
1.109643002915330726e+03
9.796904906476477208e+02
1.027221492035769643e+03
1.023244695256066962e+03
8.536580001890760059e+02
1.041524957132671943e+03
1.056230683612298435e+03
7.791392443429323293e+02
1.052720488647689308e+03
9.600285909836215978e+02
9.457647894246351825e+02
8.787472622587706610e+02
1.089013409237513770e+03
9.350318396643889400e+02
9.583593342268418382e+02
9.369815388458184771e+02
1.087638272856061121e+03
9.277041089214910699e+02
1.055754840650356755e+03
9.392945396613741877e+02
9.887591252955371601e+02
1.009360458627604999e+03
1.036284969370770341e+03
8.953009556816550685e+02
8.757255037553566126e+02
8.744988332373636695e+02
1.033179906742521780e+03
8.921976394302232620e+02
1.082461492306397986e+03
9.516899624139576872e+02
8.177748598920115910e+02
9.478001982759933526e+02
1.054744151102391015e+03
9.699710736223034928e+02
9.752078444194867188e+02
1.059369659614553711e+03
9.631106672766018164e+02
9.151098039412856906e+02
9.372203256688121655e+02
9.547235065781439971e+02
8.963840662017513523e+02
1.044738458920303628e+03
1.048837424908111871e+03
9.321351371162883197e+02
8.805870025148840341e+02
9.299872354066577600e+02
9.575749089483147145e+02
9.560272041959519811e+02
9.816856689160995302e+02
1.099216633648947209e+03
8.084807063896486170e+02
9.919446878719004417e+02
8.960286199590237857e+02
8.704793469907351664e+02
1.052312693370571651e+03
9.573913070608546150e+02
9.997263116190492838e+02
8.635891565650470056e+02
9.719587013205773474e+02
1.021044014205800295e+03
1.040569897812901900e+03
9.623505610981844711e+02
9.954998742270440744e+02
9.312827568343404891e+02
1.009927282563249037e+03
9.629657534068521727e+02
9.699473684696802138e+02
9.145270570098450662e+02
9.978783889086473664e+02
1.189205150009036288e+03
9.173931707737804118e+02
8.934471483213476404e+02
9.690329407803183130e+02
8.510958005542353249e+02
1.088280195853145869e+03
9.368006718774722685e+02
1.005332393668808891e+03
9.673833668642030261e+02
8.646836697621919257e+02
1.060235128281330390e+03
9.555783205201496457e+02
8.713800593134269548e+02
9.583253113674894621e+02
9.076238399550549047e+02
9.965574305623174496e+02
1.034340680983303173e+03
9.387404728430019532e+02
8.858977258157651704e+02
9.719813542743484049e+02
9.943515969281658045e+02
9.052047019902199736e+02
9.099029292540451479e+02
9.409053876197112913e+02
9.817563553469422004e+02
8.909517544390839703e+02
1.181069143436332979e+03
7.997684067094164675e+02
1.131269349314633928e+03
8.754269419710249167e+02
1.052244315600609525e+03
9.712930084953657115e+02
8.562929909237974471e+02
9.808479414585465292e+02
9.572274511278076261e+02
8.656478479949410030e+02
9.016763876343597985e+02
1.275780087266213513e+03
9.789558146291290086e+02
9.803032546999384067e+02
1.089065647784809698e+03
9.034861664011968969e+02
9.266553521828500379e+02
9.253796483021291124e+02
1.116964088312384320e+03
9.196117871030571678e+02
8.559703970885024091e+02
1.108196288451814326e+03
1.073870686459633134e+03
9.785669938008991267e+02
1.010933738907122915e+03
9.076690202603526814e+02
7.602694953705346279e+02
1.134052183223486281e+03
9.615647749736308469e+02
1.006940478587873940e+03
9.891000988394279148e+02
8.964991735277599219e+02
8.805032179673598876e+02
1.018126411121859746e+03
1.093475663244610132e+03
8.757845364939105366e+02
9.920653084834043511e+02
9.473577479107586896e+02
8.075957330983172824e+02
1.145488274961294337e+03
1.137656295737203891e+03
1.008204016587739943e+03
1.118229278090541129e+03
9.750637303926921504e+02
8.319370712104300765e+02
9.603082875406606718e+02
9.665053960105165061e+02
1.181632232997140818e+03
8.247785557697967533e+02
1.194426695373238090e+03
8.856985347784957412e+02
1.103235032415702790e+03
9.808276973554702636e+02
1.092944981570601158e+03
9.279256131935859457e+02
9.194370418901727362e+02
1.031335120188216933e+03
1.033957831052032816e+03
9.640211340844942924e+02
7.964210744700517353e+02
8.541081475684399038e+02
1.169880741043980834e+03
9.084291641700449418e+02
9.514065569817739743e+02
9.833718881513234464e+02
9.618630958143711496e+02
8.693231601315014814e+02
1.018134019685745670e+03
8.857480791796157291e+02
1.080081253636511747e+03
1.122329732988914884e+03
9.243264656250360076e+02
1.048502859155181341e+03
7.646149585348293840e+02
9.513554080738110770e+02
8.773114281336742124e+02
1.068534657669159060e+03
8.676476520276276005e+02
1.074647397582255508e+03
9.439005973018083751e+02
9.122096843345128718e+02
1.003372296859829362e+03
1.151851992264447063e+03
9.177228580711270070e+02
1.054267172106998487e+03
9.009906418839423168e+02
9.735388298495879553e+02
9.329689984818397761e+02
1.015063761296957978e+03
1.048826491569033351e+03
1.084818995695054355e+03
9.558787815501273144e+02
8.502572607401576761e+02
9.331768626351678222e+02
9.070493251409425284e+02
9.457911849303150120e+02
8.163676895993289691e+02
1.160765381370089244e+03
9.082980813909373410e+02
9.285489006494624391e+02
9.006517032600002040e+02
1.084239726707768341e+03
1.120234177045829028e+03
8.863026235323418405e+02
1.110374000631172294e+03
1.022479395988522583e+03
9.469518935580410925e+02
1.133520045966075486e+03
9.718074031926996668e+02
9.529574978152006679e+02
8.485289647774784498e+02
1.067544091412306216e+03
9.947286472837441806e+02
8.865780279197172149e+02
9.703704278285567852e+02
1.022304763232262303e+03
8.387643583556506428e+02
1.134978796563527794e+03
