9.570178078843774756e+02
9.119234884074398906e+02
9.244153374286673852e+02
9.267289123582838783e+02
9.416535626224756470e+02
9.416126540818332842e+02
9.495603882029161014e+02
9.342260207777044343e+02
9.105966121593896787e+02
9.380280196848309515e+02
9.036724209637145577e+02
9.688388231816140888e+02
9.599564206229983938e+02
9.164233431725074297e+02
9.733424506708248600e+02
9.533881110311331213e+02
9.672222519044305500e+02
9.386682509000169148e+02
9.403555867384912972e+02
8.977232643319074441e+02
9.340304129166074745e+02
9.335305973804242967e+02
9.506935671132422385e+02
9.609912769774463186e+02
9.150738396749227377e+02
9.554652255079105316e+02
9.300633101653420454e+02
9.688648448104725048e+02
9.378756818818779948e+02
9.011082992105821177e+02
9.270014351488459852e+02
9.744607346372970369e+02
9.053257624993228774e+02
9.622208605517470232e+02
9.535727852784063998e+02
9.394409301415173559e+02
9.242702983128405094e+02
9.784406248752574129e+02
9.053936743157685214e+02
9.456641033225563433e+02
9.516688430758763388e+02
9.079758509348968119e+02
9.622852467143518425e+02
9.953901967468202656e+02
8.926641071954568361e+02
9.259943973578504028e+02
9.306372003051492356e+02
9.532542226305104123e+02
9.382636010623225502e+02
9.861338887873214389e+02
9.696635727917731629e+02
9.345556091511220984e+02
8.921121548460678241e+02
9.573794227882502810e+02
9.701520585493423141e+02
9.362385199382496239e+02
9.759734560075285117e+02
9.566439576944408145e+02
8.894387060410786034e+02
9.378008189372216066e+02
9.341157255161966759e+02
9.489798513655935039e+02
9.614770831948881096e+02
9.588055982600378684e+02
9.519963936882381859e+02
9.128200920144024622e+02
9.091117157827417259e+02
9.464132727753205927e+02
8.735321291649960358e+02
9.050789230599498296e+02
9.152249903566288367e+02
9.498052794926270508e+02
9.246039369419941067e+02
9.303930339889075185e+02
9.586514970257624100e+02
9.917713959828749921e+02
9.059010055925227789e+02
9.547928280722981071e+02
8.980831453368664370e+02
9.696272765123054569e+02
9.431360030554702689e+02
9.385043623660053527e+02
9.063893050554939919e+02
9.528723786128887241e+02
9.545611108322135578e+02
9.117419088179030950e+02
9.519938561015378582e+02
9.650236755240965749e+02
9.470487980370719470e+02
9.610564235100996484e+02
9.147454903209805934e+02
9.222955150272719038e+02
9.377905940407356411e+02
9.485093308311593319e+02
9.360618732301910541e+02
9.815031539968277912e+02
9.766817974292490590e+02
9.421741749294479860e+02
9.182877376181347699e+02
9.803761922384492209e+02
9.659909729189058680e+02
9.813284153104401639e+02
9.496767697451069807e+02
9.734744695639926704e+02
9.100796125583237881e+02
9.565396975845196721e+02
9.652940363685213470e+02
9.215664699374758584e+02
9.351653825567572085e+02
9.188285238071691765e+02
9.072395215678783416e+02
9.488448862786164000e+02
9.672592073707892268e+02
9.770052825327944674e+02
9.188275641426851053e+02
9.273046332419314695e+02
9.610739601108391525e+02
9.498527637901185017e+02
9.456154971403702802e+02
9.720800323488967933e+02
9.179473124150213152e+02
9.751362960059468605e+02
9.412180972178538241e+02
9.281445174084062728e+02
9.368919108728026686e+02
9.637270575533962074e+02
9.074201159504909810e+02
9.456681722363998688e+02
9.233639444757429828e+02
9.194128115175456060e+02
9.146705122422957857e+02
9.696362481923706582e+02
9.234545879913690669e+02
9.530149113312957070e+02
9.138984864552439831e+02
9.572914887925767289e+02
9.408435986416302512e+02
9.761777722272140636e+02
9.407252756251676828e+02
9.574551599180766743e+02
9.652789357336122293e+02
9.348776142416179482e+02
9.303532882102529129e+02
9.564089240954039042e+02
9.309701225866799632e+02
9.201046178712804249e+02
9.555889799382593992e+02
9.015799681431080899e+02
9.488153606127316380e+02
9.516833785476746925e+02
9.154569276131153401e+02
9.376896363536183117e+02
9.742541670532341413e+02
9.480169604060049551e+02
9.472490577649413126e+02
9.508350384896561991e+02
9.151151306415287081e+02
9.233513558010007500e+02
9.268418520671590386e+02
9.649112205557986499e+02
9.450366945182788641e+02
9.459952874666743128e+02
9.086765979545921255e+02
9.310327635133469357e+02
9.475710073714686814e+02
9.371610728229738925e+02
8.838324177312326810e+02
9.259558689101954769e+02
9.341423689774267132e+02
8.903327029060628774e+02
9.384126175820439357e+02
9.113452336110398164e+02
9.838719474852564417e+02
9.394721505826890962e+02
9.371545502406409014e+02
9.564666061531572723e+02
9.024872628307833793e+02
9.810377659442972345e+02
8.886440705824320503e+02
9.780733581409714361e+02
9.682195984854740800e+02
9.161413537801583971e+02
8.769712068224619088e+02
9.229765049848758736e+02
9.058766293514494237e+02
9.049824421446717224e+02
9.003420511292848687e+02
9.550748261220228414e+02
9.428580736010877672e+02
1.015044659438699227e+03
9.149948006485094538e+02
9.627229094992516139e+02
9.189547614667417292e+02
9.307902615122230827e+02
9.496286101891346334e+02
9.229637384891479996e+02
9.265877143059686887e+02
9.558089204599649520e+02
9.510141418745957935e+02
9.487234019920063020e+02
9.559852183039182592e+02
9.284001292825824976e+02
9.221684063880489930e+02
9.103075609404031638e+02
9.523833696430533564e+02
9.772364854848667619e+02
9.585692948311491364e+02
9.639245960567692464e+02
9.508581123688225034e+02
9.880857185968658314e+02
9.531656974201266621e+02
9.263429576706419084e+02
9.353965928470032622e+02
9.454841841472461965e+02
9.774394858335223262e+02
9.545154174193980907e+02
9.227040669591488040e+02
9.255602716544347004e+02
9.515959962884121524e+02
9.887516416752447412e+02
9.494002717504087059e+02
9.260941176056354607e+02
9.108709484989783505e+02
9.294743424108895624e+02
9.693927180598092264e+02
9.929560208447580862e+02
9.593136234329715535e+02
9.978137260116789093e+02
8.907444447324324983e+02
9.398288425798029948e+02
9.146864410902010150e+02
9.880924163928355028e+02
9.301962252683720180e+02
9.601520571876516215e+02
9.028636755225552406e+02
9.830216879576951214e+02
9.410668147034480171e+02
9.261585723314685765e+02
9.222383828337171963e+02
9.043666643297819974e+02
9.346149216186267950e+02
9.344299573568663391e+02
9.194825049371547721e+02
9.299754448742438626e+02
9.247632953978475143e+02
9.531059337767410398e+02
9.326645038315743932e+02
9.426250898189002783e+02
9.723172416391201978e+02
9.142311318202381472e+02
9.612202430618376638e+02
9.422895724062121872e+02
9.670582742038030801e+02
9.086894771929858052e+02
9.224428639205987110e+02
1.030454949709949233e+03
