9.290568307730605966e+02
9.119234884074398906e+02
9.041608637048348101e+02
9.018122835352422726e+02
9.692453553981824825e+02
9.095809038962667046e+02
9.557897665673840493e+02
9.106347967731643394e+02
9.010470533791956314e+02
8.875736179845614515e+02
9.260350537028828057e+02
9.504563955181341726e+02
9.526414336719149105e+02
9.233387466196697915e+02
9.422481566268857023e+02
9.299433938599986504e+02
9.898149706303236144e+02
9.547492037640049602e+02
9.318175652393885002e+02
9.696653286928514035e+02
9.556426418134570895e+02
9.559604394178218172e+02
9.783514256223006669e+02
9.311311894352340914e+02
9.679164615588317702e+02
9.140304806064552849e+02
9.230881600034593930e+02
9.677790301885704594e+02
9.114869716355387936e+02
9.213217027114643543e+02
9.191917474592255530e+02
9.569541331638667998e+02
9.074062447768365018e+02
9.521352904069452734e+02
9.357071231654572330e+02
9.337182223822934475e+02
9.287984809596097193e+02
8.951501966880175587e+02
9.287107699646546735e+02
9.390757698834308940e+02
9.163692565788999218e+02
9.222649833965097059e+02
9.165761090696787505e+02
9.322198555550096444e+02
9.644161086364547373e+02
8.959234346338787418e+02
9.368564510307488717e+02
9.521050191273966448e+02
9.488795137534077639e+02
9.327063220260824892e+02
9.504723902829313147e+02
9.880450777803965821e+02
9.227250401142864575e+02
9.427338729789005356e+02
9.562369983857998932e+02
9.483510506043623991e+02
9.414804949960320073e+02
9.224545723505854085e+02
9.140957418876882912e+02
8.975619396045489111e+02
9.147590030076643188e+02
8.947681233580192384e+02
9.080379515643343211e+02
9.496931902890212314e+02
9.598629154785751325e+02
9.489399268654238995e+02
9.150828089771059695e+02
8.948527990554075586e+02
9.004870774110332832e+02
9.520660009959616445e+02
9.633448273808667182e+02
9.382550659788305438e+02
9.481909462815533516e+02
8.859611284024225597e+02
9.466002451895690228e+02
9.196391369886656548e+02
9.158434193666673764e+02
9.903273835229992983e+02
9.008017978404681116e+02
8.871523833817923332e+02
9.047426635289449450e+02
9.204060669561164332e+02
8.932463345172923255e+02
9.330780196404160733e+02
9.516416022393348157e+02
9.168377383127545954e+02
9.336257421854533050e+02
9.468238247420381413e+02
9.092090657568901406e+02
8.998555668537470638e+02
9.322625910351273433e+02
9.501246868602872837e+02
9.233559959688084291e+02
9.097136949683665534e+02
9.486608075952367471e+02
9.112797164807307126e+02
9.303330844123587440e+02
9.272446521482980870e+02
9.591718997295522513e+02
9.584791636865727469e+02
9.505957960354032821e+02
9.681973114775502154e+02
9.673871849409133574e+02
9.355279434347560255e+02
9.382516445421165372e+02
8.979756275667998580e+02
9.050767061033633354e+02
9.621123148957515241e+02
9.152223267422679100e+02
9.169504548088729052e+02
9.143884251664459271e+02
9.217780776350118686e+02
9.196655001322246790e+02
9.391556341349286186e+02
9.430835917959321932e+02
9.782917326525391672e+02
9.542819188411338018e+02
9.366531971050324046e+02
8.931627143811388123e+02
9.470034213075873595e+02
9.496393328401752569e+02
9.189136038715118957e+02
9.513387364418470042e+02
9.214258282458373515e+02
9.408922511129386521e+02
9.516824884389687895e+02
9.269286977305122264e+02
9.634352201650812049e+02
9.638110191611865503e+02
9.056030384611617592e+02
9.673395812124065287e+02
9.351463458148174368e+02
9.220646929694405571e+02
9.236294268146658624e+02
9.312388190654635309e+02
9.774520456187923401e+02
9.167400127817803650e+02
9.301346390611362267e+02
9.028211689665156428e+02
9.285054259618161723e+02
9.404962864091442043e+02
9.160077423101516843e+02
9.633227054637027322e+02
9.440103274635062007e+02
9.222051928198573023e+02
9.044044536728376897e+02
9.530847055727556381e+02
9.340975892065044945e+02
9.375273118303152842e+02
9.135963962252983492e+02
9.014338128763633904e+02
9.756231843994546580e+02
9.465755883422033321e+02
9.317329315978997784e+02
9.394799628435000614e+02
9.342856120782059861e+02
9.470338493381922262e+02
9.129523404070802144e+02
9.462758512408170191e+02
9.443353723848388199e+02
9.023255435546149101e+02
9.706101630719201694e+02
9.197589955340524739e+02
9.284045633975786131e+02
9.151289310582701546e+02
9.157050867939805130e+02
9.586754518785203345e+02
9.490027516484145735e+02
9.503974585122376766e+02
9.149495853064446464e+02
9.388224987066543008e+02
9.243962862439084347e+02
9.099025688575802633e+02
9.555002260638893858e+02
9.680514557113810952e+02
9.566170279711762987e+02
9.358252274676723346e+02
9.652434672718937918e+02
9.401737627452887409e+02
9.400670456474080083e+02
9.282427917963527761e+02
9.380437939232186864e+02
9.116701354080915962e+02
9.573582706718725603e+02
9.116101704554619118e+02
9.359598296994469138e+02
9.125263228634739789e+02
9.596603122008974651e+02
8.829382065296781548e+02
9.351769245803695867e+02
8.928238067273990737e+02
9.725059886150266948e+02
9.128174190078345873e+02
9.147722911287717125e+02
8.996887700150609817e+02
9.486033442087331196e+02
9.239306639178515752e+02
9.455666284344528094e+02
9.056617530110796679e+02
9.119640840789489857e+02
9.499253239248105274e+02
9.206564101565367082e+02
9.477142387875137501e+02
9.154954615313439490e+02
9.303946815011091758e+02
9.255468123355155967e+02
9.111722033952752327e+02
9.676628340191939515e+02
8.939235684797224621e+02
9.253943567379592423e+02
9.370417555965397014e+02
9.327154780529574509e+02
9.386328490654728967e+02
9.135215237212278225e+02
9.523267203308546414e+02
9.314553561681304927e+02
9.322190228602768229e+02
9.548475455909116363e+02
9.464784153330930394e+02
9.616876686126885261e+02
9.672018874955579122e+02
9.380602889829146989e+02
9.465885999153149442e+02
9.782981443896526343e+02
9.284990462686819228e+02
9.469649970820174758e+02
9.597760806685865873e+02
9.394493728451162724e+02
9.357918242888026725e+02
9.298273085719696383e+02
9.234934659621045512e+02
9.384271997018497586e+02
9.513045163613414843e+02
9.422700802675101386e+02
9.702547458952400348e+02
9.202904139507481887e+02
9.295039619484737159e+02
9.026123234273202343e+02
9.237494994434078990e+02
9.224351427514309307e+02
9.002636491213071395e+02
8.772612020807789577e+02
9.458216420185090101e+02
9.465989499455483838e+02
9.006076572089660885e+02
9.419374670434933705e+02
9.158929492255538207e+02
9.272026181933457565e+02
9.671112094353475186e+02
9.344539292188694617e+02
9.317112350118530912e+02
9.578410832973711422e+02
9.412673926377884754e+02
9.121297122636158292e+02
9.423786443573151246e+02
9.759794861947984828e+02
