9.192370516146304453e+02
9.119234884074398906e+02
8.872871576424848854e+02
9.035259588370831807e+02
9.746852813342062518e+02
9.247626821619777502e+02
9.170212358540220521e+02
8.879993750519058722e+02
9.008088256694602478e+02
9.418483510879641472e+02
8.764570773615419057e+02
9.649440396041579788e+02
9.469122154578908521e+02
9.737695615439217818e+02
8.811894528064673295e+02
9.348751148237157622e+02
9.750693918468168704e+02
9.424689466415754850e+02
9.468446811147937296e+02
9.427880076152209767e+02
9.011353911163414523e+02
9.504395470383310567e+02
9.328962468589093078e+02
8.868793439127912279e+02
9.255220851720365545e+02
8.735450639097653038e+02
9.475330821492464111e+02
9.527921595608918324e+02
8.762266719871764735e+02
8.994384298659615524e+02
9.076585292410422880e+02
9.537555858519046978e+02
9.142981575543486770e+02
9.629927475105312169e+02
9.304979220094353423e+02
9.364067560642404260e+02
9.184484410323732391e+02
8.909688926589617495e+02
9.320482029793980701e+02
9.384718495768470348e+02
9.368435297368273496e+02
9.265554379385287120e+02
9.256050451373297392e+02
9.041055567978331737e+02
9.493828321454842580e+02
9.082734625257769494e+02
9.371758094573540347e+02
9.212767236176584902e+02
9.739238169275070049e+02
9.161121309028285395e+02
9.497035106022403852e+02
9.679219320283327761e+02
9.135896477840991565e+02
9.418926719017541700e+02
9.536091518994054468e+02
9.652624331405769453e+02
9.347218448199391787e+02
9.397535918694009069e+02
9.164664179601622891e+02
8.893516179644151407e+02
9.132601420402702388e+02
8.947553156802781587e+02
9.303373710063278850e+02
9.457934142984202026e+02
9.070249065964002284e+02
9.319989858776980327e+02
9.515114336211860291e+02
8.944975509554700466e+02
9.020688048086440176e+02
9.295049695046913030e+02
9.642652355167151654e+02
9.412028870350237639e+02
9.036006390812258360e+02
8.926275813029843675e+02
9.293793458024988468e+02
9.268373421735465172e+02
8.916627102386263459e+02
9.781850333098248029e+02
8.991939063231088767e+02
9.045643263773536091e+02
9.413638841543663602e+02
9.646555307640442152e+02
9.146349319159805873e+02
9.288663049632764341e+02
9.574096689199594721e+02
9.253433665796127343e+02
9.330142479823122130e+02
9.337618558846338601e+02
9.543927944127332239e+02
8.950157503270975212e+02
9.369968018359328426e+02
9.604432579294514198e+02
9.175905999926139884e+02
9.216128110727395324e+02
9.296121551429364445e+02
8.944163289472958240e+02
9.248676073537652655e+02
9.159451741136210785e+02
9.387887930519962083e+02
9.356068158773082359e+02
8.982698658987224007e+02
9.193878916579083125e+02
9.670250741627594380e+02
9.233715762288128417e+02
9.381470851629212575e+02
9.079944734277869429e+02
9.223913917070476600e+02
9.555944895018300258e+02
9.298519252192530757e+02
9.236869151086034435e+02
8.953190960757505081e+02
9.304373190844613646e+02
9.193075548377742052e+02
9.291113847752164929e+02
9.138499240144294617e+02
9.232064624256504430e+02
9.404921880557180884e+02
9.699859832061815723e+02
8.985401228640721456e+02
9.642558490945336871e+02
9.551516033179855185e+02
9.334532099141597428e+02
8.984229942194358500e+02
9.091087753600168071e+02
9.133244266122310364e+02
9.462655864732421378e+02
8.992844263162528478e+02
9.853545051956557472e+02
9.086044484233117373e+02
9.423015010207998330e+02
9.570644683749526394e+02
9.160580042741612488e+02
9.072517856777952829e+02
9.362657407621707080e+02
9.237188576380102631e+02
9.788308413176426939e+02
8.763095703245750201e+02
9.066290802765520311e+02
9.355472999362043538e+02
8.969555207236077194e+02
8.987682395829790494e+02
9.231277425570241348e+02
9.370222513214141600e+02
8.992533573466619146e+02
9.197778597570619468e+02
9.028573345988543224e+02
9.360877441368478458e+02
9.261278058773490329e+02
9.295403921729393915e+02
8.946838036025404790e+02
9.278081341989137627e+02
9.595164177729097901e+02
9.686747858509797879e+02
9.199943110843756813e+02
9.686647229392076497e+02
9.653182971625892606e+02
9.618547045149887254e+02
8.949569334355549017e+02
9.696977517774107582e+02
9.178427557698216788e+02
9.487586691447083922e+02
9.601389345560151014e+02
9.089269351749102270e+02
9.280202204171791891e+02
9.122717401875643191e+02
9.283824606510593185e+02
9.233810677481285438e+02
8.988881334140304489e+02
9.433532972668197090e+02
9.431930395273061549e+02
9.293957905937235182e+02
9.306259101317282330e+02
9.174035445702729703e+02
9.065410525998270259e+02
9.503637997817277210e+02
9.169569419252638909e+02
9.652680473617340340e+02
9.820509401304207131e+02
9.377112776706321711e+02
9.615089487492323315e+02
9.276452590049251512e+02
9.289174668009698053e+02
9.109803979780210739e+02
9.246073870986018619e+02
9.072214047645378514e+02
9.812842065059928700e+02
9.051887985241063461e+02
9.303412993677015947e+02
9.231735933508908829e+02
9.567052631670478604e+02
9.010922663313108387e+02
9.341272614297823793e+02
9.225620821233530933e+02
9.418369278397686912e+02
8.943325786312354921e+02
9.127336249956681513e+02
9.215642614289184849e+02
9.490079339021200440e+02
9.072411968015227330e+02
9.165257542510282747e+02
9.189720560507873870e+02
9.160738029031623455e+02
9.292676893039528068e+02
9.218416513577693649e+02
9.236139296864562311e+02
9.465003050821396755e+02
8.949709024946572526e+02
9.693714077896199797e+02
8.923265999893309299e+02
9.185278383470420067e+02
9.186156313810911342e+02
9.159736450031660979e+02
9.672052287850681296e+02
9.241957587190549930e+02
9.365801988092409829e+02
9.188565014506189073e+02
9.182941390756584497e+02
9.443324837357697561e+02
9.363797800470421180e+02
9.304274038271405516e+02
9.433553601824037287e+02
9.441496667911354734e+02
9.168144649028021149e+02
9.902206647958464600e+02
8.816807524679840071e+02
9.324137832957303544e+02
9.583807238970275648e+02
9.321079177771591731e+02
9.387088320937598382e+02
9.608954965950455289e+02
9.007537185729044040e+02
9.322399455377529875e+02
9.157799341085515152e+02
9.315956683520607839e+02
9.711510778947288145e+02
9.143306054784263779e+02
9.659486701427535991e+02
9.083802938942257015e+02
9.254750937989625754e+02
9.559659189674104027e+02
9.163349884044570217e+02
8.908377996991072223e+02
9.549330248473701204e+02
9.168584380809953700e+02
9.625443416617076764e+02
9.238508418119931775e+02
8.925020248652651844e+02
9.353078713424349644e+02
9.365114081618194177e+02
9.284879355923973208e+02
9.924680086861915242e+02
9.707869022279191995e+02
9.674918044106893831e+02
9.418145723557840938e+02
9.034140548813495570e+02
9.556952454602932221e+02
