9.140405796917480075e+02
9.119234884074398906e+02
8.899487845892314226e+02
9.007690187593823339e+02
9.773031769899303072e+02
9.209243883582947774e+02
9.223315500809901550e+02
8.917032508991413806e+02
8.928847474994132654e+02
9.309013299343727113e+02
8.852002939162159691e+02
9.633725870039154415e+02
9.566322058648660231e+02
9.666581850796289928e+02
8.920569280934068956e+02
9.317059229688835558e+02
9.815829500583896561e+02
9.437270663807782967e+02
9.439251688438158681e+02
9.474890749941724835e+02
9.131261891164593862e+02
9.551168721093671365e+02
9.428784581122537247e+02
8.902227639344334875e+02
9.316856335503002811e+02
8.765320529348193759e+02
9.464344901228920435e+02
9.540881367217161824e+02
8.805172815696739690e+02
9.004939412200228617e+02
9.049251883538483980e+02
9.589978937446453529e+02
9.123808898957179281e+02
9.637641637658006175e+02
9.280093782116662169e+02
9.374321601041062877e+02
9.199572488943516646e+02
8.879832856104496841e+02
9.276191241881175529e+02
9.387565714715203740e+02
9.283627224357483101e+02
9.257581954460182487e+02
9.236728572715333030e+02
9.091270173099572958e+02
9.603776541027461917e+02
9.024726242361215327e+02
9.355159770812729221e+02
9.226796231003008870e+02
9.745882278011730477e+02
9.182106649255848652e+02
9.458070407697221071e+02
9.680285819671178160e+02
9.126314754224135868e+02
9.521184869721940913e+02
9.607427103271320448e+02
9.676805067848820272e+02
9.349285296920520523e+02
9.342378160702701280e+02
9.143125696963054452e+02
8.946287010451513879e+02
9.103431018792329041e+02
8.855857431935444311e+02
9.222915756804393368e+02
9.444852822617782522e+02
9.154993595312503203e+02
9.385864539843481680e+02
9.456868364293633249e+02
8.841913738855423617e+02
9.032064666815438159e+02
9.320982858723170921e+02
9.659898920718520685e+02
9.384575399371404956e+02
9.068294286854252277e+02
8.893984798205837023e+02
9.403917343791160874e+02
9.218791238566760740e+02
8.933275379742108271e+02
9.786951808713204173e+02
9.019364333477537912e+02
8.995055095279030866e+02
9.414433663976678872e+02
9.560782644016751419e+02
9.081474285967535707e+02
9.324067906389690279e+02
9.602544361076879795e+02
9.277286855150584870e+02
9.383127851052657888e+02
9.335885969173616559e+02
9.450813623580404510e+02
8.897442829084008054e+02
9.438070519264535960e+02
9.604614997004761108e+02
9.208622706271833067e+02
9.203815126274027989e+02
9.395139683931369063e+02
8.925424872219706458e+02
9.225429639833230340e+02
9.178118220908215790e+02
9.472684752032923825e+02
9.404901879073291866e+02
9.078316772182874956e+02
9.252866283443399880e+02
9.739781090420323153e+02
9.221237724322500071e+02
9.378269724063018202e+02
9.011454070181059706e+02
9.183146341842389120e+02
9.557910538141583174e+02
9.251044507374161867e+02
9.248917183922893628e+02
8.972562433329387659e+02
9.286773565953099023e+02
9.109074734951962000e+02
9.315521289321947052e+02
9.202638492905279008e+02
9.340979326168238686e+02
9.462063887135442428e+02
9.621283340114578095e+02
8.929796601384712176e+02
9.609088437912995460e+02
9.550679214720103118e+02
9.293487782546390008e+02
9.035451865770991162e+02
9.058797122655914791e+02
9.201050588347288794e+02
9.504847394489136150e+02
8.959261824724344478e+02
9.842852769374364925e+02
9.179321494999960578e+02
9.358811083118630449e+02
9.666473146922571686e+02
9.168591615980531060e+02
9.074781663688366962e+02
9.290722019144945989e+02
9.244561672412535245e+02
9.842400330771422432e+02
8.763472287815239952e+02
9.118434684834479640e+02
9.316644648179955084e+02
9.009862413181595002e+02
9.060566370271885717e+02
9.197036079815748053e+02
9.405530481620614864e+02
9.013616318421968572e+02
9.245837434175164162e+02
8.986567729870802168e+02
9.438439225806412196e+02
9.225904244965067846e+02
9.349205798666050669e+02
8.888363074789422171e+02
9.278989254620732936e+02
9.686414509124475671e+02
9.706129749154387127e+02
9.229233547962372768e+02
9.672328591648215479e+02
9.606935748192400979e+02
9.648931613684995909e+02
8.966070879135477298e+02
9.706716076233986996e+02
9.156192960319767735e+02
9.411639357061101236e+02
9.646159773036629304e+02
9.028659513346435688e+02
9.246253395697109454e+02
9.111209410265457791e+02
9.186648422472353559e+02
9.303403789865880071e+02
9.058283185546597451e+02
9.457785852483023064e+02
9.396505712516986932e+02
9.289378267598008279e+02
9.331217285356495950e+02
9.114249029741295089e+02
9.173371301011036394e+02
9.502001027470580539e+02
9.196379847189527936e+02
9.629810585795886482e+02
9.847077993104932148e+02
9.389039492882470768e+02
9.619941698366079663e+02
9.350621246036262164e+02
9.326084074299111535e+02
9.105052372852301232e+02
9.306844351607649060e+02
9.093824516243003018e+02
9.771609943875779436e+02
9.017351883919944839e+02
9.399869935539020389e+02
9.168250161704178254e+02
9.520773832712145577e+02
9.035181183126762789e+02
9.447111408893690623e+02
9.142813259376523547e+02
9.383191435909616303e+02
8.945158885410594394e+02
9.201804946749342662e+02
9.166836515277701665e+02
9.501888692864034738e+02
9.075208644575593553e+02
9.119633616337467856e+02
9.210379696378981862e+02
9.182641083173205061e+02
9.386203340875060803e+02
9.181280741875160629e+02
9.246010746751007900e+02
9.407236509035720928e+02
8.919743430151144139e+02
9.686426892331998033e+02
8.858055625826648338e+02
9.200671919449878260e+02
9.202567206160342721e+02
9.188719756721619660e+02
9.643475620410828242e+02
9.294439907722653516e+02
9.347263226592215233e+02
9.247344758943036140e+02
9.185433872574025145e+02
9.429265675084867553e+02
9.389582211065007868e+02
9.325705772238159170e+02
9.443617641151458884e+02
9.456848336878290411e+02
9.204532013110228945e+02
9.953982830401279216e+02
8.891129884476939651e+02
9.317856729552916022e+02
9.598361238028032858e+02
9.345540021539283089e+02
9.420513321568815854e+02
9.587300868592816414e+02
9.029930606672148770e+02
9.317475276411590812e+02
9.192549322257831363e+02
9.360314669380958321e+02
9.717380225533229350e+02
9.151428589919730712e+02
9.623288351943504040e+02
9.059750306443837644e+02
9.203991849403154220e+02
9.602348701677113922e+02
9.082874009363024470e+02
8.835147014696487986e+02
9.534227119158691721e+02
9.185453789309240165e+02
9.505355972605930219e+02
9.235974211554849944e+02
8.924489161364001575e+02
9.320692160619937567e+02
9.415987079285894197e+02
9.318364067588063335e+02
9.861890531865043386e+02
9.729140480216844935e+02
9.664454672827605464e+02
9.349837080706586221e+02
9.096174033200474014e+02
9.617304556569355327e+02
