1.501186473283158648e+03
9.119234884074398906e+02
1.078193159672780894e+03
1.073598514124979602e+03
1.083220404772478787e+03
1.169019564606909398e+03
1.151331271595889802e+03
1.086747811739215194e+03
1.079978106587532920e+03
1.180031391818760085e+03
1.054761933085456349e+03
1.151285976090832037e+03
1.244903606721044525e+03
1.032827477385823158e+03
1.127497640433570268e+03
1.174736238937140342e+03
1.134775318546898234e+03
1.208722265859052868e+03
1.124423545862916399e+03
1.076254240941787430e+03
1.038598700129945883e+03
1.175051557654038788e+03
1.089952449480733321e+03
1.181213796603035462e+03
1.171674685760667444e+03
1.136660405508409667e+03
1.028833430967058575e+03
1.225659956430363991e+03
1.089631925703291017e+03
1.128791303176729116e+03
1.064703017559687169e+03
1.316550659028464906e+03
1.206408567489593224e+03
1.072504681995790861e+03
1.099876820086984253e+03
1.092775655739868398e+03
1.096159505801090063e+03
1.165268575338440769e+03
1.061536630897603800e+03
1.211635479196594815e+03
1.161872278428759500e+03
1.029005817418204060e+03
1.112173447719281739e+03
1.184945016494929405e+03
1.131405423271935206e+03
1.081946882914158778e+03
9.693448589039064700e+02
1.277150388442786607e+03
1.087854275959081406e+03
1.185707278888564815e+03
1.136047836533333339e+03
1.179339936123997404e+03
1.030899763444313066e+03
1.172464049606162916e+03
1.093616149336107810e+03
1.075701316332891111e+03
1.099048454683554610e+03
1.228151804220277199e+03
9.761051305349972154e+02
1.165900445989042737e+03
1.026226313533688426e+03
1.151866915196460241e+03
1.133624824098367299e+03
1.187042368679855599e+03
1.129566510597836441e+03
1.173322264679836280e+03
1.070046325426400017e+03
1.199954164689549998e+03
1.034356982884581612e+03
1.094648129986435833e+03
1.006374725515793102e+03
1.265887065786475887e+03
1.117131961902387275e+03
1.053876792845546561e+03
1.218810634849989810e+03
1.197257958230957001e+03
9.927613055678838236e+02
1.229404014470490893e+03
1.094484766292990116e+03
1.130763158964115064e+03
1.205601075730280627e+03
1.130520804985503673e+03
1.108359404329183690e+03
1.150206806904933273e+03
1.135322482685865452e+03
1.162921955126618968e+03
1.141878257894437866e+03
1.169962108964919707e+03
1.108356604926474574e+03
1.105035577689214961e+03
1.186903526398868507e+03
1.055994127338108001e+03
1.247574546459128669e+03
1.031644134511023822e+03
1.140352026543471311e+03
1.172236977937354368e+03
1.108602154764467741e+03
1.116171543231132546e+03
1.074935517169813011e+03
1.244157691605813397e+03
1.097760328934126392e+03
1.122565121144677278e+03
1.056797383868186671e+03
1.245612340420937699e+03
1.104462155891726525e+03
1.177043199290857956e+03
1.049931334595258932e+03
1.206279553726912127e+03
1.120067892113952666e+03
1.125201895420511164e+03
1.064732125608327351e+03
1.135488310076409562e+03
1.237511038745024052e+03
1.056312753180342497e+03
1.150448723030836618e+03
1.079975127213309634e+03
9.637438951123890547e+02
1.248177334896000502e+03
1.018669108115324548e+03
1.288791786253006649e+03
1.021200935565622217e+03
1.201859821258753527e+03
1.123503542088133145e+03
1.102282490785831442e+03
1.074086205704295935e+03
1.147180335489637855e+03
1.257766033757429796e+03
1.068351889863575707e+03
1.187506170622383252e+03
1.027145984077538287e+03
1.140511687685089555e+03
1.151104968122285527e+03
1.097322056569513506e+03
1.130825028214792383e+03
1.029426853931531014e+03
1.191629415739006390e+03
1.105661590065336441e+03
1.187006114063497989e+03
1.163006691632792354e+03
1.060361577828445888e+03
1.230108191005512708e+03
1.056138722315469749e+03
1.158336882448245888e+03
1.111693861401212644e+03
1.097636606759461756e+03
1.028853859805780303e+03
1.124259748206704671e+03
1.128916886577280820e+03
1.026284879767204984e+03
1.302809909327394735e+03
1.006411407688774602e+03
1.124065468980690639e+03
1.190303000073268322e+03
1.162797117294452164e+03
1.106207120277242666e+03
1.168110702781382315e+03
1.105613830919174688e+03
1.109430179325735935e+03
1.214624689115194315e+03
1.181527305767663165e+03
1.228325062979888571e+03
9.905302686114943072e+02
1.192676514284529731e+03
1.120293892718950246e+03
9.888502611295053839e+02
1.298465375216327175e+03
1.032745368993494139e+03
1.106872683832068333e+03
1.181508262260264473e+03
1.103589575895481175e+03
1.125869079716679153e+03
1.046500163748617524e+03
1.141763264819202050e+03
1.119688875149833848e+03
1.178708489971474137e+03
1.187014676799387644e+03
1.028607345640523363e+03
1.222449533369391020e+03
9.881384703884466489e+02
1.274707367124064831e+03
1.183296722216181479e+03
1.050945479476858054e+03
1.013821031113191111e+03
1.252468978450806617e+03
1.092134207843123477e+03
1.151121685831638615e+03
1.038309668139978839e+03
1.217948702047831603e+03
1.047349975141184132e+03
1.240507244262009635e+03
1.095545247649325120e+03
1.188230985572595728e+03
1.182035915026307975e+03
1.124840191079719716e+03
1.069073874743623037e+03
1.150081810518339807e+03
1.174723597624637250e+03
1.074130197645501767e+03
1.025680058821657440e+03
1.233319481726317235e+03
1.124760161955272906e+03
1.079514363079576015e+03
1.078283155812591758e+03
1.083821408609426726e+03
1.078186411612210350e+03
1.106602679062837296e+03
1.032222163663532683e+03
1.346225728459550737e+03
1.152614899342219587e+03
1.027424448348583155e+03
1.216147979988529414e+03
1.019279089291201331e+03
1.072078165403745516e+03
1.109116004271182874e+03
1.253111528958729650e+03
1.118748193135620568e+03
1.134693455588275356e+03
1.146373186319550769e+03
1.076732694430703305e+03
1.276259226151803887e+03
1.220119945409613820e+03
1.172100751772759622e+03
1.071139160467741021e+03
1.137803561689737307e+03
1.089102242938110976e+03
1.265071012055400161e+03
1.125084825403104787e+03
1.151846466662081411e+03
1.022521022337175850e+03
1.164988848219270949e+03
1.026898549152273517e+03
1.226078750802972536e+03
1.031499763584671882e+03
1.137366655691353117e+03
9.595502161304863193e+02
1.319028076227127485e+03
1.084672773339822243e+03
1.156789610828471268e+03
1.064849896229694878e+03
1.198711678297177059e+03
1.225346655994449975e+03
1.033017486699769506e+03
1.134004559403192388e+03
1.075224785006654201e+03
1.059721348933752097e+03
1.181766138042895818e+03
1.017547182249175648e+03
1.232970795770394034e+03
1.111323438458859755e+03
1.165134632746473471e+03
1.182388769323750921e+03
1.146529496132686290e+03
1.222068944436284482e+03
1.045400561364386022e+03
1.071124372806342990e+03
1.260799793949958485e+03
