1.547222518888023160e+03
9.119234884074398906e+02
1.133795114027012005e+03
1.137705883451542377e+03
1.114085255264117222e+03
1.227414840921156156e+03
1.185507747562686745e+03
1.058159414161265431e+03
1.116922589212490266e+03
1.205018729014300334e+03
1.062391515884045930e+03
1.135863801017429978e+03
1.243239662655353186e+03
1.037886085699876276e+03
1.137157760712650770e+03
1.152659114437152994e+03
1.167230648323952209e+03
1.271684002617357692e+03
1.128846643425803677e+03
1.097259831256815914e+03
1.077795301462206680e+03
1.164576539494638837e+03
1.056284471609709726e+03
1.226717456608383372e+03
1.185570101297332712e+03
1.197440910858646930e+03
1.002206890251170989e+03
1.210935507842564448e+03
1.058097249336641198e+03
1.191507581135624832e+03
1.104741991619860983e+03
1.312290774429148996e+03
1.230384726971724149e+03
1.071081938305572976e+03
1.122099453571239792e+03
1.133373053398605862e+03
1.138441966841957310e+03
1.200645182471919725e+03
1.060889387965977221e+03
1.202838714916978915e+03
1.205116172579443628e+03
1.015770949032868089e+03
1.131485382409789963e+03
1.290269119528673400e+03
1.171406452968974463e+03
1.150087989088036238e+03
1.003944131115086179e+03
1.309351226283173219e+03
1.099156810615993663e+03
1.261152075943143018e+03
1.177195933730922206e+03
1.287993740438743771e+03
1.059508144689664960e+03
1.245230826005115887e+03
1.152477134871881390e+03
1.160576424614632288e+03
1.169161186729044857e+03
1.237412620397698220e+03
1.033799311106181676e+03
1.189445456136618986e+03
1.061489406876663224e+03
1.163631334233976304e+03
1.197761097038443722e+03
1.233199267572784493e+03
1.167689275463028025e+03
1.152875540943568240e+03
1.028598540967834197e+03
1.221663400703234629e+03
1.012864117198819713e+03
1.146403015357658660e+03
1.035620579420240119e+03
1.324341779437571859e+03
1.140368112910414084e+03
1.079540784600866573e+03
1.244887967646948937e+03
1.235359933741235636e+03
1.069815124357224477e+03
1.263013657454108852e+03
1.109646903179124365e+03
1.139501948933217591e+03
1.220214106838599946e+03
1.165709033737444997e+03
1.169499757154997042e+03
1.112269801334149633e+03
1.194278654519270049e+03
1.188828887739686252e+03
1.202695782596399113e+03
1.152333687875131545e+03
1.189891335021767645e+03
1.182677051878966495e+03
1.222295415657399417e+03
1.058647062181539241e+03
1.296378190091974375e+03
1.017633307135023188e+03
1.189880297342594986e+03
1.199808629918967654e+03
1.129334153557036871e+03
1.200531002579521783e+03
1.126778593891087439e+03
1.250775486325529073e+03
1.138071817565828042e+03
1.122477976966546066e+03
1.106142964929998925e+03
1.281830260689986289e+03
1.113859492503685942e+03
1.198827670859877799e+03
1.041707214681777941e+03
1.188867642530081639e+03
1.190451916290702684e+03
1.135253555877635790e+03
1.058100336695199758e+03
1.220514704441000958e+03
1.296641170366431652e+03
1.107506275524098328e+03
1.138798074806870090e+03
1.099331131835613633e+03
9.936583351163391171e+02
1.266639492582776711e+03
1.048269312285833848e+03
1.333219698406296629e+03
1.058054581480514571e+03
1.169874126288307025e+03
1.175951779483689734e+03
1.159727547382274679e+03
1.109504599927112395e+03
1.156580180071419591e+03
1.278463461326310608e+03
1.154898777269396305e+03
1.255062313316502468e+03
1.095968019204836992e+03
1.158829890388137756e+03
1.225791796874291549e+03
1.106166141410824139e+03
1.171213690629758275e+03
1.045100335804318092e+03
1.299364730496625270e+03
1.116626749164700186e+03
1.222613608520216530e+03
1.218231078122223153e+03
1.029772369242369223e+03
1.240879472281062135e+03
1.036291329537448746e+03
1.178779905892648458e+03
1.090167654030295353e+03
1.129024268526077549e+03
1.069748271966966968e+03
1.140922004166428451e+03
1.218032894878062052e+03
1.066648461985764015e+03
1.370727523286414680e+03
1.040267466703867285e+03
1.159129342832204884e+03
1.236461821543925453e+03
1.157790540006467836e+03
1.140135278758596542e+03
1.189827744221731109e+03
1.198176018233234572e+03
1.103067185376162570e+03
1.210717305489580667e+03
1.195088257927294308e+03
1.238715652406587878e+03
1.018048746491490192e+03
1.197579836415976388e+03
1.128943212099879020e+03
1.001634219529120401e+03
1.338729134675098067e+03
1.119237436362227072e+03
1.182218966249272171e+03
1.235666370835995849e+03
1.143126506092469981e+03
1.135105717127339176e+03
1.042012562734709945e+03
1.109742796575567354e+03
1.168476750182407613e+03
1.244999739538897074e+03
1.201184533606255400e+03
1.142065699919609870e+03
1.284368098323034246e+03
9.618643389064848179e+02
1.274489643934578226e+03
1.244985068643038176e+03
1.141574606634852444e+03
1.001118258937714359e+03
1.298458026973846245e+03
1.121802289103625299e+03
1.206925192711890304e+03
1.055002602201000400e+03
1.269464912730195465e+03
1.073797738270034642e+03
1.328128327814200247e+03
1.080244506699983049e+03
1.189011056369818107e+03
1.243261548682974308e+03
1.110964737227775231e+03
1.103610275054054000e+03
1.167922791276428370e+03
1.204564845756611703e+03
1.050186716635154198e+03
1.058184324920267045e+03
1.222551825883040010e+03
1.137979922645535680e+03
1.109049809748647021e+03
1.146738038074269525e+03
1.110838668983972639e+03
1.081910361305625884e+03
1.131968339274427308e+03
1.049451328060559945e+03
1.356470497132669607e+03
1.192308620083849291e+03
1.066881577819264749e+03
1.215996178854104301e+03
1.062441783429617317e+03
1.114090306580429115e+03
1.163879043378334245e+03
1.290089933847162001e+03
1.178186949795570399e+03
1.142977189345560419e+03
1.170541510307138196e+03
1.106199554974987450e+03
1.232179416060040694e+03
1.277573720588848118e+03
1.148784864684454533e+03
1.157601976786354271e+03
1.153566835812100180e+03
1.069217576579950219e+03
1.328603556044035031e+03
1.175642962603082196e+03
1.144162164686938013e+03
1.029399463299302852e+03
1.132900198725191785e+03
1.053004781499219689e+03
1.279722311542222769e+03
1.133642150152559907e+03
1.163091206735672358e+03
9.729118212884868626e+02
1.366661004090516826e+03
1.109876697782643532e+03
1.174091600523172019e+03
1.045671231948313107e+03
1.209410851382755254e+03
1.223995737767301762e+03
1.027683131330604056e+03
1.219980695802572200e+03
1.097208526167299169e+03
1.062246308579355400e+03
1.214978000987268160e+03
1.084145558740819524e+03
1.255415056870171156e+03
1.139890784785799497e+03
1.211187273438026295e+03
1.224635510308073208e+03
1.203315718930667572e+03
1.296589293312667451e+03
1.053410472406919325e+03
1.070090215597252381e+03
1.303528278611772521e+03
