2.466777014609531307e+03
9.119234884074398906e+02
1.323819351872252128e+03
1.341424736327746814e+03
1.296573817739637889e+03
1.599070656689806583e+03
1.526721026533515897e+03
1.292681698893935845e+03
1.376775281456770017e+03
1.565374610083471453e+03
1.335501593363796928e+03
1.453761663578532762e+03
1.734353094788506496e+03
1.257359931385984737e+03
1.480923372441521678e+03
1.475788078970347669e+03
1.432269786249406707e+03
1.600838198464020479e+03
1.498466251312874647e+03
1.276189231545314669e+03
1.273377325368717038e+03
1.530792123768443162e+03
1.458415522562438582e+03
1.503898936984233387e+03
1.489357196775546527e+03
1.485677305849030745e+03
1.301785064222082838e+03
1.522526595280213542e+03
1.288214842500938175e+03
1.513725512139982811e+03
1.357885858731320241e+03
1.771976246125431317e+03
1.586197145222888594e+03
1.312867920674114430e+03
1.494753752118104785e+03
1.294466674982524182e+03
1.341135446221871689e+03
1.463449589006319002e+03
1.293227548123622455e+03
1.681262434204733836e+03
1.613812786840313947e+03
1.208568723290185289e+03
1.435217608120546402e+03
1.623050149851907918e+03
1.482056174401823455e+03
1.366000075096203091e+03
1.097142048625405550e+03
1.782022540646923289e+03
1.340365572412285246e+03
1.558801784895536002e+03
1.397679947136977717e+03
1.655978865702338453e+03
1.260581322226919383e+03
1.649776674732838046e+03
1.428101095526320478e+03
1.411398487374172646e+03
1.391579927018645776e+03
1.698356142668154007e+03
1.164080229445493842e+03
1.543206940388725798e+03
1.198420085088778706e+03
1.634095803862493085e+03
1.486904717610428179e+03
1.537099373438411931e+03
1.484706190154822025e+03
1.499278126100824920e+03
1.329753436583543589e+03
1.552115557484832152e+03
1.313392267290328618e+03
1.408388730030904298e+03
1.270268299597649502e+03
1.800850964588732268e+03
1.411662491213601243e+03
1.230351723680434588e+03
1.682968646621495736e+03
1.556822235803448166e+03
1.305230161522721573e+03
1.597823369555800582e+03
1.453276736864191662e+03
1.409126401166992537e+03
1.574115161452947177e+03
1.452682937303870403e+03
1.468825108483142230e+03
1.398304450348398404e+03
1.450927447053928063e+03
1.585101950732495879e+03
1.468487703589314606e+03
1.411821033686191640e+03
1.400762515598800974e+03
1.467240210625154077e+03
1.712068993963369849e+03
1.181924796754621639e+03
1.814072806760133744e+03
1.087271816586040586e+03
1.445625150195412516e+03
1.555385547934555689e+03
1.328923467178962937e+03
1.500734884887229327e+03
1.312612475236990576e+03
1.619466478395495642e+03
1.390148119866325487e+03
1.472280012185192163e+03
1.374006609191281314e+03
1.663499304767613694e+03
1.391630898734620359e+03
1.532272776082939345e+03
1.281481631924034900e+03
1.576524079357918936e+03
1.460290370935781084e+03
1.472421993584968732e+03
1.147990325093405318e+03
1.618599556620930343e+03
1.705769401618457778e+03
1.259107648594389502e+03
1.481551626057888598e+03
1.317864922144746288e+03
1.151376634562309846e+03
1.624351132861800124e+03
1.209194870472415460e+03
1.782967995106163471e+03
1.307519820729481125e+03
1.507867885924737493e+03
1.481529414677930617e+03
1.409774032253517817e+03
1.380612223664564681e+03
1.486420781171291310e+03
1.702236925103196427e+03
1.413105961986466582e+03
1.642052342057244687e+03
1.270458565605836156e+03
1.537671428710340479e+03
1.466214778199348530e+03
1.356664463000073738e+03
1.412539725798618292e+03
1.274659223457811549e+03
1.670237627676758166e+03
1.465722931716398307e+03
1.534033630861428946e+03
1.648865371487736866e+03
1.125208054637435225e+03
1.698459519225583790e+03
1.250102176043172904e+03
1.538153972976139812e+03
1.421814462820665085e+03
1.471590975508306883e+03
1.322439665818139019e+03
1.380275375385583402e+03
1.547136004283840975e+03
1.254257690246179664e+03
1.947123638090318536e+03
1.237659973416429239e+03
1.447420047100036072e+03
1.607578945437054927e+03
1.479074624171128335e+03
1.409535788509153235e+03
1.491158981784435127e+03
1.484768482638521846e+03
1.323815297379428102e+03
1.516527586132872557e+03
1.504382644017824987e+03
1.722798305431139397e+03
1.154135285505229604e+03
1.521252498079300267e+03
1.370653191253795967e+03
1.116133577549214124e+03
1.904299440137576767e+03
1.302293017833050953e+03
1.448313672485858206e+03
1.491588750648113091e+03
1.424767753026266746e+03
1.506080535497951587e+03
1.242972922246844746e+03
1.462185441183108878e+03
1.406884731266687595e+03
1.581992594221516356e+03
1.439953529837685437e+03
1.310799116358619358e+03
1.656819525035917422e+03
1.119848054155836053e+03
1.693627384572973369e+03
1.634172989013357437e+03
1.366132295945175883e+03
1.089879669926697716e+03
1.659912010173704402e+03
1.369025458682323233e+03
1.524599688195096178e+03
1.302476792834202570e+03
1.584414372302140919e+03
1.246919081163800683e+03
1.797739299643634013e+03
1.308714334415525173e+03
1.536380554376559530e+03
1.640309315299268746e+03
1.439887942854545599e+03
1.350453201948389278e+03
1.539089585243240435e+03
1.622272291393403520e+03
1.293771415361031586e+03
1.283087050345600346e+03
1.570348740552529762e+03
1.457421853972533881e+03
1.493687430148417434e+03
1.480452020837045893e+03
1.334498313633589987e+03
1.311468359155491726e+03
1.460076733666716336e+03
1.267084076920027201e+03
1.845073193956696741e+03
1.597966816115020492e+03
1.276151435157136348e+03
1.685247465818723413e+03
1.173758317466692688e+03
1.308097801525662135e+03
1.479028986937850277e+03
1.765709534539862716e+03
1.404113814386486411e+03
1.475599947728296684e+03
1.499060603383320768e+03
1.314870252261974429e+03
1.662046607908312126e+03
1.610444736646482852e+03
1.433960487767968971e+03
1.481803356507185981e+03
1.485379484255022817e+03
1.340177170916455907e+03
1.747113906321061222e+03
1.500983080593454360e+03
1.407790868383915495e+03
1.347790866006178931e+03
1.486904576818408486e+03
1.216822087362129651e+03
1.733563341620319306e+03
1.331691427959650809e+03
1.473994391068343020e+03
1.135109088534383318e+03
1.879648781902440305e+03
1.370522705458492510e+03
1.472569362277269192e+03
1.357911649154510087e+03
1.588600855689244554e+03
1.654002916019652275e+03
1.219557779439901879e+03
1.569470012379938908e+03
1.339191330805461803e+03
1.305600449237173279e+03
1.527767786290978165e+03
1.330071883726957367e+03
1.630148019264453069e+03
1.298107687248529373e+03
1.555588993309190073e+03
1.647884882391634846e+03
1.466989597589748882e+03
1.613646452284074712e+03
1.286089005723812988e+03
1.323879259397096348e+03
1.756570994801631059e+03
