3.286376012917849494e+03
9.119234884074398906e+02
1.474611555612748816e+03
1.559306149228336380e+03
1.483746804692980731e+03
1.867008855966306555e+03
1.797704615701733928e+03
1.515262654488141834e+03
1.591267769563471575e+03
1.851658403676371336e+03
1.538929770524164041e+03
1.707935125041619131e+03
2.121649229672614638e+03
1.450825669948711266e+03
1.739281696489945261e+03
1.678271693258624055e+03
1.656454357963276152e+03
2.028098080062533882e+03
1.811364440333000630e+03
1.412632369969676347e+03
1.560970242532905331e+03
1.792756713463552842e+03
1.703568075216776379e+03
1.756823012985103105e+03
1.774204615954205337e+03
1.807200702646669470e+03
1.513702388583877564e+03
1.846846174249910518e+03
1.464419316984555508e+03
1.837669595292924441e+03
1.572070227387706836e+03
2.136898355417157291e+03
2.030280858902845921e+03
1.443911829413159012e+03
1.781907476573086569e+03
1.560840063159770125e+03
1.603726172821782711e+03
1.760267440448348225e+03
1.465857200910211304e+03
1.991133322253348524e+03
1.982351804647557628e+03
1.425003870263087265e+03
1.743786393129643329e+03
2.031987618819990985e+03
1.813505187376340018e+03
1.612592007070539239e+03
1.275676344208981391e+03
2.166597463948342920e+03
1.631109497869402730e+03
1.810897834806145511e+03
1.669563542281941181e+03
1.999237274534505332e+03
1.419071315678950668e+03
2.035810781444723489e+03
1.633764532857868971e+03
1.641209005062016331e+03
1.609667011486145839e+03
2.080505022476226259e+03
1.371483553288931034e+03
1.892935933971253235e+03
1.382727903791699418e+03
1.957422113232485572e+03
1.750520909081276386e+03
1.852933598884510047e+03
1.743555300735854644e+03
1.792067350210522136e+03
1.584893494893010029e+03
1.851419456277227255e+03
1.478246084335685282e+03
1.720990063856481356e+03
1.436474315466028884e+03
2.274724926125782986e+03
1.679620599703277094e+03
1.435810276081306029e+03
1.989691172105855003e+03
1.897172686732872080e+03
1.572018467474044201e+03
1.926859048645137136e+03
1.769849248971451289e+03
1.605176297787590102e+03
1.881520028934950460e+03
1.680242233830640089e+03
1.789752601393791338e+03
1.577834585315454888e+03
1.666968619415072226e+03
1.988257307999502473e+03
1.761137080045614084e+03
1.668140496870918469e+03
1.696366096391281189e+03
1.694339251769370321e+03
2.061555755526382200e+03
1.304633047763394188e+03
2.280264405059538603e+03
1.189111294745667465e+03
1.729331641508992561e+03
1.860965990876856722e+03
1.586100089039919567e+03
1.873515413339936686e+03
1.492419631907072016e+03
1.868307612889110942e+03
1.599741596376436064e+03
1.782766114329865331e+03
1.604120666007046793e+03
2.115442769564302580e+03
1.639906163014744379e+03
1.825732316331351058e+03
1.537065593958984437e+03
1.900891727412503315e+03
1.693527066548697803e+03
1.747215422428245802e+03
1.348319334820382664e+03
2.012628279914702944e+03
2.100036820389178502e+03
1.455978678400508670e+03
1.758508767881267431e+03
1.635831221564103089e+03
1.326114344019501232e+03
1.981614637865036684e+03
1.358413825690324529e+03
2.162127317499432138e+03
1.530273687785574111e+03
1.792371355511935690e+03
1.761648032804067725e+03
1.667996648534124233e+03
1.673478606268305839e+03
1.742043162258638631e+03
2.149136530875694916e+03
1.572189294269744551e+03
1.982785520104339867e+03
1.425957214283243047e+03
1.915828831126452769e+03
1.772406870015041932e+03
1.636198168593697574e+03
1.706812887510498740e+03
1.428264705014686569e+03
2.006703442860063205e+03
1.719697636197583506e+03
1.845181428523339264e+03
2.067482140889268976e+03
1.231357877781257912e+03
1.987104593628579778e+03
1.401160900543427260e+03
1.842336984801419931e+03
1.622272644551371968e+03
1.750682948252426286e+03
1.523377228705436210e+03
1.625425746989996696e+03
1.906387310074732113e+03
1.415649854022786485e+03
2.380607181521871098e+03
1.501953123085676225e+03
1.699500120157288620e+03
1.864594444983179301e+03
1.778499837855362784e+03
1.660582727402932733e+03
1.771778669156977230e+03
1.827223821239876315e+03
1.577244169275403465e+03
1.736338781355131005e+03
1.795324009286391629e+03
2.120243928118274198e+03
1.302627514394594755e+03
1.916362900272240950e+03
1.623778242845367913e+03
1.197176127082423363e+03
2.422513532621851027e+03
1.517206701563462957e+03
1.694615885539193641e+03
1.754880277741683130e+03
1.650142798382241381e+03
1.777917779152604908e+03
1.500406245071309513e+03
1.768217166906229977e+03
1.663332721816137109e+03
1.923278342821108936e+03
1.700503255576496713e+03
1.582192277935665061e+03
2.054944978453713702e+03
1.337765150320994508e+03
2.074274237877620180e+03
1.929673481201762115e+03
1.653350324359648084e+03
1.204130209937355858e+03
2.004583900048036867e+03
1.600482225734016993e+03
1.811296197609055980e+03
1.511063304641477316e+03
1.956480537037617751e+03
1.462407469438597673e+03
2.240761707044493050e+03
1.556318639097250070e+03
1.854607662213658841e+03
1.955961557350190560e+03
1.606857384521542826e+03
1.532605063692182966e+03
1.815186952217090038e+03
1.998666769680647803e+03
1.484741209783134309e+03
1.472028662783891832e+03
1.923733645117021524e+03
1.743396038940191374e+03
1.757204375313791616e+03
1.753588266754530196e+03
1.504559426077563558e+03
1.486593778516690463e+03
1.739586780263219680e+03
1.469309719789087467e+03
2.307859365425046235e+03
2.021314032887371923e+03
1.313640811909977629e+03
2.088406895749889372e+03
1.270554138824598340e+03
1.519446189404145798e+03
1.748225469398403220e+03
2.146742652820584681e+03
1.582568295972158921e+03
1.728510859054349567e+03
1.758807644374556730e+03
1.532886283132322205e+03
1.971468601524959013e+03
1.940342252825282685e+03
1.716189265019973845e+03
1.781303095475854661e+03
1.699826063999136977e+03
1.505262281082050777e+03
2.118859425719777391e+03
1.818245971521962929e+03
1.627260275096652549e+03
1.560503341147300262e+03
1.717931190894450765e+03
1.378597258282720531e+03
2.086829041938145565e+03
1.658719917647751572e+03
1.732361692451880117e+03
1.206682094695880778e+03
2.369743616785061931e+03
1.523703807954667127e+03
1.858170118703883190e+03
1.539728885223968746e+03
1.951758126793609563e+03
1.987849171124362556e+03
1.369589465963779048e+03
1.885498462842606614e+03
1.563562943008628281e+03
1.518699070416666927e+03
1.852289576104476282e+03
1.527967706915662120e+03
1.958607753138737735e+03
1.458372058382317391e+03
1.879221102902576604e+03
1.998321101229388660e+03
1.692932254161704805e+03
1.977429755654116434e+03
1.461504680786578319e+03
1.530003382199766065e+03
2.156415407085187780e+03
