1.040718071669376513e+04
9.119234884074398906e+02
3.253361555856850373e+03
3.422108310770733624e+03
3.379682020901056603e+03
4.620939640839620552e+03
4.403069060396322129e+03
3.347056084804487455e+03
3.795148315511792134e+03
4.582190468189685816e+03
3.845508419545466040e+03
3.909544398418011951e+03
5.463937953327873402e+03
3.223874429594128287e+03
4.012374489919599000e+03
4.013055286468765189e+03
3.816152749375904477e+03
5.325316272236293116e+03
4.626574803768628044e+03
3.066733953527378162e+03
3.734329662866610761e+03
4.256515517805000854e+03
4.300893531379142587e+03
3.865191121305463639e+03
4.236665376631421168e+03
4.375734769665485146e+03
3.486341326154518811e+03
4.263551669824139026e+03
3.016402632596227249e+03
4.536210383817226102e+03
3.795758767358701334e+03
5.335163576433699745e+03
5.340922255741216759e+03
3.129073993747284021e+03
4.740874069553321533e+03
3.303092574558252181e+03
3.599262784386851308e+03
4.199472453088717884e+03
3.315758685592019901e+03
5.046722662236898941e+03
4.751418520482115127e+03
3.088641083895925931e+03
4.347932859340389768e+03
4.967049286799719994e+03
4.684801546380187574e+03
3.449335863540662103e+03
2.719195239960180061e+03
5.436546191285631721e+03
3.933831575653577147e+03
4.375634348309578854e+03
3.826090257835514876e+03
4.834782176309436181e+03
3.023016985887011288e+03
5.457123014110595250e+03
3.748472215430693723e+03
4.090799724632402558e+03
3.471787332484612307e+03
5.387844615541945132e+03
3.065469504812337618e+03
4.760778170957080874e+03
2.742842921490677782e+03
5.013676938256178801e+03
4.135360415003682647e+03
4.432769578264998017e+03
4.146376533132840450e+03
4.116951726279618924e+03
3.673898552952053706e+03
4.658634015527875817e+03
3.380863442717746693e+03
4.054104179856926748e+03
3.026594851575980556e+03
5.938867506730644891e+03
3.929755190712624426e+03
2.985085860519503967e+03
4.948305947370285139e+03
4.736455605153561919e+03
3.613913123639641981e+03
4.641220480783356834e+03
4.578423606965273393e+03
3.648502608974196846e+03
4.769402801800430098e+03
3.843100940062277914e+03
4.736969158330442951e+03
3.256901970567202625e+03
3.673431991799827756e+03
5.324201913585541661e+03
4.262542708668620435e+03
3.601345209168483962e+03
3.915148657808951612e+03
4.143886068119203628e+03
5.911976328849505990e+03
2.323128300918917830e+03
6.438645920387893057e+03
1.923386826204726049e+03
3.982434249617522710e+03
4.525248742446514370e+03
3.485953424092210298e+03
4.883468591408618522e+03
3.427336144037856229e+03
4.472946250726473409e+03
3.683936580003514337e+03
4.329155014521486919e+03
3.704764591274690702e+03
5.385290613532015414e+03
3.795237249723805235e+03
4.330742026914153030e+03
3.690831078458690627e+03
4.731497065831503278e+03
3.891836135638690394e+03
4.503376862776704002e+03
2.646245966426027280e+03
5.262157865653876797e+03
5.204845183290780369e+03
2.994463638518654534e+03
4.664147713826800100e+03
3.700959206289076974e+03
2.690791920620705241e+03
5.068389701668442285e+03
3.054224152913640410e+03
5.611730504646529880e+03
3.607123338380713903e+03
4.395504183607531559e+03
4.309160596770388111e+03
3.880909277703141925e+03
3.968050422991307187e+03
3.864155235775102938e+03
5.707265203089659735e+03
3.344480082676832808e+03
5.083458077111237799e+03
2.770691617061119359e+03
5.118111493587745827e+03
3.760557925544842419e+03
3.858460133881848833e+03
4.351646644776490575e+03
3.182669960960514345e+03
4.977424127393052004e+03
4.457286773797510250e+03
4.265444489135448748e+03
5.865196064107266466e+03
2.214324603526663395e+03
5.116061842765237998e+03
2.870979377241682414e+03
4.654527466092963550e+03
3.534498836433189808e+03
4.295273786218714122e+03
3.529685867068018069e+03
3.569705256910180651e+03
4.809817683785851841e+03
2.810918286108786106e+03
6.518689130735365325e+03
3.661184309186775863e+03
3.875514321585390462e+03
4.671177114233949396e+03
3.960449473030692388e+03
3.896593879793305405e+03
4.454317017621132436e+03
4.686116566696731752e+03
3.490497560264002459e+03
4.108993094133247723e+03
4.158138636627674714e+03
5.866361642251735248e+03
2.430917970999639238e+03
4.767624465435898856e+03
3.614156199881962493e+03
2.138313034482000603e+03
6.949210211537871146e+03
3.540069184196455353e+03
3.767577004869554457e+03
4.193436893772671283e+03
3.935176686884337414e+03
4.507375170690673258e+03
3.582976483864495549e+03
4.718500901834776414e+03
3.562830386278357764e+03
4.789133349823994649e+03
3.791236316221115430e+03
3.468319695286889328e+03
5.289499915253833933e+03
2.885061961664396222e+03
4.963501327061442680e+03
4.940246171406432950e+03
4.051521783310957744e+03
2.278208811883484486e+03
5.098740372204883897e+03
3.801256748252048055e+03
4.291591317432144933e+03
3.437149241054273716e+03
4.801188667013002487e+03
2.934008549749471058e+03
5.913119841132608599e+03
3.521250021061478492e+03
4.473829348247220878e+03
4.956343883806847771e+03
3.671837740730380119e+03
3.657060501789074806e+03
4.454646421944145914e+03
5.204388482639408721e+03
3.209929040315037128e+03
3.151429302125552113e+03
4.797517136887608103e+03
3.855057136796552186e+03
4.540888983512755658e+03
4.448878158816252835e+03
3.269104338623300919e+03
3.519837199500756924e+03
4.287795109355199202e+03
3.181360718379600257e+03
5.783273445059857295e+03
5.677867757719815927e+03
2.331671962949444605e+03
5.734009078513081477e+03
2.255490019263967042e+03
3.400713248761345312e+03
4.374182106817446765e+03
5.580253165937928316e+03
3.560157398431869296e+03
4.082188831849118287e+03
4.152721959461159713e+03
3.536874712627660301e+03
4.890326026374011235e+03
4.763794921684644578e+03
3.690011145065275286e+03
4.465187677338018148e+03
3.940799196328622202e+03
3.217473590722589961e+03
5.168904382569115114e+03
4.591593145762957647e+03
3.819595547800639906e+03
3.762526952539097692e+03
4.352398288394123483e+03
2.645591880914716967e+03
5.485612352007446134e+03
3.994591593581269535e+03
3.834586128957995243e+03
2.279057099996020952e+03
6.173664097232136555e+03
3.226649407276131569e+03
4.662181251147525472e+03
3.687525342821576942e+03
4.999041617162316470e+03
5.154610857166764617e+03
2.810195354170039991e+03
4.832924332905331539e+03
3.551960690488375349e+03
3.511115502552875114e+03
4.540475308542252606e+03
3.674630887082432309e+03
4.793981576087993744e+03
2.923202223955983300e+03
4.645455791069261977e+03
5.179544734495299053e+03
3.906142492648075859e+03
4.901983310459758286e+03
3.117340560106016710e+03
3.596448645195419431e+03
5.459900748210526217e+03
