1.345094456361680386e+04
9.119234884074398906e+02
4.000666881311829457e+03
4.133685704996039021e+03
4.199528233579475454e+03
5.769311749339226481e+03
5.548759798020377275e+03
4.064616187584828367e+03
4.764270557336020829e+03
5.684684341074625991e+03
4.919757427187571921e+03
4.775693130359139104e+03
6.877912843835659260e+03
4.016763240635076272e+03
5.017443497706073686e+03
4.945880859260118086e+03
4.649599741941793582e+03
6.749624514269862630e+03
5.793303906394901787e+03
3.726173244886382690e+03
4.672635143137498744e+03
5.251269797800992819e+03
5.409202079697528461e+03
4.771293517121137484e+03
5.310855197425354163e+03
5.484530976313971223e+03
4.348906840252559959e+03
5.314428396474196234e+03
3.693828011342843638e+03
5.628029795701616422e+03
4.759994567539322816e+03
6.700512705290276244e+03
6.794525383639968823e+03
3.796608060185277282e+03
5.996102518719177169e+03
4.084723595877248954e+03
4.513519990226350274e+03
5.231727220508159007e+03
4.112271956223681627e+03
6.333292539219633909e+03
5.917802752089514797e+03
3.864442194584470144e+03
5.425047902254860674e+03
6.206249315364251743e+03
5.949845672033267874e+03
4.272624331985398385e+03
3.293581547691727792e+03
6.813610110989630812e+03
4.937882093431347130e+03
5.453992133768604617e+03
4.781631459639089371e+03
6.053194612602692359e+03
3.629384217858824741e+03
6.871984108135841780e+03
4.655452100561320549e+03
5.080696431263833801e+03
4.267085531498029013e+03
6.784400540623823872e+03
3.801246979699187705e+03
6.024048070649673718e+03
3.324995608174541303e+03
6.362749399594650640e+03
5.178691157189613477e+03
5.502781954031753230e+03
5.086562488647185091e+03
5.083038703786633960e+03
4.625286216786754267e+03
5.855289346654243673e+03
4.231828289855779985e+03
5.062860300984522837e+03
3.758503899917679064e+03
7.528386971470076787e+03
4.950943150472628986e+03
3.657537790964277065e+03
6.226117106909709946e+03
5.912403276032405302e+03
4.481484278927224295e+03
5.766114802797737866e+03
5.749345567143037442e+03
4.498816743239816788e+03
5.949637792863261893e+03
4.766652891634415937e+03
6.081308496644996012e+03
3.888586438648637341e+03
4.540127665440524652e+03
6.773636463445767731e+03
5.379078950532085400e+03
4.489754065346745847e+03
4.841612103264149482e+03
5.203797168382976452e+03
7.557309237373576252e+03
2.719917858348782829e+03
8.208721849534013018e+03
2.242824028161401202e+03
4.939916665363957691e+03
5.655677441295382778e+03
4.286508220225703553e+03
6.200712767975615861e+03
4.276476509167320728e+03
5.581732130302118094e+03
4.556180517081716971e+03
5.461136278306987151e+03
4.618143507905073420e+03
6.769476481987205261e+03
4.728476660954763247e+03
5.387635095498162627e+03
4.636617916777483515e+03
5.879254961389393429e+03
4.804995795595718846e+03
5.673483040171817265e+03
3.213863107858370313e+03
6.612074855303180811e+03
6.528172605248690161e+03
3.643431898920324784e+03
5.889062986441697831e+03
4.588211206116066933e+03
3.404360720726265299e+03
6.339158273540449045e+03
3.754561885286309462e+03
7.068745112405345935e+03
4.530163187680122064e+03
5.480672957244539248e+03
5.426621507638065850e+03
4.833266846034124683e+03
4.976554602938281278e+03
4.754171327540113452e+03
7.170823102471332277e+03
4.135804014063096474e+03
6.339991378747643466e+03
3.357526443177793226e+03
6.537286724136088196e+03
4.665889211739985512e+03
4.898337357451071512e+03
5.451942939622586891e+03
3.902252268228937282e+03
6.200628218401400773e+03
5.641331081814878416e+03
5.295021614557830617e+03
7.499718738984022821e+03
2.597739827251537008e+03
6.469478514186865141e+03
3.578238111605360245e+03
5.817351789955833738e+03
4.312185648179378404e+03
5.285226705652276905e+03
4.367582515182328279e+03
4.362848498537759951e+03
6.031265034592157463e+03
3.372430902024855186e+03
8.222403799174626329e+03
4.606429820273295263e+03
4.739865515337551187e+03
5.893751468741717872e+03
4.847214216817150373e+03
4.807099925070605423e+03
5.568038697511549799e+03
5.967002042088206508e+03
4.347735741742681967e+03
5.132165504150394554e+03
5.108347348993932428e+03
7.406297451393626034e+03
2.952617327414548981e+03
6.004313946050057893e+03
4.489278561792532855e+03
2.523798455313319209e+03
8.863275630101263232e+03
4.363526799517001564e+03
4.660613789234739670e+03
5.226795204159891000e+03
4.901251608569704331e+03
5.632824052760841369e+03
4.467474704037300398e+03
5.923920061147643537e+03
4.362699380689363352e+03
6.046145552531954309e+03
4.597900371526021445e+03
4.299603886129887542e+03
6.673882772846824992e+03
3.605287729907468474e+03
6.118954660211874398e+03
6.193117139623771436e+03
5.104035363244753171e+03
2.720309962807642478e+03
6.447416731140252523e+03
4.709284317246892897e+03
5.363733261740042508e+03
4.251786305235102191e+03
5.975906366452765724e+03
3.592953591933570806e+03
7.509892971893546928e+03
4.379707557121797436e+03
5.573041211429998839e+03
6.294812553966505220e+03
4.497527643617409922e+03
4.490490719856818032e+03
5.542711453200187862e+03
6.587495063119831684e+03
3.999628046857626487e+03
3.950098083576499448e+03
6.048133259130685474e+03
4.756560343632130753e+03
5.806954204553974705e+03
5.609486006545427699e+03
4.035054252395685126e+03
4.371069194313987282e+03
5.329859729380085810e+03
3.968222528942371810e+03
7.291956956849012386e+03
7.235722857300136639e+03
2.734296501521460868e+03
7.337828354805874369e+03
2.659816379799225160e+03
4.226594127219392249e+03
5.465101687888894048e+03
7.066298135465992345e+03
4.429881097852186940e+03
5.033463545723873722e+03
5.170530763948709136e+03
4.394787289620074262e+03
6.068622659287932947e+03
5.982676470631411576e+03
4.516390985067362635e+03
5.598333903184192422e+03
4.814888385124133492e+03
3.980187600269066479e+03
6.481612881620903863e+03
5.744566667070726908e+03
4.720663542957265236e+03
4.770714259582722661e+03
5.515784282632594113e+03
3.198545158270255797e+03
6.913511719520771294e+03
4.998060144516192850e+03
4.706995688812849039e+03
2.745555596037753276e+03
7.799524137682348737e+03
3.947482169094969777e+03
5.865130403605362517e+03
4.605415804189817209e+03
6.357567464232599377e+03
6.487484412652056562e+03
3.513819965766475434e+03
6.054217765843266534e+03
4.389692844267256078e+03
4.385479010353559715e+03
5.659503317161678751e+03
4.524117005211473952e+03
5.984355720743796155e+03
3.570763831892763392e+03
5.806956085024798995e+03
6.603095683292216563e+03
4.912392366772576679e+03
6.126041121060041405e+03
3.834371861981459006e+03
4.504781442820990378e+03
6.884623362497372000e+03
