2.812773877510309103e+04
3.843938280086799750e+03
1.180360981125805120e+04
3.480577874588461782e+03
1.043287058600155979e+04
9.668914668053888818e+03
1.369770257534475422e+04
1.024138001593258195e+04
1.958597300012823325e+04
6.585618022076195302e+03
1.011316370512171670e+04
6.811491808720979861e+03
1.095635596834963690e+04
2.163917118290642975e+04
1.717085744317645003e+04
1.096039997213404058e+04
6.725761677833941576e+03
1.959058347980697363e+04
1.239217725477226850e+04
6.040165571204351181e+03
7.151726896109376867e+03
1.579527204055715811e+04
1.371097533166875110e+04
7.546167106460437026e+03
1.015884037883637757e+04
7.564343110769270424e+03
6.711766675711154676e+03
2.037119632094634653e+04
7.814645561432617797e+03
2.008167446584506979e+04
1.181222637903924988e+04
7.064206930860563261e+03
1.653266389969080774e+04
1.461089435740637236e+04
9.559316218882628164e+03
1.482267265168846097e+04
7.308668084500087389e+03
1.179608874929693957e+04
2.333447296712556999e+04
3.741700381413690593e+03
7.267261027202654077e+03
1.108446342974836989e+04
1.691727552938687586e+04
9.685194868367669187e+03
1.224997553023110049e+04
8.477107950838446413e+03
7.491544876429525175e+03
7.687972046867776953e+03
1.669518965617863432e+04
7.198655013004507055e+03
7.836608572009857198e+03
1.799825583033104704e+04
6.100376784164529454e+03
2.676884660036494461e+04
1.094370367526077462e+04
7.969197006604170383e+03
1.087784130967802776e+04
6.154939411108684908e+03
1.399474424335309232e+04
8.096956894456882765e+03
5.415972320283248337e+03
1.137097235903327964e+04
9.116023771472388034e+03
9.440152045885542975e+03
1.483148106144148369e+04
1.446884643559950018e+04
1.283572248826922078e+04
2.317992864945499605e+04
7.650496987141284990e+03
2.026224178620036764e+04
1.250703757681333445e+04
3.321017514424047476e+03
7.436946520568467349e+03
8.183877557370073191e+03
1.683176610957141747e+04
9.628564849541829972e+03
9.162947188223413832e+03
1.084822292167726118e+04
2.227577829916161136e+04
1.228740603937138621e+04
8.649185040160469725e+03
5.261972409860114567e+03
9.434612270585072110e+03
1.228152805641188752e+04
8.634568604754933403e+03
1.754203976991386298e+04
2.013905385428416048e+04
9.845206927503024417e+03
1.264271008497529692e+04
1.331139752354672419e+04
1.294978564860112783e+04
7.575694828773262088e+03
1.073154123155202251e+04
6.747357346012463495e+03
1.343694665646053363e+04
1.931041887381330162e+04
7.377870547633558090e+03
7.102802188933011166e+03
1.476495674716385292e+04
1.094602035344897558e+04
6.349008959057754510e+03
1.362162508173592869e+04
6.641890810501136002e+03
1.370023432521569157e+04
1.850080036106210900e+04
8.031787267681247613e+03
9.765576765573823650e+03
2.010442366487562686e+04
6.373381480239636403e+03
1.308948219212151707e+04
1.359805264449927745e+04
8.176989426826779891e+03
1.323905483822722817e+04
9.686613222532534564e+03
1.383561594833057643e+04
1.070743686118900951e+04
1.093232403162459013e+04
1.424347351627050011e+04
7.724121684840785747e+03
1.037252378841560858e+04
1.267746120400448672e+04
1.772015759115757101e+04
1.099932620695865444e+04
1.951630819027742837e+04
6.371026168526567744e+03
1.245268567139042716e+04
3.523286418253911688e+04
5.094730236027251522e+03
5.157967041346765654e+03
6.408961794839844515e+03
2.314410673144250541e+04
9.907796475960622047e+03
8.896742818351081951e+03
1.281168768412332793e+04
5.233758660035272442e+03
1.959735608907160349e+04
1.654874928898389771e+04
8.404261916512925382e+03
1.660567233800359827e+04
9.837430928140885953e+03
1.343568108612216020e+04
1.412830366986224362e+04
7.228638851078022526e+03
1.226544231128024148e+04
9.157232295691621403e+03
1.441365597067065937e+04
1.097769724080082779e+04
1.029635400412670788e+04
5.560580891609221908e+03
6.490813684330636534e+03
1.544013976804822050e+04
1.019068145824455678e+04
7.373523760515546201e+03
1.111350590726375412e+04
1.212498038013077166e+04
6.998079859296391078e+03
1.373146232923669595e+04
9.658437673315844222e+03
1.486661055484010831e+04
4.459813207343033355e+03
1.076773053506782890e+04
1.021538305322629276e+04
9.798052943871771276e+03
6.544165100409982188e+03
4.646960241690012481e+03
1.449911490520678490e+04
1.862942314014196745e+04
8.570119482753449120e+03
7.287943736508095753e+03
1.529731054546475934e+04
1.631713871997434399e+04
9.767498660512907009e+03
1.406188870060995760e+04
1.285063867518476582e+04
1.464485064371531189e+04
7.474703357847676671e+03
1.329020548518840769e+04
1.239009692738937520e+04
1.389052012592806750e+04
1.951252399990163394e+04
1.718867436494681533e+04
2.137620203302143636e+04
9.765335604537578547e+03
1.730022556911587526e+04
1.316010395797947604e+04
1.228702616307584321e+04
8.610478860693267052e+03
8.519813846657589238e+03
6.587150426780224734e+03
2.492159751409791352e+04
9.237331275232048938e+03
1.309063822717056428e+04
1.277418987466193357e+04
9.391404876424288886e+03
8.879532808927200676e+03
9.309082452101496528e+03
1.325100677047141471e+04
3.595210425235232833e+03
1.269313224234934387e+04
9.689649033110725213e+03
6.552545367372668807e+03
2.177105684175069473e+04
1.322613566484998591e+04
4.666331275166117848e+03
7.975444518058557151e+03
6.296086165995986448e+03
1.353235000513966770e+04
2.006959095991140202e+04
1.358295349847152283e+04
8.535143516598012866e+03
1.067171332885599804e+04
8.341668423660861663e+03
9.273544664067387203e+03
2.916441915044657435e+04
1.532057357877359573e+04
8.653539502773433924e+03
1.002095793440399757e+04
1.408965470176414055e+04
9.850328854167042664e+03
4.488303591280000546e+03
1.353847966540716152e+04
1.059466972598036955e+04
4.505925728820388940e+03
1.394719977092947192e+04
7.135010062439416288e+03
1.565452578325735522e+04
1.661352333723774427e+04
6.403423336541779463e+03
1.131420767047086156e+04
9.056253950886017265e+03
5.943941370246609040e+03
1.473195582397581347e+04
7.313266314658832016e+03
7.937282080257835332e+03
1.329679561104973072e+04
1.020252811053574260e+04
5.167132948024942380e+03
8.280834989959017548e+03
5.824093344353421344e+03
8.106210040128921719e+03
1.068419347755131457e+04
1.387683160318469709e+04
2.777244358904027104e+04
7.184666340398212014e+03
1.241997916894406626e+04
1.137748795776358020e+04
9.882845342615235495e+03
1.476359655807909257e+04
7.680419688353627862e+03
1.028701169308665521e+04
1.121871679897049580e+04
1.323361504855957537e+04
1.461909681811158771e+04
7.325519409556975006e+03
1.425059247158573271e+04
7.238851113604147031e+03
