2.461015535153733799e+04
3.843938280086799750e+03
1.419428412414128434e+04
3.627482724383720324e+03
1.130951047113027198e+04
2.300233629623844899e+04
1.578370508533090469e+04
1.201796220658151105e+04
9.226522024156745829e+03
3.422987422627358228e+03
1.356295803113340298e+04
1.279010027803908815e+04
9.658552430714269576e+03
1.462065469796774232e+04
1.718607217524841690e+04
1.284536439176584463e+04
7.497992360889721567e+03
1.832098552817231030e+04
1.497515623939230500e+04
7.949481108344538370e+03
8.925835104145828154e+03
1.078004060611977002e+04
1.031370623280375366e+04
1.176514443501795540e+04
1.304720795347285821e+04
1.308003768362939991e+04
6.123062984479607621e+03
1.503301531684738075e+04
1.344393991985317007e+04
2.043358489073449527e+04
8.698188624112433899e+03
1.178380134987785459e+04
1.808583461944760347e+04
1.873990771542197399e+04
1.481637664641765514e+04
8.907868404942801135e+03
5.043502837613096744e+03
9.163213620499245735e+03
2.215199378910398445e+04
6.270683589070013113e+03
8.490871547886548797e+03
1.317969391707380055e+04
1.763997381232597763e+04
1.918366910725602065e+04
2.025997543350408159e+04
1.505383513310301714e+04
7.558946900248663951e+03
2.128082955322145790e+04
1.419236891154776094e+04
1.214307326045347145e+04
9.808663423907835750e+03
1.544898678626072069e+04
7.527279477239801054e+03
3.007852662124662311e+04
1.595279312722955365e+04
1.449279778332683236e+04
8.091382735276652966e+03
1.040073007993694409e+04
1.967470153544850837e+04
8.948861177144808607e+03
7.357325217422158858e+03
2.406951067269324994e+04
9.626601214620262908e+03
1.017196032987795297e+04
8.568189337017818616e+03
1.620653083500104003e+04
1.045618173880557151e+04
2.258225961082716822e+04
9.641833684555878790e+03
1.393032139759750680e+04
1.038731430636340519e+04
7.603628156238050906e+03
9.475183490652536420e+03
1.662834868983952038e+04
8.734501645908358114e+03
1.159168402896834777e+04
7.216483646089757713e+03
1.020103750273508376e+04
2.723288313984582055e+04
1.443163104633693001e+04
1.778513073311660628e+04
6.048374214515605672e+03
1.206967845110336384e+04
1.183831815610043668e+04
1.259514836708432813e+04
2.131323817244504608e+04
1.566881901942673721e+04
8.094895025192714456e+03
9.193132932565193187e+03
7.070777316474678628e+03
2.195512171827362181e+04
9.044797086047507037e+03
2.496640706049820801e+04
1.277343056958768102e+04
1.183549439998000344e+04
1.968484721043286481e+04
6.617403984676409891e+03
1.285393634847700741e+04
1.279269871738134498e+04
1.469321267320616607e+04
1.178784013975228845e+04
1.732935229402145342e+04
7.148959779145265202e+03
1.600534095982417239e+04
1.153179755462598041e+04
1.162920868589547172e+04
1.216411396674580647e+04
9.367704490880056255e+03
9.676738511733456107e+03
2.313511156358431981e+04
8.084893682637454731e+03
9.215004246487424098e+03
1.157855687680332449e+04
1.418480228897955567e+04
2.106944214300161912e+04
1.412441115356339469e+04
1.155740754963519794e+04
1.407095022545087159e+04
8.916917988549417714e+03
5.780053564465340969e+03
1.325375853334673047e+04
1.553672981435407564e+04
6.443140242029067849e+03
1.368395060565817039e+04
5.452903459013735301e+03
1.525369047413674343e+04
2.834687768660110669e+04
5.340316573499290826e+03
1.674775930883417823e+04
7.976122680966992448e+03
1.929005711804993553e+04
8.102455271913491742e+03
8.523627022496915743e+03
1.029278092576085874e+04
5.609672032222722919e+03
1.338348716527637771e+04
2.213830530422014272e+04
1.133952862444823222e+04
2.003232081552735326e+04
6.480587737102872779e+03
8.485890804398484761e+03
1.015951174193242878e+04
1.636592334725520413e+04
1.341413467778235463e+04
1.053797141293245295e+04
1.090000331968855062e+04
1.766379950082904907e+04
1.468414321412992649e+04
7.300464497659309927e+03
1.884166029336116480e+04
1.129896288686925436e+04
1.367570489949686453e+04
5.366113369985142526e+03
1.502055151211098564e+04
7.433036265841084969e+03
2.095518010245417099e+04
1.573448330930381417e+04
1.213331595345069763e+04
1.833852394742836259e+04
4.744397144152620058e+03
1.711188416812565265e+04
1.195187302812815324e+04
7.811552341757822433e+03
7.459605443902379193e+03
6.067627134798125553e+03
2.109826207479241566e+04
2.242023122491932736e+04
1.080360921549454361e+04
7.242331294266592522e+03
2.091635283402373534e+04
2.617932641434503239e+04
1.252928258930582160e+04
1.295696105894582797e+04
9.096580908279391224e+03
1.213507883720808604e+04
1.169655472155668394e+04
8.860821191229533724e+03
1.199346653516083461e+04
1.573476166370395185e+04
1.958123998232147642e+04
1.384250038359450991e+04
2.124692455826468722e+04
3.331457941566889531e+03
1.902281259605928426e+04
1.593536546785554310e+04
1.376304793580348087e+04
2.628783194358959372e+04
1.314543852963198333e+04
1.140911819775337426e+04
2.297502824017654348e+04
7.210755332802723387e+03
1.955699028176391585e+04
9.775969556904412457e+03
9.479550038572813719e+03
6.223545599679786392e+03
8.784759000633221149e+03
1.827896510066084011e+04
8.866019636120083305e+03
1.006477617177612046e+04
8.784985609617500813e+03
8.948821601573243242e+03
1.919689021437970223e+04
9.944861975690919280e+03
4.863663742600106161e+03
1.720441971760294473e+04
8.198771607675036648e+03
1.582144233644928681e+04
1.654655233470813982e+04
1.537284795691992258e+04
5.741556125332947886e+03
1.750513079182600268e+04
6.719543163815941625e+03
8.796825316261078115e+03
2.492518396890416989e+04
2.178262210262529698e+04
1.412627868813574605e+04
9.420718632272497416e+03
1.056175422857765989e+04
1.318183885916525833e+04
9.495651518494221818e+03
1.512391608826077027e+04
8.114208936904449729e+03
6.071100600762157228e+03
1.265436291318968142e+04
5.311045609011698616e+03
2.352774412254034542e+04
2.374092652067062954e+04
6.514726580233604182e+03
1.950480114004216011e+04
1.361424599981263782e+04
9.533066629083385124e+03
1.506639272310488195e+04
4.246416208238537365e+03
5.141388279543207318e+03
1.193303289628103630e+04
1.843349792927900126e+04
5.845574147496895421e+03
2.212514864300092449e+04
7.972917263988288141e+03
9.035368344102143965e+03
9.228080446989424672e+03
1.464399763271296069e+04
3.085422643265984516e+04
1.469256917708242145e+04
1.869994503512501615e+04
4.025478681630909250e+03
8.474466702184079622e+03
8.099361684730683919e+03
1.187953766177661055e+04
1.217999914330109823e+04
1.276830540362829743e+04
1.810070090134429483e+04
1.717395937632231653e+04
8.133116324976545911e+03
1.056246360012181867e+04
1.443309850041924619e+04
