1.011124249384137511e+04
3.843938280086799750e+03
9.873167968725061655e+03
4.442738016338060334e+03
4.475161986007739870e+03
1.065643835274546655e+04
6.178787030014717857e+03
4.620937494314232026e+03
4.351315276531697236e+03
2.137052669497003080e+03
9.677134129240512266e+03
1.051394818328164183e+04
8.743875840429340315e+03
1.110736197598848776e+04
7.409659348402356954e+03
4.085781398382026964e+03
4.764855656674609236e+03
1.315973522292456073e+04
6.252713186976953693e+03
5.831660179984128263e+03
8.570275342250943140e+03
7.763423832106522241e+03
1.003484067388499534e+04
3.940275303774995336e+03
4.222061822121300793e+03
6.211595102975221380e+03
5.790544055000022126e+03
7.083562043066920523e+03
6.293454362316399965e+03
6.890861005628551538e+03
1.108306191847122864e+04
4.032344412914338136e+03
1.154703362863596703e+04
9.799075978018834576e+03
2.909022690025379234e+03
7.995640971673531567e+03
3.145193240995357883e+03
1.015071998577908380e+04
1.334631254679201629e+04
3.373087658517112231e+03
3.768322762125303598e+03
6.832048936994163341e+03
4.660939569310185107e+03
8.753004219678443405e+03
9.216915741027081822e+03
7.443787269647039466e+03
4.230063063556986890e+03
7.346052765543982787e+03
6.015118341113829956e+03
4.857268294958706974e+03
5.141021033665180767e+03
9.887649824913660268e+03
3.765404129166519851e+03
1.816751336706674192e+04
8.728775198093182553e+03
5.846026529064648457e+03
7.920595278475095256e+03
6.131439763738932925e+03
1.090593243703085136e+04
4.462171728331048143e+03
3.147719984332247805e+03
1.213955163821180213e+04
5.218690110140745674e+03
1.235358326975257842e+04
8.617135602740614559e+03
9.282191026114276610e+03
6.270905988968116617e+03
1.564012011410912055e+04
7.173787349291280407e+03
7.082716952835715347e+03
1.091892472468212691e+04
2.592096348694575681e+03
4.375062070917423625e+03
1.051171506675733872e+04
1.030148761819855463e+04
7.343222283031849656e+03
6.068816529289270875e+03
7.940675625638771635e+03
1.356241790479338852e+04
8.214054118368447234e+03
1.090213711794820301e+04
4.554533469366310783e+03
5.378760424240128486e+03
3.431555900148755882e+03
4.044183488580537869e+03
1.138972853601395218e+04
1.010702776576365977e+04
6.998414966279809050e+03
8.994613904807782092e+03
6.808012534870896161e+03
8.038791552480096470e+03
2.933916458624867118e+03
8.174838250859535947e+03
4.654076439272671450e+03
5.125454803556336628e+03
7.040338081870383576e+03
6.177591650159818528e+03
7.491541499154225676e+03
1.212756651215364218e+04
4.789862488493085038e+03
6.682900464982746598e+03
7.380671164992451850e+03
5.126536928207253368e+03
1.439532759190174329e+04
1.290897008595088482e+04
6.704119606733451292e+03
9.215689567931523925e+03
1.277819502681165432e+04
3.581893870136298119e+03
1.173731982249948851e+04
7.917425918460662615e+03
5.645200420984117045e+03
7.034482061638022060e+03
6.242348309117985991e+03
7.537464049656505267e+03
9.355855047829727482e+03
9.977764861044377540e+03
1.369285906381815403e+04
4.741201688097253282e+03
3.145954666432224258e+03
6.908132987396366843e+03
8.598863637876478606e+03
4.947751849349017903e+03
1.161632427178066064e+04
6.294338375401635858e+03
4.467858435524887682e+03
2.000877822963699509e+04
4.417599619912292837e+03
8.200636276795921731e+03
4.701350780098890937e+03
1.300126784320430306e+04
3.402447903393571778e+03
7.416771653235966369e+03
5.533007115271399016e+03
3.545660876876503607e+03
1.382065122562133365e+04
1.284831712986993807e+04
6.289881272388771322e+03
9.903311626043112483e+03
8.414066892865705086e+03
3.052755502145709670e+03
9.823494742619273893e+03
7.931959706194174942e+03
5.528630435905432023e+03
6.445916148525899189e+03
8.659890168710124271e+03
8.212804264643495117e+03
6.084833130066223930e+03
1.043540028702586642e+04
8.107180659714489593e+03
5.802693465044993900e+03
1.038892008512604116e+04
5.392097127067146175e+03
7.967378009631565874e+03
6.327694194526384308e+03
1.059432442546464517e+04
9.893808011555951452e+03
8.700110826339569030e+03
1.319928617503786154e+04
3.302507128967452900e+03
5.322612264936075917e+03
5.084088847292453465e+03
2.808204683108359859e+03
7.415029649949209670e+03
3.963683558369835282e+03
5.281413723849074813e+03
7.262303471022518352e+03
6.770126838461591433e+03
3.839836208110151802e+03
1.595510119141127325e+04
1.323680667367197748e+04
4.637187127551432241e+03
1.415557850720207352e+04
4.576583682859274631e+03
5.362606953501750468e+03
5.167616478494190233e+03
8.197774136250276570e+03
8.439696308382621282e+03
4.414207100877606536e+03
6.921650152629895274e+03
1.042583162608452949e+04
1.075591763247768904e+04
7.381049249975151724e+03
9.017532246995335299e+03
5.754350915534956584e+03
1.078342770771214600e+04
1.136884924136017617e+04
5.964369397284085608e+03
6.944574175879056384e+03
1.463314581194400853e+04
5.796402877582007932e+03
1.387659173640125482e+04
3.784933319177429439e+03
4.177352616283382304e+03
1.011126854727880891e+04
7.207103168134288353e+03
1.426941255308074687e+04
6.154308287509374168e+03
9.426995714291275362e+03
4.046315534335676602e+03
5.902588561713798299e+03
1.622900306822828679e+04
1.132852185942951473e+04
4.632824001490816954e+03
9.376141665233262756e+03
3.973481597043908550e+03
4.598961563243023193e+03
1.155717465155010723e+04
7.684678026365068035e+03
5.220196166335833368e+03
8.756891626007196464e+03
3.018531532607692498e+03
2.107957640901133800e+03
1.482376080762411948e+04
1.407011594483291447e+04
8.303583407583617372e+03
3.510981528330808942e+03
1.139349811016050080e+04
1.226809817771192138e+04
3.677343855413641450e+03
6.725022026868085050e+03
7.451269855467238813e+03
3.746776831114581910e+03
8.443888461238024320e+03
6.084435457012827101e+03
1.344340711086721603e+04
1.115717709819603442e+04
3.271248184821186896e+03
5.585600986258588819e+03
3.117625441063044036e+03
4.951954388497382752e+03
1.109327315631391320e+04
1.448013527809244624e+04
5.003864902517223527e+03
7.713317620255459587e+03
8.702696698184714478e+03
3.039766822492982101e+03
7.586328854393913389e+03
3.847492157726067035e+03
4.293296740861832404e+03
3.595082954894744489e+03
1.034419017102914040e+04
1.134637194485811233e+04
9.855178731085650725e+03
9.933460191968473737e+03
6.159968732684141287e+03
5.149874715836276664e+03
5.916176331154563741e+03
6.771696864503901452e+03
1.217347480935295789e+04
5.080594080658906023e+03
5.496435352627135217e+03
6.521102966680049576e+03
5.604609328811997329e+03
1.379418966719722448e+04
6.817608471396537425e+03
