8.532054287991097226e+03
3.843938280086799750e+03
5.132040751921019364e+03
3.619816210321549079e+03
4.784779776568665511e+03
7.104664104678453441e+03
5.745385946173507364e+03
4.758704989387395472e+03
4.122133523179945769e+03
2.618140935764687583e+03
8.365186961992698343e+03
6.323440966901471256e+03
4.654120245314993554e+03
8.125695840449489879e+03
7.736694247602434189e+03
4.978624134868856345e+03
4.765006498305730929e+03
1.260801705438024328e+04
4.061341222647340146e+03
5.055866491121856598e+03
5.885560290762594377e+03
5.086227234084273732e+03
7.990926832170270245e+03
8.041409918056150673e+03
4.440487374744535373e+03
2.659788667723996696e+03
5.875936104509841243e+03
5.026693553508560399e+03
7.303997632538271318e+03
6.165872922970372201e+03
5.573755848079752468e+03
1.777950010680470086e+03
7.496934666569332876e+03
9.205130924217735810e+03
3.714289149637565970e+03
5.818334754691743001e+03
6.259638809860755828e+03
5.715963232906014127e+03
5.575647045307901863e+03
2.383737013250693053e+03
2.514568682733779497e+03
3.254756796007651701e+03
6.610303330270155129e+03
7.785788339107443790e+03
7.757491082231455948e+03
5.302190586387813710e+03
4.699186725538042083e+03
7.100130923145966335e+03
4.039794022357923950e+03
4.134236444530336485e+03
6.040567774162218484e+03
7.472408413458521864e+03
3.818961786644131735e+03
1.165332559017542189e+04
6.395519432564864474e+03
4.328462428895959420e+03
6.898725195925931075e+03
3.773433599251880878e+03
9.512501722529183098e+03
4.248917271566393538e+03
3.441639691917197524e+03
7.966855744455119748e+03
5.953754303470122068e+03
8.987975777644185655e+03
5.418498551389092427e+03
7.694613162823772655e+03
5.402361235252204096e+03
1.329868208191959275e+04
4.920684106078437253e+03
6.371315056104940595e+03
7.273714741424310887e+03
2.505162306017520223e+03
4.476222571924011390e+03
8.591055492772891739e+03
6.707313311679086837e+03
5.219269445730118605e+03
5.013856566588993701e+03
4.032150275581970163e+03
7.622117295106420897e+03
7.821104760835951311e+03
6.964880829576071847e+03
4.030839438017060274e+03
4.921820111036659910e+03
5.090618093421132471e+03
4.302967768376489403e+03
8.324682408639837377e+03
5.864399318196328750e+03
6.264265590567273648e+03
5.424089747931776401e+03
5.447522685452719088e+03
1.330428674969923850e+04
5.027458552732541648e+03
2.452389560753109436e+03
3.934493664599885506e+03
4.369531461019352719e+03
5.614672442528674765e+03
4.283125754005573981e+03
4.396974197702598758e+03
6.704841110925978683e+03
2.667994270476463498e+03
5.226931241604398565e+03
6.526762281474831980e+03
3.845634299985949838e+03
5.805533573094946405e+03
6.394189537078184003e+03
4.903806527272273343e+03
8.596733546653944359e+03
7.821314318104939957e+03
4.804960782647141968e+03
9.880153237943823115e+03
7.482281117690083192e+03
5.148535279749639813e+03
4.360633093996284515e+03
6.896607924161080518e+03
3.619622442517018953e+03
8.275657254221601761e+03
9.111101865024271319e+03
7.471022484427107884e+03
5.299830125633903663e+03
5.914540672585346329e+03
6.330082365955650857e+03
9.427288122471338284e+03
2.954588818672544676e+03
5.029371132570281588e+03
4.335319069749673872e+03
6.131195286274275531e+03
7.430361128370296683e+03
5.008582457044753028e+03
5.928091261127618054e+03
6.520859175513142873e+03
9.342580114240672629e+03
3.909692103950365890e+03
5.412817680734619898e+03
7.809189125468985367e+03
2.403801443430586914e+03
7.311896615353751258e+03
3.898986372671802201e+03
6.310561855125498369e+03
9.412975195745973906e+03
5.004922679506490567e+03
7.406555558685067808e+03
8.229701330225265338e+03
4.586960993484062783e+03
5.496372526832117728e+03
3.758728649899081120e+03
7.509335703468263091e+03
8.315678766415336213e+03
5.077995936522421289e+03
5.315238604419352669e+03
7.068763108984910104e+03
6.812720400699560741e+03
5.910929281793312839e+03
2.149458687581412960e+03
5.130205527037865977e+03
8.639098271689919784e+03
8.695792366685738671e+03
6.640025297736312496e+03
6.869567205037385975e+03
5.182420116531959138e+03
2.705933916957342262e+03
3.420988017573859906e+03
6.227729401259099177e+03
5.785733148936922589e+03
5.728096167035815597e+03
4.729928208211103993e+03
5.869813890303047629e+03
7.101291047322069971e+03
6.162167097577029381e+03
4.159023336500146797e+03
8.560595908030849387e+03
1.117839925984370711e+04
4.593059690755344491e+03
9.441537261378880430e+03
6.107845310530657116e+03
5.473298203612668658e+03
2.666176754291765064e+03
5.229715232144008041e+03
2.984576501694973558e+03
5.122158805798742833e+03
3.961646239957856324e+03
5.074061716227425677e+03
5.632643221639510557e+03
5.357447440376296072e+03
2.817916352549256771e+03
5.445330710784303847e+03
5.704145230597755472e+03
7.235231594823007072e+03
3.053589532273506848e+03
3.962437499535385996e+03
4.508491202600959696e+03
4.009713027414103635e+03
8.795978297302812280e+03
4.424568396461383600e+03
4.091899530101299206e+03
4.728475181031605644e+03
4.326975448421601868e+03
4.754330911972438116e+03
4.495618368734096293e+03
6.025256927773322786e+03
2.752084913867066462e+03
4.760878034769736587e+03
7.203995144969394460e+03
6.402071160702543239e+03
3.946100269710787416e+03
8.979180086172855226e+03
2.717425091583188987e+03
6.235988529449820817e+03
6.731724432812628947e+03
2.907098166164250415e+03
5.718461541348597166e+03
8.857471312127239798e+03
6.585972730248122389e+03
4.904773833409153667e+03
6.723863844727706237e+03
7.768100311362046341e+03
5.073564264768654539e+03
6.094764338714396217e+03
5.498792402868501995e+03
7.967953618081589411e+03
3.922932501273316575e+03
8.840400378879887285e+03
4.401056676268129195e+03
3.290357393081660575e+03
6.858397968120067162e+03
4.712855542327365583e+03
5.672657271592848701e+03
1.138303308757807827e+04
2.624772807188268871e+03
5.335689036089169349e+03
9.471780068793370447e+03
2.804995726100058164e+03
5.222337084492636677e+03
5.952630570985935265e+03
5.596381773701420570e+03
4.140988239537788104e+03
7.209524072895969766e+03
3.746178069109989792e+03
7.536059280381748977e+03
4.823443796874586042e+03
3.843721758073925230e+03
3.287709953538447735e+03
6.222048172774022532e+03
1.091149384780433684e+04
3.407881972535198202e+03
1.020927987029334690e+04
5.871879928886773087e+03
4.974478229985237704e+03
5.123013988238095408e+03
2.427666164557705088e+03
7.910872592450977209e+03
3.448140726193882983e+03
7.049607413164901118e+03
6.335609321289406580e+03
4.810014643241649537e+03
8.456095734336999158e+03
3.544509419767804502e+03
