7.811555950554031369e+03
3.843938280086799750e+03
6.425083396168108266e+03
2.533833289465910639e+03
4.633334098639179501e+03
7.971967974086817776e+03
4.957083071955677951e+03
1.872728330258216147e+03
6.266070840763895831e+03
2.949905264042254203e+03
4.855937910418602769e+03
3.414854029104404162e+03
3.888484233414721075e+03
4.508084265311799754e+03
4.667840999564841695e+03
4.239742243354980928e+03
4.552391684352269294e+03
9.102747198093305997e+03
3.700901165563844643e+03
3.335654475741253009e+03
5.117363873778502239e+03
5.014600825918902046e+03
5.726396045982359283e+03
2.878137310969345890e+03
3.445135637937549291e+03
4.770836001655632572e+03
2.592571732439848347e+03
8.680489684813845088e+03
4.594627930580058091e+03
7.564899117453108374e+03
5.532540034471127910e+03
3.420709284361428217e+03
6.488085474180245910e+03
5.592455424874648088e+03
3.067028658684793299e+03
6.437687736803343796e+03
2.259172266689649405e+03
3.495545948518242312e+03
7.619857447133902497e+03
3.943249904305354448e+03
4.207988459243329089e+03
4.570612891005702295e+03
4.884566379149920976e+03
8.488343180696721902e+03
6.938095710828708434e+03
2.954501960578251783e+03
5.631707979118364165e+03
5.077194204518074002e+03
6.452258457716186058e+03
3.069215272002667461e+03
4.937627002935967539e+03
3.364244804195754114e+03
3.903457871695320591e+03
7.721701863849059919e+03
7.186399712303445085e+03
5.460523740718295812e+03
5.826385832762313839e+03
5.421035600795393293e+03
5.050613140747454963e+03
4.195957930814130123e+03
3.352584137130553700e+03
4.647326219272722483e+03
3.669578101558696289e+03
4.179775774469733733e+03
5.018453922594261712e+03
4.726372112176297378e+03
2.630265089695031747e+03
4.712839140859889085e+03
4.941389098759311310e+03
5.812020421910522600e+03
2.679823025168680942e+03
1.880780257345308655e+03
3.317187318096286162e+03
4.212395225488642609e+03
6.388642039733359525e+03
5.290801772338383671e+03
6.083424962265663453e+03
4.576557831970945699e+03
6.010411933776026672e+03
3.401977686933012592e+03
5.391828008396555560e+03
2.657719377862340480e+03
3.915320260065054754e+03
3.729498305881174929e+03
2.718269150700167302e+03
5.975383119759485453e+03
6.488491847176701413e+03
4.864873474145048021e+03
4.203132803211285136e+03
4.838574370374013597e+03
9.258367582539400246e+03
3.520595858286972089e+03
3.715038425497780736e+03
6.157299085900325736e+03
4.069520331488704414e+03
3.778445274410061756e+03
5.523687890235777559e+03
3.198417975259569175e+03
6.613749337056427976e+03
3.660993399804506225e+03
5.817278826307233430e+03
6.205731165738210620e+03
2.970317756589571218e+03
7.034908869968828185e+03
5.633153315978848696e+03
4.915744502104485946e+03
4.471161679791086499e+03
6.903530315990208692e+03
4.509403462269099691e+03
7.991404501353698834e+03
4.654692517994037189e+03
3.146112757283674455e+03
3.902406228242005454e+03
6.426717990508060211e+03
5.129036975650680688e+03
4.881834164791729563e+03
4.200814485549713936e+03
5.898515249723868692e+03
3.536108386301534665e+03
4.847848089136686212e+03
3.008164998047638164e+03
5.219823672586179782e+03
4.755632664477750950e+03
4.428025456735495936e+03
2.267046801336339286e+03
4.550719771633778691e+03
8.898899597312320111e+03
2.618072520602882378e+03
4.445998997432066062e+03
5.323847492531133867e+03
5.954537910497747362e+03
3.323349954983938005e+03
3.616026646510168121e+03
4.467411305781031842e+03
3.661220635976085759e+03
4.418232937849714290e+03
6.400253798744975029e+03
5.015798705711302318e+03
6.774464998317761456e+03
5.202404592258045341e+03
3.042685408634571559e+03
7.222388718352302931e+03
4.894699313652909041e+03
4.643949304319812654e+03
3.700318152170575559e+03
5.937015746037629469e+03
3.439165286284864123e+03
3.922862244505631224e+03
4.481098826581105641e+03
3.099820794571047372e+03
3.975766121154785196e+03
3.515640674607606798e+03
3.912817851610862817e+03
4.289752758110902505e+03
4.933817682146444895e+03
5.750046661404360748e+03
7.628555508040257337e+03
6.826837321137553772e+03
5.742973517199953676e+03
2.854941197886275404e+03
3.656569332581093477e+03
7.256206026420468334e+03
4.858558479341518250e+03
2.991862188962543769e+03
4.127038156642869581e+03
3.679624766890780393e+03
9.154905369645774044e+03
4.347621331881582591e+03
2.192253241297817112e+03
5.279001589018032064e+03
7.437712006450164154e+03
5.043445684205284124e+03
8.092973596937823459e+03
2.962198131907296556e+03
4.785056953635606988e+03
4.437912922841591353e+03
4.606322378498776743e+03
4.310430864785137601e+03
5.410650243279920687e+03
5.401086717675832915e+03
6.948173960178815832e+03
7.390303745195556985e+03
5.997680807957703109e+03
5.115359542952571246e+03
2.765389846247154310e+03
6.980845246915358075e+03
5.142013817533551446e+03
3.325844327115897613e+03
3.822145989412601466e+03
7.109571619511300014e+03
3.959234458402529526e+03
7.611859192262693796e+03
2.685241690638522869e+03
3.394549825173912723e+03
4.848721693257415609e+03
5.584726296089285825e+03
5.692460675723013992e+03
4.722650917494684109e+03
6.731718253663605537e+03
3.379862120172104824e+03
3.864812195830888413e+03
7.513107583661092576e+03
4.396825856083130020e+03
3.102521213924118456e+03
5.717553752009317577e+03
3.280429533604936751e+03
5.174355008468603046e+03
6.680988467904785466e+03
3.802281225830321091e+03
5.800550646991187023e+03
8.359786917543407981e+03
6.475096908120852277e+03
4.319484400835379347e+03
7.803279196443120782e+03
6.470154893042417825e+03
4.629697894383116363e+03
5.133999103470291629e+03
6.342847825884657141e+03
6.723975750843003880e+03
3.484839914148912158e+03
5.093330490724497395e+03
5.918162649962943760e+03
3.093601411536628802e+03
6.398809889840158576e+03
4.283196864871767502e+03
6.716095512863215845e+03
7.144158312732862214e+03
3.342533385854143489e+03
4.602736197111659749e+03
5.565827220007289725e+03
4.803882873739979914e+03
7.455753935579803510e+03
4.464469801727025697e+03
6.245147046578782465e+03
3.128739226895340835e+03
4.993534876486395660e+03
2.823076444719969004e+03
6.579693305722233163e+03
4.242578452257425852e+03
3.132137880293172202e+03
2.519751501647408077e+03
3.643301296548264872e+03
6.014578752290144621e+03
4.180930408429218005e+03
5.628542258486700121e+03
4.665447557974458505e+03
4.852625132104332806e+03
4.399142132361190306e+03
4.277770384038389238e+03
6.230217975378783194e+03
5.007899558768606767e+03
4.945317508483154597e+03
3.989857483149711697e+03
4.153691657775840213e+03
6.987232104370858906e+03
3.571265304381306123e+03
