4.320259138477290435e+03
3.843938280086799750e+03
7.928100149956417226e+03
3.566382305414585062e+03
3.369499444190516897e+03
4.763456789560719699e+03
3.947697228772478866e+03
3.908318003943299118e+03
4.496759470733705712e+03
3.236240636949106829e+03
5.513925607765653695e+03
3.778332311136281987e+03
2.775483159831705052e+03
4.762681310087672500e+03
5.525053596445416588e+03
4.404536928716181137e+03
3.955982523172957372e+03
7.451330648496200411e+03
4.375863368628632088e+03
2.081719872749519709e+03
4.550790405412953987e+03
4.880866412361030598e+03
4.533080164849916400e+03
4.009198006691594401e+03
4.374006767310389478e+03
3.598131941743980406e+03
3.792324553286604896e+03
7.301784671432420510e+03
5.069341013959016891e+03
5.231560428652088376e+03
5.215990883208719424e+03
3.218622235777576861e+03
6.904641034090572248e+03
6.187349334343052760e+03
4.017977009611046014e+03
6.199710731083167957e+03
3.497279817430499861e+03
4.913986193932845708e+03
6.000888907934421695e+03
3.625177398325464310e+03
3.092713651596886393e+03
4.354331529334916922e+03
3.205142263522373923e+03
5.693957661667772300e+03
3.503627972795293317e+03
2.560223676851073378e+03
4.072725605170051040e+03
5.267638800218576762e+03
5.967723426745000324e+03
3.720421285379064557e+03
3.297139794799008996e+03
5.233396736322050856e+03
4.408155941735021770e+03
7.276336998502063580e+03
6.935394627546837000e+03
3.740002803303711516e+03
5.177361897173462239e+03
4.140417866378655162e+03
5.794322933073739478e+03
4.390019572226186938e+03
3.863352940736755500e+03
3.833131054822848455e+03
4.723754336112643614e+03
4.781439279365796210e+03
4.208245080639894695e+03
5.011864872704537447e+03
4.808325755936160931e+03
6.900906950996912201e+03
4.212492660190204333e+03
7.952563673464469503e+03
3.902156073367871159e+03
2.383103558169687858e+03
3.911474270872949091e+03
5.035732391347234625e+03
2.741292018861799079e+03
4.298639604042522478e+03
4.512512992036864489e+03
3.944964595939369246e+03
6.258265041387930978e+03
5.924080048865833305e+03
7.303572781425490575e+03
4.209459026402573727e+03
3.923194949044941950e+03
5.302982720818929920e+03
4.581808261694892281e+03
7.563222716215256696e+03
5.308538548737109522e+03
3.080385683912296372e+03
4.513318665488979605e+03
4.084439712516141299e+03
6.245257442594561326e+03
2.493899682186358859e+03
2.872399520555009076e+03
4.482046171380830856e+03
4.604558018209654620e+03
3.533928450786728263e+03
5.665371764384013659e+03
4.858453590688869554e+03
6.761302928014400095e+03
3.995191505085198969e+03
5.646757050118959341e+03
5.220330856397663410e+03
4.771479952449725715e+03
4.510387732076437715e+03
5.930186497936691921e+03
3.100760807179451604e+03
5.132645614607961761e+03
6.539639092692804297e+03
3.651136383353224574e+03
7.366188572086493878e+03
5.003109936157674383e+03
4.447548066832181576e+03
4.041830316782577029e+03
4.090094721891704921e+03
4.140380672158034940e+03
6.365246585689490530e+03
4.609895116692628108e+03
7.286619267209716782e+03
4.483223006804035322e+03
3.708867354139555118e+03
3.632953125660419119e+03
4.651993737608499941e+03
4.073558733054268941e+03
4.553656247763845386e+03
4.007130595067113518e+03
3.610976900922506502e+03
1.045172924260977379e+04
4.245453409677455056e+03
4.658235765326238834e+03
4.721250304086202959e+03
4.777860877233664723e+03
2.892735050075885738e+03
5.711179811990281451e+03
6.319059526806792746e+03
3.451747893250904781e+03
6.501864346587625732e+03
3.211561448922640011e+03
4.502503530337125085e+03
4.875189577136659864e+03
4.936346365054449052e+03
3.361034841525796764e+03
7.081067943843122521e+03
3.802136486947525555e+03
4.320360408801418089e+03
3.873424400500996398e+03
4.213414915859673783e+03
4.394017498386703664e+03
3.477506456412212628e+03
4.591346888674052934e+03
3.831113514388231579e+03
4.153834518014223249e+03
5.563380081335883006e+03
3.353511560044473754e+03
5.194027072475090790e+03
5.035074123865691945e+03
4.663446779795277507e+03
5.661246539891046268e+03
4.670340065699267143e+03
7.534232382881132253e+03
3.502420753175622849e+03
5.996227269551682184e+03
6.006240863793918834e+03
3.750611847083061548e+03
4.681341969397277353e+03
3.068623652557389960e+03
3.663570603058823508e+03
4.400438779928499571e+03
3.278816777940309748e+03
2.415317128841805243e+03
6.020690038741409808e+03
5.924949084384840717e+03
4.166486500131301000e+03
4.931642368168199027e+03
5.264628483192552267e+03
3.835206198938094076e+03
3.194156194015912661e+03
4.444513139272663466e+03
4.959358279936521285e+03
6.036080979255972125e+03
6.037065615235358564e+03
4.777906113186727453e+03
4.634604229075044714e+03
2.987889588707692837e+03
4.586880368515621740e+03
5.558248172478032757e+03
6.672667253962710674e+03
8.455931071878307193e+03
3.321356035015662655e+03
4.232669026487624251e+03
5.104674628343690529e+03
3.309509046184618455e+03
4.634521264828834319e+03
3.338748506285007807e+03
4.563183070160815987e+03
3.795920255198478571e+03
4.460409869118322604e+03
5.448109023448477274e+03
4.353735039746767143e+03
5.496725827583842147e+03
2.224406168483343208e+03
4.347694088152928089e+03
5.532556811276690496e+03
5.352296968422912869e+03
5.340573319460645507e+03
7.172038943169349295e+03
3.712124878381338931e+03
4.486221791814850803e+03
5.538753073937363297e+03
4.638649086192389404e+03
4.002619369299582104e+03
6.455249182345237386e+03
4.921291308819774713e+03
4.411732048061847308e+03
5.020119580679113824e+03
5.816744763727023383e+03
4.038324860542954866e+03
4.406874360097294812e+03
7.499342736428792705e+03
3.275740139676836407e+03
2.206920342596625233e+03
2.811224527986541943e+03
6.984720237101855673e+03
3.559582896347969381e+03
5.914305112613391429e+03
3.079244193608652949e+03
4.437920161222663410e+03
7.890291056790050789e+03
3.363998198178939219e+03
4.798700467141767149e+03
4.015373064092101686e+03
3.077210948734693829e+03
4.952645388650612404e+03
4.144680864736126750e+03
5.564583007104196440e+03
5.977441508609641460e+03
4.127636524638407536e+03
3.352954478807089799e+03
3.595137633285786706e+03
3.536398671045477840e+03
4.797197848050442190e+03
4.407666553352152732e+03
5.505711439744141899e+03
9.385638804068303216e+03
4.411591155772754064e+03
5.494829875125819854e+03
4.874630930704559432e+03
3.993871704042365309e+03
3.942521967605731334e+03
4.996546780323556050e+03
5.165314693721503318e+03
3.667687614993684292e+03
4.413333869313890318e+03
5.693612464841271503e+03
2.716510897047654908e+03
5.334924667655552184e+03
5.789782066949063847e+03
