4.780126332000652837e+03
3.843938280086799750e+03
5.159118197049027913e+03
3.985099320184429416e+03
4.160320326368472706e+03
5.531160711314524633e+03
3.348754581289092130e+03
5.203522786886922404e+03
3.682434182513352880e+03
4.790935046396605685e+03
4.641393360116562690e+03
5.558692085253595906e+03
4.115266983523544695e+03
5.672759888534974380e+03
4.545827770472268639e+03
3.988736203815162753e+03
5.327762013636623124e+03
6.205222926870555966e+03
4.378243968260157999e+03
3.767949992348891556e+03
5.206302034970971363e+03
3.952695152437192519e+03
3.915253692543297802e+03
3.624143975546429829e+03
2.752894978017612630e+03
5.282436668193578953e+03
2.753479317080681085e+03
7.105258323756727805e+03
4.002867194862813449e+03
3.279431731001583557e+03
5.438561652917773245e+03
3.613966666239036385e+03
2.982005091703616927e+03
4.984110612121450686e+03
2.963813057196837235e+03
4.345008137405304296e+03
3.057136035029797313e+03
5.287721302796157033e+03
5.464977873602416366e+03
3.541762721485217298e+03
3.888688610748983137e+03
4.178040752761077783e+03
5.545734071744889661e+03
3.347791948751835662e+03
5.968283527512186993e+03
4.038061553860164167e+03
4.664169324838907414e+03
2.735553726499085769e+03
4.194232287609549530e+03
3.449391861448169038e+03
5.073506516406017909e+03
5.537433299378621086e+03
4.132924129205714962e+03
7.525618910475951452e+03
4.435175043207818817e+03
4.682125296432659525e+03
4.039461946014570003e+03
3.275734015820222339e+03
6.283738025442279650e+03
2.601419751208320577e+03
2.933358207662131463e+03
6.501646947804205411e+03
4.001425275631916975e+03
4.143117804808260189e+03
4.710328125247015123e+03
4.810273978844623343e+03
4.958058603500067875e+03
6.218086649892821697e+03
3.227262010033482056e+03
4.629836721875029980e+03
5.038203843185268852e+03
3.032391801640573703e+03
4.248568173947493051e+03
6.018410540449015571e+03
5.295416973993095780e+03
4.089691782152131509e+03
4.507002786291004668e+03
3.485059015090786033e+03
6.987039106123067540e+03
5.431164863516505648e+03
4.709481820080392936e+03
3.248529648812442701e+03
2.556522113406836979e+03
5.048324782215172490e+03
4.304412123936725038e+03
5.592844162437691921e+03
5.471737416995306376e+03
3.904875994178834389e+03
4.381951054881435994e+03
3.880504070939592566e+03
7.169427678272947560e+03
3.601728775088528892e+03
3.164465636177706074e+03
4.944681276566441738e+03
3.775294595607981137e+03
4.292623816735942455e+03
3.706133822434486319e+03
4.342694351525479760e+03
6.714606866768155669e+03
3.088495080290493661e+03
5.118510124101486326e+03
5.131204658202063911e+03
4.372073352379425160e+03
3.086992384646100618e+03
7.936632795912805705e+03
2.981028387542882683e+03
3.628388512203810933e+03
4.367597149305694984e+03
3.417370252320261898e+03
6.648299311782392579e+03
4.343074443097455514e+03
4.133623842623436758e+03
2.467895000194086151e+03
4.738084945166503530e+03
3.756696746448592876e+03
6.015525579959858078e+03
4.500619273860610519e+03
5.316816819091859543e+03
3.263191551524793795e+03
4.408716437272814801e+03
4.769856366435476048e+03
5.581082051158227841e+03
4.026445923241809396e+03
3.286597881225564379e+03
4.550766026576917284e+03
2.832418414523820047e+03
6.578871801853337274e+03
3.871943679197374877e+03
4.337335044140256286e+03
4.055529322788912850e+03
7.690563141566603008e+03
3.593114919933493638e+03
5.615639425010850573e+03
4.908060256692151597e+03
4.084133964729929176e+03
5.650287190038942754e+03
6.599485402080404128e+03
4.828748212293943652e+03
4.942371794849462276e+03
4.368996250969074936e+03
3.676426802741675601e+03
5.950623091168004066e+03
4.811872564178053835e+03
5.208911333388779894e+03
4.406166895615175235e+03
6.335356407055553973e+03
2.369430895584338032e+03
4.031642323278857930e+03
4.663546204284578380e+03
4.580344305145009457e+03
4.679619806163825160e+03
2.946537222966770059e+03
2.714644896915358004e+03
4.350141089133083369e+03
5.686569772539663063e+03
6.044416114354477941e+03
5.841591183535798336e+03
5.311711204033980721e+03
6.854517393934572283e+03
2.622580825933545384e+03
4.010151743190258912e+03
3.701778803141653498e+03
4.583003648215099020e+03
3.266564793062507761e+03
4.548338206469385113e+03
3.905349227660044107e+03
6.060360493213364862e+03
3.097904900952041316e+03
2.866940557923961933e+03
4.928909875562547313e+03
5.991506749824286089e+03
3.984254855243850216e+03
5.711986732587423830e+03
3.227976618395656260e+03
5.295888813413864227e+03
2.932372326424389030e+03
5.438756036501079507e+03
3.639123251089037240e+03
4.877104624094113206e+03
4.886653604851640921e+03
3.067343763512199530e+03
4.892869105677445987e+03
4.560634416244284694e+03
4.842541790274302002e+03
4.243140419230920088e+03
4.705327051755126377e+03
4.732448615852661533e+03
4.071466415365258854e+03
5.951223868187627886e+03
4.237419550124643138e+03
2.529476668130261714e+03
6.619308010832623950e+03
3.007953279740302150e+03
5.956979802760977691e+03
4.641561536036673715e+03
3.463552495444570013e+03
4.084224966925747594e+03
4.772816870034082058e+03
4.730150611415907406e+03
3.435304916180330110e+03
3.765596030596570927e+03
6.141516894019433494e+03
4.472605349095463680e+03
4.173982500110550063e+03
6.440957787120224566e+03
2.589137967283270882e+03
5.188609715315365065e+03
4.215138275628265546e+03
2.372701308974566473e+03
4.358846706683576485e+03
3.960558170986056211e+03
3.301596931913092703e+03
5.309119495816648850e+03
8.075762458778649489e+03
4.459289701800540570e+03
6.025858977888371555e+03
3.189116322411163310e+03
5.026667982121195564e+03
4.069897475870559902e+03
3.533601590225313430e+03
3.888845100209889551e+03
5.645922329237328086e+03
3.636870779256453716e+03
5.020798175588137383e+03
3.904048084997943079e+03
5.194782272001363708e+03
4.750773508477253927e+03
4.285332677507934932e+03
4.120791280997917056e+03
3.143652001626529909e+03
3.907754533690997960e+03
5.539869171937748433e+03
5.680473595707759159e+03
4.191617742920808269e+03
5.070302681281786136e+03
5.403920483830596822e+03
2.970299802601276497e+03
5.428666457007988356e+03
3.167969164719650962e+03
4.928001540942204883e+03
3.602287114687472240e+03
5.008964924000220890e+03
4.926476413686557862e+03
4.211301016475797951e+03
3.595279180714282575e+03
4.740836383855075837e+03
2.438101284412298810e+03
5.144051531586825149e+03
3.906190773389196238e+03
4.456790109152755576e+03
3.007831750298245424e+03
4.777601215563447113e+03
5.833313138368469481e+03
4.435240071821101083e+03
4.036247021786617097e+03
5.103926956683537355e+03
