4.107201539347633661e+04
3.843938280086799750e+03
1.339449290548834870e+04
1.000102881683129999e+04
1.487383541055682872e+04
2.736584248673752518e+04
1.886455738753189871e+04
1.797529268976913954e+04
2.126891752334838384e+04
8.377419345847836667e+03
2.516749101099822292e+04
1.324772595710385758e+04
1.182639050854802372e+04
2.148579860006300078e+04
1.588971753679059111e+04
1.080202212402390796e+04
1.850036294014615123e+04
3.721490349029941717e+04
2.006025594164689755e+04
1.146237931971774196e+04
2.045894427105276554e+04
1.232189195598056540e+04
3.078628934837528868e+04
1.794588012019408779e+04
1.300195043522950618e+04
1.717751064027046232e+04
8.053516020039653085e+03
2.646769577991861661e+04
1.542265033416459664e+04
1.472837052814448180e+04
2.531791923460286489e+04
1.484116554735310820e+04
3.520516594752916717e+04
1.894547333789877302e+04
1.692315461429157585e+04
1.926644029190055153e+04
1.464865980608197242e+04
1.375506792526233949e+04
1.800934256442074911e+04
1.344751333455443819e+04
1.671911201799075934e+04
8.202701285746925350e+03
1.779698972469871296e+04
2.481483658676752020e+04
1.797979653619448072e+04
1.525238721585907842e+04
1.149947713010709049e+04
1.921627184020867935e+04
2.022473828318456435e+04
1.045263828715097407e+04
2.730941873113063411e+04
2.162615252944257008e+04
7.160857149973676314e+03
2.024192856879684405e+04
1.923786221781053973e+04
9.083625699566979165e+03
1.445658250968110951e+04
1.347463481144318939e+04
1.730897921366285300e+04
1.363141343445199345e+04
5.617938395323866644e+03
1.918739841924817301e+04
8.431746708262093307e+03
1.106527976542980105e+04
1.355995154766137239e+04
1.958551083740036120e+04
1.488069861203652727e+04
3.640343805798009271e+04
8.437949438332845602e+03
3.066747334303973548e+04
2.206362591009678363e+04
1.329799298368968994e+04
1.353514294971462368e+04
1.404644556622663367e+04
1.827675776793250770e+04
2.117137209969900141e+04
1.096150151885061314e+04
2.323976235565750176e+04
3.709927705283620162e+04
1.421806747181823448e+04
7.388121565344386909e+03
7.576010325380791073e+03
1.560719458624289291e+04
1.205265474432907831e+04
1.328675226664788170e+04
2.027042751846581814e+04
1.541336951218684408e+04
9.933086263555709593e+03
2.053683354746681653e+04
8.993723368840524927e+03
2.726357986313437141e+04
7.937517264963111302e+03
4.027527587489916186e+04
7.555498003319089548e+03
1.251780800231027388e+04
1.150121595136353972e+04
8.584295730555979389e+03
1.612418080309883590e+04
2.813043617083724894e+04
8.872613252963672494e+03
2.194225659160385840e+04
2.660642818262713263e+04
1.066283763209878271e+04
2.128246444148318915e+04
1.536897643905148107e+04
1.638059708132582637e+04
2.601019624734490571e+04
1.857902258057746440e+04
9.429276059966558023e+03
2.351543884524366877e+04
1.018785673227941879e+04
2.163788474253519234e+04
9.660707724634154147e+03
1.041338358288191739e+04
1.573103063954427307e+04
9.946163213772399104e+03
8.023389297879937658e+03
1.620818586680179214e+04
1.194060021462502118e+04
1.384771326231026251e+04
2.691997783733561300e+04
1.983498194687209616e+04
6.089345413476338763e+03
1.477250625362004575e+04
6.098946963812501963e+03
1.018287893754467950e+04
3.106196717707235803e+04
1.076393434332859397e+04
1.633749784497857399e+04
9.560919614795800953e+03
2.387336400625142778e+04
1.222925409635879805e+04
1.928770964516923050e+04
1.909563151468182332e+04
6.834143991796944647e+03
2.819214505065908816e+04
2.008662544323387556e+04
1.648299721087542275e+04
3.972128501085478638e+04
1.001619787861625628e+04
2.309826485940514249e+04
2.180128304281858072e+04
2.421123618103510671e+04
8.927145490974162385e+03
9.864237766536723939e+03
2.337948355960262779e+04
1.880593311790965163e+04
1.579785364034242593e+04
1.076173516899309834e+04
1.318805407750081940e+04
1.223766477606056651e+04
1.554166451465917089e+04
1.117909046740952363e+04
9.492858044544835138e+03
1.003777913794277447e+04
2.162208484622732794e+04
2.039870463804985047e+04
1.925887802236668358e+04
1.894115042463334976e+04
9.446335999753027863e+03
1.560658247528889660e+04
1.416426973282123618e+04
7.076152085682118013e+03
6.672990986635880290e+03
5.563531051145225319e+03
1.209149512076482824e+04
1.965475505911043001e+04
1.687965375124521597e+04
7.035185620332465987e+03
2.057134482430588469e+04
1.946641355822136029e+04
1.016477684182575103e+04
3.757736232109856792e+04
1.084838433755651204e+04
1.540432977913579089e+04
1.240900937702025294e+04
2.020104710529132717e+04
1.278189030705631376e+04
1.489791582814628600e+04
1.713694684648335169e+04
2.383745655096013797e+04
3.051738217145295494e+04
1.045974779603552633e+04
2.676613368132614050e+04
1.582332821231144226e+04
1.867149397398041037e+04
3.442847660672583879e+04
1.469841117553372715e+04
1.276440785942343064e+04
1.874291187012188675e+04
1.050633629133095928e+04
7.471132755783557513e+03
1.443999851038220731e+04
1.510893959066763091e+04
1.081701667386844565e+04
1.376952162418250737e+04
3.482668799552159908e+04
8.771837987649707429e+03
2.335992865113912194e+04
5.900841561748165987e+03
1.174982708307584653e+04
2.462882687525784058e+04
1.634467637083642512e+04
6.566247366487586078e+03
1.696915016747992922e+04
1.050648097564607087e+04
1.129813185954309483e+04
4.275010238936053065e+04
1.246026285646774159e+04
7.270333407878261823e+03
3.186249052360405403e+04
1.254445919237653834e+04
1.138599001526709071e+04
2.578374786879853127e+04
3.291799765455861780e+04
1.617514564787358540e+04
1.475792504718666532e+04
2.567467039570684210e+04
2.196548981234288658e+04
1.211944659535444771e+04
1.710927694307241472e+04
5.507040335973132642e+03
1.103390081210431163e+04
8.998541331316260766e+03
1.252587139184659645e+04
2.332191684333693775e+04
3.162266819914157531e+04
7.056848255335553404e+03
1.164124175678600113e+04
2.943951693590667492e+04
8.495328119717945810e+03
1.883868988172572426e+04
1.764045049016548364e+04
1.420798142542477399e+04
2.122895457247136073e+04
2.807552381451180918e+04
8.172005278830744828e+03
2.540755406934547500e+04
9.026097089220740600e+03
1.592130026523217748e+04
1.967817197323924847e+04
1.949735472836720510e+04
1.824272476644363269e+04
1.504496545384304591e+04
2.498600300804360086e+04
1.926985850547328300e+04
1.257728320944773623e+04
2.012735198910428153e+04
1.465625423266239704e+04
1.544401262582018353e+04
1.310033991106522990e+04
1.591378975457809247e+04
1.902581685382253636e+04
5.610659600629552187e+03
2.981527563849651779e+04
2.138680373076691467e+04
