4.560904512838098890e+04
3.843938280086799750e+03
2.432689636534732927e+04
1.044369893202932508e+04
1.716571393116796025e+04
2.514271447453306246e+04
2.027553318430341824e+04
2.100909414534944881e+04
2.329252440310284510e+04
9.204600826153631715e+03
1.539539846444642535e+04
2.477420104887866910e+04
2.136697431734453494e+04
2.034318847225636637e+04
2.550114274830126305e+04
1.018266719027393447e+04
9.350100527721697290e+03
2.694931810746889460e+04
2.309176871018389284e+04
1.247108946209194619e+04
1.544914260764830760e+04
1.897036637992633041e+04
1.191379721083154800e+04
1.256712333656137162e+04
2.062845710075344687e+04
1.717183991937171959e+04
1.503145576758665811e+04
2.759938547253442448e+04
1.106846397233415701e+04
2.774583288450199325e+04
1.873510728229113374e+04
1.143253759988141792e+04
2.873147821192671108e+04
2.703769247976999395e+04
1.571506301977705334e+04
2.469900470304670671e+04
4.446853715376164473e+03
2.889276887966666254e+04
3.176917472385326619e+04
9.215645770338232978e+03
9.363265874128466749e+03
1.907684123706347964e+04
2.753430785176543941e+04
2.854095951861338835e+04
2.843447698685254363e+04
1.980338541696932589e+04
1.590224331014643940e+04
2.983285685311266570e+04
1.697395470895530889e+04
1.244933450074371285e+04
1.030104901647463521e+04
2.119320785011663247e+04
1.060529187232462209e+04
1.975011844034134992e+04
2.010744764269118241e+04
2.138385393053609732e+04
1.955948272764791545e+04
9.053350058147603704e+03
1.959981988029055719e+04
2.098281099981287844e+04
7.233174935229822040e+03
2.644743279286671896e+04
1.483429294185903018e+04
2.364025227556031678e+04
1.621868276506661823e+04
1.654946917408269655e+04
1.888885726291328319e+04
2.612382385957310908e+04
1.664199270080596762e+04
2.731162516754979879e+04
2.161473824945521847e+04
5.954623543678799251e+03
1.403877890780071357e+04
1.904208131998591489e+04
1.053241047689824336e+04
1.783203138826437498e+04
9.707701961925346041e+03
2.162194973137413399e+04
3.893652344010235538e+04
1.913926330291453633e+04
1.961449926847121969e+04
4.233980356369291258e+03
2.297301450809848029e+04
1.032914732283487137e+04
1.484056087197890520e+04
4.308843355912179686e+04
2.988876261078468087e+04
1.414030846160323927e+04
1.611292558763292254e+04
9.852079306885480037e+03
3.739138310280998849e+04
8.619048277768442858e+03
4.415486517071718117e+04
8.032704008925064045e+03
1.042857988263652805e+04
1.721873301269493459e+04
1.807405316541131106e+04
8.976618924514012178e+03
2.250199538801091694e+04
1.600838095606356728e+04
2.120576050408217634e+04
2.086815480759671846e+04
1.416137414204508241e+04
2.986684213932781859e+04
2.342012226487518637e+04
1.238009020526516542e+04
3.203947731086254862e+04
1.658024032317324964e+04
1.798018430634316246e+04
1.576582491938750354e+04
9.888864502425491082e+03
3.158008701121680497e+04
1.707888207955487451e+04
1.544849036942986459e+04
2.401908779394297380e+04
1.650322833649421227e+04
2.891505519005809765e+04
3.391970218111341092e+04
1.241591823903663135e+04
1.459019257237289457e+04
1.103568342571693029e+04
1.589005060004375991e+04
1.994210035281915771e+04
1.375185989946267364e+04
1.504813503686090371e+04
2.596453454347033039e+04
4.997999432779272320e+04
7.354096687607694548e+03
1.321424668580002071e+04
1.367570316832554818e+04
1.395011958791670986e+04
1.172605518506517546e+04
1.775703932375362274e+04
1.825468715653191248e+04
7.232966582753670082e+03
4.306968701724365383e+04
3.378893050269954983e+04
1.905599861141604197e+04
2.274985907504070929e+04
1.190853927358439250e+04
1.598916768208302710e+04
2.348208591721392077e+04
2.025973214018184080e+04
1.264239013474471358e+04
1.960321178931325630e+04
2.334333406341122463e+04
1.930575164761695851e+04
2.064912193012763237e+04
2.166378286524960276e+04
1.836653512574558408e+04
1.385677842868735570e+04
1.407019741651251206e+04
1.707880722191874520e+04
2.068810488222832646e+04
2.579558821213902411e+04
1.795319786574895261e+04
2.613196607667255739e+04
1.096189085579340281e+04
3.141371596379084804e+04
1.005870483546449032e+04
3.773290784554349375e+04
5.410602529358029642e+03
2.625370968046340568e+04
2.586125747517258424e+04
6.867423167434161769e+03
2.606005360320395630e+04
1.100406321900558214e+04
1.062419416100555645e+04
1.145677358223629017e+04
2.104582735192427936e+04
2.530399381954276760e+04
1.389671832866039767e+04
3.727452282726504927e+04
1.813092326893940844e+04
1.004863674529236596e+04
7.413110885207845058e+03
1.513510422704923985e+04
2.200604386681143296e+04
9.560235962455246408e+03
2.552638972602469585e+04
1.794747570645482483e+04
2.009018670060471050e+04
8.182806356980687269e+03
1.932404163371127652e+04
1.241392156674457874e+04
1.996894317010555824e+04
2.856615331480607347e+04
1.222995691089087450e+04
1.447569493778293690e+04
3.514813917171959474e+04
7.002260098232713062e+03
4.029430890851307777e+04
1.399670340301147371e+04
1.175898460758967667e+04
1.644755380746320589e+04
2.345194882778321698e+04
3.052440778190467245e+04
1.205307183377796355e+04
1.962386087791123646e+04
1.917485393379927336e+04
1.178340855547228784e+04
3.454371229065757507e+04
1.719252572880654770e+04
1.319084486733378981e+04
1.944440389334861175e+04
1.093800096714722349e+04
1.504186047104945646e+04
3.777088206909160363e+04
1.904003233458156683e+04
9.563036411913655684e+03
3.453634164487937232e+04
1.363419923224845479e+04
1.586690684589300690e+04
1.188779326262142422e+04
2.698903328819232775e+04
9.871625686111216055e+03
2.856119654254726993e+04
1.181934040259825815e+04
2.458678914837881166e+04
9.031247751513783442e+03
2.202401339117593307e+04
1.940674628199675863e+04
5.292301983947967528e+03
1.738832271237168243e+04
8.250481411221215239e+03
3.696924420486803137e+04
4.136194765669851768e+04
1.239931703140687569e+04
1.049557091033916549e+04
7.847002176905602937e+03
9.056199672996792287e+03
4.973999743725325970e+04
3.568639131207384344e+04
1.274747811449557048e+04
1.600604700521866653e+04
1.774437149399307964e+04
6.391327989949799303e+03
2.805507038638201993e+04
7.528987237653951524e+03
1.698312820435664980e+04
6.674542915456565424e+03
2.056148091861288776e+04
3.990074692332002451e+04
1.094537573137307118e+04
1.421870079798233201e+04
1.151482895930806626e+04
1.192053165289974822e+04
2.105289688630067758e+04
7.104545273775983333e+03
2.730597929831222064e+04
1.483336481573771925e+04
2.312218184513548113e+04
2.446893918439818299e+04
1.642714229044465174e+04
2.608239342248030516e+04
3.303673459629125136e+04
