7.466353159153030720e+04
3.843938280086799750e+03
3.151568015407846542e+04
1.589004524430627316e+04
1.696816556745210983e+04
4.574221112256023480e+04
2.168676583298075275e+04
2.119594044442511949e+04
2.853011115342423363e+04
1.375258807456090835e+04
2.995318225000537495e+04
2.255482115521271771e+04
2.223398306972614591e+04
2.558797474786598104e+04
2.192530391731347481e+04
1.957990639813247253e+04
2.612838394110351874e+04
6.391126523758392432e+04
2.756118761359239943e+04
8.988137249822162630e+03
2.286576935357902403e+04
2.446187129100551829e+04
4.679488004171414650e+04
3.025744239142632796e+04
2.239356398089684444e+04
3.537366431788319460e+04
1.633586920386623387e+04
6.128888212123128324e+04
1.671440095001660666e+04
3.108168949078837977e+04
3.215705934715079275e+04
2.591678261990388637e+04
3.126667250404709921e+04
3.552212539827288856e+04
1.389538052981193505e+04
4.167593369449486636e+04
2.339603741916297804e+04
3.433419489985295513e+04
2.981302996109360902e+04
2.631667402008781937e+04
2.640427941648465639e+04
1.275911034348490466e+04
2.516571772834674630e+04
3.971586520100654161e+04
4.133578097330182936e+04
1.865932351162753548e+04
1.326157676259395157e+04
3.747521012219211843e+04
2.684419657803429436e+04
1.956080939688115177e+04
3.362801366541140305e+04
3.794211951898394182e+04
1.204060339852393190e+04
5.670470808566616324e+04
3.549201962348091911e+04
1.936914672779523971e+04
2.245286524350961190e+04
2.702981723484698159e+04
2.757549341102999460e+04
1.175288088603779761e+04
1.412113326262132796e+04
3.186305100068224056e+04
3.088058853238653683e+04
4.454769381933052500e+04
3.641027140725608479e+04
2.628892607148506431e+04
2.161766931058529008e+04
5.246057394999617827e+04
1.326722061731529902e+04
3.218973955645913520e+04
2.672518260068307427e+04
1.260446238191347402e+04
1.141817035080460482e+04
1.463522682360710678e+04
3.838524687040210119e+04
2.548775134874717332e+04
1.621169475031049660e+04
1.691391204657397611e+04
1.607021940587006429e+04
2.546128762912595994e+04
2.969287185387296995e+04
1.817661395376437213e+04
1.604812460249281503e+04
1.702252712273093130e+04
1.600188962094268572e+04
5.987714860524039250e+04
3.557962306157707644e+04
2.193197603066985539e+04
2.678803436693008916e+04
3.548436898345263762e+04
4.879068655892521929e+04
1.551345244361512960e+04
1.496908079540823746e+04
1.965411717987098382e+04
2.046151671156631710e+04
4.191638332349752454e+04
8.171082132445136267e+03
1.939285171374144556e+04
2.728117149987919038e+04
2.203458574797250185e+04
1.193426692326441662e+04
2.466627126125316136e+04
2.211793195216783715e+04
3.058492417089423543e+04
9.275977179745101239e+03
3.399188249222260492e+04
3.785159389274978457e+04
5.011051208331019006e+04
1.934319720819810391e+04
2.534800260936876293e+04
2.716188706872935290e+04
2.457878967562026082e+04
3.086372383646815797e+04
1.845343869780014938e+04
3.027799921371719392e+04
7.621541329322865749e+03
4.147131668530617026e+04
3.788228672699248273e+04
1.615753390889927687e+04
2.279897521891216820e+04
3.707119968368489208e+04
3.321433697958252742e+04
1.459405046127268906e+04
1.527315663395707452e+04
1.511946778381950753e+04
3.690170141074939602e+04
4.921809250750216597e+04
1.493798320513737053e+04
2.874172323849122768e+04
9.175111936809476902e+03
4.435617708248135750e+04
1.152804971641867087e+04
1.721338289757651364e+04
3.085705821095097417e+04
9.534776383023077869e+03
5.167341996143344295e+04
3.958216502373102412e+04
2.774830615066800965e+04
4.501549944161939493e+04
1.274859915269526573e+04
4.055185533589219267e+04
2.350364780051239723e+04
3.447975878853643371e+04
1.860949285342202347e+04
1.792937636910985748e+04
3.389383175013046275e+04
3.411878118361270754e+04
2.559660561386878180e+04
2.980143337423509001e+04
3.642304636044010113e+04
2.850822141984139307e+04
2.473854870692861004e+04
3.481646594027848187e+04
1.757098254472790359e+04
2.400817664578713448e+04
3.416872397842640930e+04
1.817187769990003289e+04
2.871075541014875489e+04
3.571289732864039979e+04
1.385097922707509861e+04
1.550313240589866837e+04
1.174944919212692730e+04
2.147300592077174952e+04
3.323638936513318913e+04
6.153802751325736608e+03
2.520713568675075294e+04
2.131661377825764430e+04
2.501708024864046456e+04
2.036126190109596428e+04
2.837790150647118935e+04
3.706341750999828946e+04
2.567392708802848574e+04
4.841969146401239414e+04
2.439155752527787263e+04
3.325965563456170639e+04
2.310880774100805502e+04
2.171478242731372302e+04
2.454763993914231105e+04
3.891843085250203876e+04
2.883255720440622463e+04
3.709687544252235239e+04
4.568972784992329980e+04
1.358006404785643826e+04
3.244369214806110176e+04
2.231777128889831874e+04
3.060257092809666938e+04
3.891289796705525077e+04
1.718920586081084912e+04
2.787902223924189093e+04
3.249557613232432050e+04
1.421437489265089789e+04
4.456557200961215131e+04
2.585740622868014179e+04
2.200045909675639996e+04
3.153982997527299449e+04
4.053718434937475104e+04
3.790592729259602493e+04
7.747205174274948149e+03
3.733427912143431604e+04
3.246089217760137399e+04
1.836627069050175123e+04
5.540574609705839976e+04
2.547584830621212313e+04
2.265375637125129651e+04
3.221946153528384821e+04
2.729078113848447902e+04
1.308042324823550371e+04
5.539418797355743300e+04
2.501886470966615525e+04
9.634664783617210560e+03
3.867383682195276197e+04
1.269567465642975367e+04
1.411001077773289217e+04
4.744692612546784221e+04
6.254982322552643745e+04
2.790701059332496516e+04
3.106235642832453595e+04
2.654789300014440596e+04
3.436667579886007297e+04
1.831770284564281246e+04
1.895874156925312855e+04
2.298754602399780561e+04
1.500918990943017889e+04
2.418748848587644534e+04
1.064058435651636682e+04
3.994759367266653135e+04
1.711667323417385705e+04
1.624800069118687315e+04
2.291083301205872340e+04
4.385707419592356018e+04
1.519925173608345358e+04
5.921134279546493781e+04
4.468069225436781562e+04
1.247283589107118132e+04
2.107030137892017592e+04
2.552578315912268954e+04
1.000711379970581220e+04
1.707440122904629243e+04
2.017424608126370731e+04
2.618736717617803879e+04
1.432309265026894354e+04
2.206466588574795605e+04
5.138733699553237238e+04
2.062632682385542284e+04
3.858579880738991778e+04
3.465214138764062955e+04
1.935863452934769521e+04
2.867743661990935652e+04
1.887675537897498361e+04
3.197821213449822244e+04
2.302626446469992879e+04
3.220185196033547254e+04
2.008892876858013187e+04
1.385319109466318878e+04
2.337540936009215511e+04
4.588419920441149588e+04
