3.403776650163754821e+05
3.843938280086799750e+03
1.342555804309318482e+05
1.259583025797475711e+05
6.543998011872032657e+04
2.562288953833637352e+05
2.085582141456061800e+05
1.217583314808546857e+05
1.655396348276532663e+05
1.495324592223112413e+05
1.583971800847919949e+05
1.352687268574286718e+05
2.649279132898873650e+05
1.055386266319412825e+05
1.624401550317024230e+05
1.180978604843335197e+05
1.731948978603272117e+05
2.988238544519167044e+05
1.123777248003131535e+05
1.177981409873375815e+05
1.740787411183758813e+05
1.925670751854990376e+05
1.358012434413951414e+05
1.376961413343018794e+05
1.212311190544722631e+05
2.329619879373814329e+05
1.248171615726024320e+05
2.543666415410144837e+05
8.894490152963495348e+04
1.297355236373500229e+05
1.882350660526238789e+05
2.387642973797988961e+05
3.363545162410081248e+05
1.871395003058611474e+05
2.513255579947542865e+05
1.016224619100337877e+05
1.133500726926691277e+05
1.477728901296414551e+05
1.943430109177566483e+05
1.325307846195746679e+05
9.900486360372361378e+04
1.134032690222671226e+05
2.383482145238265221e+05
2.275379778738496243e+05
1.944542202292957518e+05
1.469124702069720370e+05
1.086288817861995631e+05
2.452054211840092321e+05
1.441691827794417040e+05
2.205214642053527641e+05
2.306062493066298775e+05
1.670485771083733416e+05
9.928871663420465484e+04
3.636489976312380168e+05
1.689140152931948251e+05
2.342922773894833808e+05
8.024151216904837929e+04
1.227945427334010019e+05
7.789957876021432457e+04
2.936944624583130353e+05
1.118322449034703022e+05
2.169847119074911461e+05
1.831092816337283584e+05
1.742176787146358110e+05
1.399108555198172689e+05
2.174380954350796237e+05
1.621109914119324239e+05
1.023786062371954031e+05
2.281143817571150139e+05
1.658265307084118249e+05
1.497998328866454249e+05
1.860025953804852616e+05
9.979218903987819795e+04
7.919682312042980629e+04
1.142976480526641826e+05
1.418787707404087996e+05
1.457237832096827042e+05
1.614606077728456876e+05
2.790777934393296018e+05
1.532736238932163978e+05
1.709186240694986482e+05
1.483997120937053405e+05
1.260467112363583874e+05
9.231857790277965250e+04
4.292191695054028241e+04
3.489908944834311260e+05
1.991889104435614427e+05
1.368554364366644586e+05
1.616019665739763004e+05
1.705820981451219704e+05
2.796818074336965219e+05
6.737987183747529343e+04
2.480873925372815866e+05
7.556411336751501949e+04
1.054144685336747934e+05
1.562521172152014042e+05
8.759122216299852880e+04
9.641350909260008484e+04
1.188420724345680210e+05
1.641261179483731976e+05
1.051882998709149106e+05
2.146174856408354244e+05
1.184622007402216404e+05
1.579955551871189964e+05
1.436308699122676917e+05
1.798470631192523870e+05
1.069513106374209456e+05
2.255121987205697806e+05
1.541082823417091568e+05
6.077597160794426600e+04
4.309577644015802798e+04
1.965518401316850795e+05
1.554144942678227380e+05
8.763080603411523043e+04
1.793392328535230772e+05
2.014155259824189998e+05
9.156504665589089564e+04
2.427439089290543925e+05
9.983834740470777615e+04
2.420823678120027762e+05
1.628120928161730699e+05
2.038129429861468088e+05
1.381279879627255723e+05
1.221937388437367918e+05
1.298791104291961528e+05
1.518132474584559677e+05
3.729082972522557247e+05
1.542794081499720050e+05
3.123158053840023931e+05
1.048857819550467539e+05
1.453181905370709137e+05
1.089646287483520282e+05
2.040789962808578857e+05
2.459968040778980067e+05
7.443311071972185164e+04
2.013878988855974167e+05
2.715920060222181492e+05
1.175977909934913478e+05
3.100826760208900669e+05
5.090569547635446361e+04
1.823745469022395555e+05
7.999373261320831080e+04
1.884712960356814438e+05
1.653957638386086910e+05
2.282442181597941089e+05
1.481412380008665496e+05
1.939237800261865195e+05
1.518038892672460934e+05
6.332323099178703706e+04
2.694162176977272029e+05
2.320659695309092640e+05
2.411464094777000719e+05
1.913765816420915653e+05
1.052794859527405642e+05
1.101305104741283576e+05
1.555713863898193522e+05
1.684140554384345305e+05
1.406471117095605005e+05
1.662005896073904587e+05
1.821805239043180482e+05
3.407391844659989001e+05
1.050790924558585539e+05
2.822156553932272363e+05
2.079585851013773645e+05
4.486387386773427716e+04
2.299714983654388634e+05
2.417651397097714362e+05
6.202146964578368352e+04
1.458642514242142497e+05
1.715197205371124437e+05
1.795250798605775926e+05
9.022313016586910817e+04
2.497360466122725629e+05
1.137607088382947841e+05
1.998880722763110534e+05
1.686035148330850352e+05
1.463972146243340103e+05
2.206023646618211351e+05
1.085931706379914540e+05
1.212988039730542660e+05
1.738698765565766080e+05
7.472136472064578265e+04
6.600055611177900573e+04
1.819383030973005807e+05
1.865595627890326723e+05
1.585356763667171472e+05
1.914992147584023187e+05
2.471758076042274770e+05
6.702895016441053303e+04
3.322721903906746302e+05
1.477685682362287189e+05
1.798545173017191701e+05
1.896307489643381559e+05
8.580671802729908086e+04
1.398888237891482131e+05
1.374656075023605372e+05
2.685649098559383419e+05
8.054592059158456686e+04
2.153662118479478522e+05
1.403832397869675478e+05
1.119405137355405750e+05
2.141851677256377297e+05
2.220227377222397190e+05
1.160380929549521388e+05
1.006934230294354638e+05
1.253387912064273405e+05
1.120928402796272421e+05
2.827727814501653193e+05
1.259701431000103184e+05
4.902034516314381472e+04
3.783084599751278874e+05
4.845432545321743964e+04
1.557331924000632134e+05
2.751716843116729287e+05
3.245404783203701372e+05
1.084899175186889188e+05
2.619293900714732299e+05
1.295206140273421915e+05
1.932285899464155955e+05
1.395086627777744143e+05
1.231226293513626879e+05
1.094012336035707413e+05
1.111525158407510316e+05
1.350469841835116094e+05
1.124516600504917733e+05
9.360923643026704667e+04
2.639102984970847610e+05
1.128159419669039635e+05
1.490653544850083999e+05
2.256378862939166429e+05
8.738413392286100134e+04
3.365552766074805986e+05
2.654025034516115556e+05
1.029543919350988290e+05
9.856250501858622010e+04
2.680312559320427827e+05
8.655777190173926647e+04
6.757804917819976981e+04
1.379976946640390670e+05
1.205766153822161868e+05
1.959784885376284947e+05
8.482569459031996666e+04
3.418542777463515522e+05
1.256926815038063360e+05
9.339013861739433196e+04
6.365187500273069600e+04
7.782687276926694904e+04
1.645614077238429745e+05
1.052222723870916379e+05
2.677184470982273924e+05
2.177655318608603266e+05
1.926503711746426125e+05
9.555563213639466267e+04
7.957626012778624136e+04
1.209179184409236623e+05
1.243114460078340198e+05
