6.218749352388993138e+05
3.843938280086799750e+03
2.727655293101712596e+05
7.604551037974856445e+04
1.708610124987815798e+05
4.063557557545336895e+05
3.414957852365719154e+05
2.435373098092318687e+05
3.115535612335878541e+05
1.770017234461349435e+05
4.446752598825475434e+05
1.642986594436649757e+05
4.674068547627996886e+05
3.270900764403438079e+05
1.246445204237719445e+05
2.700040489313985454e+05
1.595897325415371160e+05
2.426905404090603988e+05
2.853453136818741332e+05
1.421447067052192288e+05
1.715466476523808960e+05
2.410253926247664494e+05
4.340099649754980346e+05
2.335960852477430308e+05
1.564348917474213813e+05
3.039920856446340331e+05
2.292357250777256559e+05
3.883774616561685107e+05
1.587283629584320006e+05
4.631964159602407599e+05
3.319150680281564128e+05
3.643536406304862467e+05
3.806295526785303373e+05
1.755036069338996604e+05
2.272808161182148906e+05
1.896995121476243075e+05
1.825404863242064603e+05
1.858350102794439299e+05
3.105055227159025962e+05
1.924212074631780270e+05
1.457705383613297017e+05
1.994473961792326008e+05
2.117704840016786475e+05
3.744909825566952932e+05
3.670050228076491621e+05
1.706330027775994677e+05
1.379847112575528154e+05
3.076101300306090852e+05
1.531690823047125887e+05
2.167670894766246201e+05
1.879334662387068965e+05
4.590888947605106514e+05
2.124051045850980445e+05
3.344375824925178313e+05
3.456815860815446358e+05
1.763811123724650533e+05
8.060864233398725628e+04
1.528133751938142232e+05
1.872796165190966567e+05
1.534133881497505645e+05
9.896200782641336264e+04
3.565382857449486619e+05
2.406382685897873889e+05
9.411602155394117290e+04
2.135408633907070907e+05
3.720023894640855724e+05
1.453089481790456630e+05
4.160912717250011628e+05
2.408110699807751516e+05
3.974865045391787426e+05
2.646314972751472378e+05
3.590432497697772924e+05
2.824821103023247560e+05
1.603550261230418109e+05
4.209056305263865506e+05
1.606971983667224995e+05
1.385947603017535293e+05
3.189423559270686237e+05
5.203454697773560765e+05
1.215093047230629745e+05
2.310923297790472570e+05
1.256521788475070498e+05
3.234168771582257468e+05
1.358022873024812143e+05
2.087928511128069949e+05
3.233072667263794574e+05
3.486106994202861097e+05
2.563497093726077583e+05
2.652275136954037589e+05
1.883682369485661911e+05
6.489340599145233864e+05
1.297554061277877190e+05
2.332172855557925359e+05
9.289666912454420526e+04
2.843854891619558330e+05
2.510946407776547421e+05
1.698201453040555643e+05
2.283625398875738611e+05
2.118543074491305742e+05
2.581637528868661611e+05
9.772257663072597643e+04
1.605152215897102724e+05
2.316610951275687548e+05
2.039136610838224005e+05
2.440216420797730971e+05
1.983579830548584578e+05
2.697002739300418762e+05
4.225401825314497692e+05
2.931179335720332456e+05
2.324138667704206018e+05
1.710379536165244062e+05
8.092013302512688097e+04
3.862318832410549512e+05
1.133158464341603831e+05
1.635719858356552140e+05
1.882921886165499745e+05
2.326710738288072171e+05
3.506237861626488739e+05
2.266307261388970655e+05
3.947541277673156583e+05
3.352718830652229371e+05
2.450792411673152819e+05
2.234117292469519016e+05
1.258435874323197932e+05
2.194113942562636512e+05
2.125812365169907280e+05
5.564515718972397735e+05
2.046982398391921306e+05
1.807172825307033490e+05
1.355573841992578818e+05
3.432703235669715796e+05
1.842636006033879821e+05
2.588296331530976167e+05
3.188596662527415901e+05
8.270280794075384620e+04
3.389707795219172840e+05
4.253950451128762215e+05
1.765366493542570097e+05
2.102455322016723221e+05
1.082329052388294367e+05
2.505550073962219467e+05
1.983527741397556674e+05
2.881735381019031047e+05
1.517880881070641044e+05
2.486275923465309606e+05
2.653618094931629021e+05
1.718625348728851532e+05
3.387891481772110565e+05
8.682854718744092679e+04
2.946952238075229689e+05
3.172535705496866722e+05
3.876307037453228259e+05
2.564843488739811874e+05
1.559847731267083145e+05
2.256558409561520675e+05
4.309587760799062089e+05
2.414653446352984756e+05
1.231496380110910104e+05
1.972828797891066642e+05
2.248764924319153070e+05
4.432721338433087221e+05
2.320414773097768775e+05
1.193743942003863194e+05
1.501421356922964042e+05
8.049642394241264265e+04
1.188728576781491283e+05
1.688761048359979177e+05
2.450593724533660861e+05
2.366201922086168779e+05
2.388207956447867327e+05
3.008042696105985669e+05
7.571466819982889865e+04
4.448566280375387287e+05
1.899961038733008318e+05
2.139851692816753930e+05
1.890315030835029320e+05
2.821948805707553984e+05
2.665647604298749357e+05
8.828060396761949232e+04
1.299420329941730160e+05
3.772887922937601106e+05
3.543433219107528566e+05
1.021910254987417720e+05
4.282103724331160774e+05
2.961591829515893478e+05
1.873109683998802211e+05
3.131960429202347295e+05
2.246502985124614206e+05
1.273004052391052537e+05
4.267996177307452308e+05
1.461038672431224550e+05
2.138810230703504058e+05
2.285848509349084052e+05
1.652846538425016624e+05
2.118266804644991644e+05
3.161514736975523992e+05
4.324042037961721653e+05
1.427802582669180993e+05
3.175177676413321169e+05
3.123877135557594011e+05
2.004343251456426224e+05
3.149072202015595976e+05
4.435984880779800005e+05
1.580391481977047224e+05
3.056401411548585747e+05
1.906569503435808874e+05
3.187024450895361369e+05
2.700609046756186290e+05
2.700920726324268617e+05
7.215253962221171241e+04
2.852131320557555300e+05
1.369622104002083361e+05
2.353251837534381775e+05
5.141602141073331004e+05
2.533760579913784459e+05
1.325685878641009040e+05
1.909641188212120906e+05
3.054871035857941606e+05
2.419559098066282168e+05
1.651401461287669663e+05
3.397877550739196595e+05
2.735980997337117442e+05
3.205766583238476887e+05
1.797898766586948186e+05
1.809736921159027552e+05
5.546815162009411724e+05
2.870579768051036517e+05
2.270158781476637814e+05
3.720169162467053393e+05
2.298792958076728682e+05
1.789385459848400205e+05
4.125108538375119097e+05
1.912943328130439331e+05
2.332928912597380986e+05
1.350583851618545013e+05
3.060720521597615443e+05
1.031628507104301389e+05
3.718950738864486921e+05
1.906396696763802029e+05
2.213764224534819077e+05
3.455514952388242818e+05
6.022680296963339788e+04
2.197529215250036214e+05
2.256812549256104976e+05
3.670353135530848522e+05
2.021106829690193990e+05
1.702775714710519824e+05
2.201889650442659913e+05
2.106119294266843062e+05
4.091550576701856335e+05
3.220836855638978304e+05
3.326214198100097710e+05
1.913339504284844443e+05
7.315985413764932309e+04
1.449421003091885359e+05
2.532302529515420611e+05
