6.459201011642431840e+05
3.843938280086799750e+03
2.386285757486641523e+05
2.321004221443598508e+05
2.463468288728157931e+05
3.925678951301391935e+05
5.560097219416806474e+05
3.534026429482267122e+05
3.354892250094943447e+05
2.397300618733000883e+05
4.044610979520081892e+05
3.281310249698293046e+05
2.101224672689047584e+05
3.074455520808225847e+05
2.511206953182253928e+05
3.406119804280736716e+05
1.593477844857378223e+05
2.565291338651309488e+05
2.554943345007869066e+05
1.474382339744794008e+05
2.349567949064090499e+05
3.053427537443363108e+05
6.259771118441213621e+05
1.395641474485016370e+05
4.156825244027757435e+05
4.832195114618213265e+05
3.163275364192458801e+05
4.937450211160455365e+05
2.576121448236572323e+05
6.179580208357544616e+05
2.208851777508078958e+05
3.618336097954434226e+05
5.959618392857584404e+05
3.611854572672291542e+05
3.442655604318017722e+05
2.131056646044387016e+05
3.414821541602305369e+05
2.394234255082135496e+05
3.272942007713667699e+05
2.628871155723495758e+05
3.987262391768888338e+05
2.705333281590536935e+05
3.026510652438534307e+05
4.761190793649036204e+05
2.495089455499593751e+05
1.505768459553057910e+05
2.860327483279301086e+05
4.943410379248844692e+05
4.079022131065482390e+05
4.334655553246355266e+05
1.690840677105522773e+05
2.756528857504921616e+05
1.589374697136004106e+05
3.958585698905708850e+05
1.937524581549281720e+05
3.797220387116799830e+05
1.725999719326583727e+05
3.133156236511000316e+05
2.253707959303937096e+05
3.649738633986046771e+05
2.730186622866429389e+05
3.505240882193460711e+05
2.163547004459172313e+05
2.558156125131619337e+05
2.640811120523333666e+05
1.897841058931518637e+05
3.500191092007720144e+05
4.425703646669346490e+05
3.009005751413778053e+05
3.938161703875623061e+05
3.276607018792685121e+05
2.405669982101921923e+05
2.733314847617493942e+05
1.620102087624437117e+05
2.390755116842435091e+05
3.274168369053233182e+05
3.081169991550283739e+05
2.872793892539436929e+05
5.673653051761562238e+05
2.893925604869280942e+05
5.441931646888909163e+05
2.173527545013827039e+05
5.904628832822241820e+05
2.198363109532286762e+05
2.339984215770338196e+05
2.500898011362603283e+05
2.705169293203269481e+05
2.219957888297614118e+05
4.947247552447734051e+05
1.866851527783733618e+05
6.462402376964644063e+05
1.543882734591329936e+05
3.523112181780681130e+05
1.129570667960849387e+05
1.672323658756842779e+05
2.729224659418337978e+05
1.677513246527010924e+05
2.536128720792559616e+05
5.048740312479987042e+05
3.968420094941725838e+05
3.365557073768107803e+05
2.513799390573509445e+05
2.562126983313225210e+05
4.189611008669958683e+05
3.309567249404078466e+05
3.578482664286998915e+05
2.726334171239595162e+05
4.822129240558879101e+05
3.171009597763619386e+05
4.759928697937104153e+05
7.834469439298866200e+04
3.610555519515274209e+05
5.340127096329216147e+05
2.459331054204816464e+05
3.138482138026470202e+05
2.207672425178432022e+05
3.181418847978885751e+05
5.134912932418607525e+05
3.971977078330423101e+05
4.262482821108174394e+05
1.479008999053282023e+05
3.855581591183776618e+05
3.440106805256079533e+05
2.262665051533840306e+05
4.531826509986369638e+05
2.459074971966943995e+05
4.791610649168640375e+05
2.961666344674530555e+05
2.115475613313411886e+05
2.762732800604645163e+05
6.527068902094323421e+05
2.046740387722991291e+05
2.575961199706796615e+05
3.531003771298317588e+05
2.250079090452067612e+05
3.298868848900247249e+05
6.258322212390823988e+05
2.771835767479129718e+05
5.958302177813962335e+05
9.932584967196454818e+04
5.593424881222309778e+05
2.175368829798086954e+05
6.139058894590528216e+05
2.603260846029315435e+05
3.284529719504235545e+05
2.253680968757512746e+05
3.740915026776769664e+05
3.602694648602955858e+05
2.389292497682819376e+05
5.110517233636282035e+05
2.768601888836404542e+05
3.399806056816200726e+05
3.305738948054003413e+05
3.967860610542022623e+05
1.439936975137211848e+05
4.782627504820292816e+05
3.056704385311444639e+05
1.944452044090105628e+05
3.669209083950194181e+05
2.884085778960936586e+05
2.132482671652012214e+05
2.505979481429627340e+05
3.011278952400383423e+05
1.906611394105810614e+05
9.860645421465644904e+04
4.444637450373759493e+05
5.209502211373614846e+05
1.723113686572377628e+05
2.608777391296964779e+05
3.291884421806913451e+05
4.715227998033510521e+05
1.149248561292712402e+05
7.203671960475447122e+05
2.506533728531683155e+05
2.538437256964468106e+05
3.039169778879325604e+05
2.857468895477098413e+05
2.077626965698114946e+05
2.418284919744173530e+05
1.663143656052770093e+05
2.324680373434385401e+05
4.942498542848267243e+05
1.160524877558954322e+05
4.051206668312574620e+05
3.775592808350591222e+05
5.875468184406894725e+05
4.039601703413284267e+05
4.532905206505450187e+05
1.357996273196535476e+05
4.175285334343037684e+05
2.533532957546479302e+05
2.338463418935063528e+05
2.754731211962514208e+05
3.847171291362305637e+05
3.060230483820090885e+05
3.074885951075618505e+05
5.609518232771297917e+05
8.544322851884977717e+04
4.461712964861767832e+05
5.399420218977043405e+05
2.312489115498439351e+05
4.940227965843590791e+05
2.145519930700021796e+05
2.878988086967195850e+05
4.108542543448655633e+05
4.847689774323890451e+05
2.135915362542383955e+05
5.563695007826340152e+05
4.397173785852374276e+05
1.202295892050057737e+05
4.262347783059179783e+05
1.438853105477014906e+05
2.044144035051512183e+05
5.624128793526086956e+05
3.342782054971517646e+05
2.315014541881624318e+05
4.061854324261553120e+05
3.475777647377720568e+05
3.361616976034905529e+05
5.594150551714665489e+05
2.279241577527925838e+05
1.358718601085783448e+05
2.171506075366404257e+05
3.509516394036420388e+05
1.706170459617489832e+05
6.756058039239683421e+05
5.828275223780208034e+05
2.687872091695577255e+05
2.308390460877928708e+05
4.149465328099124017e+05
1.470767914208020957e+05
5.144132483868538402e+05
5.978474379199098330e+05
2.993870863504884765e+05
3.061789613778284984e+05
6.521035664109132485e+05
2.310135377018521540e+05
1.712259427421573782e+05
2.688114801234731567e+05
1.875237780143789714e+05
4.018084348515427555e+05
1.993951447637473466e+05
5.195537407756367465e+05
3.223075939314814168e+05
2.544979001489478105e+05
1.721837766161934705e+05
3.161281602018582635e+05
3.365279160990545060e+05
2.720915791344877216e+05
3.472995277081062086e+05
6.034297220858444925e+05
2.774085471173418337e+05
2.159719211800966877e+05
2.273385198027875740e+05
3.839070312282399391e+05
6.416514979213055922e+05
