2.037487529303391930e+06
3.843938280086799750e+03
8.050185866487635067e+05
4.646015741194178117e+05
5.061608632279259618e+05
1.028723854028270580e+06
5.809909415714070201e+05
2.958086135886815609e+05
8.048653442984134890e+05
8.707034477764909388e+05
8.610283572879870189e+05
5.770265019577882485e+05
5.940980538218881702e+05
7.760325655401144177e+05
8.385941458461412694e+05
3.860264551488956204e+05
3.636499546574733104e+05
1.025132084506086423e+06
7.186796755790582392e+05
4.176372129541353788e+05
4.540609767846580944e+05
6.123200882827538298e+05
1.054328912282988429e+06
6.204754890897265868e+05
5.634617391822690843e+05
7.096689855581830489e+05
7.745437955472816247e+05
6.583240894631432602e+05
3.468089361083559343e+05
9.042770950308056781e+05
1.023054118899167981e+06
1.094531936755835777e+06
8.787613818115874892e+05
4.530493996066037216e+05
9.006174129104255699e+05
4.742336756157085765e+05
5.922715189194914419e+05
7.757471211153749609e+05
2.400936525570324156e+05
1.213528303234054707e+06
1.286650930209528888e+06
3.372002373288670206e+05
6.208599468436418101e+05
8.757310837304540910e+05
4.758839003487913869e+05
2.179938599990491639e+05
5.568190526439377572e+05
5.366262321621734882e+05
5.430107982955903281e+05
7.807098562031993642e+05
9.543731190692482051e+05
9.029153812632940244e+05
5.742970976075090002e+05
1.355599698009796906e+06
4.946673896632278920e+05
1.032746280165118747e+06
6.209663592336503789e+05
6.005446475598565303e+05
4.439192515368395834e+05
1.270907172786771087e+06
4.666435490283875261e+05
1.629706653401284246e+06
9.673275920214853249e+05
1.121931715932809981e+06
6.288046010572133819e+05
6.595140651359000476e+05
6.957628488651218358e+05
1.012697278089018539e+06
8.384267373761442723e+05
8.787965371736501111e+05
4.742183805329287425e+05
1.114368814799859421e+06
8.927879133761895355e+05
6.449182337524490431e+05
9.405937792195536895e+05
7.841927470171669265e+05
6.074590153529791860e+05
9.416881544726365246e+05
5.132675984988663113e+05
5.165540940540774609e+05
6.644909548249776708e+05
3.814875097262846539e+05
1.064144600979341893e+06
6.608084545534512727e+05
5.799653004929809831e+05
1.331160169296880951e+06
6.545470914282758022e+05
5.903124783517566975e+05
8.267841909587571863e+05
6.628446661009531235e+05
1.746243589101706166e+06
3.917050198242758634e+05
5.689664815585148754e+05
3.404565809407252818e+05
5.450194640601563733e+05
1.065965345844870200e+06
4.722289128518014331e+05
7.862658652467135107e+05
8.253875658373070182e+05
5.190742909907886642e+05
2.785572914155907347e+05
9.903315736595146591e+05
6.890307856619070517e+05
6.117134395556929521e+05
1.030297511865692330e+06
5.563955573072358966e+05
4.913128365446355310e+05
4.600642308976243949e+05
7.723559455519997282e+05
1.213527863693092717e+06
5.905170501986044692e+05
2.870617005561269470e+05
4.075134793134954525e+05
6.246136193209595513e+05
5.649192118501882069e+05
5.412928889550927561e+05
6.443343008845961886e+05
9.282106687385048717e+05
7.533326891016776208e+05
1.127272973816095386e+06
4.558723992399137351e+05
1.351208795550295152e+06
7.596714031323499512e+05
8.255056064745326294e+05
7.542467635607775301e+05
7.308124230448348681e+05
7.631949809982000152e+05
5.912703560446097981e+05
1.209085492517301813e+06
2.415940263625323132e+05
1.234331660856415518e+06
2.941350320301123429e+05
9.841398219878188102e+05
8.938865034198553767e+05
4.626997014391892008e+05
7.878446156520361546e+05
6.701157791763505666e+05
5.541841581436763518e+05
1.393897142981948098e+06
1.971056366954200203e+05
9.950781498349029571e+05
3.512128135131490999e+05
7.565424053747036960e+05
3.652154326752676279e+05
2.932741238389599603e+05
8.195479567602432799e+05
7.367860067235635361e+05
6.317758865104534198e+05
3.961487426666534739e+05
1.290063837907720357e+06
5.691933931075650034e+05
2.504470363434968167e+05
1.102680402660543798e+06
2.883887044445293723e+05
8.937982639118313091e+05
7.387964518935341621e+05
5.811671087755009066e+05
4.579385219808086404e+05
7.212684584689902840e+05
3.562656196910510189e+05
1.623389739443063503e+06
3.031986307820326765e+05
1.123495254181822762e+06
7.273153996830640826e+05
3.181411311242378433e+05
1.134367347645483445e+06
7.429869149696365930e+05
8.842259159350136761e+05
6.550372031056276755e+05
9.314013194073163904e+05
7.646277282363773556e+05
5.532389103820299497e+05
8.972598684630426578e+05
5.291111766419567866e+05
8.548375328456931747e+05
7.980570236917022849e+05
8.630538415568640921e+05
9.194276220584062394e+05
7.506327330963530112e+05
7.235795854013204807e+05
1.171448421317073517e+06
6.020036156019734917e+05
3.963896816042321734e+05
6.872878879094391596e+05
5.542185184513133718e+05
9.334913646102865459e+05
5.603225424763067858e+05
1.235832832037744112e+06
4.797638392747835605e+05
9.264775430083153769e+05
5.054234894098552759e+05
6.409277649045353755e+05
6.536718422866162146e+05
8.019185044185178122e+05
4.705015637550998945e+05
5.382798438825601479e+05
1.230234534650970018e+06
4.465674314455140848e+05
7.157783770515271463e+05
1.113557535849260399e+06
5.840607939476249740e+05
1.022056127690924797e+06
9.123186175112437923e+05
3.395794854004969820e+05
4.285119013060923899e+05
3.079517706515281461e+05
4.268950222860279027e+05
1.038860894218695117e+06
1.580976841724283528e+06
1.673699680159652489e+05
1.714333836766387103e+06
1.423200006286047283e+05
5.597364320040019229e+05
5.477825145770920208e+05
7.998139766869806917e+05
5.126913170132178930e+05
5.822593507523980225e+05
8.980038767062483821e+05
5.897979747489792062e+05
4.659885590059151291e+05
7.091542913468489423e+05
7.920216690780537901e+05
9.568191755702353548e+05
5.806485275769077707e+05
4.006776255935996887e+05
4.474084861986965407e+05
1.043514524385564844e+06
8.377537127594338963e+05
3.625994045999515220e+05
1.519974665052554337e+06
3.393046539199045510e+05
1.072083292161388788e+06
9.900230540386354551e+05
4.290643397743603564e+05
3.442679511268871720e+05
1.608330841507134493e+06
5.628575800659678644e+05
9.979785793398055248e+05
6.816840694759199396e+05
7.808296810525014298e+05
1.075313581102272263e+06
7.100803514686872950e+05
8.204691746073694667e+05
5.333016296971829142e+05
4.636380318971840898e+05
1.072981944716396509e+06
7.413097540469064843e+05
9.748220436944972025e+05
3.841568482219652506e+05
6.775451776591738453e+05
8.391784130546633387e+05
3.752706582112486940e+05
6.815435037268821616e+05
7.418903368691875366e+05
8.558258238336524228e+05
9.160416667746241437e+05
