2.187803594336759567e+10
1.800000000000000000e+03
5.697785509885978699e+09
5.697785490155450821e+09
4.551823145351254463e+09
1.071642105759685707e+10
1.497971227690942574e+10
1.698715724508804083e+09
1.043118275883645821e+10
1.339576246137435341e+10
1.496636982632815552e+10
4.327474048378919601e+09
1.112687467000090408e+10
9.410268017775187492e+08
3.197182313076303482e+09
5.589691754501847267e+09
3.615504920043557882e+08
1.775263396262285233e+10
7.310539327250400543e+09
4.275916116350748062e+09
1.097570144290456009e+10
6.442670459109905243e+09
1.533684559667161703e+09
1.336932493215718842e+10
1.290776197291503334e+10
1.073702594885346031e+10
4.700035016034919739e+09
1.499700083756292343e+10
2.175505385569283366e+08
7.037888793068720818e+09
7.347459455213290215e+09
5.515129968595673561e+09
1.266306494525289536e+10
8.999292103334104538e+09
1.588069815095211601e+10
9.105641763705738068e+09
5.034058747713637352e+09
6.312794669643210173e+08
6.313237639949501038e+09
1.581259045776279449e+09
1.440204664079693794e+10
1.975998243421494484e+09
1.171289398091088295e+10
4.001643262819078922e+09
8.706415940368818283e+09
6.407413707313322067e+09
6.353660788935591698e+09
5.356504282383476257e+09
8.646478749939847946e+09
1.272659278440798187e+10
8.827871006090950012e+09
1.532877899413257217e+10
2.013699445917220831e+09
5.455258766016658783e+09
1.663033420967813730e+09
3.317594567317454815e+09
3.781589607758662224e+09
1.093246545647677422e+10
5.697811324795660019e+09
8.510684592776164055e+09
6.210752802641084671e+09
6.847782019127809525e+09
6.180511987501904488e+09
6.785985851462377548e+09
6.092268463775408745e+09
1.185178534189676666e+10
8.537579265984268188e+09
1.399904626081183243e+10
5.159030577548574448e+09
5.081831142873608589e+09
5.282407930135239363e+08
7.430077151787617683e+09
5.651330960595005989e+09
6.231677019875933647e+09
2.338039318429073334e+09
1.232676765574075508e+10
2.211743903866667747e+09
1.302539333600633240e+10
8.413408270742476463e+09
6.588961744899146080e+09
1.035067950219955635e+10
7.811934266598421097e+09
1.117692452430057907e+10
1.018891814620935631e+10
6.429770894501425743e+09
5.980828121464188576e+09
6.322976738334230423e+09
4.849149352114673853e+08
6.401220775147641182e+09
4.614391304377408028e+09
1.407464058288152313e+10
1.359203769215674162e+09
1.096746998646072769e+10
2.152357533145907879e+09
6.459033224358996391e+09
1.011923773418205452e+10
4.582283399124085426e+09
1.016266461364408493e+10
7.631334485323376656e+09
1.036536570104437065e+10
6.878224769484465599e+09
7.347013155447575569e+09
6.730928255735192299e+09
8.183485748813339233e+09
9.812716362196876526e+09
1.435058134343759346e+10
6.673885806361025810e+09
1.464290559539089966e+10
3.101693574449978828e+09
6.744373204793249130e+09
2.352420443577084541e+09
4.592864970584627151e+09
1.311126336160715866e+10
3.577997970452298641e+09
1.096448060135798454e+10
5.757582725493317604e+09
8.994703839774822235e+09
7.973335555601821899e+09
7.438924666047132492e+09
5.562077419576142311e+09
1.444800660740133858e+10
1.099427285416216087e+10
1.476002316334561729e+10
6.659793831641241074e+09
7.298344514384663582e+09
2.748010728585546494e+09
6.284270129558117867e+09
1.577884535636911392e+09
4.864421597236106873e+09
8.401837367698658705e+08
4.725304281051731110e+09
1.773502606008473873e+09
1.691206690549744415e+10
4.438286188985308647e+09
8.951156190434684753e+09
1.311846526958450890e+10
1.452995173829237175e+10
2.023158158626256466e+09
8.804016121254831314e+09
2.673855437218551159e+09
9.767889310489809036e+09
6.339191803236979485e+09
5.224728664401974678e+09
7.745806148195412636e+09
1.301043786243787050e+09
5.972128388572984695e+09
1.650884163817539454e+09
4.336238085239220619e+09
3.526857977699165344e+09
1.962540492912562943e+10
1.170288886672109795e+10
1.044487159612160873e+10
1.139849636407426119e+09
1.438859250021832848e+10
2.658581449538048267e+09
1.128989319984602356e+10
7.719518074516654015e+09
8.512756232173707962e+09
9.660082236801021576e+09
5.532714155443202972e+09
1.801781082835143661e+10
3.856160587685409188e+08
7.251325671540839195e+09
7.997082698995520592e+09
6.913936502301976204e+09
1.059832259278393745e+10
8.996902025458234787e+09
3.368881761574633121e+09
5.783075927400924683e+09
3.377392662093680859e+09
9.288885938892848969e+09
1.462903553219902754e+09
2.246336712100635910e+10
2.545698749834719181e+09
7.478160122402807236e+09
1.046141837796636200e+10
1.326820764238875151e+09
1.830318022706190109e+10
7.690297696633526802e+09
5.463331908951462746e+09
1.355595511818231010e+10
7.598923838082347870e+09
4.937108080870533943e+09
6.254789658942070007e+09
4.630623514163435936e+09
5.206926519212274551e+09
1.888903848560069323e+09
7.862113158803281784e+09
2.926000437468613625e+09
2.216396244643206406e+10
1.013764744785258293e+10
8.195822561407213211e+09
4.076871496990699291e+09
1.168735623315722466e+10
2.942509742668655872e+09
1.191899801498275375e+10
1.163409601125242043e+10
3.350553303126211643e+09
5.547083007561899185e+09
1.368351226649382210e+10
5.509680844398889542e+09
5.290540934158601761e+09
7.987728122376179695e+08
5.646848423627345085e+09
1.119705872979679489e+10
1.322946266034754181e+10
7.438960344048458099e+09
1.425400403688652992e+10
1.274890526610716629e+10
4.357423713551183701e+09
9.885579677406599045e+09
2.955794257450967789e+09
4.151318543904789925e+09
8.906257165489713669e+09
1.615122135550730324e+10
4.460248229350405693e+09
3.351946717206482887e+09
3.010823627903079987e+09
8.051006432035300255e+09
1.244965070449183226e+09
1.225095535136068535e+10
1.138811423399543953e+10
1.394537740438602448e+10
8.061159621401968002e+09
1.925274820203235149e+09
5.979384397337454796e+09
4.148589669291330814e+09
5.340710097444209099e+09
9.576135586956861496e+09
8.153322958289369583e+09
4.125804597620068550e+09
1.737362041674092484e+10
8.279963905839918137e+09
5.567546306966022491e+09
8.460502649085786343e+08
1.479190754329541779e+10
7.012971833674677849e+09
5.050109245523334503e+09
9.312562555176151276e+09
7.478628177282655716e+09
8.273996116166157722e+09
1.239533817509182215e+09
4.380919018470982552e+09
2.568939535212956905e+09
7.980090230018861771e+09
1.038415962907233620e+10
1.755835997129093552e+10
4.550975802261580467e+09
3.994798421393015385e+09
8.398441337386176109e+09
1.701644157693480492e+10
9.741783065811049938e+08
7.839778952604763985e+09
4.355236381667094231e+09
9.637178412235412598e+09
7.032068824659486771e+09
