1.256563273517670822e+10
1.800000000000000000e+03
3.272519198941198349e+09
3.272519184423182487e+09
2.614336663526277542e+09
6.154968388864296913e+09
8.603586206458322525e+09
9.756567522032608986e+08
5.991142018452257156e+09
7.693845933511530876e+09
8.595922965778093338e+09
2.485481933922326565e+09
6.390712080970625877e+09
5.404787659049369097e+08
1.836299829840430021e+09
3.210435648519779682e+09
2.076569800298723578e+08
1.019621148663407516e+10
4.198803030745735168e+09
2.455869690184710026e+09
6.303885890470839500e+09
3.700343241190080643e+09
8.808712559266407490e+08
7.678661554188321114e+09
7.413563229904409409e+09
6.166802804082089424e+09
2.699462016869421959e+09
8.613515873304332733e+09
1.249507548065668046e+08
4.042206436841089249e+09
4.220008063869134903e+09
3.167611126854759693e+09
7.273021708128906250e+09
5.168736802985231400e+09
9.121066672627471924e+09
5.229818639880153656e+09
2.891308273532655239e+09
3.625756285274990201e+08
3.626003620891499043e+09
9.081956112598603964e+08
8.271804425333705902e+09
1.134913765795644760e+09
6.727291790234168053e+09
2.298341290754122257e+09
5.000523590133695602e+09
3.680093583503048897e+09
3.649220601031100273e+09
3.076504614334372997e+09
4.966098744302721977e+09
7.309508861805540085e+09
5.070281224788807869e+09
8.804072394804943085e+09
1.156567401201179504e+09
3.133224167044931412e+09
9.551626671159446239e+08
1.905458483655935049e+09
2.171953655136893272e+09
6.279053316459025383e+09
3.272534037155491829e+09
4.888105453823447227e+09
3.567141545497075081e+09
3.933018745196684361e+09
3.549772746344352722e+09
3.897526161917572975e+09
3.499090163778954983e+09
6.807063935555610657e+09
4.903552406113767624e+09
8.040341480618086815e+09
2.963085745706902504e+09
2.918746324389044762e+09
3.033954378725211024e+08
4.267459481783102989e+09
3.245838061354759693e+09
3.579159343890595913e+09
1.342851724562572241e+09
7.079869648874361038e+09
1.270314059652315140e+09
7.481124728741012573e+09
4.832234877536635399e+09
3.784365543037295818e+09
5.944905025566830635e+09
4.486778789774785995e+09
6.419458178113987923e+09
5.851997528344007492e+09
3.692934388203196049e+09
3.435084480963294983e+09
3.631597287810622215e+09
2.785112745932283998e+08
3.676536679457865238e+09
2.650272627477995872e+09
8.083759023044832230e+09
7.806583476538181305e+08
6.299158150392793655e+09
1.236205557382766485e+09
3.709741213737902164e+09
5.811976640212713242e+09
2.631831466098548412e+09
5.836918850299602509e+09
4.383051437984807968e+09
5.953340040201191902e+09
3.950503529305574417e+09
4.219751727854335308e+09
3.865903902337428093e+09
4.700179091547273636e+09
5.635926355391222000e+09
8.242245362121769905e+09
3.833141582595244884e+09
8.410141556357839584e+09
1.781455948737629890e+09
3.873625974636137009e+09
1.351111538803701878e+09
2.637908980532862186e+09
7.530444098894501686e+09
2.055020976954666853e+09
6.297441190661807060e+09
3.306863674798047543e+09
5.166101513547770500e+09
4.579479480978951454e+09
4.272541035343266487e+09
3.194575366053992748e+09
8.298201470134200096e+09
6.314552352630329132e+09
8.477407935052742004e+09
3.825047899663775921e+09
4.191798951816189289e+09
1.578318476390506029e+09
3.609366137474085331e+09
9.062574462403728962e+08
2.793877302831368446e+09
4.825596153311838508e+08
2.713975405862390518e+09
1.018610544753995419e+09
9.713432483843265533e+09
2.549126818933655739e+09
5.141089956356788635e+09
7.534580539051081657e+09
8.345266591904244423e+09
1.162000012484666109e+09
5.056580188012230873e+09
1.535727468463859081e+09
5.610179962890931129e+09
3.640910365734868526e+09
3.000819412652278900e+09
4.448798178830927849e+09
7.472542101579762697e+08
3.430087825501385212e+09
9.481847314542849064e+08
2.490515552650698185e+09
2.025648740454584122e+09
1.127183596511910439e+10
6.721545362804432869e+09
5.999004196278826714e+09
6.546724714491320848e+08
8.264077031566530228e+09
1.526954846595132113e+09
6.484341662073042870e+09
4.433699634335759163e+09
4.889295320465193748e+09
5.548261081929252625e+09
3.177710590398033619e+09
1.034851561352923584e+10
2.214790358918229043e+08
4.164793708625329494e+09
4.593118637243740082e+09
3.971014528262232304e+09
6.087138638037659645e+09
5.167364042671766281e+09
1.934915254374864578e+09
3.321505670994232655e+09
1.939803476059770346e+09
5.335064782865064621e+09
8.402182143662257195e+08
1.290181721142286682e+10
1.462120733304218292e+09
4.295075885768211365e+09
6.008507824351347923e+09
7.620592097348603010e+08
1.051241726506093979e+10
4.416916940583395958e+09
3.137860954744194984e+09
7.785852437979048729e+09
4.364436447746369362e+09
2.835624739400526047e+09
3.592434065265234470e+09
2.659595573921349525e+09
2.990594722123029232e+09
1.084891162647496462e+09
4.515598997212368965e+09
1.680546725979573250e+09
1.272985440250605583e+10
5.822550240624746323e+09
4.707264720139048576e+09
2.341548567425997257e+09
6.712624216633042336e+09
1.690028825557547331e+09
6.845667456320498466e+09
6.682034263406363487e+09
1.924388317409179449e+09
3.185963349374271393e+09
7.859114792050777435e+09
3.164481412733716011e+09
3.038618619958660126e+09
4.587752855427550673e+08
3.243263537905854702e+09
6.431022248112373352e+09
7.598331766942610741e+09
4.272561538563749313e+09
8.186776255170581818e+09
7.322324039943078041e+09
2.502683495268936157e+09
5.677775329653078079e+09
1.697658764669592142e+09
2.384307163369601727e+09
5.115302258044100761e+09
9.276441487880764008e+09
2.561740657845044613e+09
1.925188629541306734e+09
1.729264835736055374e+09
4.624089702727789879e+09
7.150454417826310396e+08
7.036326905572175026e+09
6.540754822475504875e+09
8.009516816177358627e+09
4.629921166830407143e+09
1.105780799109499216e+09
3.434255276389536858e+09
2.382739857040540695e+09
3.067433236206462860e+09
5.500046350423931122e+09
4.682855137046240807e+09
2.369653234387049675e+09
9.978525384253116608e+09
4.755591232170047760e+09
3.197716404360293865e+09
4.859290582751280665e+08
8.495720725904520035e+09
4.027895371800912380e+09
2.900526880695353985e+09
5.348663412030056000e+09
4.295344738574137688e+09
4.752163647735329628e+09
7.119260133498826027e+08
2.516178001305240154e+09
1.475469083840062380e+09
4.583359030838606834e+09
5.964134331516757965e+09
1.008463038402108765e+10
2.613849989308010578e+09
2.294409965890072823e+09
4.823638643323937416e+09
9.773379970224843979e+09
5.595193023167042732e+08
4.502771348960844040e+09
2.501427215665496349e+09
5.535106279164234161e+09
4.038863724681052208e+09
