3.141409550239441872e+09
1.800000000000000000e+03
8.181311671653473377e+08
8.181311603377292156e+08
6.535855268549553156e+08
1.538743462041438580e+09
2.150897908935912609e+09
2.439155572589854300e+08
1.497786873980738878e+09
1.923462865209815025e+09
2.148982101419541836e+09
6.213718406890035868e+08
1.597679403251358747e+09
1.351210459428501129e+08
4.590763159313138723e+08
8.026102716189330816e+08
5.191561619851212204e+07
2.549054233763613701e+09
1.049702138676066399e+09
6.139687842138513327e+08
1.575972838250630856e+09
9.250871614252648354e+08
2.202191729950729609e+08
1.919666761208744287e+09
1.853392191025275230e+09
1.541702059797153234e+09
6.748668788862555027e+08
2.153380323631337166e+09
3.123905352222453430e+07
1.010552978992899299e+09
1.055003367566384673e+09
7.919041520742888451e+08
1.818256781844518423e+09
1.292185564880665541e+09
2.280268057291717052e+09
1.307456014051700115e+09
7.228284427849541903e+08
9.064525960690732300e+07
9.065022764826565981e+08
2.270502758635121882e+08
2.067952460472819805e+09
2.837298044034539461e+08
1.681824340441204309e+09
5.745866729002919197e+08
1.250132287257567644e+09
9.200247525501359701e+08
9.123065394709041119e+08
7.691275210587011576e+08
1.241526043903702021e+09
1.827378603471152067e+09
1.267571662043411016e+09
2.201019454578099728e+09
2.891432154162874222e+08
7.833074130402752161e+08
2.387920261347790360e+08
4.763659951825140715e+08
5.429897654635189772e+08
1.569764710332289219e+09
8.181348706988587379e+08
1.222027713436322212e+09
8.917867557609003782e+08
9.832560604495407343e+08
8.874445580724252462e+08
9.743828941098097563e+08
8.747739167571458817e+08
1.701767362131929874e+09
1.225889470791985750e+09
2.010086730850578547e+09
7.407728071382641792e+08
7.296879463330973387e+08
7.585021292392073572e+07
1.066866253186513424e+09
8.114608904483745098e+08
8.947912082653150558e+08
3.357142826678279638e+08
1.769968766926934004e+09
3.175798941139937639e+08
1.870282538973895073e+09
1.208060071643583059e+09
9.460927649442805052e+08
1.486227633076280117e+09
1.121696050309795856e+09
1.604865934000375271e+09
1.463000734900576115e+09
9.232349789948486090e+08
8.587724721109080315e+08
9.079006787945504189e+08
6.962919087476149201e+07
9.191355273796688318e+08
6.625695382781854868e+08
2.020941140204397917e+09
1.951659464762037396e+08
1.574790899635019779e+09
3.090527419673238397e+08
9.274366612745941877e+08
1.452995533606135607e+09
6.579592269281439781e+08
1.459231091162712574e+09
1.095764233046586037e+09
1.488336374061996460e+09
9.876272569213266373e+08
1.054939303684428215e+09
9.664773492050104141e+08
1.175046143266684294e+09
1.408982950260606050e+09
2.060562712936225653e+09
9.582867827778867483e+08
2.102536741554722786e+09
4.453653556568766832e+08
9.684078491470558643e+08
3.377792568604272008e+08
6.594786172103077173e+08
1.882612403713448524e+09
5.137566239473783970e+08
1.574361685259036064e+09
8.267172699354560375e+08
1.291526750250873327e+09
1.144871237587347507e+09
1.068136626310067534e+09
7.986451967520670891e+08
2.074551736297580481e+09
1.578639441138426065e+09
2.119353352763659477e+09
9.562633479141367674e+08
1.047951094972535610e+09
3.945809927473775744e+08
9.023429249184343815e+08
2.265657133170188367e+08
6.984706776665778160e+08
1.206412832963482141e+08
6.784952308387708664e+08
2.546540106560597122e+08
2.428359473139213562e+09
6.372830757016224861e+08
1.285273840849164963e+09
1.883646501374325514e+09
2.086318020464140654e+09
2.905013677227607369e+08
1.264146415570908546e+09
3.839332350388897061e+08
1.402546377043249846e+09
9.102289426132017374e+08
7.502062222135004997e+08
1.112200915368871927e+09
1.868149278063821495e+08
8.575233195086020231e+08
2.370475430882126987e+08
6.226302639629521370e+08
5.064135698874484897e+08
2.817960356164922237e+09
1.680387697671688318e+09
1.499752402321608543e+09
1.636694820199200809e+08
2.066020624586105108e+09
3.817400680929820538e+08
1.621086786350957632e+09
1.108426277129754782e+09
1.222325190567949772e+09
1.387066635048807859e+09
7.944290198533011675e+08
2.587130279910500526e+09
5.537111016492435336e+07
1.041199779015248537e+09
1.148281050179786921e+09
9.927549905171039104e+08
1.521786033936386347e+09
1.291842401018284559e+09
4.837301647986409068e+08
8.303777829744310379e+08
4.849522444244112968e+08
1.333767564411386251e+09
2.100559189846949279e+08
3.225455662873658180e+09
3.655315520074180365e+08
1.073770323258204937e+09
1.502128309241752386e+09
1.905161594283042550e+08
2.628105689031752586e+09
1.104230608225753069e+09
7.844665893899042606e+08
1.946464484365194321e+09
1.091110466117936611e+09
7.089075656162031889e+08
8.981098799777265787e+08
6.649002492577787638e+08
7.476500498968814611e+08
2.712241568502557278e+08
1.128901103836003304e+09
4.201380632027302980e+08
3.182464958489931107e+09
1.455638931414917707e+09
1.176817542629442215e+09
5.853885091829109192e+08
1.678157423422531843e+09
4.225085796575868726e+08
1.711418236880966663e+09
1.670509928409980536e+09
4.810984495521782637e+08
7.964921927189532518e+08
1.964780061505907297e+09
7.911217259405524731e+08
7.596560071706246138e+08
1.146951981303849667e+08
8.108172459632866383e+08
1.607756940488411427e+09
1.899584295949089766e+09
1.068141744020738840e+09
2.046695448405517578e+09
1.830582371797013760e+09
6.256722507862148285e+08
1.419445188234542608e+09
4.244160657030165792e+08
5.960781632768852711e+08
1.278826945068049908e+09
2.319111729286625385e+09
6.404365522366303205e+08
4.812985335352811217e+08
4.323175629816638827e+08
1.156023783582518816e+09
1.787627332763099074e+08
1.759083080950115681e+09
1.635190085995145082e+09
2.002380573260753870e+09
1.157481673258753061e+09
2.764465752684406042e+08
8.585651820468789339e+08
5.956863316206737757e+08
7.668596706238619089e+08
1.375012979186132193e+09
1.170715149645533562e+09
5.924146788786118031e+08
2.494632716645875454e+09
1.188899158038298845e+09
7.994304879565770626e+08
1.214836269792811871e+08
2.123931536031541348e+09
1.006975212375376701e+09
7.251330868103851080e+08
1.337167207826676369e+09
1.073837541478191137e+09
1.188042280210146189e+09
1.779828783825721741e+08
6.290458891307626963e+08
3.688686276864137053e+08
1.145841110692966461e+09
1.491034950381676435e+09
2.521158961280786037e+09
6.534638682547777891e+08
5.736038502848074436e+08
1.205911012570550442e+09
2.443346362669862747e+09
1.398812003903345168e+08
1.125694228593898773e+09
6.253581580363034010e+08
1.383777932543691397e+09
1.009717303091482759e+09
