6.282817275697035789e+09
1.800000000000000000e+03
1.636260500642759562e+09
1.636260490809972763e+09
1.307169233374993563e+09
3.077485090759412766e+09
4.301794002491351128e+09
4.878292759062817097e+08
2.995571937000118256e+09
3.846923879098421574e+09
4.297962398407798767e+09
1.242741881345990419e+09
3.195356934110791206e+09
2.702402887528200150e+08
9.181508101298158169e+08
1.605218739912107944e+09
1.038294136699807197e+08
5.098106637142638206e+09
2.099402428309570074e+09
1.227935757680795670e+09
3.151943869168145180e+09
1.850172539258756876e+09
4.404365371665191054e+08
3.839331708703052998e+09
3.706782519747787476e+09
3.083402310853777409e+09
1.349731914096990108e+09
4.306758842693027496e+09
6.247627325371973962e+07
2.021104122037446737e+09
2.110004933436590672e+09
1.583806464538143635e+09
3.636511769036895752e+09
2.584369299249751568e+09
4.560534256712411880e+09
2.614910231969748020e+09
1.445655060228118420e+09
1.812887400999203920e+08
1.813002711153908491e+09
4.540987168494418859e+08
4.135903111304769993e+09
5.674577825590370893e+08
3.363646817707320690e+09
1.149171542793426514e+09
2.500262714705079079e+09
1.840047692763849735e+09
1.824611215520339489e+09
1.538253228317569256e+09
2.483050293253339291e+09
3.654755350739904404e+09
2.535141533404710770e+09
4.402037090570622444e+09
5.782845969498370886e+08
1.566612969738624811e+09
4.775822283454503417e+08
9.527301492298125029e+08
1.085977749047777176e+09
3.139527588671605587e+09
1.636267914311313629e+09
2.444053631308780193e+09
1.783571703977109909e+09
1.966510276266699791e+09
1.774887278744245529e+09
1.948763991866108656e+09
1.749545973097383976e+09
3.403532883726957798e+09
2.451777140737042427e+09
4.020171642374552250e+09
1.481543776538949013e+09
1.459374050878957510e+09
1.516986384144594371e+08
2.133730655598243475e+09
1.622919954160572529e+09
1.789580576226015091e+09
6.714267730167108774e+08
3.539935743534929752e+09
6.351579380785595179e+08
3.740563264100753307e+09
2.416118361885788918e+09
1.892183689881944418e+09
2.972453433041062355e+09
2.243390297208797455e+09
3.209730011811740398e+09
2.925999667005064964e+09
1.846468102378332853e+09
1.717543164912841082e+09
1.815799549072705269e+09
1.392565405126673579e+08
1.838269237765090704e+09
1.325137242028563976e+09
4.041880411481369495e+09
3.903300844289258718e+08
3.149579987369758129e+09
6.181036941958643198e+08
1.854871503793797255e+09
2.905989244464047909e+09
1.315916647486500978e+09
2.918460354088424683e+09
2.191526653643405914e+09
2.976670915727787018e+09
1.975252671657088757e+09
2.109876777226228237e+09
1.932952862267066956e+09
2.350090466804297447e+09
2.817964070829070568e+09
4.121123604830153465e+09
1.916571704644345045e+09
4.205071680838755608e+09
8.907288756164462566e+08
1.936813891099074125e+09
6.755566744700255394e+08
1.318955427521790028e+09
3.765222941329315186e+09
1.027511400521472931e+09
3.148721494755023003e+09
1.653432755993012905e+09
2.583051670699723721e+09
2.289740646472628117e+09
2.136271419268186331e+09
1.597288598929318190e+09
4.149101645610021114e+09
3.157277090099372387e+09
4.238704892840303898e+09
1.912524874902993679e+09
2.095900379210180998e+09
7.891601309387288094e+08
1.804683996976268053e+09
4.531296275187416673e+08
1.396939564001261234e+09
2.412807186103484631e+08
1.356988623913413048e+09
5.093061660372229218e+08
4.856717149916914940e+09
1.274564296960836649e+09
2.570545892453649044e+09
3.767291151751819611e+09
4.172634204865654945e+09
5.810009175511895418e+08
2.528291020814552307e+09
7.678646350907980204e+08
2.805090909607326508e+09
1.820456101914048910e+09
1.500410609332584381e+09
2.224400000139575005e+09
3.736280084796988964e+08
1.715044819210416079e+09
4.740932766253394485e+08
1.245258674640355825e+09
1.012825290245521903e+09
5.635918891838582993e+09
3.360773602454279423e+09
2.999503008817265987e+09
3.273371448829051852e+08
4.132039420546700478e+09
7.634783345620442629e+08
3.242171723129996300e+09
2.216850728903748035e+09
2.444648556312079906e+09
2.774131464758282185e+09
1.588856217565723419e+09
5.174258728420899391e+09
1.107404363481611460e+08
2.082397771293666840e+09
2.296560236678627014e+09
1.985508174333338737e+09
3.043570239681785107e+09
2.583682941538294792e+09
9.674585364849786758e+08
1.660753750927724123e+09
9.699026407184636593e+08
2.667533319518134117e+09
4.201100223048371673e+08
6.450909505584536552e+09
7.310612765119665861e+08
2.147538838311490059e+09
3.004254827180972099e+09
3.810305193078339696e+08
5.256209560806753159e+09
2.208459377950925350e+09
1.568931406667927504e+09
3.892927134069936752e+09
2.182219133672674179e+09
1.417813293651197672e+09
1.796217928503091574e+09
1.329798701377089739e+09
1.495298274106750965e+09
5.424464893590861559e+08
2.257800402349517345e+09
8.402742937140506506e+08
6.364928100752628326e+09
2.911276037833220959e+09
2.353633270583698750e+09
1.170775187258276701e+09
3.356313011376176834e+09
8.450153201393564939e+08
3.422834658464794636e+09
3.341018044675642967e+09
9.621950498875494003e+08
1.592982566302454472e+09
3.929558295459487438e+09
1.582241630031827927e+09
1.519310218651858091e+09
2.293885608907451928e+08
1.621632663298842907e+09
3.215512030578627586e+09
3.799166792776602268e+09
2.136281678927298069e+09
4.093389027851220131e+09
3.661162922472350121e+09
1.251342663207023144e+09
2.838888581444010735e+09
8.488302990842317343e+08
1.192154489360282660e+09
2.557652023860830307e+09
4.638221652050305367e+09
1.280871236597071171e+09
9.625952136239138842e+08
8.646333386390733719e+08
2.312045764487459660e+09
3.575236178091390133e+08
3.518164362685945988e+09
3.270378309093074322e+09
4.004759321758583069e+09
2.314961477967677593e+09
5.528913011249917746e+08
1.717128532889367104e+09
1.191370840813010931e+09
1.533717547765331268e+09
2.750024098645582199e+09
2.341428461449896336e+09
1.184827544265386105e+09
4.989263603732059479e+09
2.377796531075707912e+09
1.598859103255075932e+09
2.429654443526481390e+08
4.247861255914511681e+09
2.013948590869791508e+09
1.450264343948602915e+09
2.674332628810693741e+09
2.147673264306152821e+09
2.376082736367209911e+09
3.559638952282150388e+08
1.258089904098231077e+09
7.377354480744234324e+08
2.291680418199367046e+09
2.982068064930570602e+09
5.042316107446149826e+09
1.306925909562982082e+09
1.147205881361235619e+09
2.411820223209130287e+09
4.886690913360557556e+09
2.797605608864123225e+08
2.251386604130226612e+09
1.250714526158118725e+09
2.767554052606564045e+09
2.019432764746508837e+09
