1.036279899447703004e+09
1.800000000000000000e+03
2.698838754458285570e+08
2.698838705797457099e+08
2.156040339858923852e+08
5.075972517716502547e+08
7.095329168820909262e+08
8.046333792799876630e+07
4.940866172376462817e+08
6.345073258772853613e+08
7.089009516832309961e+08
2.049774750896008313e+08
5.270388620895693302e+08
4.457456053070395440e+07
1.514399517155485451e+08
2.647638549770127535e+08
1.712700301838439330e+07
8.408755240955137014e+08
3.462737755810308456e+08
2.025353758550203741e+08
5.198783793318794966e+08
3.051661857021347880e+08
7.264644767005643249e+07
6.332550969450210333e+08
6.113926305446265936e+08
5.085732253180191517e+08
2.226242525943985581e+08
7.103517999913651943e+08
1.030626618085531890e+07
3.333593852365008593e+08
3.480225290862510800e+08
2.612321529067314863e+08
5.998022971539123058e+08
4.262634891363242865e+08
7.522091547165051699e+08
4.313008601019527316e+08
2.384456922538777292e+08
2.990300670128510147e+07
2.990354648237468600e+08
7.489986342023059726e+07
6.821711330663155317e+08
9.359715540663570166e+07
5.547963396013082266e+08
1.895441393567430377e+08
4.123910820110294223e+08
3.034962094913313389e+08
3.009501469783706069e+08
2.537186918563843966e+08
4.095520771810321212e+08
6.028113515932755470e+08
4.181439470774992108e+08
7.260668693057298660e+08
9.538291094309026003e+07
2.583963032396413684e+08
7.877323297014202178e+07
1.571434085981594324e+08
1.791210645348935127e+08
5.178304581896398067e+08
2.698850910827507377e+08
4.031200198934676647e+08
2.941811454153720737e+08
3.243547468976115584e+08
2.927487608355067968e+08
3.214276955257725120e+08
2.885689961743710637e+08
5.613750913348329067e+08
4.043939427853276134e+08
6.630825748750325441e+08
2.443651138606189489e+08
2.407084817043221295e+08
2.502246375598840043e+07
3.519358219716257453e+08
2.676834802329902351e+08
2.951722250817670822e+08
1.107456469676755816e+08
5.838731695726841688e+08
1.047635170790353417e+08
6.169643668688187599e+08
3.985124512384800315e+08
3.120954266207408309e+08
4.902734902705235481e+08
3.700229107891888022e+08
5.294095309074826837e+08
4.826114679630754590e+08
3.045551825484640002e+08
2.832904942752066851e+08
2.994967705801717043e+08
2.297028351820437610e+07
3.032028840369742513e+08
2.185676494326920211e+08
6.666631730529676676e+08
6.438196018277125061e+07
5.194884725014090538e+08
1.019506072143038213e+08
3.059412274965045452e+08
4.793110048794485331e+08
2.170468339166758358e+08
4.813679533784270883e+08
3.614686260687859654e+08
4.909691240961503983e+08
3.257967189820142984e+08
3.480013960928218961e+08
3.188198550401752591e+08
3.876218734809891582e+08
4.647922588725094795e+08
6.797334312517075539e+08
3.161179573151490688e+08
6.935796723824480772e+08
1.469170105457744598e+08
3.194566962054101229e+08
1.114268227432588935e+08
2.175480433949378133e+08
6.210317098076931238e+08
1.694777038810596168e+08
5.193468937882836461e+08
2.727162181340159178e+08
4.260461536400656700e+08
3.776678913841788769e+08
3.523548996798892617e+08
2.634559014265725613e+08
6.843480833352857828e+08
5.207580143439266682e+08
6.991270979582223892e+08
3.154504691201816797e+08
3.456961579333221316e+08
1.301644078235732317e+08
2.976633746717709899e+08
7.474002496290609241e+07
2.304106267231424451e+08
3.979799288007812947e+07
2.238211558904522657e+08
8.400572707130903006e+07
8.010611102935473919e+08
2.102262511866005063e+08
4.239834763924284577e+08
6.213728505180594921e+08
6.882294996505936384e+08
9.583093899842531979e+07
4.170140254893533587e+08
1.266519579741068333e+08
4.626689759949383736e+08
3.002647964989656806e+08
2.474769854942815602e+08
3.668906917236850858e+08
6.162717220024175942e+07
2.828784268979644179e+08
7.819776559539313614e+07
2.053926187742392719e+08
1.670553970562120080e+08
9.295814586722670794e+08
5.543224434334927797e+08
4.947350306373628378e+08
5.399199621900655329e+07
6.815338764056375027e+08
1.259284640314471126e+08
5.347604452095157504e+08
3.656455323418884277e+08
4.032181787363087535e+08
4.575625565945266485e+08
2.620650665681585670e+08
8.534359213890442848e+08
1.826687787111405656e+07
3.434690595676763058e+08
3.787926923417523503e+08
3.274882228613958359e+08
5.020034010479617119e+08
4.261502896499967575e+08
1.595726853378539979e+08
2.739237525136412978e+08
1.599757921649002731e+08
4.399804242693858743e+08
6.929384969176110625e+07
1.064004779969482303e+09
1.205816629301566929e+08
3.542133227878514528e+08
4.955187866762002707e+08
6.284811135397993773e+07
8.669527967622394562e+08
3.642614673589043617e+08
2.587786932176091671e+08
6.420950360716544390e+08
3.599334630241264701e+08
2.338534998323671520e+08
2.962669833170047998e+08
2.193365133504237533e+08
2.466337510960557759e+08
8.947182028220461309e+07
3.723996929439829588e+08
1.385950857857440710e+08
1.049823157610623837e+09
4.801829828585473895e+08
3.882062172415568829e+08
1.931074027675606906e+08
5.535867162575560808e+08
1.393770573250392675e+08
5.645587086546072960e+08
5.510639765371050835e+08
1.587045272577343285e+08
2.627456599166778028e+08
6.481369468258254528e+08
2.609740785951125920e+08
2.505942653700899482e+08
3.783652828963460028e+07
2.674711652133362293e+08
5.303632256795424223e+08
6.266303541080732346e+08
3.523565795744819045e+08
6.751589262676510811e+08
6.038682154198802710e+08
2.063960869545601308e+08
4.682435201876788139e+08
1.400063031886876822e+08
1.966336799649410844e+08
4.218567849888909459e+08
7.650227883910262585e+08
2.112664877852398753e+08
1.587705251565602720e+08
1.426128384522007406e+08
3.813468374584710002e+08
5.897094163050785661e+07
5.802822143497966528e+08
5.394127787223399878e+08
6.605404667975165844e+08
3.818277660636422634e+08
9.119458166080489755e+07
2.832221057250442505e+08
1.965044239461208880e+08
2.529705764179650545e+08
4.535863463514370322e+08
3.861932081396562457e+08
1.954251940021646619e+08
8.229231167905477285e+08
3.921916841980712414e+08
2.637149298983097970e+08
4.007585552022985369e+07
7.006373584205931425e+08
3.321791425396801233e+08
2.392059281865486205e+08
4.411019038744295239e+08
3.542355170847669840e+08
3.919090198976067305e+08
5.871367594911678135e+07
2.075089598287593126e+08
1.216825093809213191e+08
3.779878099926860332e+08
4.918593211684085727e+08
8.316735066960117817e+08
2.155638900015811622e+08
1.892199187093392909e+08
3.978034871524311900e+08
8.060049466398040056e+08
4.614481517093455046e+07
3.713418273828402758e+08
2.062925021116056442e+08
4.564776921539253592e+08
3.330837063464407921e+08
