2.309459143622974243e+11
1.800000000000000000e+03
6.014616689795619202e+10
6.014616683079882812e+10
4.804931554678972626e+10
1.131232013911507263e+11
1.581267732934931030e+11
1.793173300749076462e+10
1.101122081100780182e+11
1.414064988764957275e+11
1.579859294914273987e+11
4.568107252861946869e+10
1.174559756830741730e+11
9.933521221547519684e+09
3.374964142791755295e+10
5.900512238660478973e+10
3.816532192232995033e+09
1.873979103861163940e+11
7.717049847765728760e+10
4.513682359186909485e+10
1.158601817722332916e+11
6.800921974010113525e+10
1.618965383672427177e+10
1.411274227303880005e+11
1.362551347431086731e+11
1.133407076975495758e+11
4.961384957780789185e+10
1.583092724564492493e+11
2.296459750772533894e+09
7.429238228707504272e+10
7.756022961009382629e+10
5.821804370573103333e+10
1.336720974496740265e+11
9.499707950377467346e+10
1.676376372188797607e+11
9.611971342444433594e+10
5.313982522408372498e+10
6.663808812157108307e+09
6.664291858391588593e+10
1.669185319010832787e+10
1.520288983393339539e+11
2.085874504989352417e+10
1.236420327262217102e+11
4.224158236742727661e+10
9.190546010012182617e+10
6.763704717922834778e+10
6.706962777166116333e+10
5.654358070282059479e+10
9.127275952155895996e+10
1.343427013506024017e+11
9.318754748924433899e+10
1.618115438873126831e+11
2.125672124357524872e+10
5.758603963815361786e+10
1.755506869230780411e+10
3.502072065892577362e+10
3.991868189345537567e+10
1.154037798812759399e+11
6.014643941791570282e+10
8.983930783327845764e+10
6.556108240823454285e+10
7.228560269662301636e+10
6.524185822045001984e+10
7.163327867972700500e+10
6.431035434114858246e+10
1.251081784453690338e+11
9.012320959173185730e+10
1.477748008314712830e+11
5.445903562632384491e+10
5.364411378010646057e+10
5.576125890685681343e+09
7.843234734639868164e+10
5.965578973074159241e+10
6.578195959896109009e+10
2.468047359746977234e+10
1.301221222058858948e+11
2.334729102067778778e+10
1.374968589761387329e+11
8.881245256788749695e+10
6.955347976145182800e+10
1.092624102966035156e+11
8.246325509842877197e+10
1.179843053652507324e+11
1.075548472575018768e+11
6.787305089993912506e+10
6.313398273613246918e+10
6.674572524673162842e+10
5.118775459390515327e+09
6.757167421332379913e+10
4.870978937156422424e+10
1.485727793332778625e+11
1.434782372042789078e+10
1.157732896498428497e+11
2.272040500058537674e+10
6.818194629972058868e+10
1.068192964717735443e+11
4.837085593460169983e+10
1.072777136178268585e+11
8.055683218717568970e+10
1.094174388788508301e+11
7.260695875939221191e+10
7.755551850597718811e+10
7.105208734364172363e+10
8.638537606249623108e+10
1.035836375859661255e+11
1.514856273823338928e+11
7.044994352929225159e+10
1.545714207950034790e+11
3.274165618470582581e+10
7.119401311198298645e+10
2.483228187280486679e+10
4.848255585163592529e+10
1.384033083283021240e+11
3.776955558136550903e+10
1.157417336170143433e+11
6.077739030715028381e+10
9.494864542449230957e+10
8.416701718493978882e+10
7.852574202726051331e+10
5.871362374926837158e+10
1.525140545518109131e+11
1.160562226315364075e+11
1.558077213145393677e+11
7.030118762673674011e+10
7.704176920428923035e+10
2.900815765056949234e+10
6.633713577918362427e+10
1.665623152039394188e+10
5.134912472596469879e+10
8.869015330833040237e+09
4.988059334446641541e+10
1.872118831812828827e+10
1.785248311157548218e+11
4.685081251023196411e+10
9.448895364614117432e+10
1.384793323411130981e+11
1.533790724407766113e+11
2.135656837579207230e+10
9.293573422937731934e+10
2.822536975579162216e+10
1.031104403088366547e+11
6.691689258743879700e+10
5.515254905534040070e+10
8.176520250430426025e+10
1.373388290276840019e+10
6.304214790037752533e+10
1.742682031310448456e+10
4.577358632749411011e+10
3.722971869527945709e+10
2.071669989048143616e+11
1.235364177734428253e+11
1.102567083809634399e+11
1.203230754358629036e+10
1.518868755328492432e+11
2.806413662911508560e+10
1.191768096860393219e+11
8.148770389332949829e+10
8.986117619253990173e+10
1.019724220620101318e+11
5.840366343694764709e+10
1.901971339872509155e+11
4.070570197093459606e+09
7.654543547102267456e+10
8.441769373174166870e+10
7.298393374072836304e+10
1.118765466525072174e+11
9.497184954845962524e+10
3.556211195811201477e+10
6.104649794882780457e+10
3.565195336863969421e+10
9.805405057991464233e+10
1.544248495981068802e+10
2.371247073501010437e+11
2.687253957130404282e+10
7.893991402061791992e+10
1.104313770877626648e+11
1.400598658166018867e+10
1.932095111654365845e+11
8.117925173862040710e+10
5.767126009535803986e+10
1.430975025126996155e+11
8.021470373520648193e+10
5.211640785490987396e+10
6.602593802551065063e+10
4.888113715873905945e+10
5.496462853418656158e+10
1.993937115758594894e+10
8.299294657018016052e+10
3.088702864890866470e+10
2.339641730510726929e+11
1.070136306274435577e+11
8.651560416630181885e+10
4.303569599868121338e+10
1.233724544933326874e+11
3.106130161040915298e+10
1.258176797401358337e+11
1.228102360104424744e+11
3.536863534798960876e+10
5.855534207531820679e+10
1.444440040344030762e+11
5.816052200707949066e+10
5.584726767501990509e+10
8.431878890550177574e+09
5.960847184228032684e+10
1.181968432917158508e+11
1.396510275432756958e+11
7.852611844146270752e+10
1.504661511106564636e+11
1.345782332097467957e+11
4.599722298209423065e+10
1.043527873183652039e+11
3.120153361767428970e+10
4.382156367802241516e+10
9.401499702485833740e+10
1.704932972432996521e+11
4.708264509970377350e+10
3.538334442208796692e+10
3.178242712086103821e+10
8.498691593617153931e+10
1.314191271785725975e+10
1.293218426520320740e+11
1.202136372670088501e+11
1.472082689763552551e+11
8.509409373050827026e+10
2.032330552003713226e+10
6.311874291320557404e+10
4.379275776312062073e+10
5.637685640663439941e+10
1.010862757245778656e+11
8.606697568457960510e+10
4.355223695045031738e+10
1.833970192939739380e+11
8.740380586318014526e+10
5.877135362295549774e+10
8.930942496864202499e+09
1.561442948618528748e+11
7.402935724811997986e+10
5.330925533590089417e+10
9.830398215236126709e+10
7.894485504576438904e+10
8.734080900558682251e+10
1.308458007263413811e+10
4.624524110519969940e+10
2.711787089588807678e+10
8.423832008576965332e+10
1.096158289202121429e+11
1.853471418697117310e+11
4.804037092321060944e+10
4.216932738803092194e+10
8.865446078820199585e+10
1.796266166757342529e+11
1.028347059484343910e+10
8.275718533816091919e+10
4.597413349465264130e+10
1.017306476623592377e+11
7.423094613268646240e+10
