8.042003788866871338e+11
1.800000000000000000e+03
2.094411132422578735e+11
2.094411131164470825e+11
1.673174302847378845e+11
3.939178623076187134e+11
5.506294017785083008e+11
6.244191647178166199e+10
3.834329746644243164e+11
4.924060244095415039e+11
5.501389551262550049e+11
1.590707292117951965e+11
4.090054587186802368e+11
3.459052552728565216e+10
1.175230728471651611e+11
2.054677656932785950e+11
1.328993243169342041e+10
6.525574213562871094e+11
2.687232790893556519e+11
1.571755442091205139e+11
4.034485815696145630e+11
2.368218536868507385e+11
5.637564454281542206e+10
4.914342248386729126e+11
4.744679326951037598e+11
3.946752631232425537e+11
1.727654541965825195e+11
5.512649008090958252e+11
7.996732750822061539e+09
2.587010965835885925e+11
2.700804018018237610e+11
2.027269984907873840e+11
4.654732743953128052e+11
3.307990398373536987e+11
5.837481535967448730e+11
3.347082781442775879e+11
1.850436145235931396e+11
2.320472556917222214e+10
2.320641167824691772e+11
5.812440418675688934e+10
5.293953678614801025e+11
7.263436440815620422e+10
4.305465604375418701e+11
1.470937288780548401e+11
3.200333957819387817e+11
2.355258736581905212e+11
2.335500044177712708e+11
1.968961795080868530e+11
3.178302043929604492e+11
4.678084528225002441e+11
3.244978832607154541e+11
5.634605181272220459e+11
7.402019804817944336e+10
2.005262325705526123e+11
6.113029522142195129e+10
1.219492278197040863e+11
1.390049194641110229e+11
4.018592978546856689e+11
2.094420623772530212e+11
3.128386357180760498e+11
2.282969442796185913e+11
2.517130839534770813e+11
2.271853412077027893e+11
2.494415600369075317e+11
2.239416563582359924e+11
4.356519762796902466e+11
3.138272389242484741e+11
5.145817399642719727e+11
1.896373719725499268e+11
1.867996493779858704e+11
1.941719353273722458e+10
2.731172921062048035e+11
2.077335207785227966e+11
2.290660834400671387e+11
8.594239625902009583e+10
4.531115426789174805e+11
8.129998488088360596e+10
4.787918675628789062e+11
3.092629178865773926e+11
2.421992792952923889e+11
3.804738068132996216e+11
2.871537281487926025e+11
4.108452094392730103e+11
3.745277269391175537e+11
2.363476861955720215e+11
2.198452924813539734e+11
2.324221103129441223e+11
1.782460689976379776e+10
2.352982316824256592e+11
1.696173338830302734e+11
5.173604624159260254e+11
4.996201950918358612e+10
4.031460054731967773e+11
7.911704098523481750e+10
2.374233226173209229e+11
3.719663902511176758e+11
1.684370989976427612e+11
3.735626916027421265e+11
2.805151779732711792e+11
3.810136477100117188e+11
2.528321108722917480e+11
2.700639968142627869e+11
2.474177340207552490e+11
3.008113466275260620e+11
3.606991716321024780e+11
5.275035883589005127e+11
2.453209475761218872e+11
5.382489452763778076e+11
1.140130643079734955e+11
2.479119484976279602e+11
8.647102349273123169e+10
1.688260607205255737e+11
4.819483075887590332e+11
1.315212269761629944e+11
4.030361208996585693e+11
2.116391609969293823e+11
3.306303824781246338e+11
2.930865724216500854e+11
2.734425113152901611e+11
2.044527083969875488e+11
5.310847799246857300e+11
4.041312354165107422e+11
5.425539936634684448e+11
2.448029493997413330e+11
2.682750177186569824e+11
1.010122674217239227e+11
2.309993191427381592e+11
5.800036243579098511e+10
1.788080332747234497e+11
3.088370064650400543e+10
1.736943099518087158e+11
6.519095964132497406e+10
6.216595645593537598e+11
1.631440002608857422e+11
3.290296428193780518e+11
4.822130386488648071e+11
5.340969470992047119e+11
7.436788613455680847e+10
3.236210187381278076e+11
9.828644160949499512e+10
3.590514030211629028e+11
2.330181496610497437e+11
1.920523259963331909e+11
2.847229679787675781e+11
4.782415334782109070e+10
2.195255049196391296e+11
6.068370845063679504e+10
1.593928809764371033e+11
1.296414058849033508e+11
7.213973857848756104e+11
4.301787877553221436e+11
3.839361538878631592e+11
4.189892399915125275e+10
5.289008157015557251e+11
9.772499531895219421e+10
4.149977506134078979e+11
2.837566615260616455e+11
3.129147857204340210e+11
3.550885932517540283e+11
2.033733638898910217e+11
6.623048840579678955e+11
1.417454422068987083e+10
2.665466833023084106e+11
2.939594787396863403e+11
2.541448139593793335e+11
3.895767581890350952e+11
3.307111839262448730e+11
1.238344619884049530e+11
2.125762481081023254e+11
1.241473079069145203e+11
3.414440312926642456e+11
5.377385132131651306e+10
8.257161856992819824e+11
9.357561334923913574e+10
2.748847419846388550e+11
3.845443855721283569e+11
4.877167342415559387e+10
6.727945905564733887e+11
2.826825687898725586e+11
2.008229873453327026e+11
4.982944411182091064e+11
2.793238175677009277e+11
1.814798682463152161e+11
2.299156656591668091e+11
1.702140013690741882e+11
1.913979489718755493e+11
6.943291868017813110e+10
2.889982209364487305e+11
1.075548762658457336e+11
8.147105660578964844e+11
3.726431011992120361e+11
3.012648271757653198e+11
1.498589930240731812e+11
4.296078345166348877e+11
1.081617300150705872e+11
4.381226033100476074e+11
4.276500759466749268e+11
1.231607372527959595e+11
2.039015395512411804e+11
5.029832317538635254e+11
2.025266962192504883e+11
1.944714768961015015e+11
2.936150312268612671e+10
2.075687504012814026e+11
4.115853096370222168e+11
4.862931181628576050e+11
2.734438219466581421e+11
5.239535659773922729e+11
4.686286223203541870e+11
1.601716289931407166e+11
3.633775067266245728e+11
1.086500460618699951e+11
1.525955433440458069e+11
3.273792300025180054e+11
5.936921392180751953e+11
1.639512883690278320e+11
1.232119570458438873e+11
1.106728347454539948e+11
2.959416256030166016e+11
4.576279359367549896e+10
4.503248073972886963e+11
4.186081940532197876e+11
5.126089614549898682e+11
2.963148403842982178e+11
7.076985563993347168e+10
2.197922243678830872e+11
1.524952352726940918e+11
1.963156118143176880e+11
3.520028525637246704e+11
2.997026120154176025e+11
1.516576931997832336e+11
6.386255094000189209e+11
3.043577252451508789e+11
2.046537355061761475e+11
3.109934359096810150e+10
5.437260109464260254e+11
2.577851900768360291e+11
1.856336045649664307e+11
3.423143435920450439e+11
2.749019476319356079e+11
3.041383573122045288e+11
4.556314974877158356e+10
1.610352783164843140e+11
9.442990665829121399e+10
2.933348634949313354e+11
3.817044819763408813e+11
6.454162305594418945e+11
1.672862833323717041e+11
1.468421223848872375e+11
3.087127586780422363e+11
6.254962047804326172e+11
3.580911984986350250e+10
2.881772527907095337e+11
1.600912266880243225e+11
3.542466858916300049e+11
2.584871633803282166e+11
