3.288866975337990880e+03
2.000000000000000000e+03
2.787749169754281866e+03
2.722027876723129339e+03
2.214689971261739629e+03
2.456490270409795357e+03
2.657629245273600191e+03
2.617284410046770063e+03
3.164422890202528833e+03
3.001350651240147272e+03
2.642666908264634003e+03
2.942709624897645881e+03
2.868604833169965787e+03
2.413241943043903120e+03
2.666281020197071030e+03
2.632655979305830442e+03
2.537540435165879899e+03
2.749762539089530947e+03
2.437757517164215187e+03
2.152028984986471642e+03
2.620977426849260610e+03
2.756434108002092216e+03
2.913132122214379706e+03
2.439020368123947264e+03
2.640631419918021493e+03
2.979715766574487134e+03
2.610169814881985076e+03
2.696525025486867889e+03
2.781666993109775831e+03
2.641318221616621940e+03
3.022408046055112663e+03
2.508850444846129903e+03
2.909255683739751021e+03
2.484003133691568109e+03
2.899247794085576970e+03
2.818804902618740925e+03
2.652638549782804603e+03
2.548603360414661438e+03
2.913722571021383374e+03
2.661398409046259076e+03
2.735491498646335458e+03
2.471551905478633216e+03
2.426511907454208085e+03
2.494789374882384436e+03
2.596655570802990951e+03
2.576441134074701949e+03
2.476901248280041273e+03
2.524291233739830204e+03
2.852478479704373058e+03
2.922981611810377672e+03
2.517543309765123013e+03
2.570724179145679955e+03
2.174991217534610769e+03
2.665308321450525909e+03
2.804228612815294582e+03
2.626864774990678598e+03
2.181542013238459276e+03
3.099474068895984601e+03
2.644496294966760161e+03
2.910624483882443201e+03
2.486299568333203752e+03
2.400532652019354373e+03
2.809701641233452847e+03
2.809490103167774578e+03
2.657412611598082549e+03
2.450454403062572510e+03
3.007135466254328549e+03
2.709307462212309019e+03
2.927629528095168553e+03
2.684414183858966680e+03
2.252860608968242104e+03
2.486474563542745273e+03
2.786411356016341870e+03
2.704143378759723873e+03
2.944282525598622669e+03
2.626372557877344661e+03
2.949073326567099230e+03
2.886079848830169794e+03
2.414683390442426571e+03
2.804985683955287641e+03
2.826546484711056110e+03
2.964679892711994398e+03
2.581674629787560661e+03
2.709588422963942321e+03
2.741075396596254905e+03
2.593846217164086738e+03
2.681748675954092050e+03
2.609782679767715763e+03
2.613738058573429043e+03
2.366442388602632946e+03
2.475985311888333854e+03
2.542564613223896686e+03
2.553576450779151401e+03
2.306055973202860969e+03
2.806046801420954125e+03
2.620450476236545455e+03
2.332236153429493243e+03
2.509550569015358633e+03
2.668876537498919788e+03
2.641931791861551119e+03
2.512822196145229100e+03
2.912652278421056508e+03
2.460187675869927716e+03
2.729635082454223721e+03
2.938229970262762890e+03
2.644982689201242465e+03
2.794877084823391669e+03
2.750934823434909958e+03
2.867329896822550836e+03
2.855972121681762019e+03
2.683144568563038320e+03
2.580615807247279918e+03
2.623211748932068531e+03
2.819098449990890458e+03
2.503891258343020127e+03
2.965601184953596658e+03
2.774066107076073422e+03
3.007996198741612716e+03
2.541383661647245845e+03
2.371029623858738432e+03
2.511166327742913381e+03
2.650876383442598581e+03
2.945627295756900367e+03
2.954228746261511333e+03
2.685297017963968756e+03
2.685700988790115844e+03
2.763110263179523372e+03
2.306374211158890375e+03
2.598702562426378336e+03
2.683727212491612590e+03
2.627625981729333944e+03
2.113269964634630469e+03
2.445577359234001051e+03
2.452278100471052767e+03
2.667988453109473085e+03
2.451868254402630555e+03
2.825601021664320797e+03
2.625486445982149689e+03
2.726162959165436405e+03
2.501652916036159240e+03
2.568233880352318465e+03
2.642951013345039428e+03
3.100900337560583012e+03
3.005710850703085271e+03
2.589360999019993869e+03
2.661716743914762446e+03
2.802815793161784768e+03
3.071511339371753820e+03
3.019725110527752349e+03
2.705708333252357988e+03
2.610104728834233356e+03
2.895064796202213529e+03
2.350816725435129683e+03
2.483605554438023773e+03
2.758348899388076916e+03
2.811211181974552346e+03
3.025268492387847800e+03
2.614355697515743486e+03
2.640849752560562592e+03
2.577477664986614400e+03
2.587784948174055899e+03
2.335198210839139392e+03
2.820838980143771551e+03
2.549875749136061586e+03
2.997311230693745983e+03
3.085944816282989450e+03
2.672734273714036590e+03
2.509059240006893106e+03
2.659924913199820821e+03
2.354507648237222384e+03
2.701346759808514435e+03
2.808861653628779095e+03
2.319825652132616142e+03
3.044587510697774178e+03
2.586882115097155747e+03
2.754923775396975543e+03
2.782132205138091194e+03
2.593124638114781646e+03
2.886236346953709472e+03
3.005473443272502209e+03
2.881408165928280141e+03
2.755777137305103679e+03
2.781468370156869241e+03
2.861995020087516423e+03
2.501083108822866961e+03
2.772299994843333025e+03
2.338962080117223195e+03
2.644995601024659209e+03
2.708553994663250705e+03
2.458089958517199193e+03
2.296294929512472663e+03
2.468667124568835789e+03
2.859921340696398602e+03
2.600269433818315520e+03
2.611145094784769753e+03
2.600173507192973375e+03
2.644442905088480074e+03
2.744719124173172077e+03
2.701210623306932121e+03
2.934567178202382820e+03
2.795419773940224331e+03
2.457061545329483579e+03
2.628888088004394831e+03
2.533663389883442960e+03
2.453949103444561388e+03
2.190033054173171422e+03
2.580112399671372259e+03
2.701072858485656070e+03
2.968898098468544049e+03
2.683053257483519701e+03
2.581218312776457424e+03
2.284588504709028712e+03
2.508302369754859683e+03
2.783578235806394787e+03
3.095677227946706353e+03
3.134642066266285838e+03
2.749238441215562943e+03
2.658866364440758389e+03
2.386492972644920428e+03
2.670112339277220599e+03
2.736495656019308626e+03
2.530193046423319174e+03
3.088247693097606316e+03
2.151547488478202467e+03
2.838896284156895490e+03
3.018152893166849026e+03
2.593879633550303424e+03
2.391670083941572557e+03
2.614434298001119259e+03
2.944495881649189869e+03
2.242806662716056053e+03
3.207013581538589278e+03
2.783288945995338054e+03
2.884795819916869732e+03
2.243051470563488238e+03
2.413681120405401998e+03
2.601573631005464449e+03
2.607399246550900898e+03
2.744968448732456636e+03
3.109751529177628072e+03
2.355267045002065061e+03
2.523245554844619619e+03
2.565513168879230761e+03
2.606915413316199647e+03
2.441270073828846307e+03
2.543009879936216294e+03
2.513609272908329785e+03
2.312712035135851693e+03
2.673087295788173378e+03
2.715219393416200546e+03
2.591421457564420052e+03
2.756724231469135702e+03
2.917358013838940224e+03
2.749528745879531016e+03
2.843283695336041092e+03
2.470396016788872203e+03
