2.983650093796518377e+03
2.000000000000000000e+03
2.714264678051308238e+03
2.697405436673524036e+03
2.539106452551247457e+03
2.643562857083519702e+03
2.601522148301398374e+03
2.199768863467164010e+03
2.802941388873173764e+03
2.770063316793615741e+03
2.649975857669759989e+03
2.897383976838459148e+03
2.845174864299671299e+03
2.681294614349424592e+03
2.554857570059498812e+03
2.568443330564593907e+03
2.722936116391726500e+03
2.476009465168605402e+03
2.469590924811996501e+03
2.240729964722887416e+03
2.504102226423814955e+03
3.092143216699873847e+03
2.466817204585736818e+03
2.373119960495077066e+03
2.560665715433080550e+03
2.463661042225684923e+03
2.691320785864299978e+03
2.931070749310783413e+03
2.503729879530317703e+03
2.727656399313334987e+03
2.819748642166403442e+03
2.404383349953382094e+03
2.715500828034578262e+03
2.505459605283493602e+03
2.912146528435415803e+03
2.695689054916127589e+03
2.717172992040721056e+03
2.441680798006503210e+03
2.676455766346054588e+03
2.679085165207497084e+03
2.618487895452920384e+03
2.775399253943631265e+03
2.269426073705920317e+03
2.570859338306463997e+03
2.949461419565815049e+03
2.446066188769852488e+03
2.314618514600503659e+03
2.195710660214600921e+03
2.690005474436089571e+03
2.663770577869965564e+03
2.845722549034056101e+03
2.590313079433793064e+03
2.407967920091256929e+03
2.738531068217343545e+03
2.426351186639873049e+03
2.621851747296131180e+03
2.166675291008421027e+03
2.928123480886317338e+03
2.657979645239613092e+03
2.625801911670212121e+03
2.746399588014288383e+03
2.561694633415004319e+03
2.276929076489558611e+03
2.626254254271661921e+03
2.562038595517793055e+03
2.900895597526480742e+03
2.561130240591985057e+03
2.487600303885573339e+03
2.749955556687411899e+03
2.395112644217527304e+03
2.438309099970007992e+03
2.618635509644107970e+03
2.458183591281733243e+03
2.763117262862901043e+03
2.712754127512359901e+03
2.555531019786561046e+03
2.674678719751709195e+03
2.332197156806055773e+03
2.557529878034769808e+03
2.949199898253830725e+03
2.624460568897047779e+03
2.864306772354364057e+03
2.643439455130453098e+03
2.662054661988626776e+03
2.800775955347982745e+03
2.763426989461756420e+03
2.576096102872119445e+03
2.625415345704757783e+03
2.656738261225312272e+03
2.202796038142313591e+03
2.826096361432526919e+03
2.688099619063858881e+03
2.313412518289644595e+03
2.183318252103069881e+03
2.835581691214410966e+03
2.617099345445406016e+03
2.382242825347309008e+03
2.646931217367310182e+03
2.519746473506428629e+03
2.762004451764772966e+03
2.359275888254924666e+03
2.489366252604924739e+03
2.761524852225533778e+03
2.512522550354360646e+03
2.989989893722224679e+03
2.635256164919621369e+03
2.454251154529147698e+03
2.594798483615439636e+03
2.647579932109861147e+03
2.762159085297741512e+03
2.717664054973640305e+03
2.386823378059217248e+03
2.630025229372013200e+03
2.569968383487945175e+03
2.229715309126690045e+03
2.661684170849617658e+03
2.279512332329638866e+03
2.745644913374677344e+03
2.847570460341574744e+03
2.657650149540526400e+03
2.845336416378131617e+03
2.661486053818640357e+03
2.792215236304264636e+03
2.666805595994281248e+03
2.375362569499302026e+03
2.654265506790105974e+03
2.924006934697992619e+03
2.445167907580572773e+03
2.556688402262474938e+03
2.606465169087576214e+03
2.391867101644033482e+03
2.099354052812848749e+03
2.816617731240663488e+03
2.686307880859779743e+03
2.602856208807066196e+03
2.126929341342871339e+03
2.647953623906368193e+03
2.582672909769942635e+03
2.743501548654929593e+03
2.779432343499464878e+03
2.578499358712620506e+03
2.763258842158547850e+03
2.787867831528652005e+03
2.723382930462709282e+03
2.724505221038737545e+03
2.824608102057218275e+03
2.678426290517456437e+03
2.485596661169613981e+03
2.722221044205875387e+03
2.399223888054300915e+03
2.388012919767896619e+03
2.922720071338365415e+03
2.385534505022569647e+03
2.573541884134213888e+03
2.778301640504659645e+03
2.401641730195973196e+03
2.551849077850343747e+03
2.431326673654869865e+03
2.611971388537122039e+03
2.977000077569991845e+03
2.780272961863505770e+03
2.519690326562236805e+03
2.422020033123916619e+03
2.590029983720208747e+03
2.755154040765333775e+03
2.802074661449026280e+03
2.961426627056672260e+03
2.585121060770711210e+03
2.940889649031791578e+03
2.579549978556699898e+03
2.254568977875739165e+03
2.608955288073571410e+03
2.330282857335032531e+03
2.698770743355780724e+03
2.613657248688079108e+03
2.512680272047495691e+03
2.803380203100137805e+03
2.388588733380308440e+03
2.633997649355772410e+03
2.855178630501141015e+03
2.536023288915018384e+03
2.622336698716709179e+03
2.876637191369882203e+03
2.793149556876395764e+03
2.713661335157509257e+03
2.680118603434144461e+03
2.276780379913935121e+03
2.293624025124587206e+03
2.672861916164632930e+03
2.727904110215649780e+03
2.257273511768627031e+03
2.515556529378617142e+03
2.705634415613774763e+03
2.435259674756175627e+03
2.408069025578559831e+03
2.705428067073016337e+03
2.603022806708138887e+03
2.887576804444831851e+03
2.533155361617731614e+03
2.510088245939442913e+03
2.322196590417724565e+03
2.340424589086407195e+03
2.463441571772032603e+03
3.044756464429447533e+03
2.495191633084962177e+03
2.235109342126813317e+03
2.824432253937092355e+03
2.378081106041844123e+03
2.757857710688825591e+03
2.423475179400629258e+03
2.533773895446281131e+03
2.609387381202036522e+03
2.632094393911689622e+03
2.905691652637981406e+03
2.917027835756080094e+03
2.821861561479468492e+03
2.642704109616685855e+03
2.211696735156136583e+03
2.658016251827278666e+03
2.794013959257360511e+03
2.608027956349328178e+03
2.612432639123986064e+03
2.799523109362442028e+03
2.177597470773114310e+03
2.304571131457976662e+03
2.787156291486379814e+03
2.924265590553282891e+03
2.619462572580427604e+03
2.648380069306534551e+03
2.575468754760049706e+03
2.226557712767026715e+03
2.794970402242740874e+03
2.333100762894167474e+03
2.911947174594186890e+03
2.439233520713626604e+03
2.517123989721740145e+03
3.012091142997341649e+03
2.612731504746820519e+03
2.500812527672372653e+03
2.679658133975948658e+03
2.356682499492460465e+03
2.145981194653402326e+03
2.756498147649640487e+03
2.495355321648838526e+03
2.204570939363782600e+03
2.569384261099933155e+03
2.580155850270121391e+03
2.618277761589167312e+03
2.605580425137579368e+03
2.690167318190236074e+03
2.637845842713290949e+03
2.621154254337870498e+03
2.924545624599793882e+03
2.604515366558915957e+03
2.817035931294238253e+03
2.537012322530355959e+03
