2.693561255008366061e+03
2.000000000000000000e+03
2.630375418792947130e+03
2.385106689183105118e+03
2.501017792030081182e+03
2.888920833465683700e+03
2.545058387744042193e+03
2.352710436456560274e+03
2.486913235434135913e+03
2.543643723009727182e+03
2.695528792620613331e+03
2.167097230156142359e+03
2.594004951119980433e+03
2.451034827265198601e+03
2.932327935444079230e+03
2.513717750062792220e+03
2.647841959236612638e+03
2.799367585345864427e+03
2.566054507342671513e+03
2.593500737125386877e+03
2.492940063140445091e+03
2.430596111042736084e+03
2.653063197175130881e+03
2.342485823154793252e+03
2.560725133449116584e+03
2.292112211121470864e+03
2.319035951187402588e+03
2.750993538952367089e+03
2.801940933365329329e+03
2.470368770422987382e+03
2.666143467645520104e+03
2.223928924956830997e+03
2.296166237541049213e+03
2.635290158178131605e+03
2.639815525434583833e+03
2.387048606810170895e+03
2.519307366936250219e+03
2.844837602875778430e+03
2.410147024144323041e+03
2.683221485707976171e+03
2.782299668427395773e+03
2.563470163981052792e+03
2.511639413456537113e+03
2.622401388734950160e+03
2.491302703518860653e+03
2.415449873417750041e+03
2.158549858022555327e+03
2.735399434669615403e+03
2.337252423671209272e+03
2.670290160230357287e+03
2.317688660403426638e+03
2.668712917921722237e+03
2.667236234661145318e+03
2.626459277876305350e+03
2.725400891985752423e+03
2.875150443260788961e+03
2.096413379289702789e+03
2.561123027851594088e+03
2.362796682807513207e+03
2.747361299861121552e+03
2.842289810828374357e+03
2.425929082955404738e+03
2.342963963070013506e+03
2.556656185242793072e+03
2.709418465818895129e+03
2.415807129638244987e+03
2.666124140745993827e+03
2.462938678115830953e+03
2.772156312180393797e+03
2.837628822105149993e+03
2.547687954538032500e+03
2.790934908018044553e+03
2.898416709519389769e+03
2.416194126666820466e+03
2.509725267145788621e+03
2.225032720246779718e+03
2.604845395349917453e+03
2.248553587523862006e+03
2.429043687278755897e+03
2.744403951778171177e+03
2.477925176021878542e+03
2.554212551396428353e+03
2.809903031293445110e+03
2.126083142888246584e+03
2.583474011813565539e+03
2.620394419565760472e+03
2.940543805654804601e+03
2.458186065607281762e+03
2.490214479929441950e+03
2.544675104359425859e+03
2.544282335170575152e+03
2.835928276811217984e+03
2.763818401773454752e+03
2.227012061883896877e+03
2.439452842757363214e+03
2.569200023741736914e+03
2.597189219029705782e+03
2.526120045923098587e+03
2.826579977728900303e+03
2.744593296582469065e+03
2.257475513267543192e+03
2.715814362527652520e+03
2.419974412330331688e+03
2.717595966323813172e+03
2.642915887768683206e+03
2.382103887571020095e+03
2.072017297369478456e+03
2.785137164320572083e+03
2.294632045010174807e+03
2.524706898589272441e+03
2.473293369704558245e+03
2.938334700130870260e+03
2.461930037516358880e+03
2.749658569307339349e+03
2.342040678533454866e+03
2.466137626302725948e+03
2.296863575109287012e+03
2.560485352000769126e+03
2.854142274712697599e+03
2.427815285426205719e+03
2.207275605615822769e+03
2.664218748572288860e+03
2.420967629743023281e+03
2.583776229641382997e+03
2.746966372811809833e+03
2.822454535199888142e+03
2.568282597156834981e+03
2.563699349457109747e+03
2.550186539952233034e+03
2.566325398369261620e+03
2.734124561958366030e+03
2.148470770717375217e+03
2.469111498141509855e+03
2.933265472426010092e+03
2.539284618108434188e+03
2.481196770231974824e+03
2.832757260246901751e+03
2.592565229247334628e+03
2.529360739924046356e+03
2.494518004167384333e+03
2.834619582190149686e+03
2.148679512232793968e+03
2.463498794398550672e+03
2.516539280377561681e+03
2.356630249194635326e+03
2.827068347875673680e+03
2.587777863316070579e+03
2.204897433232921685e+03
2.491571886941942012e+03
2.353158621174407472e+03
2.774689635865547189e+03
2.337022916013144368e+03
2.528852751068787256e+03
2.676721556992478327e+03
2.775225134506435097e+03
2.837432682093558469e+03
2.657811092437763364e+03
2.366152445518596323e+03
2.529628739794495232e+03
2.369315003255023839e+03
2.598858769581834167e+03
2.576717427447822956e+03
2.813285129378341026e+03
2.768501491125601660e+03
2.384477850035915253e+03
2.615423007837732257e+03
2.303844938101962271e+03
2.644360112852452403e+03
2.798464034334018379e+03
2.488136835529707696e+03
2.317524139357299191e+03
2.545907819725145600e+03
2.242686755916181482e+03
2.518686890470554772e+03
2.522412551830278517e+03
2.725086591573863188e+03
2.381120515076348056e+03
2.982419293041195942e+03
2.401409372691412045e+03
2.612607261748994915e+03
2.143936622811168036e+03
2.849860964596238773e+03
2.641857646195516281e+03
2.444979970650454561e+03
2.509988390553678983e+03
2.511575710289147082e+03
2.193568356642170329e+03
2.813003971404313688e+03
2.863159502697221797e+03
2.734541216049961349e+03
2.605377756779142601e+03
2.582914940311610735e+03
2.585129960789126471e+03
2.282781925321716699e+03
2.897445322659437352e+03
2.396780873822359808e+03
2.372997713418370950e+03
2.854728089402053229e+03
2.573994184374065298e+03
2.226412375254483777e+03
2.657188574537553450e+03
2.294819537698208023e+03
2.477416987170867287e+03
2.418258721191754375e+03
2.584396466019842592e+03
2.673113191157946858e+03
2.724981142341445320e+03
2.800523447320451851e+03
2.858779290377540747e+03
2.603894802685183549e+03
2.725674178146366103e+03
2.530766001886976483e+03
2.690165409524436654e+03
2.191290628577511143e+03
2.539970649956160742e+03
2.398524930094220963e+03
2.566431170443966494e+03
2.365822625716845778e+03
2.431090435259156038e+03
2.870493871403896719e+03
2.779995491443786705e+03
2.326158132860176465e+03
2.595632580740896174e+03
2.154774792035952942e+03
2.169156590543363109e+03
2.537118191858602586e+03
2.894666265526945153e+03
2.391141076170087672e+03
2.327481128649244965e+03
2.768682010664202153e+03
2.153341204557318633e+03
2.742551758431883627e+03
2.647459144132267738e+03
2.747692025328952695e+03
2.766095336515229974e+03
2.666115623848119867e+03
2.305477878125635470e+03
2.612139396654815300e+03
2.428245262301732510e+03
2.625525740678906914e+03
2.147689859283293572e+03
2.637539985794586300e+03
2.632327003243848594e+03
2.411859922564080989e+03
2.451834653282339787e+03
2.558113219284362458e+03
2.931905132493520341e+03
2.541300575955488057e+03
2.412610047208407195e+03
2.634152693075785464e+03
2.516871013040517482e+03
2.912111556838701745e+03
2.734244145036390364e+03
2.418435670330144603e+03
2.161644997686810711e+03
2.675940513637518961e+03
