2.782407673638451342e+03
2.000000000000000000e+03
2.643621240319253502e+03
2.601031018154453704e+03
2.332857976426589630e+03
2.294955072118603766e+03
2.789641937088451414e+03
2.289028635780967761e+03
2.224532200112838837e+03
2.149561422716687503e+03
2.712457825542016508e+03
2.440130143108097400e+03
2.837408975126292717e+03
2.119098543436523414e+03
2.614369696062623916e+03
2.378806822035150162e+03
2.460238406257400129e+03
2.302628579092282962e+03
2.830830426141998942e+03
2.234204248239886510e+03
2.645162312663786906e+03
2.549063305533047242e+03
2.171589007202504945e+03
2.127246571922053590e+03
2.781309442948625929e+03
2.333885739417195509e+03
2.330917143213212057e+03
2.186924098339989087e+03
2.688688752960123566e+03
2.523155996824429167e+03
2.829388805998578846e+03
2.090987441340928854e+03
2.432503196578411917e+03
2.709441684183238976e+03
2.153609571729360141e+03
2.289764656715358797e+03
2.454569889556448288e+03
2.652696731896742222e+03
2.119826296822202039e+03
2.843807241952477852e+03
2.326533414428286505e+03
2.455696339446919410e+03
2.211198525235626676e+03
2.884858811443125433e+03
2.619975266618149817e+03
2.582150458201987931e+03
2.110568334445545588e+03
2.127453135639281300e+03
2.113133799091182482e+03
2.218481542421616268e+03
2.461497269057064386e+03
2.703390075163176334e+03
2.165312822637212776e+03
2.853377789098988160e+03
2.405250491911521749e+03
2.536694167484878108e+03
2.090052407234432849e+03
2.836147565620988189e+03
2.514265215231832372e+03
2.678130123242526679e+03
2.217867662667237255e+03
2.335260443225758081e+03
2.318242590465721150e+03
2.763265582509096930e+03
2.699252259395348574e+03
2.542955776649451309e+03
2.188718909685334893e+03
2.129759331837504305e+03
2.544749517347568144e+03
2.336757528847501817e+03
2.827350539969012061e+03
2.188822382462417409e+03
2.698894005733023732e+03
2.541925424253193341e+03
2.725435634186481366e+03
2.148058238158093900e+03
2.801501730801152007e+03
2.287497230004807079e+03
2.339525255918081712e+03
2.216957837030539395e+03
2.265875422869768045e+03
2.177404816122417742e+03
2.797345547811950837e+03
2.376120798969816860e+03
2.790493306985326399e+03
2.140135402867274024e+03
2.616311750939813010e+03
2.457980064686195419e+03
2.783761932989802517e+03
2.279974330437158187e+03
2.396421904914072911e+03
2.260001899284173760e+03
2.156183233215198015e+03
2.071614551371329526e+03
2.649311226954367157e+03
2.603979556366182806e+03
2.221573107905154757e+03
2.810328622286875543e+03
2.288776191747940629e+03
2.476698644238890665e+03
2.130338017663500523e+03
2.132667371563075903e+03
2.528482187640452594e+03
2.628672333262877601e+03
2.146640134840625251e+03
2.282278931837355231e+03
2.346698817488161694e+03
2.775068844956259909e+03
2.112989335047804161e+03
2.783156016251060009e+03
2.489447301100554341e+03
2.708671952845779288e+03
2.599756072618851249e+03
2.651502384525768321e+03
2.158954112143542261e+03
2.696602281727464742e+03
2.276176329820224964e+03
2.808255877284008420e+03
2.188001377765611323e+03
2.434911303650755599e+03
2.466155541848194844e+03
2.753141500039728726e+03
2.132247683502988366e+03
2.185025643575872436e+03
2.400326895528156001e+03
2.560571448748004968e+03
2.169819389899473663e+03
2.813026241864164604e+03
2.616907662757583239e+03
2.590272443098194344e+03
2.134813844129668723e+03
2.117996327152161484e+03
2.377436917233320401e+03
2.267259115607895637e+03
2.810957536140120283e+03
2.263106720662078260e+03
2.606887796199389413e+03
2.397498425918337944e+03
2.785465557162097866e+03
2.177982974492386802e+03
2.700264379245525561e+03
2.395828664026886145e+03
2.231890071761469699e+03
2.187484934405325930e+03
2.349149683838132205e+03
2.183200575728948024e+03
2.805103520679047051e+03
2.312326024910275464e+03
2.750455686630409673e+03
2.134141282186776607e+03
2.727800244338933680e+03
2.458625699350507148e+03
2.818631801349450143e+03
2.198584377927925743e+03
2.511775688116647871e+03
2.336187097343545702e+03
2.154538057238248712e+03
2.187245074002371439e+03
2.675375717879344847e+03
2.554519599263587679e+03
2.227203288655041888e+03
2.814516305854944676e+03
2.351010964515277919e+03
2.548827107671939757e+03
2.147992564047876840e+03
2.167720396798158163e+03
2.504016478709801959e+03
2.696825205170564004e+03
2.227170907925294159e+03
2.388342408774531577e+03
2.229125323250709698e+03
2.805253437812927132e+03
2.146198400797930390e+03
2.738475720911120789e+03
2.579559337727449929e+03
2.658096971514623874e+03
2.473140756722212245e+03
2.658449165740256831e+03
2.132238251057443449e+03
2.800880720996456148e+03
2.328623965629481518e+03
2.730819992942005229e+03
2.181427517584641464e+03
2.257867769482095355e+03
2.564175865198807514e+03
2.648875086470116457e+03
2.060855226640183901e+03
2.146572000046528046e+03
2.271271872721104046e+03
2.509821062730008634e+03
2.242725559135232288e+03
2.804170634049655291e+03
2.776955301256170060e+03
2.089215608639970469e+03
2.647208919993918244e+03
2.475262738991167680e+03
2.321383184082596472e+03
2.163131682840148642e+03
2.763481244074446295e+03
2.374292686556393164e+03
2.179799439676218299e+03
2.100321153948360916e+03
2.643453969473992402e+03
2.539213171074618458e+03
2.847495456621931226e+03
2.174129812371539629e+03
2.439343518299899188e+03
2.365520713884622182e+03
2.572699571394747636e+03
2.405597605817568365e+03
2.830228920195530918e+03
2.152876971587987555e+03
2.718793286256282954e+03
2.463642330000512175e+03
2.245311858397857577e+03
2.136531128846901538e+03
2.775053512952728397e+03
2.284469243496305353e+03
2.397381656515320628e+03
2.271124248307231483e+03
2.629488432021133121e+03
2.517141746345455886e+03
2.787633603887104073e+03
2.076133358869257791e+03
2.290849489177884152e+03
2.780632350883262461e+03
2.221722458888150413e+03
2.322229135830969426e+03
2.558840693103330068e+03
2.660539194562255943e+03
2.062103896206318041e+03
2.829278551013412198e+03
2.392653650939640102e+03
2.515004304653752570e+03
2.188682815652004592e+03
2.836786236530830138e+03
2.516457503088644899e+03
2.686588213441391872e+03
2.117205443678949905e+03
2.234933922529459778e+03
2.104150796471982630e+03
2.165059322956718461e+03
2.587057462088889679e+03
2.572042056008433974e+03
2.221473148459184358e+03
2.865208464950746929e+03
2.275224808327676328e+03
2.418513084907301163e+03
2.122911068237578547e+03
2.819561240305709362e+03
2.475185837109973363e+03
2.580942855118880289e+03
2.173382740905406081e+03
2.241216549559002942e+03
2.375270646350466905e+03
2.742547072491292511e+03
