3.446476660158332834e+03
2.000000000000000000e+03
2.525905483404970255e+03
2.844253645249464171e+03
2.795637762865661898e+03
2.867913297005495679e+03
2.592947492032787977e+03
2.892986190008904032e+03
2.901768665121283902e+03
2.884572684647564529e+03
2.519931397791836389e+03
2.963213699309033927e+03
3.049231662160848828e+03
2.198591081679018316e+03
3.202725291710113197e+03
2.765191204804155859e+03
2.735484041533496111e+03
3.040602987166588719e+03
3.109591125449587707e+03
2.966597774165451028e+03
2.469223173203210081e+03
3.151839536749892886e+03
2.376554918526137499e+03
2.883294778420494822e+03
2.951705246995006291e+03
2.577488799608241607e+03
2.689068197497238543e+03
2.539753177483951731e+03
2.399043790183244255e+03
2.839599182830342215e+03
2.821177639691415607e+03
2.688260095026689669e+03
2.853375109782491108e+03
2.872275995673870057e+03
2.536263052010658157e+03
2.691321958394830745e+03
2.934254152126225108e+03
2.861586902102161730e+03
2.435272289153899692e+03
2.641022401263992833e+03
2.760164319292908203e+03
2.509663131865634568e+03
2.930702600012766197e+03
3.240514774398477130e+03
2.816905608228695655e+03
2.684341357721474651e+03
2.534581311643694789e+03
2.614404062965333196e+03
2.921708134328223423e+03
2.815129899054708858e+03
2.607378542789876064e+03
2.435349767298836923e+03
2.406902067624551819e+03
3.484363508819834351e+03
2.681350284820914567e+03
2.969450976283385444e+03
2.246492234999084303e+03
2.977666850957386032e+03
2.659954106101934940e+03
2.400202500809494722e+03
2.943094286618693332e+03
2.815537220430695015e+03
2.588314254116866323e+03
2.976961529251719185e+03
2.407199374917146088e+03
2.697405441676821738e+03
2.401374140023969176e+03
2.990171213127159263e+03
2.739008275834508368e+03
2.754804819627428515e+03
3.016203119021026396e+03
3.070453811351892909e+03
2.319379084398810846e+03
2.868544849994814285e+03
2.673313728692601671e+03
3.053406819546881707e+03
3.043327182537369481e+03
2.584959985766588034e+03
2.942594973442611717e+03
2.532646824594011832e+03
2.900864271496236142e+03
2.663348748855966278e+03
2.774054650631437653e+03
2.695603192815598504e+03
2.372018639835215708e+03
2.620039363593881717e+03
3.239786031827221450e+03
2.740793563050260218e+03
2.672453786180833504e+03
3.083319362912889119e+03
2.905028219939039445e+03
2.691897502842622089e+03
3.071936839998943015e+03
2.219611716521279050e+03
3.260670589216650114e+03
2.613280107495593256e+03
3.219828825285559105e+03
3.016421804773861822e+03
2.588570762812748853e+03
2.569492744060881705e+03
2.606528224674323610e+03
2.590244677783434781e+03
2.638655369787594282e+03
2.649223163269144607e+03
2.493385974790572618e+03
2.682128436928104747e+03
2.430789205420632697e+03
3.136464921064430200e+03
2.853565098173901788e+03
2.644812816718292652e+03
2.792314010084237452e+03
2.682011398295688196e+03
3.072059650388596765e+03
2.296517321492484825e+03
2.656361413237626948e+03
2.702523277498644347e+03
2.744986273424594401e+03
3.015208578477043375e+03
2.908233397935348876e+03
2.871682944942132053e+03
2.806240281802162826e+03
2.504841335559908657e+03
3.284559482939824193e+03
2.875712069299760969e+03
2.841722563402878222e+03
2.999192509709965634e+03
2.808766037226077970e+03
2.617217297782300193e+03
3.025889288333004970e+03
2.519833801628460151e+03
3.223166126935532247e+03
2.156908212176537290e+03
2.981395639911955186e+03
3.035541001394451541e+03
2.682407753248447989e+03
3.245819868068441792e+03
3.089040688508573112e+03
2.963086959466448661e+03
2.460219757649510939e+03
2.274484444042480391e+03
2.693692963864570629e+03
2.660484090833775099e+03
3.049944612742289792e+03
2.690969778658021824e+03
3.139879354712772965e+03
2.702768677495480006e+03
3.024658024053883310e+03
2.752840787311760323e+03
2.560932034646959892e+03
2.901420338666984208e+03
2.559001598168054443e+03
2.775983033661586433e+03
2.990141566089985190e+03
2.995087850048257678e+03
2.839118044887822180e+03
2.665295982511465809e+03
2.457757266400805747e+03
2.916031741716648867e+03
2.473375779517227784e+03
2.788720350346676241e+03
2.603653115583890212e+03
2.869425191351018384e+03
2.740028669641227680e+03
2.954441389663778409e+03
3.009003740966033547e+03
3.050244905272568758e+03
2.677175595915008216e+03
2.605124815435607161e+03
2.717959646484496716e+03
2.872581103198332130e+03
2.794279086451846524e+03
3.034101829775659098e+03
2.652687939931178789e+03
2.762871592271637383e+03
2.834959576885646129e+03
2.363330675149406943e+03
2.738937475156199980e+03
2.997527834718886425e+03
2.530406885287961813e+03
2.571110050039439102e+03
2.660330246919497313e+03
3.087909502324593632e+03
2.605361376259312237e+03
3.083727840083820411e+03
2.640473601803006204e+03
2.996349107840283523e+03
2.518973821981408946e+03
2.651870803266020630e+03
2.913761331489962686e+03
2.757635144392423626e+03
3.026235113204079880e+03
3.209767237214959550e+03
2.612137327680514318e+03
2.774394121452520722e+03
2.537146619206726882e+03
2.700946122291450138e+03
2.594168009285399876e+03
2.578808708186974400e+03
3.025401905279903986e+03
2.614836573283594134e+03
2.282344694559298205e+03
2.843166568147289581e+03
2.560123466721716795e+03
3.013371607289065196e+03
3.206278102732552725e+03
3.113061655027041525e+03
2.820358390167785728e+03
2.691586722478177762e+03
3.317231313446358854e+03
2.687328083428846639e+03
2.680182808758124338e+03
2.240829332850280935e+03
2.647688941003466425e+03
2.814697191252463654e+03
3.180502287490107392e+03
3.096151143800793761e+03
2.692588391405318362e+03
2.956305445679235163e+03
3.048947627460194781e+03
2.902380384421921917e+03
2.617804341623879736e+03
2.843540002875868595e+03
3.144462117981531264e+03
2.286939727630635389e+03
2.558767587413086858e+03
3.077817987041122251e+03
2.976752579095419605e+03
2.791886463916214780e+03
2.590019566373431189e+03
2.400145473356914408e+03
2.416997078294555649e+03
2.852545087358250385e+03
2.618705284680451769e+03
3.214414761876628290e+03
2.557784186519511422e+03
2.932399996685031056e+03
2.680653696694282644e+03
2.432841631944394521e+03
3.037787517308380302e+03
2.543195595766765564e+03
2.688146302115295839e+03
2.476175341201788342e+03
2.898334653459686251e+03
2.692793609279695374e+03
3.069855864487795770e+03
3.143229312597811258e+03
2.931495281265029007e+03
2.656932858119421780e+03
2.514614301961275032e+03
2.489058210051828610e+03
3.034640266434287241e+03
3.162347174648331929e+03
2.869360301365979012e+03
2.775882288396594504e+03
2.992931678664767787e+03
2.805560257988504873e+03
