6.048403729871895848e+03
2.000000000000000000e+03
4.038969191453243639e+03
4.036082178161281263e+03
4.459478754649872826e+03
4.343509719874571601e+03
3.908623063044610717e+03
4.143209581999974034e+03
5.351804041521626459e+03
4.041207273691414684e+03
3.875254876482843429e+03
4.429884768832775080e+03
4.960856180400938683e+03
2.855789101639360524e+03
3.984726162466296500e+03
3.189291130345789043e+03
4.412450861186447582e+03
3.591205659156175898e+03
4.347091015995617454e+03
3.310750974099079031e+03
3.092883405421162024e+03
4.335637890373538539e+03
4.334634914189490701e+03
3.121469235275947540e+03
2.950484891907766269e+03
3.207581040640909123e+03
4.307175031397666316e+03
3.427082718917761667e+03
4.340773339798230154e+03
3.756821904707612703e+03
5.500231649353041576e+03
3.587580154712440162e+03
4.104867554955086234e+03
3.132144923294461933e+03
4.045178038238116642e+03
3.756886692831402797e+03
4.498585765912315765e+03
3.885205902978053473e+03
2.753696557348933766e+03
4.654322779283262207e+03
4.354757426515215229e+03
3.893322503555500589e+03
3.673614938379260821e+03
4.613235526191991084e+03
4.729313778449321035e+03
3.306757559770182525e+03
4.051499919870580470e+03
4.321425558372011437e+03
3.482988529333953920e+03
4.255241678153601242e+03
3.360144492904307754e+03
4.027303614985527474e+03
2.984642158277920771e+03
5.154558818761948714e+03
3.206868237584047165e+03
3.858023736006804484e+03
3.113733857519406229e+03
5.100438748269093594e+03
3.909332317025817247e+03
4.007755988367161990e+03
3.628996877734112786e+03
4.061459391920059716e+03
3.417335751285086189e+03
3.590227612214223427e+03
3.287408223886443011e+03
3.911381378686586686e+03
4.495419600048933717e+03
3.645108500992542758e+03
3.991854587610861017e+03
3.321406808523381187e+03
3.524319242542660504e+03
4.376205785394389750e+03
3.715313600507504816e+03
4.325565677346123266e+03
3.437336343780336392e+03
4.876993101074594961e+03
3.824050179628256956e+03
3.344284854187900692e+03
4.314258110502135423e+03
3.422262020503198983e+03
4.542746352212287093e+03
3.063165588821922029e+03
3.793879615317182470e+03
2.965012156464281361e+03
3.659903843517197402e+03
4.472248095024466238e+03
4.824787173595479544e+03
4.407970162493016687e+03
3.433420048912049424e+03
3.639712470590422072e+03
4.754608151535898287e+03
4.242546342352963620e+03
5.250243065950645359e+03
3.303259884905305171e+03
5.248469174576895966e+03
3.260043877321969376e+03
3.912145442526474653e+03
3.624321036564831957e+03
3.489329777999427279e+03
5.003696127019986307e+03
3.012484622319715072e+03
5.458128893490996234e+03
3.480350152679948224e+03
4.245273259989992766e+03
3.783297980783022922e+03
4.512753767451940803e+03
2.824767960731596759e+03
4.294812926503580456e+03
4.275742013239303560e+03
4.192459220165639636e+03
3.091225514064099571e+03
3.317394135674295285e+03
3.974355205594977178e+03
4.111022544489849679e+03
4.584435416366540267e+03
3.399002902697362515e+03
3.123954163385310494e+03
4.630396415816331682e+03
3.950746636237543044e+03
4.446586966962866427e+03
3.298651019228407677e+03
3.889590037498918718e+03
3.266275005390786191e+03
4.310600795059017400e+03
3.418044787393821935e+03
3.583931310842119274e+03
4.845870882837481986e+03
3.458789767228634446e+03
3.593728155196151420e+03
3.338341585342188409e+03
5.647127060921164230e+03
2.688531238439920799e+03
4.619569715694871775e+03
3.908887706321230326e+03
3.237515427142531280e+03
3.951932635917787138e+03
4.042385252815658532e+03
3.997086343220531944e+03
3.514410547982089611e+03
3.241271216938815542e+03
4.303188159310765514e+03
2.863068113021523004e+03
5.374010102473529514e+03
2.872293990991382088e+03
4.927490875876962491e+03
3.541856822024755274e+03
3.321954157096593917e+03
4.317449953185916456e+03
3.718229228089168828e+03
3.265135689997800000e+03
4.162534149232580603e+03
4.174625067098600994e+03
3.605497190299653994e+03
3.237375423806237450e+03
3.780873367265252000e+03
4.583625999405889161e+03
5.516908529407957758e+03
3.199451273052464785e+03
3.525727531055609234e+03
3.242809056219352897e+03
3.534186290317186376e+03
3.274500901017390788e+03
4.615017704266236251e+03
3.363448266195287943e+03
3.946658005842823513e+03
5.071897504349422888e+03
3.410519822092537197e+03
3.716012152850663824e+03
3.500400008588899709e+03
4.260460898196344715e+03
4.103080212089181259e+03
3.770029660768854228e+03
4.262616867948740037e+03
3.715650923488774424e+03
4.109308291403412113e+03
3.809555283674255861e+03
4.460769832972876429e+03
4.074774783572891465e+03
3.737885389804753231e+03
4.287099889829003587e+03
3.587350140340067810e+03
3.812438361218524733e+03
3.527391918588799399e+03
4.574939532579790466e+03
3.705320585532959285e+03
4.308157944685190159e+03
3.060938391554122973e+03
4.970201369621659069e+03
3.926880334316605513e+03
4.078023147195066485e+03
3.582325464722931429e+03
4.018512426090670942e+03
4.147265150609917328e+03
3.382127464575898557e+03
3.402573905118369566e+03
3.829071407760946386e+03
4.029616362902097535e+03
3.799620335231564241e+03
3.796747839701184148e+03
4.456037981555313308e+03
4.337712942974367252e+03
3.477419375921501342e+03
3.503080949717505973e+03
3.414979944746768524e+03
4.239867689684379002e+03
3.787446469056646492e+03
4.012326530868102964e+03
3.172610611672732375e+03
4.033544430762850425e+03
2.898857190026328681e+03
5.242681556925396762e+03
2.755616090216914472e+03
3.515618909334561067e+03
3.379379515078177064e+03
4.609205462697973417e+03
4.768506459067270953e+03
4.314310569874432076e+03
3.298887653405248784e+03
4.493149869643375496e+03
4.480244423155860204e+03
4.066651389737433874e+03
3.044697305061994484e+03
4.813918719898128984e+03
2.546891763130270647e+03
3.124592145669730598e+03
4.325312052311202933e+03
3.787853923902482620e+03
4.240012271861663976e+03
3.767404721232529027e+03
4.534756938584197997e+03
2.599335489237942056e+03
4.220774286158767609e+03
3.119886997079448520e+03
3.991406502489534432e+03
2.656898941145274875e+03
4.721548906864171840e+03
3.282830991852286843e+03
3.990543303793009727e+03
3.810305089480172228e+03
4.669293159095220290e+03
4.100552480566204395e+03
3.659461752857341253e+03
4.112356427467011599e+03
3.452996527938868894e+03
2.972938046120268154e+03
4.210404408757385681e+03
3.320324934842877610e+03
4.508507351974799349e+03
3.665275344103339194e+03
4.021309254353231154e+03
4.297147829160567198e+03
4.628572007868954643e+03
3.556184724378612373e+03
3.458640761457279041e+03
4.413613548130135314e+03
3.347184569640345217e+03
