3.945535900508225495e+03
2.000000000000000000e+03
2.833313052755735953e+03
3.187236356722533856e+03
2.914986531340575311e+03
2.923098035478081329e+03
3.249273316250834341e+03
2.831672683374265489e+03
3.776671555922012885e+03
2.594667426581906511e+03
2.835506003615648297e+03
3.584762038056619986e+03
3.033540119185353433e+03
2.891247634824138913e+03
3.316373382408293764e+03
2.852194208404185702e+03
3.059234354734429871e+03
3.194088737580473662e+03
2.699017950474923055e+03
2.889242394776515084e+03
2.375770799323764550e+03
2.767926734971771111e+03
3.190282074481619020e+03
3.124345436707051704e+03
2.635061706178497843e+03
3.335075467621689768e+03
2.792297814473428843e+03
2.797906534284329609e+03
2.642698952682358140e+03
3.492898744785625240e+03
3.361725449742490127e+03
2.633087331759864355e+03
3.487516516280065844e+03
2.504945231530328329e+03
2.897512412066737397e+03
2.806689679181512929e+03
3.569146071996607134e+03
2.791662816125077370e+03
2.478778160683147235e+03
2.951200193785107331e+03
3.309132029732225419e+03
3.056853959123390268e+03
2.766484352334724463e+03
3.045137720879569315e+03
3.430485679721518864e+03
2.728663098422161966e+03
3.087796436190976692e+03
3.176049970341389781e+03
2.670968237070968826e+03
3.354512755198463310e+03
3.075339642021986947e+03
2.763816730271696542e+03
2.703058412942582891e+03
3.177045099718084202e+03
2.761698256734866391e+03
3.001502194119251726e+03
2.528694916067461691e+03
3.377283138053978291e+03
2.642114768423116857e+03
3.263944009972608001e+03
3.127495840632265299e+03
3.013341497336252814e+03
2.840797779110768715e+03
3.283674250569941705e+03
2.712729123371201240e+03
2.637176515863744498e+03
3.057925982150772597e+03
2.858405001263132363e+03
2.994478178650168502e+03
2.931285034624740547e+03
2.625327957330485333e+03
2.880208706943359175e+03
2.845147319509645058e+03
3.141940396625901485e+03
2.604682699917299033e+03
3.066853914196419282e+03
3.113042349405571258e+03
2.972979681612515378e+03
3.159106947504761592e+03
3.099120843724968381e+03
2.961004540569589608e+03
2.903966517854879385e+03
3.571790693023418044e+03
2.561897521064676766e+03
2.607259969570087378e+03
3.243223543053446974e+03
3.326764240885619984e+03
3.019343581930996606e+03
3.323553658788087887e+03
3.042640185510706033e+03
3.635907080800880976e+03
2.780462913266545002e+03
3.602368575675947341e+03
2.468919344822400944e+03
3.276233953935185127e+03
2.913430875924721022e+03
2.927431151195397888e+03
2.991204000830961377e+03
2.763224449426587398e+03
3.352412927609740564e+03
3.241140973763836882e+03
3.662641216410389461e+03
2.803436127405030675e+03
3.274602733107369204e+03
2.907613419507430535e+03
2.602036432723871258e+03
2.287832260059426517e+03
3.687354985042283261e+03
2.869399916370881328e+03
3.275196669697323614e+03
3.463748713112629503e+03
2.499145757850739756e+03
3.505775037106998298e+03
2.799622695175257832e+03
3.238658867035393996e+03
2.947406740062222980e+03
2.718625724836909285e+03
3.568332800104803937e+03
3.182536565074707596e+03
3.092921995519240227e+03
3.384830639604716907e+03
3.290656462071536680e+03
2.829967278097709368e+03
3.758045943269321469e+03
2.579764380274064933e+03
3.557176819937518303e+03
3.409222879098358590e+03
2.857255461212045702e+03
3.136447520188605267e+03
2.931301477913631061e+03
3.352557445842284324e+03
2.389041278707524270e+03
3.440374213907560261e+03
3.050094841777703095e+03
3.328526760674722937e+03
3.291058658566329996e+03
3.273063794402817166e+03
3.047558259337457457e+03
2.906883709582306437e+03
3.234356433260078120e+03
3.720905527121534760e+03
2.885428980423676876e+03
3.724942707978033923e+03
2.823324318049885278e+03
3.442409425493660819e+03
3.085546950397516412e+03
2.928953866044239476e+03
3.394418403438009136e+03
2.783051433934443594e+03
3.249727019251991351e+03
2.688223811455137366e+03
3.483041032686224753e+03
2.464057002426251529e+03
3.095543768746395926e+03
2.795136331214686834e+03
3.379720263867588528e+03
3.383640154648315729e+03
2.896779567026654149e+03
2.699956825950579514e+03
2.805503098871930433e+03
3.586396421631618978e+03
2.791082506993195693e+03
3.086782332711997697e+03
3.052322453669467450e+03
3.028119398936979451e+03
3.764130401687850735e+03
3.057571753862846890e+03
3.339522204576756849e+03
2.843161236866439140e+03
3.189552664514303160e+03
3.016126466483294280e+03
3.225874281204141880e+03
2.864522029704846318e+03
3.157559587035502773e+03
3.294528629573160288e+03
2.853866423206727177e+03
3.723625492034419949e+03
3.057339181893403293e+03
2.370738049361139929e+03
3.345638272885619699e+03
2.430182342795660134e+03
3.414791951580045406e+03
2.898892750056001205e+03
3.041226412790337235e+03
2.986287885921160523e+03
2.744890499780783557e+03
3.012234179202183441e+03
3.302099738073975459e+03
3.340498099017155710e+03
3.028752797961464239e+03
2.947781763091785251e+03
3.157723775997688790e+03
3.271716833580278035e+03
2.417136649220461095e+03
2.555659348706997662e+03
3.294119419838104932e+03
2.721153899068779538e+03
2.891254396029884902e+03
2.976711979417957082e+03
2.711227220393599964e+03
3.031893874020836847e+03
3.203874899790803738e+03
2.544546955531910498e+03
2.735880350702999294e+03
2.644809681992163405e+03
3.061056522830510403e+03
2.933475541938869810e+03
3.023139941816375540e+03
3.817742738398454094e+03
2.332048706331963331e+03
3.439625077025139035e+03
2.952529752267780623e+03
3.291000221270024667e+03
3.129935896529729689e+03
3.576219932907642942e+03
3.292332279972512879e+03
3.503433721184973365e+03
3.067934767571113298e+03
3.348031926231803027e+03
3.404887464794433981e+03
2.974535722619731587e+03
3.056252603281554002e+03
3.248536120778701843e+03
2.233207508488284475e+03
3.175942326080383737e+03
3.266788424865948400e+03
2.948947961563364515e+03
2.997340997694606813e+03
2.723638957682033379e+03
3.433656241627181771e+03
2.829546903580118851e+03
3.648503107697998530e+03
2.699934537761047977e+03
3.360595919639966269e+03
2.668626396756239046e+03
3.329736514403908586e+03
2.992581946992570920e+03
2.932145816897088025e+03
2.997105571515073279e+03
3.526658697594986734e+03
2.713611029414392760e+03
3.114453784197350615e+03
3.040224334687412920e+03
3.118038849700783430e+03
2.918891824692987029e+03
3.390706714763081891e+03
2.641837614398465576e+03
3.258898658906364290e+03
2.639672495601417722e+03
2.813566908805933053e+03
3.308022721147969605e+03
3.142294395238507150e+03
3.066379465138348678e+03
2.748839770682379367e+03
2.872724707594970823e+03
2.724820445095309879e+03
