6.924414256121872313e+03
2.000000000000000000e+03
4.941590596419767280e+03
4.305467035781451159e+03
4.724116092923157339e+03
4.358665110053419085e+03
4.429973779792587266e+03
3.866757046349965094e+03
5.330881630156456595e+03
4.413026617763511240e+03
4.469911431750219890e+03
4.597411325545756881e+03
6.940993175002407042e+03
3.142507381396010715e+03
4.234699813923433794e+03
3.804358054336166333e+03
4.635766100503895359e+03
4.173483815168501678e+03
5.624738181837174125e+03
3.479642341043322176e+03
3.565633902658617899e+03
5.637788467477300401e+03
5.488751660795561293e+03
3.399554033569858802e+03
3.714388718485533445e+03
5.631597088056549183e+03
5.296585195750350977e+03
4.047576325716282554e+03
4.713748594757289538e+03
4.373470261438051239e+03
5.530627018725333073e+03
4.189287242565351335e+03
5.819309008183510741e+03
3.525891209425201851e+03
3.848201723228045012e+03
4.656656162490851784e+03
4.763319882583353319e+03
4.714692694965568990e+03
2.966036774750456971e+03
5.102738927420963591e+03
4.403812535015387766e+03
4.710202796502160709e+03
3.847391249171259915e+03
4.691166146303183268e+03
4.171867295886053398e+03
3.360431423388809890e+03
5.088846976504383747e+03
5.567313274426275711e+03
3.697422553545065057e+03
5.724789288925587243e+03
4.087057262860569608e+03
4.677055699783695673e+03
3.396469428532281199e+03
6.375201557727522413e+03
3.358653620707928894e+03
4.081162554021888809e+03
3.084664535214557873e+03
5.535467808527448142e+03
3.941700356997208928e+03
4.972004017943217150e+03
4.031223187312223672e+03
4.853503087138522460e+03
4.421745419119945836e+03
3.942572546056464489e+03
3.960606805769442872e+03
4.522198964741607597e+03
5.402061872071908510e+03
4.777861347216750801e+03
4.645804323247472894e+03
3.751626923556334077e+03
4.359824932205811820e+03
5.405091540558321867e+03
4.077059710885890581e+03
4.126691755372657099e+03
4.414905558335529349e+03
4.778945272196291626e+03
5.607361630003700157e+03
3.477658126055414868e+03
4.460525481809841949e+03
4.675141838769000969e+03
5.535978603081885922e+03
3.531868148361109888e+03
5.917527283149469440e+03
2.888980188449490925e+03
3.844286179730659114e+03
4.638256840187885246e+03
5.078775312647577266e+03
4.508054769243743976e+03
4.182454182424493411e+03
4.413969193253809863e+03
4.785596825797141719e+03
4.441106787722645095e+03
6.247981719324398910e+03
3.582697310995878979e+03
4.692301135409614290e+03
3.725861282979982207e+03
4.119979670340529992e+03
3.933127121900239672e+03
4.150678504186071223e+03
5.111757643560496945e+03
3.535931328616546580e+03
5.700441313369726231e+03
3.980975881165569263e+03
4.267508109450212942e+03
3.779596732587600400e+03
5.129732032787726894e+03
3.120114885731525192e+03
6.049986035780519160e+03
4.817842336328622878e+03
4.768986083395335299e+03
3.954132893306528331e+03
3.876504369285391022e+03
4.756261134559276798e+03
4.377811317788475208e+03
6.292533445565029979e+03
4.307224922354440423e+03
3.034647759441076232e+03
5.568437745663861278e+03
4.101744570760760325e+03
5.271715311127537461e+03
3.695918047593487245e+03
5.264352234577005220e+03
3.140535427504370091e+03
5.223787983549627825e+03
3.135374567721817129e+03
4.420149182356976780e+03
5.980146341887465496e+03
3.688552214778173948e+03
5.033924097320134933e+03
4.350400737365224813e+03
8.178870209205777428e+03
2.603298216650581708e+03
4.184274690913571249e+03
3.941248353318752834e+03
3.983613572003467198e+03
4.894576441896298093e+03
4.802363048954624901e+03
5.017568805924322987e+03
4.467126648660241699e+03
3.443264388804202099e+03
4.354717896201294025e+03
3.028069380288936372e+03
6.017337616300230366e+03
3.184904607518715238e+03
5.014718353208972985e+03
4.482520027836470035e+03
4.108272088551377237e+03
5.152836890707309067e+03
4.372270272219741855e+03
4.490971423407137991e+03
4.981335242998324247e+03
4.130129713634880318e+03
3.773680587261061191e+03
4.509015471187087314e+03
4.446896809094860146e+03
4.584516535636595108e+03
7.373153842217040619e+03
3.388013199697697019e+03
4.145205924941817102e+03
3.987975984055316076e+03
3.534414696714939055e+03
4.100588166787265436e+03
4.989802522296389725e+03
4.076526005219609942e+03
4.118849444109670912e+03
5.765845926738600610e+03
3.588788297927313124e+03
4.315023077072326487e+03
3.849622062028282926e+03
5.877533404102900022e+03
4.618785558321125791e+03
4.274488815016751687e+03
4.854396238126671051e+03
4.640757164346827267e+03
5.722758753117957895e+03
3.895958525615557392e+03
4.683945780576969810e+03
5.131486530699228751e+03
4.038733605296887617e+03
5.706842437638636511e+03
4.333053306052889639e+03
4.463077050136696926e+03
3.528619058085763754e+03
5.324558883062837594e+03
3.291573366308474306e+03
5.874868265322882507e+03
3.242777579760624576e+03
6.999673640726130543e+03
3.824730102062598235e+03
4.791735085000045729e+03
3.700107850766658885e+03
4.706396860762080905e+03
4.901951678491535858e+03
3.408841953794713390e+03
4.331759428208201825e+03
4.121142857957952401e+03
4.952427727164045791e+03
5.588823265619824269e+03
4.259611107226177410e+03
4.232359609220174207e+03
5.447828618529428240e+03
4.753789764141542946e+03
4.280602646847497454e+03
5.401915295310609508e+03
4.617465104573429016e+03
4.238077746453727741e+03
4.899984162876693517e+03
3.974000077925187270e+03
5.090565276854398689e+03
3.411206319772203187e+03
6.320338710242864181e+03
2.884784784319618666e+03
4.258659933427125907e+03
3.847015218327959246e+03
4.650750756530658691e+03
5.330514037649418242e+03
5.129723898933618329e+03
3.548434426077442367e+03
5.294081491887194716e+03
5.148734508578016175e+03
6.085947583397249218e+03
3.360606388289288589e+03
6.677638629015544211e+03
3.023858774688632366e+03
3.139324794254867811e+03
5.431807958934314229e+03
4.680568933143156755e+03
4.223578071708411699e+03
3.874036678161973668e+03
4.765002876863439269e+03
2.419277125935714139e+03
5.342341356307942988e+03
3.247112176067039400e+03
4.833144428563318797e+03
3.363778119452100327e+03
5.241788660570802676e+03
3.450716961759319929e+03
4.726020350591526949e+03
4.238717407863375229e+03
5.782817850952390472e+03
5.850673296011766979e+03
4.946687206342934587e+03
4.801723165661938765e+03
3.763910172743393559e+03
3.350448381166613217e+03
5.226093199413633556e+03
3.529741037247751137e+03
5.565751977375525712e+03
4.107602861566461797e+03
4.369775203655572113e+03
3.781846309722491696e+03
4.986371265813227183e+03
4.353041949081314669e+03
4.443237044729111403e+03
4.861495641028904174e+03
4.235596324447824372e+03
