6.798533791327220388e+04
2.200000000000000000e+03
3.015116468806735065e+04
3.549991078501364427e+03
2.977441983772502681e+03
5.212575161580571148e+04
1.182680146942906686e+04
3.252567381927988608e+05
2.587480672256884645e+03
1.776868664523652114e+05
1.471534993887908422e+04
5.647399508346595394e+04
1.413843055755885085e+06
2.420239081939574589e+03
3.149440508695896369e+03
1.254562645125832023e+04
5.764369798752809402e+03
2.469944671579918941e+05
6.634795167856637854e+05
2.947679639039014091e+03
2.919961030722769010e+03
5.921230195050185284e+04
2.975837935822836698e+03
1.288360586139875813e+05
2.988796366809082429e+03
1.210519699502466712e+06
1.865395391183652100e+04
2.893453301879711034e+03
1.774052310874952527e+05
1.486603493860055642e+04
6.674553420380884199e+04
3.145985246275680765e+03
1.127701838260263903e+05
3.581717332818594969e+03
6.527439357468928210e+04
2.105715496242094741e+04
6.668214741125720138e+03
3.941300741870935326e+03
3.048367983274420112e+03
5.504883619320893195e+05
2.683547607802641778e+03
1.931924933991914149e+05
5.575371813643559108e+03
1.229511800733735799e+04
2.201947330017496832e+06
2.571137160596890681e+03
2.888457113170698904e+03
1.563177334871269413e+05
4.548076470951833471e+03
4.677773772043543431e+03
1.369157811248487094e+06
2.302477712076321950e+03
2.140442108069729511e+04
1.243391404665886366e+05
2.965635545102132710e+03
7.018237106835248414e+04
6.100517503189821582e+03
1.226173894663904328e+06
7.053810109112901955e+03
3.868176023312830512e+04
8.997605777369499265e+04
2.980327275070623728e+03
1.333878015555656384e+04
2.813542863570938607e+03
1.726739225053621340e+04
3.078932597579620779e+04
4.255433583796819439e+05
2.973616141857837647e+03
3.553980010721091094e+04
2.974526927279192932e+03
2.676112909396671967e+03
2.773141208934528753e+06
4.061504185750414763e+03
5.467608436316386360e+04
2.730366323467855636e+03
2.165395578319838751e+04
8.893946381210604450e+05
4.221511639086219475e+03
6.826608035883530101e+04
4.416768298773014976e+03
5.561344211516116047e+03
1.274278602589934417e+04
9.893351100725490833e+05
2.832234193851680629e+03
6.408921242930709923e+03
4.650735218801714655e+04
4.464835498167035985e+04
1.326302328874107916e+05
2.711598887230590208e+03
6.168312770008502994e+05
1.438098804854562040e+05
7.109316054343718861e+03
7.505982658758640173e+04
2.885722116104261659e+03
7.520716382474070997e+04
2.900360276464455637e+03
2.482597555760725663e+04
3.277649800476528526e+03
2.096048946747824957e+05
2.708399361735858292e+03
3.460393074338861625e+05
3.588350716242625822e+03
3.269302974802543758e+03
1.177961649421694456e+06
1.018490936338492611e+04
3.123738938533719192e+04
2.854388485480281815e+03
2.540862543877935968e+05
2.956088877903535031e+05
4.477107826923287575e+03
4.869709794869142570e+03
4.141730302681364265e+03
2.144501517837107531e+04
1.059930236200845866e+04
1.672626930708717555e+06
9.775944567974129313e+03
3.135165073178994589e+03
1.114127165176003291e+04
2.771425282539861655e+03
1.437870337028990325e+05
2.970875726834720808e+03
7.692480018611573614e+05
9.371809230105340248e+03
3.826711738784410045e+03
1.293857904024631571e+05
2.788738495858106489e+03
1.048218605909542821e+05
6.023116452717191351e+03
1.689997513532676676e+05
2.667323387488511798e+03
4.244883495211404079e+04
4.583626165823128395e+04
2.726821118906615084e+03
7.153465766290837200e+05
2.114222945373427865e+04
3.414180613358802020e+03
2.752905770228097481e+03
7.413330521556394524e+04
1.437091828654822893e+04
1.919490646086022025e+04
2.698333551687142244e+04
4.995497867663827492e+03
3.133881190025028191e+05
3.280864898225663637e+04
1.141478103029863909e+06
2.287897149088120386e+03
9.330374641507762135e+03
1.387982857862280252e+04
4.221186703148962806e+03
2.281081797715572175e+05
2.378968135894784155e+03
1.565242183709216479e+05
5.631172297510901262e+04
7.021663982937636320e+03
2.277523694526288182e+03
8.041259285560606513e+05
4.314198928111323767e+04
2.970138289730778524e+03
6.362500986634186702e+05
2.838485938031926707e+03
6.966559550604994874e+05
2.658490790290083169e+03
7.815368392373931783e+03
4.121288256021642155e+03
2.710078295894683833e+03
2.494012657115058508e+06
5.448102096377535781e+04
3.165262658612875384e+03
2.748788130742529574e+03
1.652876018467093527e+05
7.778087007622044439e+03
8.295454091656534001e+04
1.930805616477301010e+04
4.756101097955752266e+03
5.496940794622248504e+05
2.697017338281520097e+03
1.163042662786951987e+06
2.761363133840382579e+04
1.162887391448905328e+04
7.199511037879581636e+03
9.229078228164980828e+03
1.151992275113263458e+05
2.658936956840741459e+03
1.347802695972215224e+04
7.290972313224425307e+03
5.064809611742202833e+03
2.790266347286793462e+03
4.667713124197060824e+05
9.503180796029556950e+04
9.774559334380293149e+04
6.141449047700142546e+04
3.035593686271257866e+03
7.062633990903384984e+04
1.148585691226858216e+04
2.222725378687707416e+04
2.578131823528538462e+03
2.648633371602384796e+04
8.084629043305573286e+05
5.143887758231563566e+03
1.531030972978856698e+04
2.076501852565095760e+05
1.066703218118436780e+04
3.044193355912379047e+03
3.765878825741486507e+05
2.759787827815237961e+03
4.972918220129750989e+04
1.821444506035936996e+06
2.295759156166915091e+03
8.044415493303390685e+05
2.543687762158814166e+03
1.225129393821351186e+04
1.098825765454026259e+04
2.786728414624150901e+03
1.889343324203119846e+05
2.466774163220008631e+03
6.061581717800805200e+04
1.143303145986219715e+04
1.212547967967298064e+04
2.736279156605574826e+03
1.003072825578981778e+06
1.416887176794537809e+05
2.622438627198870563e+03
1.911795486278455937e+05
5.177947364730760455e+03
4.639634514364333154e+04
2.958498315766162705e+03
5.408860854621033650e+05
2.273109669129101803e+03
3.040463272670711376e+03
2.796089584677498206e+05
3.272832505189122458e+03
6.755812283337011650e+03
3.328108057472307337e+03
1.781305828074992314e+04
2.264044913773638200e+03
6.471954961557107745e+05
3.809205848909943143e+03
5.343676798113124096e+04
1.444526223367109196e+06
2.299473864319041695e+03
5.452658051716523478e+05
2.622549240603835642e+03
3.797596588744309884e+03
1.231284251211095034e+04
2.867053770392404203e+03
1.033264170717685629e+05
6.764860068853394478e+04
6.316606696036302310e+04
1.993460910547407184e+04
4.333901468984783605e+03
1.036733563822978176e+05
1.500784044472519308e+06
7.971470770506898589e+03
3.029652303246611154e+03
1.605965269486956531e+05
3.277267573160584107e+03
