1.377880714564541413e+05
2.200000000000000000e+03
4.663909362509915809e+04
4.342360546706080640e+03
3.149319995617130189e+03
9.747820177600379975e+04
1.591988764611559236e+04
5.161781638239736203e+05
2.275780765163345222e+03
2.722056558769091498e+05
2.135251131050086769e+04
1.071310168971562962e+05
2.336596435634939466e+06
2.320068431900959695e+03
3.517038868421962889e+03
1.731572000269353157e+04
8.865358150981715880e+03
3.936763127718327451e+05
1.051537218843661016e+06
3.143720117572707295e+03
3.059136548417364338e+03
1.183432159418924857e+05
2.921578524801690037e+03
2.073400802473631629e+05
3.414267587214978903e+03
1.965781425818441901e+06
2.703156878119342218e+04
3.157309074458915802e+03
2.798307920310641639e+05
2.044465646507111887e+04
1.252350076436675590e+05
3.285668588877208094e+03
2.128914694775342941e+05
4.197727839497952118e+03
1.010738520529862435e+05
2.982569867054978022e+04
8.565771452625613165e+03
4.688549940457570301e+03
3.613610881271605649e+03
8.906284531830832129e+05
2.769646925615814325e+03
3.138404413644765154e+05
6.790271094085361256e+03
2.286754056840730118e+04
3.527240598313593771e+06
2.580303692473933552e+03
3.336360273637309547e+03
2.502386236641810392e+05
6.927893024615631475e+03
5.776965468507816695e+03
2.254929384101663250e+06
2.325439213226021820e+03
3.163155955522082877e+04
2.387956100000443985e+05
2.910171192906597753e+03
1.051602349769129214e+05
7.912399155902011444e+03
1.966718893269537250e+06
9.267638106318641803e+03
7.336609656094171805e+04
1.434547203058288433e+05
3.410036302110042016e+03
2.478212686819543524e+04
2.891549691580697981e+03
3.145152512861098148e+04
4.679376749591546832e+04
6.639537480998253450e+05
2.935176528339403376e+03
5.265121444887037069e+04
3.069546856562352332e+03
2.634249450592148150e+03
4.603962061426747590e+06
5.486694032910832902e+03
8.647442859792210220e+04
2.709190633103260552e+03
4.304424243331708567e+04
1.419717388739418471e+06
5.081018359796227742e+03
1.302058936153379764e+05
5.593813553707377650e+03
6.519347066130189887e+03
1.786111725802885485e+04
1.612285599460713798e+06
2.975605711267795868e+03
8.438944410030391737e+03
8.760096785145661852e+04
6.549825652293500025e+04
2.095729838845547638e+05
2.866625142002477332e+03
9.739514362066774629e+05
2.275962257994050160e+05
1.167384097698657388e+04
1.196415492980225245e+05
3.129172300938037552e+03
1.487285725849705341e+05
2.853412271632046213e+03
4.877611570271569508e+04
3.409742066792935475e+03
3.400793478971477016e+05
2.674166000353789968e+03
5.556056244426599005e+05
4.481730302303874851e+03
3.593310355055731634e+03
1.881636282293103402e+06
1.361728817797821284e+04
4.690573500611587224e+04
3.019838527573261217e+03
4.772645452982624411e+05
4.738014108608378447e+05
6.911411298552820881e+03
7.400542424988931998e+03
4.826297793313826332e+03
4.007731958066005609e+04
1.517191498790622791e+04
2.694996917100145016e+06
1.334627215389218509e+04
3.164535199670042857e+03
1.781575744797300285e+04
2.897643383610068213e+03
2.315139096604871447e+05
2.979759978611825773e+03
1.266602766543646343e+06
1.244484950519046106e+04
5.073403581942977326e+03
1.958421425316300883e+05
2.756842357580784665e+03
1.986505110528743826e+05
7.746453427937847664e+03
2.599401094384385506e+05
2.524577182370034279e+03
8.134530658201649203e+04
7.004504451704183884e+04
2.680939003687839431e+03
1.173342662914334331e+06
2.952668620484005805e+04
4.067561267847527233e+03
2.802095137928277381e+03
1.522049060918491450e+05
2.600389240423363299e+04
2.899231267363592269e+04
5.016013970361006068e+04
6.162118684811292951e+03
4.994912686921603163e+05
4.773906946162462555e+04
1.867481252705326770e+06
2.378653916326059061e+03
1.226550836948986762e+04
2.006661836829008098e+04
4.957351933986068616e+03
3.577746245464922977e+05
2.430562634995304961e+03
2.953377328576016007e+05
8.761447512765665306e+04
1.146558971669405037e+04
2.287855415908596569e+03
1.268920912813778035e+06
8.733386504326463910e+04
3.062284138053870265e+03
1.034626716206662008e+06
2.818661046649966920e+03
1.142518050352066290e+06
2.635766275393002616e+03
1.413473015694574678e+04
4.766582501893108201e+03
2.612505891723573768e+03
3.985771385453113355e+06
8.570324831518084102e+04
3.856432884550270501e+03
2.769653575426111274e+03
3.100619206302178791e+05
1.005831613133193241e+04
1.283131160570835491e+05
2.681859143519973441e+04
5.874114033484413994e+03
8.994199333855959121e+05
2.818465117288714282e+03
1.874881679967409000e+06
4.061131415778266091e+04
2.032648364406904511e+04
9.633916738781119420e+03
1.664006261921922851e+04
1.824064115530754789e+05
2.800883864481126693e+03
2.609353381678068763e+04
9.340495182748192747e+03
8.243879581089568092e+03
2.739344540255887296e+03
7.653899120486611500e+05
1.851671083028007706e+05
1.510851383788351377e+05
9.268656350886674772e+04
3.046666080652783421e+03
1.106772315179564321e+05
2.076741982027881386e+04
4.543963569032221858e+04
2.545126155422645752e+03
3.896522603298828471e+04
1.299412574554332765e+06
6.643533068727320824e+03
2.726459468688079505e+04
3.285834652255497640e+05
1.941135625480784074e+04
3.294604472922913828e+03
5.923615122749019647e+05
2.712606210218486922e+03
7.354901652999846556e+04
3.013724952845558990e+06
2.375278973268274513e+03
1.261799187484217342e+06
2.500587555721964236e+03
2.162311070022838248e+04
1.588247328340493186e+04
2.761324250695859519e+03
3.046833181518445490e+05
2.771642256972944324e+03
1.218031390620503080e+05
1.621629699480450836e+04
1.620948842986299860e+04
2.710467353804728646e+03
1.641888159903187305e+06
2.670152275952615310e+05
2.732640921112552860e+03
3.000392172431603540e+05
6.263028617950927583e+03
6.995420089632748568e+04
3.185273243283212196e+03
1.008455013246846967e+06
2.260956324960471648e+03
3.208697671827850172e+03
4.517086039350253996e+05
3.709715732355373802e+03
9.373632347790960921e+03
3.445026704259402322e+03
3.557897079642890458e+04
2.278759188541731419e+03
1.056935012388262665e+06
5.473992884913133821e+03
8.387979003344129887e+04
2.295137422901638318e+06
2.263300577119001900e+03
8.945399636700343108e+05
2.712184418300714242e+03
5.612970021242394068e+03
1.678113001296375296e+04
3.013025540461996115e+03
1.577136016264682112e+05
1.040576172704691999e+05
1.226987665539693262e+05
3.060621852844870591e+04
6.139681988252523297e+03
1.593122376272322144e+05
2.435902081259430852e+06
1.352394751145514783e+04
3.210656850308835146e+03
2.573537588816372154e+05
4.318976733205245182e+03
