5.685998886470935540e+05
2.200000000000000000e+03
1.179442655456454522e+05
9.896696096748439231e+03
3.402918935224273810e+03
3.436363398106825771e+05
3.141864445699921271e+04
1.319341709957731888e+06
2.957503379538135505e+03
6.511421353570164647e+05
4.794250921048719465e+04
3.871636180833626422e+05
6.441266925327531993e+06
2.232909129767742343e+03
6.943825038540556307e+03
3.539069550174108008e+04
2.850440097619466906e+04
1.015408977639878402e+06
2.678325374907664023e+06
3.798484018414311322e+03
3.305281212774442338e+03
4.634844899712931947e+05
3.194300965491147508e+03
5.465857756586837349e+05
6.917908740476869752e+03
5.243108623101390898e+06
5.932210624658109009e+04
4.338598065956019127e+03
7.084814586830539629e+05
4.151988779791357229e+04
4.407889258545152843e+05
3.999123267544237933e+03
7.496274866170908790e+05
6.111619815980546264e+03
2.497112259390291583e+05
6.177113385258046037e+04
1.585850721431615966e+04
9.981213662234062213e+03
7.091553230688081385e+03
2.361165316948152613e+06
2.785142221822947704e+03
8.413064880772932665e+05
1.054726270693500737e+04
8.727818623967534222e+04
9.163037956728925928e+06
2.797761315798587020e+03
5.460924959196754571e+03
6.530644382513049059e+05
2.323230855702468398e+04
9.826425242514975253e+03
6.175086079252379015e+06
2.352636917469747004e+03
7.222401353088179894e+04
8.677039737018051092e+05
2.828850680004063179e+03
2.430016966343438544e+05
1.474581850020544152e+04
5.123037570248410106e+06
1.840339137990081508e+04
2.674855874123753747e+05
3.734378540445914259e+05
6.803897174713853929e+03
9.935224694302568969e+04
3.062945643268652020e+03
1.122277338197826757e+05
1.128741714280728629e+05
1.642880674954829970e+06
2.611492802543845301e+03
1.199656853040341812e+05
3.315932116425705772e+03
2.664406804399066459e+03
1.279481952677588351e+07
1.431013537379497029e+04
2.220267557919418032e+05
2.822508430260239038e+03
1.808413237150372006e+05
3.664800172572252341e+06
8.278955016492413051e+03
4.708276366779927630e+05
1.031907428710150452e+04
1.073498682371433279e+04
3.831555740346720995e+04
4.328185895290764980e+06
3.470236040163064899e+03
1.573694752743563913e+04
3.115449396770636667e+05
1.460926474728222820e+05
5.336552604242638918e+05
3.063519711814149105e+03
2.463983413408365566e+06
5.799418826184315840e+05
3.930345096912224835e+04
3.126198840008913539e+05
4.497358870823347388e+03
5.724607333654325921e+05
3.642177857590309941e+03
1.932208175715662655e+05
4.108102540830006546e+03
9.093385037785867462e+05
2.598704066522876019e+03
1.452557376647362020e+06
9.936489313787657011e+03
4.838275242706289646e+03
4.862899138277526014e+06
2.583290644432205590e+04
1.101841233565141156e+05
3.464202051161535564e+03
1.659581706252535572e+06
1.236063985798056936e+06
2.340017228865393190e+04
2.586038938048427008e+04
7.306515925024490571e+03
1.461302288565389172e+05
3.347143189792592602e+04
7.079372794879828580e+06
2.703199736432823192e+04
3.104987188442526076e+03
5.853530046412014053e+04
4.120580952405340213e+03
6.118764646848523989e+05
2.788588026773434649e+03
3.469145038061590400e+06
2.365370015467268240e+04
1.487417342726544302e+04
4.578134420803836547e+05
2.775890062550087350e+03
7.063444205632760422e+05
1.456896928395152281e+04
6.278877365625399398e+05
2.712932145083430441e+03
3.019569063381166197e+05
1.688257322203737858e+05
2.384220104282751436e+03
3.191211564644472674e+06
6.152443610326983617e+04
9.639046744222960115e+03
2.660008797783071714e+03
6.229632653312929906e+05
9.445887034520933230e+04
6.961161187872226583e+04
1.756772001162443485e+05
1.061805913535522268e+04
1.288443953205687692e+06
1.056243970529255748e+05
5.050813295230381191e+06
2.626264873413917030e+03
2.251710902951259777e+04
4.496179684747764259e+04
7.066902508492251400e+03
8.954795008627073839e+05
2.531962541870107088e+03
1.037799967710311408e+06
2.193734287587390281e+05
3.736307787257665041e+04
2.400136038101533813e+03
3.205186449199153110e+06
3.564223802722998662e+05
3.053979191054972944e+03
2.769279765746358316e+06
2.777593616279254547e+03
3.105472344465328846e+06
2.607441323391149126e+03
5.587103807916874212e+04
6.602360714887015092e+03
2.671845108955455999e+03
1.030785120967573114e+07
2.191164263819614716e+05
7.520733163178381801e+03
2.919299195241288999e+03
1.079469161296193022e+06
1.793814628613185050e+04
3.149543604836715385e+05
5.441740168100521987e+04
1.014167653588045505e+04
2.435863937807993963e+06
2.643010394204339264e+03
4.931610498749464750e+06
9.174250898755292292e+04
6.929300586606464640e+04
2.014031725580782586e+04
6.178219574165967060e+04
4.661340657044245745e+05
3.220031785132191544e+03
1.079151774262088584e+05
1.674921250942012557e+04
2.891594155389810112e+04
2.574211582247203296e+03
2.083038786546109011e+06
6.927346451390039874e+05
3.692966524064176483e+05
2.170226628927890852e+05
3.051508742926882860e+03
2.788691417191128130e+05
7.662961556030448992e+04
1.917279378614488232e+05
2.539585940286616278e+03
8.732804504157078918e+04
3.399354846290264744e+06
1.259398031980163069e+04
9.402541743806147133e+04
8.378317508679289604e+05
7.143674300303905329e+04
3.747893530170551912e+03
1.488133725785441697e+06
3.089416258060254222e+03
1.659665886364291655e+05
8.323751236584155820e+06
2.638105448365751272e+03
3.150757180403792765e+06
2.523942536537085289e+03
7.565955162609051331e+04
3.625568847342600930e+04
3.292134921381902132e+03
8.063501111583473394e+05
3.257371152514956066e+03
4.810108192773764022e+05
3.434949099227234547e+04
3.056727214198530055e+04
2.426725908453218835e+03
4.445937935064136051e+06
9.357277717836883385e+05
2.867335696352233754e+03
7.488344861347519327e+05
9.742088908525565785e+03
1.640105050717937993e+05
3.918226897943110998e+03
3.456079035771182273e+06
2.359685817931070687e+03
4.642696678761831208e+03
1.196279338498013094e+06
5.330469929280016913e+03
2.479431517877250371e+04
3.816618372216241369e+03
1.475094890474263811e+05
2.279021288137071679e+03
2.850945138106922153e+06
1.528606550683864225e+04
2.125493170544995228e+05
5.871054078621383756e+06
2.300708138974316171e+03
2.435074031289233360e+06
2.361070685552876967e+03
1.656422338366080658e+04
3.283420104755777720e+04
3.139262669655153786e+03
3.760285191001432831e+05
2.526573884814673220e+05
4.589070531897282344e+05
7.538518406374669576e+04
1.623627858135923452e+04
3.858127376616369002e+05
6.490389871430112049e+06
5.096923486851028429e+04
3.352049690911493599e+03
6.714555978416102007e+05
1.103803566941983627e+04
