4.990829589033190132e+03
2.200000000000000000e+03
5.435915960086671475e+03
2.511189935888714444e+03
2.489819373362755869e+03
4.413322418599593220e+03
4.080337399501440814e+03
3.607713632934921770e+04
2.761627541540620769e+03
2.420483334104882306e+04
4.132382157503275266e+03
4.019708634944152436e+03
1.223346973511271935e+05
2.758877887528333304e+03
2.838239403429817685e+03
4.459662312032551199e+03
2.468351410116355510e+03
2.714616184311484176e+04
7.264019577722888789e+04
2.464227134031794776e+03
2.619347304395999345e+03
3.464386669683279251e+03
2.531367627976195763e+03
1.417574945046071480e+04
2.574498670912993930e+03
1.154570301477522153e+05
4.426325376105731266e+03
2.687973903603218787e+03
2.124225354916905053e+04
4.640160440006059616e+03
4.894142907980860400e+03
3.014835813199024869e+03
6.706199097043621805e+03
2.775323725841587475e+03
9.385177110496384557e+03
5.410216118560394534e+03
3.261098704620375429e+03
3.165154763717788683e+03
2.272151721666858521e+03
5.468279841480153118e+04
2.712814261738930782e+03
2.023407201696960328e+04
2.820537406573617773e+03
2.916589641743382344e+03
2.244832282281264197e+05
2.932597730618080732e+03
2.616467433183782305e+03
1.753600769488031074e+04
2.640207937285955268e+03
2.903633404655440700e+03
1.204922467188456794e+05
2.296054634154723317e+03
4.683918935725401752e+03
6.229668131032507517e+03
2.932794544015287102e+03
1.178172663380317681e+04
2.849026983967957676e+03
1.248402478781357349e+05
3.420992389260666187e+03
3.687153343258709356e+03
1.128998761409660801e+04
2.820154585610217964e+03
3.103820325415690604e+03
2.553483989381565152e+03
3.251335667687339992e+03
5.991759664553059338e+03
5.139361473080245196e+04
2.415272081546985191e+03
7.128543286668135806e+03
2.614551130797616679e+03
2.546294406384504782e+03
2.318228386694667570e+05
2.608755743060167333e+03
7.474548141699770895e+03
2.782490491939802268e+03
3.660969527286207267e+03
9.357319356185011566e+04
2.604759512845998415e+03
4.184357397969772137e+03
2.664290651589698427e+03
3.230705151567513894e+03
4.282212548779192730e+03
9.297390341789458762e+04
2.262298943347650948e+03
3.118058577811606483e+03
3.579529635135962963e+03
8.737487975929860113e+03
1.654469917951838215e+04
2.698095837598199523e+03
6.878537425193583476e+04
1.718810928202075593e+04
2.955995043898640688e+03
9.496043841124734172e+03
2.529861691581856576e+03
4.235344009542474851e+03
2.873719270417012922e+03
3.156933598626352250e+03
3.097818013402963970e+03
2.185321014293245025e+04
2.675080784105319253e+03
3.608898626870336011e+04
2.321806516720263971e+03
2.497446902947313902e+03
1.224211576661888976e+05
3.706080974802676337e+03
5.721525337782963106e+03
2.523380111119235153e+03
1.148500597894327802e+04
3.181302652074728758e+04
2.897650321465935576e+03
3.124721871180134258e+03
2.721216883040722678e+03
3.235584562739290959e+03
3.795862740179620232e+03
1.652601681752013392e+05
3.794687599084990325e+03
2.428257099460707650e+03
3.841322912776814519e+03
2.540663079048872078e+03
1.592344531809242835e+04
2.342297181207411541e+03
6.878569351283507422e+04
3.725797778096768525e+03
2.721050955225077360e+03
1.935315098694831977e+04
2.797054495412738561e+03
5.595603510289794940e+03
3.250088763440627190e+03
2.280475327139080400e+04
2.791368510480344412e+03
3.607605342756776736e+03
7.558094098530730662e+03
2.513197426671094036e+03
6.535099190501397243e+04
5.560012498928652349e+03
2.728816277883024668e+03
2.884746924845212106e+03
4.159731127770966850e+03
2.901351282609060036e+03
4.139756123865256995e+03
3.406164516920491224e+03
2.583950765403796595e+03
3.422340719850794994e+04
7.210100338324223230e+03
1.042788360556777188e+05
2.438955921973206387e+03
3.943762594613055626e+03
3.689854373244758790e+03
3.076729660645838067e+03
2.781816840833773676e+04
2.297124766665267089e+03
7.714158148210090076e+03
8.173597151474118618e+03
2.690323923770002239e+03
2.546340116036374638e+03
8.982180916084386990e+04
3.320372227096596816e+03
2.302965808381145962e+03
6.138410930648422800e+04
2.586687402261323314e+03
6.345010484589794214e+04
2.790103950273389728e+03
2.822256166359513372e+03
3.171937476522170073e+03
2.489645635185851006e+03
2.569996776269533439e+05
7.551778524052609100e+03
2.628371315205408791e+03
2.739751040142573402e+03
8.677425935991414008e+03
3.147097461839749940e+03
1.191736411341131316e+04
5.177297094479372390e+03
3.084534101250606454e+03
5.146828916366158228e+04
2.897538649141850328e+03
1.155341096914660448e+05
6.172639139287089165e+03
2.910614455064106551e+03
3.441164290947898735e+03
2.579944183723635433e+03
1.392078324276122657e+04
2.371096430572661575e+03
2.594094896503105247e+03
3.705045213227404474e+03
2.458257177943891293e+03
2.623638392853084042e+03
4.335834236525218148e+04
5.209264703805167301e+03
1.387799374807804088e+04
1.007726964109126129e+04
3.013706402665292444e+03
9.887534997695107450e+03
3.068341787166094491e+03
2.695097745750101694e+03
2.860204956246542679e+03
5.558068801401507699e+03
8.217840872039232636e+04
2.910592756057337283e+03
3.191215595565081912e+03
2.402098629865080875e+04
2.407980017418724856e+03
2.704656859864978287e+03
4.344920806025605998e+04
2.490216701031694356e+03
9.129304162712061952e+03
1.554626347972883959e+05
2.410369168580023597e+03
9.280541158706267015e+04
2.943459888555506041e+03
2.986758071640823346e+03
3.680806317948398373e+03
2.642702030578814629e+03
2.036476584015873232e+04
2.833527446786500150e+03
3.397864608093497282e+03
3.783744820872828768e+03
3.935904654393444162e+03
2.547165642913954798e+03
9.189905098740855465e+04
7.856570396350595729e+03
2.682512111593758164e+03
2.347261314617789321e+04
3.002454772371142553e+03
7.855597712298336774e+03
2.459255959372997040e+03
2.370549155284051449e+04
2.543389605280901833e+03
2.948720533302018339e+03
2.886853378560370038e+04
2.433246679326245612e+03
3.325657304920341176e+03
2.921485616724361989e+03
2.995272739236776943e+03
2.259263500857791314e+03
6.055676797701491887e+04
2.305916630587062627e+03
7.619589937283764812e+03
1.543461806402407528e+05
2.632381949150365926e+03
5.001396917496774404e+04
2.477791638187307854e+03
2.969041533837674251e+03
4.334962615221622400e+03
2.283866606868850795e+03
1.529784917998787569e+04
1.026532653520918393e+04
4.441729997349717451e+03
4.025890563211225526e+03
2.790658240355600356e+03
1.464084124787533801e+04
1.430665681917680195e+05
2.884927746814526927e+03
2.547041877514629959e+03
1.837278519783867523e+04
2.724834389067188567e+03
