2.519456516731767351e+03
2.200000000000000000e+03
2.753473819172165804e+03
2.826007650688181002e+03
2.296733816615733303e+03
2.353601323379051337e+03
2.736230541232604082e+03
2.704014053156810860e+03
2.227573824804705964e+03
2.395575740440138816e+03
2.902536425117140880e+03
2.802213996459476675e+03
2.762890094244166903e+03
2.380855435258809393e+03
2.406099188269071874e+03
2.558088371714817640e+03
2.808447475542756820e+03
2.700135248160393530e+03
2.999468793185256800e+03
2.291940218076495967e+03
2.702973580846243294e+03
2.250526344623795012e+03
2.849905827146602405e+03
2.681124937650210995e+03
2.881954018251947673e+03
2.605225273014190407e+03
2.624872292961077619e+03
2.475813382862805611e+03
2.500206518808163310e+03
2.330922990526402373e+03
2.931813147608542295e+03
2.485736683780002750e+03
2.542681100848726146e+03
2.695204819866435628e+03
2.861912603713086810e+03
2.309221404959822394e+03
2.945348738607117411e+03
2.698334364543788979e+03
2.634270371047357457e+03
3.088129539931563613e+03
2.987999700725627008e+03
2.680080864320786532e+03
2.705180519384673971e+03
2.947956530284767723e+03
3.098362647152998761e+03
2.579522532407459039e+03
2.683884545495594921e+03
2.282833798519969150e+03
2.282121097869782261e+03
2.482297106008240462e+03
2.457228855412936809e+03
2.273735693683262980e+03
2.259454856797427055e+03
2.297952490791052242e+03
2.385361455671569729e+03
2.407450421813404319e+03
2.262317954978190301e+03
2.670486751245249252e+03
2.429229019338399212e+03
2.332879948951962433e+03
2.420061365398397356e+03
2.354648993126990263e+03
2.250111896966226595e+03
2.289697114615708415e+03
2.387644998092535388e+03
2.375771124469574715e+03
2.920898299995913021e+03
2.816605663979832570e+03
2.431202504168454197e+03
2.283125158591462423e+03
2.865386277160736427e+03
2.699386481046011795e+03
2.290079901311234607e+03
2.292547298201731792e+03
2.943955842517899782e+03
2.467662563854607924e+03
2.923265761032248975e+03
2.233800312918007876e+03
2.696021219931502401e+03
2.490539917177488860e+03
2.366884042043009231e+03
2.475235816451422579e+03
3.006292586155968820e+03
2.651882109639006558e+03
2.760728730644354073e+03
2.635375657045437038e+03
2.462750261248198512e+03
2.587162138923257316e+03
2.866448975887387860e+03
3.039623808849600209e+03
2.359618494334625666e+03
2.378290828335278547e+03
2.301163153767305175e+03
2.289303201342680040e+03
2.969160514975264960e+03
2.712473196594170986e+03
2.346262941939159646e+03
2.516754460797627416e+03
2.449256527561286021e+03
2.319723479470167149e+03
2.347649658321318839e+03
2.708263905955246173e+03
2.271954079053844453e+03
2.609694544659101666e+03
2.283191651001133323e+03
2.799270510258963441e+03
2.264756985123165578e+03
2.272736733352441661e+03
2.499363326879183660e+03
2.563077627620812109e+03
2.498794278283991844e+03
2.303673559705605385e+03
2.922465410015859561e+03
2.505987261084699639e+03
3.070879445008832590e+03
2.959140532034432454e+03
2.812178123678640986e+03
2.949875908384934974e+03
2.892275707364556638e+03
2.369693205961266358e+03
2.746944503193815763e+03
3.052266598367200004e+03
2.919068792178561125e+03
2.362821841258326458e+03
3.019644080017448232e+03
2.430631130730036602e+03
2.712430854664430171e+03
2.961124093903576522e+03
3.058996275285945558e+03
2.723055739645758422e+03
2.255668160228325178e+03
2.314786303298879375e+03
2.254423547715837685e+03
2.446288279939029962e+03
2.981873663256264081e+03
2.766848431512068601e+03
2.458176780473580038e+03
2.574976320596161258e+03
2.743374001409123593e+03
2.540631936991460407e+03
2.827948403167717970e+03
2.742334833882078783e+03
2.455225722070501888e+03
2.453350192280464853e+03
2.894456430843428279e+03
2.486954606584980411e+03
2.681416113708728517e+03
2.273644743723237752e+03
2.964713643697601583e+03
2.684300156891974439e+03
2.235647924615900138e+03
2.251121818733296095e+03
2.878096668634887919e+03
2.326155180063072748e+03
2.451899421756723768e+03
2.634760216291824690e+03
2.774418992423371037e+03
2.706203635196712639e+03
2.561215865275167744e+03
2.300640730030841496e+03
2.750414803116779240e+03
2.941372459086182062e+03
2.957710625286796585e+03
2.460640108618137674e+03
2.847402170974914043e+03
3.131612158838835512e+03
2.834508552607485399e+03
2.923501839146520979e+03
2.932409920429306567e+03
2.454370804074359512e+03
2.670148554998734653e+03
2.991157391903264397e+03
2.653280466508636891e+03
2.973038526922257006e+03
3.057867859321743708e+03
2.481040465867848525e+03
2.697391544839738799e+03
2.377940159914437572e+03
2.348963639883671021e+03
2.438128911602198968e+03
2.275592602300037925e+03
2.273976097063627094e+03
2.242490611618330149e+03
2.789191232030430001e+03
2.392209523356816590e+03
2.277296987430658646e+03
2.305561306341264299e+03
2.853819411656040756e+03
2.349610751799178161e+03
2.443646789220795654e+03
2.351433375928309033e+03
2.453460817639724155e+03
2.957601579840645172e+03
2.411633725441094157e+03
2.508075650259237136e+03
2.396767026745832027e+03
2.585966046040825859e+03
2.613743256773997928e+03
2.915216655616603020e+03
2.365887371179546790e+03
2.921050373794578263e+03
2.677324986038418501e+03
2.709624883100502302e+03
2.426684921046988620e+03
2.854913447224418633e+03
2.359730292623499281e+03
2.921589569377764747e+03
2.527258756933110362e+03
2.772930528594978568e+03
2.522259171673887067e+03
2.602420477441584808e+03
2.385175535408456199e+03
2.960403593309777534e+03
2.751862644951350376e+03
2.318795855250280056e+03
2.236086998829631284e+03
2.789581535859594624e+03
2.696342506133678853e+03
2.245133760377098497e+03
2.495743302088209930e+03
2.568430039277685410e+03
2.663205308831144976e+03
2.594450107423864665e+03
2.286166895600174030e+03
2.283753258495652972e+03
2.274042429815059677e+03
2.319391273868791359e+03
2.466385837770360922e+03
2.444851811587494922e+03
2.399937492057835698e+03
2.245672088875259760e+03
2.368865866966467365e+03
2.362950239931681153e+03
2.368092741226189446e+03
2.242351878163527090e+03
2.418429494935209277e+03
2.246997462257921143e+03
2.268342791391566152e+03
2.858337584796329793e+03
2.406627904116685386e+03
2.888359198410708814e+03
2.290720091924909411e+03
2.540323992821467982e+03
2.709293579390803188e+03
2.690151634912799182e+03
3.018089865959062536e+03
3.008967503424638380e+03
2.653572177629323960e+03
2.591687600026940345e+03
2.958039324948045305e+03
3.004368643313086977e+03
3.113242791676856086e+03
2.806449023920517902e+03
2.263504228041877468e+03
2.566816994889127272e+03
2.634108238730290395e+03
