2.811929124471527302e+03
2.200000000000000000e+03
2.436492544118499154e+03
2.930976525670932006e+03
2.756092091849103781e+03
2.539775834481989932e+03
2.834030826705182335e+03
4.473452648141046666e+03
2.957291920503388610e+03
3.773722760879069028e+03
2.589460445537513806e+03
2.364077869868317975e+03
7.186699812103178374e+03
2.580825744068968561e+03
2.393387242712195075e+03
2.978641623975028779e+03
2.389437115234524754e+03
3.897079453993803327e+03
6.684343634605706939e+03
2.282257670016238990e+03
2.990736388833334786e+03
2.285940835180640988e+03
2.366048838638565940e+03
3.129106811312370155e+03
2.845290350879713060e+03
7.373798400239135844e+03
2.858895126961548613e+03
2.732346340861358385e+03
3.744474454199279535e+03
2.611790586727700429e+03
2.653064572539012261e+03
2.746486314543863955e+03
2.267337394816410779e+03
2.968473040730557386e+03
3.318205171301608971e+03
2.925270725808269162e+03
2.541583042881376059e+03
2.301776277568544629e+03
2.622974871085939412e+03
4.911973715153830199e+03
2.501702258725455522e+03
2.953235568212312501e+03
2.644101491168657958e+03
2.633396230935104086e+03
1.324389214101611105e+04
2.843881396951352599e+03
2.983440993417524624e+03
3.565137099033657705e+03
2.406222402184400835e+03
2.786581706382343782e+03
6.796560367348844011e+03
2.260315620814231806e+03
2.436960680882325050e+03
2.403495007784550580e+03
2.620674124759750157e+03
3.131915628692402152e+03
2.310516972676602563e+03
8.318002237354827230e+03
2.671932427949662269e+03
2.435049648036898816e+03
2.983336238713320199e+03
2.485567311188585336e+03
2.381160969952711639e+03
2.371466190091221506e+03
2.582002860839902951e+03
2.683507457735405296e+03
5.167037451426251209e+03
2.409482475486808653e+03
2.972640176724421508e+03
2.363157420303090930e+03
2.893406150132617768e+03
1.054116706978987168e+04
2.391572288399020181e+03
2.491274658709196501e+03
2.679289662077772846e+03
2.791456012440665745e+03
7.461628783769226175e+03
2.299976525636356655e+03
2.570221411976567651e+03
2.849355679240403788e+03
2.567383145130509547e+03
2.866167302031687541e+03
6.394756188258166731e+03
2.600040820967426953e+03
2.683054272933509310e+03
2.654939959584169173e+03
2.918307161137682670e+03
3.506409929712868689e+03
2.496421035551603836e+03
6.032616039677945992e+03
3.428987753013903784e+03
2.596006810843023231e+03
3.205444050136909937e+03
2.370180757248910595e+03
2.460779420759398818e+03
2.262238794244985911e+03
2.501467203687489928e+03
2.812369678019415005e+03
3.419006339896848658e+03
2.430734456857242094e+03
3.842943589006110415e+03
2.518629123167175294e+03
2.321992616309824371e+03
8.248556191995432528e+03
2.438410163881214430e+03
2.658660835128840517e+03
2.343424440976568349e+03
2.316341601960159551e+03
4.030338065806886334e+03
2.875795856937384997e+03
2.771810043157329346e+03
2.366663482616253077e+03
2.694217742293867559e+03
2.403105905468069977e+03
1.023930592046332822e+04
2.631102788156453698e+03
2.434203987676413362e+03
2.911990574760194704e+03
2.860592410831126017e+03
3.116874295882635579e+03
2.463041474292546354e+03
5.203668253450457087e+03
2.949419004719185978e+03
2.496710674340418791e+03
3.995317571932787359e+03
2.433431210002660464e+03
2.573082043525634163e+03
2.699468796195403684e+03
3.758209416367561062e+03
2.286516228569239502e+03
2.884917663877470659e+03
2.670651101521557393e+03
2.810771811469880504e+03
4.870484858286222334e+03
2.720656196132841615e+03
2.303941241112484022e+03
2.344930178384711326e+03
2.918002378681774644e+03
2.732323363310644254e+03
2.879321923018935649e+03
2.554123545033009577e+03
2.503088735317299324e+03
4.175979701573842249e+03
3.016494105273931382e+03
6.760958127324477573e+03
2.791417260599640031e+03
3.083202092407671444e+03
2.361789220501497311e+03
2.577504441880042577e+03
4.275414666144629336e+03
2.256030651427693556e+03
2.301779261047699492e+03
3.214328086459446695e+03
2.417716753981482725e+03
2.713482526004019746e+03
7.221374229678453958e+03
2.321942757558498670e+03
2.525715305344407625e+03
5.204621828264704163e+03
2.403153400448323737e+03
5.083197335707360253e+03
2.598508463824643513e+03
2.716907055262717677e+03
2.397467245459494734e+03
2.917887418377951235e+03
1.526671199321231506e+04
2.642224509941669567e+03
2.780337211151919291e+03
2.723971877102821054e+03
2.417729543725395615e+03
2.703504932829954214e+03
3.172729041126647644e+03
2.995763451805485602e+03
2.589939686754697959e+03
4.619511400578474422e+03
2.335200807783131495e+03
7.778265910352680294e+03
2.772455066034151059e+03
2.427981876574432590e+03
2.715690361237165234e+03
2.346294348743437240e+03
2.821373334889037778e+03
2.273836589723526231e+03
2.444081964029777737e+03
2.637712030495350064e+03
2.337700209563792669e+03
2.411366620383406826e+03
3.862766007986741897e+03
2.527926820163082539e+03
3.195817378581144567e+03
2.926916558719012301e+03
2.669795534489524925e+03
3.120536615808152419e+03
2.640388987663734952e+03
2.871696938313664305e+03
2.531496456799804037e+03
3.008155212746338293e+03
6.352711521981272199e+03
2.800449031899479905e+03
2.566368631983853902e+03
3.447256220505430974e+03
2.579469073674922583e+03
2.984513863498614228e+03
4.556184853560096599e+03
2.916585301400391018e+03
2.888362314794707800e+03
8.143778573992457495e+03
2.812370026844484073e+03
7.631844680970122681e+03
2.848729534666891141e+03
2.803349541583754217e+03
2.682708812673925877e+03
2.484784545478917153e+03
3.038049662683628867e+03
2.980419016468105838e+03
2.246154937835808141e+03
2.688019805903905763e+03
2.777973308893435387e+03
2.841584349581194147e+03
6.013785744960176089e+03
2.286211318468895570e+03
2.949933026849583257e+03
3.874922818295653087e+03
2.419663154560501425e+03
2.653346721291387894e+03
2.313384801370049445e+03
2.556932119912765756e+03
2.689991888226250467e+03
2.667289227986171682e+03
3.590188369220988534e+03
2.284599014683005862e+03
2.508172261332133530e+03
2.541969291965545835e+03
2.593086060382342566e+03
2.233969770190020881e+03
4.734393152640419430e+03
2.238676136652669356e+03
2.584359331778348860e+03
1.039538364375890342e+04
2.643145362026170915e+03
4.825446349855353219e+03
2.693211856048559184e+03
2.267062688712847830e+03
3.131808473905094615e+03
2.574892691062921585e+03
3.464667681768524744e+03
2.941306422241593737e+03
2.252374042312201709e+03
2.813701856562013290e+03
2.568279716852857746e+03
3.234138834552975368e+03
8.389449995963970650e+03
3.028329285359056485e+03
2.724990428204753243e+03
3.030894782535204286e+03
2.938254209119970710e+03
