2.574063551602671851e+03
2.200000000000000000e+03
2.805205991316909149e+03
2.752539885466475880e+03
2.416302380945808181e+03
2.329671713439763607e+03
2.895601889052751176e+03
2.555157894823791139e+03
2.263254782560980402e+03
2.327902164844813342e+03
2.951142240307231987e+03
2.686791272192322594e+03
2.831407603890657811e+03
2.358406214237511449e+03
2.559541929882803743e+03
2.507889122914566087e+03
2.690045948256894007e+03
2.555574173597990921e+03
2.783898229212135902e+03
2.282591359588314845e+03
2.637766443627564058e+03
2.247668973002600524e+03
2.746916577851682632e+03
2.573871644047598693e+03
2.782243613286210348e+03
2.463560550876306934e+03
2.538209827187340579e+03
2.431740311234440014e+03
2.437495798517091316e+03
2.309163457209638182e+03
2.877872675507120675e+03
2.423265666841642997e+03
2.697732875766901543e+03
2.621121088642299583e+03
2.728893837450628780e+03
2.419255923005777277e+03
2.952775226592075342e+03
2.833930022372661824e+03
2.585261450398570560e+03
2.983058890629625239e+03
2.969288972934595677e+03
2.786242681756211823e+03
2.612896809597838910e+03
2.871981120969887343e+03
2.888144582489901950e+03
2.486160655151981246e+03
2.606575246073435210e+03
2.332972096627533574e+03
2.278460765724786143e+03
2.440193749137106352e+03
2.342936903952469493e+03
2.261097393727847248e+03
2.248846844508592767e+03
2.283114664242704748e+03
2.371111607891477888e+03
2.362277693201986949e+03
2.273742084827604231e+03
2.459466954964751039e+03
2.375385149913166970e+03
2.323584531722447537e+03
2.377482465128951389e+03
2.314174190992626791e+03
2.262729684631357486e+03
2.276609805841030720e+03
2.350030558603728423e+03
2.342168120698573148e+03
2.933361961854213405e+03
2.687239311529103816e+03
2.389432568844210891e+03
2.286161242487871277e+03
2.775507409820597331e+03
2.480219416417328375e+03
2.277742037611189062e+03
2.256854799184044168e+03
2.882434154164441679e+03
2.416812856575150363e+03
2.693671797999058981e+03
2.250108547236939103e+03
2.625065424910440925e+03
2.447524843848827913e+03
2.506538503627766659e+03
2.448925976114172499e+03
3.007882358706554442e+03
2.594088144632267358e+03
2.893369312092782820e+03
2.535421629645802568e+03
2.581383296565451928e+03
2.488785509954095687e+03
2.935492980966335836e+03
2.814339004925634981e+03
2.422067127169731521e+03
2.340471489187670159e+03
2.310094387527352410e+03
2.274431360761556334e+03
2.968175688314211129e+03
2.832005282179460664e+03
2.316213460967336232e+03
2.444068097149080586e+03
2.401799501121710364e+03
2.320148508937490078e+03
2.312170285863192930e+03
2.638000426219465226e+03
2.266104861506685666e+03
2.432994945281479886e+03
2.260732413216586338e+03
2.669166104699603238e+03
2.259601588733108201e+03
2.271089133855080490e+03
2.435993010139419312e+03
2.515132474061052562e+03
2.426449010189922319e+03
2.288027069368928551e+03
2.870345512646059888e+03
2.660660043977453824e+03
2.740309532460400533e+03
2.920411060104905573e+03
2.668725988737473472e+03
2.855966920240710806e+03
2.803704122173154246e+03
2.496500818608867121e+03
2.626579907986250419e+03
2.930340774849624722e+03
2.847083720962004918e+03
2.525970927708000545e+03
2.891880283797536777e+03
2.571827850763121660e+03
2.605793807095837565e+03
2.894103059423466220e+03
2.996815860427108419e+03
2.856426623977903091e+03
2.325765462503366507e+03
2.287895857713691839e+03
2.322752485085614353e+03
2.355802967329356761e+03
2.993423715822044414e+03
2.796789768432837718e+03
2.593550014463542993e+03
2.529072245850682066e+03
2.893877815661387103e+03
2.472985513191144946e+03
2.938407905205910993e+03
2.633685134537346130e+03
2.546122980526738502e+03
2.401664497220078829e+03
2.695518486210022274e+03
2.427304378732439091e+03
2.574413264679618806e+03
2.235745261850726365e+03
2.930248938506393642e+03
2.532769522228557435e+03
2.233344754623194603e+03
2.269696122637261396e+03
2.786397748928216970e+03
2.306328694402952351e+03
2.403837813142148207e+03
2.447097301812597834e+03
2.811639807744224072e+03
2.604659894955220352e+03
2.460693975737249275e+03
2.291992329601167057e+03
2.611009503214126653e+03
2.894201410738667619e+03
2.892456346376645342e+03
2.611415284678699663e+03
2.779864290634248391e+03
2.838261794647773058e+03
2.712268148202684642e+03
2.812394523928208400e+03
2.850481085177137629e+03
2.606258825185126170e+03
2.579071331384736368e+03
2.904738872952147631e+03
2.546769660112112433e+03
2.929948245152924301e+03
2.933698577801859756e+03
2.614549506625184222e+03
2.499737635465269250e+03
2.352391101069227261e+03
2.326377796990672778e+03
2.422711995967869825e+03
2.292950203753675851e+03
2.259950729505360869e+03
2.239391646232841140e+03
2.663042226221531564e+03
2.345314257284396717e+03
2.273422484842031736e+03
2.274836204857778284e+03
2.826859951979130074e+03
2.318821052247475109e+03
2.376559484552159120e+03
2.297568153159725171e+03
2.392709862952102867e+03
2.867576822435085887e+03
2.362976267146739701e+03
2.445271663379641723e+03
2.346702302037551817e+03
2.522082383782219495e+03
2.452985863795284786e+03
2.838514279881843777e+03
2.361084483242480474e+03
2.792161489546408575e+03
2.572070713725769565e+03
2.616093954725636650e+03
2.358587916097413654e+03
2.765088390252351928e+03
2.322437701776279937e+03
2.684984564587992736e+03
2.451185949991884627e+03
2.733044773774371606e+03
2.471078608978396005e+03
2.787088469808574246e+03
2.346864384831798361e+03
2.964512419048966422e+03
2.841298782476153974e+03
2.252125391308769395e+03
2.224294314810316337e+03
2.923472961674767248e+03
2.608917252525171534e+03
2.338532093863498631e+03
2.403066412496450539e+03
2.705343072422623663e+03
2.593965218021755391e+03
2.717917799158081834e+03
2.274123734007802341e+03
2.272036709025480832e+03
2.255252604521562716e+03
2.303007594196381433e+03
2.403836279414857927e+03
2.395270789804217202e+03
2.314807438046984771e+03
2.225111277883672301e+03
2.327514867863223571e+03
2.336133340959423094e+03
2.361185534661050497e+03
2.233233308025271526e+03
2.329193769618808346e+03
2.248982609298981515e+03
2.260962531127941020e+03
2.587183131479933309e+03
2.403533751519443740e+03
2.763559011513556015e+03
2.429078386150640654e+03
2.695814606877277583e+03
2.610310900048069470e+03
2.585340837089173419e+03
2.929201953914261139e+03
2.982478161705301773e+03
2.808082997649491517e+03
2.504848557913226614e+03
2.941032258365636608e+03
2.990605516603652632e+03
2.960594882615962888e+03
2.711113430543474351e+03
2.366065816199327401e+03
2.696597846743744412e+03
2.544268431836032050e+03
