6.054128904410371929e+07
2.200000000000000000e+03
3.731873316500523128e+06
7.059404070184375159e+05
3.020297561840661365e+04
2.506830256956932321e+07
5.341065177540035220e+05
3.994363823283462226e+07
6.968827912331147672e+03
1.614271072843572125e+07
1.133282622378931614e+06
2.981933606559314579e+07
2.420039271143518090e+08
2.877990435226452519e+03
8.065138353440400679e+05
6.247959753064134857e+05
2.829285595167686697e+06
3.167990437893761694e+07
8.005003543248505890e+07
1.897064342806050627e+04
5.223474396198056638e+04
4.192018571185050905e+07
9.327237142273272912e+04
1.838873170272730663e+07
7.986612784833221231e+05
1.794081991264536381e+08
1.250850564348754939e+06
2.265799506188791129e+05
2.092520095789643005e+07
7.149725629154591588e+05
3.159961105854332447e+07
3.665018954650276282e+04
5.320710172916894406e+07
7.276082119268727547e+04
7.042639892866300419e+06
1.078719824217872694e+06
2.626923992890389636e+05
1.081492722954507684e+06
7.004833786079031415e+05
7.954381923505349457e+07
3.774528840590028994e+04
2.944528919921475649e+07
1.512715779437582532e+05
8.567955386639796197e+06
2.897837917034432292e+08
5.797313933555451513e+03
3.344998740031011985e+05
2.126243088624619693e+07
3.068775909379131161e+06
1.208398458381822566e+05
2.278155837462643683e+08
2.494988574531309496e+03
1.694405152849151054e+06
6.610278205191425979e+07
4.799675242899587465e+04
5.521782537571949884e+06
2.374375944126001850e+05
1.634731345322039425e+08
4.154834366109076072e+05
2.125511536514024436e+07
1.224983446760355309e+07
5.660738067727133166e+05
1.243820287798226811e+07
5.163062083297589197e+03
9.247497998545151204e+06
3.083609604912781157e+06
4.498139556046567857e+07
2.812737868012116451e+03
2.670692916623356752e+06
9.922279941629401583e+04
2.639557324413502101e+03
4.916728495930562615e+08
1.285734174723206321e+06
7.045827773561695591e+06
3.525893899056447481e+03
2.133906355713261291e+07
1.138514583615133315e+08
1.026678938254899986e+05
3.599530887588708103e+07
1.899594713545643317e+05
3.217959980018102215e+05
8.266070051859925734e+05
1.510472399025181830e+08
1.398604327382950869e+05
3.283847774415239692e+05
2.318722951003918424e+07
3.016811350693015847e+06
1.615610656284989603e+07
6.525548973829263559e+03
7.220104350060008466e+07
1.762895091644709185e+07
3.681617471895420458e+06
1.036029507305124216e+07
1.886844042133800685e+05
4.976714269048584998e+07
1.688310733292868536e+05
1.895650301604646817e+07
2.880477753177710838e+04
3.167959361460069939e+07
2.102847031210810746e+04
4.703616581771878153e+07
9.177044488006659085e+05
3.702983728201431950e+04
1.515008616993090212e+08
3.732154779396692757e+05
2.822490096325625200e+06
1.352651729181167320e+04
1.132362823795696646e+08
3.990608345582524687e+07
2.609859166378492955e+06
3.563431096781429369e+06
7.432454849207305233e+04
1.209028971810489707e+07
8.593065433708181372e+05
2.314127782293229997e+08
5.189814196627416532e+05
1.021407458565319394e+04
6.990387740054922178e+06
2.261477839611089730e+05
2.066732887711939216e+07
2.676379275508186311e+03
1.282197997996745259e+08
3.550853370113365818e+05
1.808227789576448966e+06
1.060432197519075498e+07
2.455381616063920592e+04
5.145295970003009588e+07
2.666033707375815720e+05
1.607552535102824122e+07
4.539892031782066624e+03
2.473571817304747179e+07
4.475696727223081514e+06
5.298679302286186612e+03
1.156806507865556479e+08
1.041520981730429688e+06
9.681199544106703252e+05
2.617809042836493973e+03
6.163608029470034689e+07
8.206594090094983578e+06
1.933565410035897046e+06
1.317762566140283085e+07
2.052016891526705585e+05
4.016151646000193059e+07
2.191151704538741615e+06
1.799630854185514152e+08
2.761201076934422235e+04
3.956695586629783502e+05
1.048506705615449464e+06
6.459116815214906819e+04
2.549582116515463218e+07
5.435605090907847625e+03
7.287105463635502756e+07
6.466249381207851693e+06
3.198598934836703818e+06
3.126629906171155199e+03
9.334370262204846740e+07
3.570228766338711977e+07
4.146154133992377865e+03
9.591536891823486984e+07
3.252607898139134340e+04
1.123593952749076039e+08
3.543601020237963894e+03
6.610489374974828213e+06
5.556231875358348043e+04
2.760276809219849383e+03
3.216255002243948579e+08
6.982510587646898814e+06
4.952398831985906581e+05
6.782123908380860485e+03
7.428061972912703454e+07
2.284641652073261794e+05
8.613426165162758902e+06
1.442784379789228318e+06
1.793138906331770995e+05
8.729641735068671405e+07
1.118276753767169248e+04
1.620158717343960404e+08
2.053204329351917375e+06
5.552145407478710636e+06
5.215147304012707318e+05
6.134200098517947830e+06
1.427197323898298293e+07
1.147597680967511042e+04
1.274323052177117206e+07
2.207369911445173202e+05
3.292891650959859136e+06
3.279012949030180152e+03
7.575649506249520183e+07
5.657684154080612212e+07
9.909436039741985500e+06
5.186770168461602181e+06
3.015193898841712871e+04
8.321666843406282365e+06
7.295373409362102859e+06
2.125233916551000625e+07
5.434461947205924844e+03
1.875784072437903145e+06
1.099142827384609729e+08
2.876064416040423675e+05
7.335814850635336712e+06
2.535415791060653329e+07
6.809972651799814776e+06
1.428805711672860889e+04
4.270644125504115969e+07
1.154877439520737389e+05
3.548371006697905250e+06
3.145122998804491758e+08
2.569637143846458912e+03
8.856565968214088678e+07
2.678684650376590071e+03
5.896521624408195727e+06
9.573596035156517755e+05
7.872998404971974378e+04
2.722620892829502001e+07
2.202890422964842583e+04
4.422390201892868429e+07
7.856106889269043459e+05
5.621790813826933736e+05
1.749700797532528668e+04
1.590043659701869190e+08
6.546911206971978396e+07
4.491213880363251519e+03
2.127379042566286400e+07
1.025686066400312266e+05
3.953255926879143342e+06
4.538589920325569983e+04
2.273947754107780159e+08
2.903837673597608500e+03
3.373471330819875584e+05
4.037834879076927900e+07
5.655028328969411814e+04
2.880775642501090653e+06
1.233214716770305131e+04
1.606326220881433412e+07
6.732268528374144807e+03
1.009393198745205849e+08
1.254474502076803241e+06
6.505685697443984449e+06
1.774157828768057525e+08
3.078898529192097158e+03
8.857343181668528914e+07
4.288378867580468068e+03
1.818930905736736255e+06
4.965861020332142361e+05
1.126622432842589114e+04
9.329646438381055370e+06
6.741188649556652643e+06
3.761414087284898013e+07
2.288032934638375882e+06
1.260072266411305871e+06
1.003038595539755933e+07
2.212659577944265604e+08
6.747725601371221244e+06
1.847965066973079956e+04
2.185213444990218803e+07
1.071603042241626419e+06
