7.337117200287308693e+08
2.200000000000000000e+03
2.894389144513964280e+07
8.236356446874487214e+06
1.904373754108791181e+05
2.678175512686592340e+08
3.122997711263469420e+06
3.011771163284246922e+08
9.237024007087254722e+04
1.108244349651973099e+08
7.784225002411591820e+06
3.243257385477992892e+08
2.005566242201673746e+09
2.728641786678307199e+03
1.148416909784628078e+07
3.720865402690808754e+06
3.426248772053569555e+07
2.422441050178503692e+08
5.997732857166815996e+08
8.023797901899415592e+04
9.030570893652227242e+05
4.799097398827731609e+08
1.150850226346909069e+06
1.455958579868376255e+08
1.130526783071461134e+07
1.428149576758312464e+09
8.090755618751229718e+06
3.638718105200375430e+06
1.560642310446422100e+08
4.168081177150105126e+06
3.353280726827997565e+08
2.256371309170861205e+05
5.623235459993681908e+08
4.430078030139958137e+05
5.156529149416241795e+07
6.295908422666720115e+06
1.588608773380696308e+06
1.588945484308240190e+07
9.588582056647090241e+06
6.290342873306699991e+08
5.077868558668738697e+05
2.369804823463206887e+08
1.643043362837212393e+06
1.014477384114028215e+08
2.227140372214368820e+09
1.789339127784229277e+04
4.162145069104480557e+06
1.658052988211030364e+08
4.091622752601210773e+07
6.463086719402747694e+05
1.873454566153383732e+09
3.058520226013519277e+03
1.145753196944507770e+07
7.155900457914456129e+08
7.826725600132548716e+05
3.640479834837192297e+07
1.407782210631073918e+06
1.261515772780402422e+09
2.903533449755792972e+06
2.337990618509094417e+08
9.599126088615728915e+07
7.134938203380087391e+06
1.608772176874757409e+08
1.384068279326455740e+04
1.034376393903353959e+08
2.234085047541774809e+07
3.236561521575727463e+08
4.123296351810269698e+03
1.749727337558843195e+07
1.670724866750493413e+06
2.871378401039421988e+03
4.113176957739428043e+09
1.560704130751135387e+07
5.446379925148192793e+07
5.649595859715411279e+03
2.671464186405604780e+08
8.681006677393658161e+08
5.629880000036555575e+05
3.904954977802146673e+08
1.273574346151227597e+06
4.555011894071452320e+06
5.438442727493815124e+06
1.212820281769497871e+09
2.165694221102100797e+06
2.214343473567564040e+06
2.495249798210961223e+08
1.899898908436726034e+07
1.219430194408322275e+08
1.944961281220573437e+04
5.360884222965540290e+08
1.332752858192793727e+08
4.352289922628213465e+07
8.157596084253662825e+07
2.274403149724103976e+06
5.626000525615515709e+08
2.757635626343834214e+06
2.232679233350759149e+08
3.304112418692888459e+05
2.544115618237045705e+08
2.574715526224375353e+05
3.655431310021569729e+08
1.164068632754111476e+07
1.854205341245416785e+05
1.156546791427291870e+09
2.362331315034733154e+06
1.986182346848023683e+07
6.398485236534176511e+04
1.179730184286575556e+09
3.097905399623939991e+08
3.292023565081994608e+07
4.795502422590073943e+07
3.945778447006298229e+05
1.351619535072007477e+08
6.203349659967913292e+06
1.805054414534446239e+09
3.263577461885672528e+06
4.394025375205414457e+04
9.346453030917496979e+07
2.986620537878246978e+06
1.638570780312817097e+08
3.603883759225020185e+03
1.055334027203467011e+09
1.971362586331146769e+06
2.390019124810003117e+07
7.041827239367076755e+07
3.621490789129238110e+05
5.487682271604828835e+08
1.715250575498883147e+06
1.121533081973767579e+08
5.439944144752555439e+04
2.747196079328460693e+08
3.191335223505723476e+07
6.040539604910315393e+04
9.443711537560613155e+08
6.083760182421437465e+06
1.248693319106028974e+07
2.671899269429362903e+03
7.256472346815469265e+08
9.346180389720286429e+07
1.424886822254486568e+07
1.423532003459298313e+08
1.422019617734737461e+06
3.068428396013759971e+08
1.388211715272408538e+07
1.458107946184190750e+09
4.636715677931947284e+05
3.816267690851132385e+06
7.128354679736599326e+06
3.086777974080486456e+05
1.869177400010978281e+08
2.002054986056944836e+04
7.670250520284895897e+08
4.836891320103700459e+07
3.685877154804195464e+07
3.317159307121406528e+03
6.910621943863550425e+08
4.221532103669033647e+08
1.164699927195181590e+04
7.677371202238482237e+08
4.692320188745050691e+05
9.165260992377456427e+08
1.106315743148407819e+04
8.318481947123666108e+07
2.625026051568756811e+05
3.134772656171959170e+03
2.456898658541463852e+09
5.410457132218790054e+07
5.843613339375955053e+06
2.765333098709882688e+04
7.763753460297118425e+08
1.222506447088189423e+06
6.209792185966372490e+07
1.561645082014788315e+07
1.174494780506488634e+06
7.092175048539917469e+08
1.579214558369799925e+05
1.266654226775298834e+09
1.352478726075038873e+07
6.189378966676446050e+07
3.859977151555272285e+06
7.323474262735208869e+07
1.082911083296381384e+08
4.229331523374340759e+04
1.593102534705789387e+08
1.172724569929548306e+06
4.152281164593850076e+07
2.107799520246104657e+04
6.193424944918206930e+08
6.267761767146955729e+08
7.073684314233173430e+07
3.513214529588629305e+07
5.165267931651257677e+05
6.253326810438925773e+07
8.567862060921770334e+07
2.598024865570208430e+08
1.341607203648307041e+04
1.215252413208169490e+07
8.532657257163078785e+08
2.098921090143820271e+06
8.071611353656953573e+07
1.911938365919850171e+08
8.017871824992592633e+07
5.420399717220736056e+04
3.140988742268484831e+08
1.771496002099480713e+06
2.275615690116465837e+07
2.612632813270325184e+09
2.893448410281529505e+03
6.449471943392791748e+08
2.762784516344124768e+03
6.508172882035563141e+07
6.943135361926025711e+06
9.937566185117672430e+05
2.157254577196125984e+08
3.720206351506640203e+05
5.088328703160282969e+08
5.333604969757418148e+06
5.240649206258417107e+06
2.876590662398405839e+05
1.290427848265993834e+09
6.883467769061273336e+08
1.358267350144361626e+04
1.558249944641625881e+08
5.144366092632921645e+05
2.689533317526081949e+07
6.856794248444067780e+05
2.338797636835807323e+09
2.559008100179989015e+03
4.594452027365976945e+06
3.197265343059558272e+08
3.182043996470334823e+05
4.021114634121894836e+07
4.591286147540991806e+04
1.952786478951733112e+08
7.844590335535719350e+04
8.157328068359296322e+08
1.462470788098393381e+07
4.950916939701733738e+07
1.335839057651908398e+09
2.829734491814092507e+03
7.241545778225524426e+08
3.394940861432706879e+04
2.320745795023808628e+07
2.781513157481257338e+06
1.785667740906121617e+05
6.418098447449064255e+07
4.807753114969152957e+07
4.174702900488070250e+08
1.754100509818931296e+07
1.444014920683113113e+07
7.057147370096905529e+07
1.758333657193484783e+09
8.921266418905009329e+07
8.423190782519518689e+04
1.703807527089405954e+08
1.363611063691785559e+07
