2.774382069840719922e+13
2.200000000000000000e+03
4.173807358603209229e+11
2.916567681518821411e+11
1.928643955019465923e+09
7.952770278493539062e+12
1.993391904535443497e+10
4.029174327047415527e+12
8.062707401786218643e+09
1.145091788649183350e+12
8.093487532292880249e+10
9.981678989454847656e+12
3.408935652295253516e+13
2.433083045893265400e+06
5.753153636811572266e+11
2.507099184094863892e+10
1.293872809127271973e+12
3.363022350047835449e+12
7.890656936825833984e+12
2.384597772828944921e+08
7.009454337002246094e+10
1.629205917433184570e+13
4.695281585723709106e+10
2.211369157785290039e+12
5.606266330393151855e+11
2.197564089937564844e+13
7.049980573018460083e+10
2.352640891620770874e+11
2.028547548353478271e+12
2.717373634635091019e+10
9.823640324425539062e+12
2.020739465512098789e+09
1.634187644139516406e+13
3.483627747681997299e+09
6.381987428149093018e+11
5.156884574850820923e+10
1.143559020785080147e+10
8.534208048488991699e+11
4.502458388886018677e+11
9.521115935040882812e+12
2.549862429112198257e+10
3.748705691109132324e+12
1.106308863621410370e+11
3.670799539956115234e+12
3.132264946540556641e+13
5.238716817652630061e+07
1.670884331481969910e+11
2.422511277532512695e+12
1.829424058354742920e+12
3.170492252822536945e+09
3.125387092184432031e+13
8.579123641403828561e+07
1.136253128025016632e+11
2.181704861605884766e+13
5.241767946732224274e+10
3.342101964441187134e+11
9.526083015204156876e+09
1.792979247219266016e+13
3.207323515326765442e+10
7.356634209457269531e+12
1.420420819459169922e+12
2.913835851001918335e+11
6.852712146407369141e+12
3.677485337971587479e+07
3.363455564820594238e+12
2.689374898374857788e+11
3.816796554393612305e+12
3.922723723540475965e+08
1.580386108001985168e+11
1.142907735411060944e+11
3.079275803698656091e+03
7.152045977343340625e+13
5.929922556177281494e+11
7.784404653322344971e+11
4.436499356382128783e+06
1.070237121482770117e+13
1.195919252583574805e+13
3.011439272196294785e+09
1.195735743612092188e+13
1.266856071234346962e+10
2.934910123166859741e+11
4.994756448501155853e+10
1.907334621265455078e+13
1.270529247383647614e+11
2.216023486206633759e+10
7.518798876956948242e+12
1.533586375196399231e+11
1.636438127066487061e+12
5.271414020320124924e+07
6.885006905164713867e+12
1.796119586629591553e+12
1.572187974152766113e+12
1.221811516220449219e+12
8.712074829207835388e+10
1.864854442533346875e+13
1.776202354954729919e+11
7.994202111675375000e+12
2.995781508210838699e+10
4.003164262401052246e+12
1.176084625543917847e+10
5.292287555808262695e+12
4.792562168446278687e+11
8.343739399323083162e+08
1.598266207443009375e+13
7.133148827473823547e+10
2.205358515987646790e+11
3.232748360241976380e+08
3.330503835062938672e+13
4.472788482294202148e+12
1.336789928874229736e+12
2.180572649323671875e+12
1.937881237151684523e+09
4.389928828806370117e+12
7.437462458809698486e+10
2.637297867702887500e+13
2.632268410010724258e+10
2.081820110291417539e+08
4.270181999218269531e+12
1.337365099855676270e+11
2.497092361638522461e+12
1.403937232913570702e+08
1.764027511384449609e+13
1.185735004450817299e+10
1.053359811831741333e+12
6.639171603075760498e+11
2.240871552151510620e+10
1.624436202848969336e+13
1.499523672837782478e+10
1.213785488234683594e+12
6.445835659360654831e+09
8.806650824892140625e+12
3.674239141869532471e+11
5.200847943247590065e+09
1.547448124170187109e+13
6.460269899914180756e+10
5.286565371957393188e+11
6.905961482254299521e+07
2.595485848757521875e+13
3.145854488140484863e+12
1.799337063059465332e+11
4.321161951156626465e+12
1.557146795613167191e+10
4.250089248106053223e+12
1.131159700595126190e+11
2.345249967425201172e+13
3.434664696059390259e+10
2.088943784050262451e+11
7.191749579546911621e+10
2.078239985273182154e+09
2.320033146156593750e+12
1.224418274772743583e+08
2.210983761263638281e+13
6.343150534454555664e+11
1.269921420311936279e+12
9.707334705489993095e+06
8.806374175023472656e+12
1.522121445842290039e+13
1.420888721431258917e+09
1.198057712760403125e+13
2.650446452503630447e+10
1.498889327662616797e+13
6.948721477628784180e+08
3.358936490541449219e+12
1.714290952243768692e+09
1.140595330562756280e+05
3.401280108380935938e+13
7.781870363901085205e+11
2.115409528179042969e+11
1.523866991821719110e+08
2.205902151750655469e+13
1.648220363585319328e+10
7.366464200367917480e+11
7.773269087788272705e+11
1.102563364607221985e+10
1.148404570022068359e+13
1.136543509886702538e+10
1.861650925839559766e+13
1.242016546309497223e+11
1.999597939922262695e+12
4.972962261637781525e+10
2.691021601132780762e+12
1.473690833575713379e+12
1.173567507155925781e+08
6.357548280210690430e+12
1.411594855962271500e+10
1.684245694088503418e+12
1.385396377013753414e+09
1.018319616859200977e+13
1.998734739120219922e+13
8.163871654888968506e+11
3.496284720072958984e+11
4.405688557957858276e+10
8.298010013049461670e+11
3.054623597419843262e+12
9.957095680102742188e+12
6.855207091336283088e+07
1.061776012429687347e+11
1.231571667687743359e+13
2.618179605143544388e+10
2.541410946286254883e+12
2.558922460767333496e+12
2.872040881502579102e+12
3.464560881538927555e+08
3.932508041657666016e+12
1.030028759078209229e+11
1.925722436684981384e+11
4.466388372564171875e+13
2.641939393691916019e+07
7.858286480017685547e+12
2.979735612821899354e+07
2.061775302808644775e+12
8.431305921185699463e+10
4.291331332419297791e+10
3.282211436070426270e+12
3.327318981237051392e+10
1.743708258285658203e+13
5.373469993274038696e+10
2.655986379829136963e+11
2.225596488018478775e+10
2.084098443047494141e+13
1.979616888819301953e+13
8.319542892875327170e+07
1.929520120247526611e+12
3.569333580326965809e+09
2.711879811836687012e+11
5.771319756438198853e+10
6.431533467651218750e+13
3.790963303838695538e+03
2.154822132480471802e+11
4.856140444559109375e+12
1.973222917979886055e+09
1.986213748057516113e+12
1.191941682749928951e+09
7.409279430637289062e+12
5.089828725400188446e+09
1.303768033165546680e+13
5.157947434509556274e+11
6.796225239980649414e+11
1.780490313591807422e+13
1.955995644754785753e+05
1.190843615383345117e+13
2.677595048165465355e+09
9.625762596051992188e+11
3.071470613535263443e+10
1.782261032987456512e+10
6.676218311809693604e+11
5.535267529627351074e+11
1.336281881131194141e+13
2.457636758177926331e+11
4.931047201080313721e+11
7.824565375611424561e+11
2.693796462743386719e+13
3.942464631397086914e+12
3.395902719926948547e+08
2.488560638300505859e+12
5.640348329776291504e+11
