8.297493494795783750e+14
2.200000000000000000e+03
1.096343551622470898e+13
8.655381541179492188e+12
4.795984305799134827e+10
2.309653357953807812e+14
4.574735714242448730e+11
1.046025684280861094e+14
2.640468160533589783e+11
2.850547718729703906e+13
2.016647246689325684e+12
2.911991206946125000e+14
9.178044024107042500e+14
9.009233655159404874e+07
1.776027003034144141e+13
5.789773435294672852e+11
3.869135211504988281e+13
8.781740318945443750e+13
2.043123036182933750e+14
4.941228845149943352e+09
2.266391712117827637e+12
4.810120453415315000e+14
1.417123141632430664e+12
5.854913976321860156e+13
1.728769609661880078e+13
5.829658130253257500e+14
1.703705199178878906e+12
7.468108221229918945e+12
5.242489137517503906e+13
6.388116569419246826e+11
2.848118187441986875e+14
4.918183540307566833e+10
4.733209960976571875e+14
8.271892157339700317e+10
1.636504982318254688e+13
1.346006314784041992e+12
2.669518275967142334e+11
2.655684762747401562e+13
1.380146468376493750e+13
2.519491365751966250e+14
7.881156981954381104e+11
9.985906403447689062e+13
3.605247744928130371e+12
1.092124564161452812e+14
8.195488277264936250e+14
1.046341702181778550e+09
5.033099897902316406e+12
6.376201345351710938e+13
5.577028426888846094e+13
6.928091864677069092e+10
8.391646379305766250e+14
3.032974366576038837e+09
2.808458166493714355e+12
6.357242375482731250e+14
1.668581903867651367e+12
8.153555287371917969e+12
2.197844799870687561e+11
4.698920894587903125e+14
8.075050182298842773e+11
2.152082039676335938e+14
3.745920659043217969e+13
8.793979362781927734e+12
2.078005160848292812e+14
7.256618436037939787e+08
9.879272584822657812e+13
6.865680158737320312e+12
9.710725214163142188e+13
1.429402760258948708e+10
3.843212230358137695e+12
3.646343081666364746e+12
1.268394740656435351e+04
1.931984752887526250e+15
1.774642220644373438e+13
2.042025742248782812e+13
7.311669580448892713e+07
3.222272673964010000e+14
3.119044743872940000e+14
6.634918877212924957e+10
3.486156842534231875e+14
3.134302933175173340e+11
9.368015925509707031e+12
1.218286082690725830e+12
5.076438321227061875e+14
3.989020044144730469e+12
5.486970253548345947e+11
2.187665249233184688e+14
3.678589305501847168e+12
4.250602310199275000e+13
1.654450913194391727e+09
1.775941542641726875e+14
4.668473379046578125e+13
4.676869426068327344e+13
3.228042865925109375e+13
2.609736124499468262e+12
5.489982668887169375e+14
5.632284194234708984e+12
2.375358047408441562e+14
9.994932380942800293e+11
1.065539270256854219e+14
3.598450695929289551e+11
1.390967733647371406e+14
1.447624517422277539e+13
1.776234208098007965e+10
4.170424924840760000e+14
2.300271929609367676e+12
5.555689469672859375e+12
7.084122783649558067e+09
9.610938566525173750e+14
1.175087899521645469e+14
4.031092403093449219e+13
6.660228525813328906e+13
4.197537611084441376e+10
1.289239395740084531e+14
1.897722270638151855e+12
6.941081754713891250e+14
6.273943344588559570e+11
4.526839877922924995e+09
1.305683125065708438e+14
4.078898912113312988e+12
6.614771655745934375e+13
4.714851489597537041e+09
4.737688384968684375e+14
2.858836052996369019e+11
3.206050417581932422e+13
1.631508610105164648e+13
7.080093852608237305e+11
4.715972016941948125e+14
3.626423727021738892e+11
3.044667475386862500e+13
2.176238668909292603e+11
2.582157762763333125e+14
9.311520197474457031e+12
1.704272949345772705e+11
4.143887031870343750e+14
1.823339662728206787e+12
1.601887219372900586e+13
2.736864935555676937e+09
7.710977913571397500e+14
9.279070956298646875e+13
4.629379934727929688e+12
1.258406367617905312e+14
3.915388360580053711e+11
1.109405080605399844e+14
2.702678533398902832e+12
6.263017228497520000e+14
1.104635340228141602e+12
6.725566559867079102e+12
1.782802547416625488e+12
6.171830130341925812e+10
5.951787279218587500e+13
2.852621374498252869e+09
6.397249921001293750e+14
1.641705806100977539e+13
3.756448826138717969e+13
4.461900578713017702e+08
2.268716172250835625e+14
4.526427724303151250e+14
5.126234832289958191e+10
3.184985652959200000e+14
8.294579455525317383e+11
4.012692986669671250e+14
2.252353904475432968e+10
1.012189806315843594e+14
5.112909584419658661e+10
1.558414768697454361e+06
8.877554092878047500e+14
2.043335964510432812e+13
6.294430709725188477e+12
3.456145349785616398e+09
6.370760892513352500e+14
5.142994758737633057e+11
1.875998131717162109e+13
2.448283975862565625e+13
2.700448925691441956e+11
3.069884940088851875e+14
3.649301119267324829e+11
4.904134947481081875e+14
3.029324617038589844e+12
5.868543226471294531e+13
1.283585394707979736e+12
8.020920727371645312e+13
3.836325914038021875e+13
3.005378343234750271e+09
1.913191819733536250e+14
4.350137487036207275e+11
5.078116267290463281e+13
4.463588127677947998e+10
2.728263685381757188e+14
5.856454446347387500e+14
2.069771553017421875e+13
8.646728515797163086e+12
1.438610370514701416e+12
2.151641038416255078e+13
9.072219046167445312e+13
2.982368383742654375e+14
2.645085216851640701e+09
2.566964950872659180e+12
3.235321740579020000e+14
6.723718934745511475e+11
7.434925177799635938e+13
6.643815809099471875e+13
8.534744091848342188e+13
1.179833614111239052e+10
1.010247110596795781e+14
3.231165631638355469e+12
4.637315624953014648e+12
1.203523707249294000e+15
1.081847042168662786e+09
2.009973284351930312e+14
1.118741008028700829e+09
6.036278565725974219e+13
2.155737507182803467e+12
1.303791608776310547e+12
8.692444087242976562e+13
1.091672466116327026e+12
5.153990202223848750e+14
1.331797911044542969e+12
8.507046528546209961e+12
7.191176625101430664e+11
5.569025774925371250e+14
5.726097370036316250e+14
1.963748737547294855e+09
4.948076463157442969e+13
1.027819852228238068e+11
6.721977421332341797e+12
1.891028273463308594e+12
1.849740724544489000e+15
1.668196798747358844e+04
6.605082615185349609e+12
1.285735102432005781e+14
4.481958521316931152e+10
6.126088537053071875e+13
4.346992336925932312e+10
2.216637509421768750e+14
1.620198759272354126e+11
3.478458300315113125e+14
1.530025647787761523e+13
1.771682846947856250e+13
4.619686371505235000e+14
3.693254856102083810e+06
3.190587595848056875e+14
8.731302707226162720e+10
2.909756142357639453e+13
9.008346760535412598e+11
5.909231940688134766e+11
1.663562445620502930e+13
1.402783143723040234e+13
3.917273773518966250e+14
6.426995879349061523e+12
1.456951475222365625e+13
1.970682477077171875e+13
7.141267551156217500e+14
1.200406697259746719e+14
7.091447567777908325e+09
6.549718730860226562e+13
1.704581135821930469e+13
