2.974519982926643024e+03
2.500000000000000000e+03
2.657838784740980827e+03
2.674077491688814007e+03
2.855664104186197164e+03
2.710229849099543571e+03
2.917586351536369875e+03
2.706101700247527788e+03
2.968940912459991523e+03
3.013931248061999213e+03
2.818740858542679234e+03
2.959659520749144576e+03
3.261461593664985230e+03
2.563218166044776353e+03
2.966127353995743306e+03
2.825390124357778404e+03
2.744131239137881039e+03
2.762114513440001701e+03
3.000069835922104630e+03
2.666565127792191106e+03
2.736707562884339495e+03
2.974621251595114700e+03
3.195098716719515778e+03
2.685612598765678740e+03
2.797776054279579967e+03
2.840557243543067216e+03
2.976977340933126015e+03
2.721384975606696116e+03
2.825522122663795471e+03
2.839185748138205327e+03
2.829740446359772250e+03
2.753331920898985118e+03
2.852085184424574436e+03
2.765375586941409438e+03
2.698479694221622594e+03
2.782993340440769316e+03
2.744329444271993907e+03
2.876952312121667546e+03
2.686712093367043053e+03
3.139581519778411348e+03
2.693231452997073120e+03
2.875532278605031934e+03
2.748717513753529602e+03
3.079529962281478674e+03
3.059104086859544623e+03
2.700761253670278165e+03
2.726349773857571563e+03
2.725060807205579295e+03
2.809550559657253871e+03
2.830942131989550489e+03
2.710043837768256708e+03
2.777983212860062849e+03
2.725574777005528176e+03
2.967747731597043639e+03
2.697729303325939327e+03
2.827170919186388346e+03
2.886403319247512627e+03
3.321858533739686663e+03
2.715628410832269765e+03
2.957200429672132486e+03
2.680664249577103419e+03
2.793880692338130302e+03
2.874447699470977113e+03
2.925289473386290410e+03
2.775591321661799157e+03
2.635387320515649208e+03
2.819319149414970070e+03
2.978179690012329957e+03
2.878245766300288778e+03
2.930960855203916708e+03
2.895145479796491600e+03
2.863297822485057623e+03
2.814989587119885982e+03
2.800343687403222702e+03
2.961718171924602757e+03
2.854924876274437793e+03
2.830411142894650766e+03
2.605797411790993920e+03
2.883905634835062301e+03
2.679517682161608718e+03
3.075318086190610757e+03
2.687654603617385874e+03
3.052328666112296105e+03
2.564595328603359121e+03
2.930598905965979156e+03
2.951418421142538591e+03
2.963203123062328814e+03
2.959161037576957824e+03
2.971681388649312794e+03
2.786796969732672551e+03
2.877803312462646318e+03
2.713459434511652489e+03
2.909018786816891406e+03
2.578500301450881580e+03
2.859060777361576584e+03
2.653390503209427152e+03
2.845054575847271735e+03
2.923247026714218919e+03
2.716529825177391558e+03
2.792789321700767687e+03
2.653556129808111109e+03
3.091831602912743620e+03
2.890920603415213918e+03
3.114807472344051348e+03
2.639311708908274795e+03
2.811004553405301522e+03
2.661969741177378182e+03
3.046111831299756886e+03
2.737406812276479741e+03
2.837456164631175852e+03
2.682035512731875315e+03
2.771285651842795232e+03
2.738538054935558193e+03
2.646455805929942017e+03
3.164845056610321535e+03
2.832877718569868648e+03
2.728290304947815002e+03
3.129978863911794178e+03
2.662292058499869199e+03
2.968859597971789299e+03
2.696444658343674746e+03
3.138987098339614931e+03
2.764412679457603190e+03
2.979847391309676823e+03
2.692707261719881444e+03
2.733970575321008255e+03
3.036110514984978636e+03
2.777810841545113362e+03
3.283932629842462120e+03
2.754132399024545975e+03
3.298834763657200710e+03
2.595419105352657425e+03
2.774332018850220265e+03
2.918245906187595210e+03
2.777621042980620132e+03
2.914699203032247169e+03
2.671908250688675253e+03
2.801886646066169760e+03
2.805758047062941841e+03
2.632324038678350917e+03
2.940509101337220272e+03
2.613315553876972899e+03
2.925951233460805270e+03
2.651197265198881723e+03
2.969883846025216371e+03
2.638482587976355717e+03
2.894277404822761127e+03
2.947184273173113979e+03
2.850438173871896197e+03
3.076427154505560793e+03
2.726864050274049532e+03
2.754242496517962536e+03
2.731155938265402256e+03
2.735356132155223804e+03
2.658644312502402499e+03
2.832735637552477783e+03
3.277364601464240877e+03
2.661044440340218443e+03
2.892195396962275026e+03
2.774238681466581056e+03
2.823337924152669075e+03
2.825183033763360527e+03
3.232255047377135725e+03
2.821927379594199010e+03
2.666681101911472524e+03
3.195431053384949337e+03
2.644751852940627487e+03
2.794071466581115601e+03
2.643920420042096339e+03
2.995118167038959200e+03
2.722376554447938361e+03
2.819683370747928620e+03
2.760181128097948204e+03
2.965775212151733285e+03
3.095808188260284169e+03
2.674098750637940611e+03
3.017943093420470177e+03
2.904966315491488785e+03
2.706851987432050464e+03
3.096597451000050569e+03
2.640122073836471372e+03
2.892828896296046423e+03
2.734300166639503004e+03
3.032924367835486464e+03
2.590991195973691447e+03
2.808546947075991739e+03
2.661110514644835803e+03
2.876593956255953799e+03
2.771412427254223076e+03
2.966494600851161522e+03
2.672765535400943918e+03
2.778184118357901752e+03
3.104003205256032743e+03
2.676710868465181193e+03
3.009582210662803845e+03
2.689886606884573666e+03
2.662500032883008316e+03
2.779098735604613012e+03
2.784953676917054054e+03
2.790634124632097610e+03
2.846619959261165604e+03
2.781301455207334584e+03
3.068090057519369566e+03
2.755171886197365893e+03
2.842030298532288271e+03
2.907391086383293441e+03
2.826627518438912830e+03
2.851757324302108373e+03
2.864538425509265835e+03
2.612858972660572363e+03
3.009217597880950052e+03
2.582660913094348871e+03
2.668439190298711310e+03
2.700856375600733827e+03
2.809354083812701901e+03
2.785184820613864304e+03
2.950230693982970934e+03
2.902973113356216345e+03
2.825448331679934199e+03
2.791888168847439829e+03
2.954681066693358844e+03
2.727323847284502790e+03
3.193391410455539699e+03
2.890260791353364311e+03
2.716239434305304258e+03
2.796515031167715279e+03
2.821353285517596760e+03
2.860540076473376757e+03
2.679850892954324991e+03
2.732049300334398140e+03
2.606658774290192923e+03
2.888984490040008950e+03
2.980020876449179013e+03
2.879447486376330289e+03
2.701006534971200381e+03
2.894373429333017157e+03
2.764950217797500045e+03
3.006274199179005336e+03
2.802359298227269846e+03
3.346272745637918888e+03
2.835547950910887266e+03
2.936264660493803603e+03
2.961830931301298278e+03
2.745404220586102838e+03
2.620267699449996599e+03
2.833460538493572130e+03
2.695343835014162323e+03
3.045972211708518444e+03
2.676765213056755329e+03
2.750940687899640579e+03
2.815166860061494845e+03
2.916434158636522625e+03
2.912111380294546052e+03
2.915673630669659360e+03
2.751031743611042657e+03
2.838565800520225821e+03
