2.766840633732455444e+03
2.500000000000000000e+03
2.562818758032904043e+03
2.569073416356993675e+03
2.650745830154512078e+03
2.587583947295395319e+03
2.694276515031167946e+03
2.584848286064237982e+03
2.694513649180619268e+03
2.693660343430995454e+03
2.652168844138834629e+03
2.688363285621769592e+03
2.822602531239211203e+03
2.534396178620729643e+03
2.681602732653679595e+03
2.627918047683647274e+03
2.600300903259495954e+03
2.612176319927285931e+03
2.705671001257452190e+03
2.572718517204225918e+03
2.603757248449908730e+03
2.682089079494646739e+03
2.773534329684920522e+03
2.577233096299303725e+03
2.628277490344796661e+03
2.641414048923869814e+03
2.687019118872857689e+03
2.587242008666324637e+03
2.621674259726801665e+03
2.637248336058167297e+03
2.638241109210120158e+03
2.611969766157911181e+03
2.649432865164713803e+03
2.609345067257891515e+03
2.588461293013058366e+03
2.611760301659924153e+03
2.603985942156829879e+03
2.651253621686154929e+03
2.585038874620689512e+03
2.767973615965728641e+03
2.587753372662414677e+03
2.647677778448869503e+03
2.615086514998087296e+03
2.733667041435495321e+03
2.709607360923276246e+03
2.584964145672412087e+03
2.590018934784825888e+03
2.606859065644815473e+03
2.625610355744884146e+03
2.633106666049893192e+03
2.588656477111929689e+03
2.621749676963055208e+03
2.585556599354829359e+03
2.696637127236544075e+03
2.589918039912799031e+03
2.638615929231162227e+03
2.647067444899953898e+03
2.842232781608415735e+03
2.588283489854634809e+03
2.683539787010241980e+03
2.570501262266777758e+03
2.625076221234236073e+03
2.641118636934533697e+03
2.670400404732035440e+03
2.612160838338209032e+03
2.563845613288279310e+03
2.631717886210155029e+03
2.687928389397755836e+03
2.644122618792910544e+03
2.671274301357989771e+03
2.652565252203614818e+03
2.655486625122823170e+03
2.636575958745473145e+03
2.616328224842804502e+03
2.706532264271137137e+03
2.650921822946871089e+03
2.630773274007062810e+03
2.551319108240168134e+03
2.662194538125346298e+03
2.580162593308398755e+03
2.729832535556753101e+03
2.577773249439384472e+03
2.743041587341602735e+03
2.532093158888360904e+03
2.680243061040494013e+03
2.689045122177776193e+03
2.682440188418399885e+03
2.678212273009022283e+03
2.702801640355230120e+03
2.614683084097131086e+03
2.671748351941513192e+03
2.578002831895813415e+03
2.685375136067133099e+03
2.530767993703450884e+03
2.639645370410933992e+03
2.569648595214383477e+03
2.636395940808280102e+03
2.675154871390120206e+03
2.590592617441003313e+03
2.621082926798906101e+03
2.567545504024624734e+03
2.742980083573235333e+03
2.645341424065109095e+03
2.746098378523643078e+03
2.558581657979153533e+03
2.630791561162110156e+03
2.572387565137682031e+03
2.720794818762536579e+03
2.595798287868526131e+03
2.647870641502721810e+03
2.571979536648822432e+03
2.638723833095571536e+03
2.605460876341113362e+03
2.561982106490913793e+03
2.753364473412801090e+03
2.644557820635106509e+03
2.587631187023081566e+03
2.748335257394469409e+03
2.571840638901838247e+03
2.698473431162367888e+03
2.588725176787786495e+03
2.759533638123486071e+03
2.615045912536738342e+03
2.693558597715003998e+03
2.584807608226287357e+03
2.601287522932883803e+03
2.714858922402987446e+03
2.615320342133096347e+03
2.798011875805541877e+03
2.600563686956744732e+03
2.827703738671318661e+03
2.545141953921950062e+03
2.632839044138270765e+03
2.667826215498690090e+03
2.609793730362702263e+03
2.653918105804309562e+03
2.583579380945697721e+03
2.621471422773228824e+03
2.651089634850856783e+03
2.551454061824558266e+03
2.677897683879116357e+03
2.548321659929117232e+03
2.684241362177373048e+03
2.572075197314641628e+03
2.685265470898534204e+03
2.561378040312464691e+03
2.652323808906603517e+03
2.674079298300564915e+03
2.638668762917265667e+03
2.716261724594865882e+03
2.601186356338829228e+03
2.608828994349305958e+03
2.602382621260097949e+03
2.593814285614873370e+03
2.574154699772875574e+03
2.634010179395467276e+03
2.815839443362555357e+03
2.579397419730335059e+03
2.658669914970537320e+03
2.617406139778509896e+03
2.639058290437262258e+03
2.628033616018639350e+03
2.763021803073698266e+03
2.640999333751409722e+03
2.568037037667573713e+03
2.772528555630841765e+03
2.556913853405110331e+03
2.612525812954962021e+03
2.572230239857873585e+03
2.694111627501103612e+03
2.600120703390304698e+03
2.639460790496386835e+03
2.606110303038443817e+03
2.688420048887546272e+03
2.751339165120301914e+03
2.584369370827833791e+03
2.692719388923444967e+03
2.676623041523975189e+03
2.583550441117774881e+03
2.750798035411637102e+03
2.577821741066260074e+03
2.663990085271426778e+03
2.590113246557902585e+03
2.715056829171428035e+03
2.544853526623800917e+03
2.629255646385307500e+03
2.571022294882583537e+03
2.663682350091983608e+03
2.603495132993407879e+03
2.696275615928420393e+03
2.570089673418930943e+03
2.620033116850911028e+03
2.750420950782794080e+03
2.572045611056526013e+03
2.695072095051686119e+03
2.585223061963267810e+03
2.582291298971668766e+03
2.611305172386562390e+03
2.615250358250438694e+03
2.622935514398881423e+03
2.640292119360564357e+03
2.621219621192443810e+03
2.713268752074772692e+03
2.602340573953931198e+03
2.641819134626602136e+03
2.653943469503585675e+03
2.624279204272319021e+03
2.657230555151074441e+03
2.665885864635731650e+03
2.543609417197099901e+03
2.740768071330019666e+03
2.533774046328980148e+03
2.573620399977922261e+03
2.583729553230852616e+03
2.658112474556738562e+03
2.611853147518941114e+03
2.689097176940756071e+03
2.647841680814320625e+03
2.640600133264405940e+03
2.616489381002536447e+03
2.692795664419942568e+03
2.596962878787337104e+03
2.789177997173922904e+03
2.652970328446203439e+03
2.591098337363328937e+03
2.631011634679768576e+03
2.635102040469351778e+03
2.655136422260862673e+03
2.577221541045034428e+03
2.595357129053018525e+03
2.548308476499099925e+03
2.667302125234020423e+03
2.677477502294500482e+03
2.646894134116279929e+03
2.578552796521677465e+03
2.679885410387737465e+03
2.604093075241459701e+03
2.706035214972733684e+03
2.616363781515151459e+03
2.838674399801880099e+03
2.642024936875752701e+03
2.672806161387917200e+03
2.703330622947100892e+03
2.598919435097983296e+03
2.555505528501177650e+03
2.637322070823550803e+03
2.596245535730809024e+03
2.712224779537278664e+03
2.572151216194025892e+03
2.623169255157895350e+03
2.638288723347691757e+03
2.654467082795022634e+03
2.672141326699656929e+03
2.669690422627252701e+03
2.597283220140370759e+03
2.643655046907189899e+03
