2.810896610982816128e+03
2.500000000000000000e+03
2.581848790098952122e+03
2.590471342199322407e+03
2.694070289485946887e+03
2.612693598650319018e+03
2.746793238441433459e+03
2.609832253639983264e+03
2.751867879052628268e+03
2.755580065291889696e+03
2.692530138094348786e+03
2.744332707354501508e+03
2.916944514868260285e+03
2.542028658702517987e+03
2.738058131498569765e+03
2.667354629649477829e+03
2.629930740453307408e+03
2.643910315087639901e+03
2.766928246136040343e+03
2.593323296965639656e+03
2.633183468393610383e+03
2.739825490216683193e+03
2.859215572737372895e+03
2.599654752787940197e+03
2.665137973013963347e+03
2.682050089319185645e+03
2.744975375916548728e+03
2.614033197027031292e+03
2.660983397834430434e+03
2.678839742056458817e+03
2.678642652799073403e+03
2.642334780901153863e+03
2.691131894397160977e+03
2.642283618088127696e+03
2.613031155081820089e+03
2.646407813637541039e+03
2.634004044934902595e+03
2.697393908835496404e+03
2.608088821403836846e+03
2.847037530121206146e+03
2.611339334587634767e+03
2.693382780167095916e+03
2.644603067003557044e+03
2.804724436311920726e+03
2.776301038462161159e+03
2.609825172845164616e+03
2.617563114980730006e+03
2.633856781696213602e+03
2.663526704494129717e+03
2.673515536631681243e+03
2.613876614757893549e+03
2.655504267978512416e+03
2.612984483121211269e+03
2.752962359945110620e+03
2.613868943293685788e+03
2.678313897012270445e+03
2.694001957903654784e+03
2.943982832728328958e+03
2.614777627258170924e+03
2.740071476408322269e+03
2.592602081792035278e+03
2.660394760550095270e+03
2.686600737975732045e+03
2.722123194146481183e+03
2.645987585088912965e+03
2.580076718369666651e+03
2.670104228506604613e+03
2.745487823267033946e+03
2.690188177628948324e+03
2.723552235238835237e+03
2.700891107617610487e+03
2.698487868716286812e+03
2.675487436514974434e+03
2.652877152713156192e+03
2.763635950835448966e+03
2.693990433689856218e+03
2.670985736100754821e+03
2.564053901642223991e+03
2.709187897813199015e+03
2.602264311091910258e+03
2.800230221761072244e+03
2.600681677024431337e+03
2.810551996492228227e+03
2.539881048414874385e+03
2.734132152050590776e+03
2.743694658708382121e+03
2.738942861417288441e+03
2.733853461010105093e+03
2.761879686734827374e+03
2.649008316217248648e+03
2.718270611030397049e+03
2.603773242434489021e+03
2.733021218506876266e+03
2.540302924675175291e+03
2.683434221085976787e+03
2.588040886017758112e+03
2.678491172273738812e+03
2.727184150344824047e+03
2.617266042943088905e+03
2.656589214477317910e+03
2.586252534246452797e+03
2.815803454004102150e+03
2.692764240187753330e+03
2.821418329162439477e+03
2.575723486546376080e+03
2.668736343509781364e+03
2.592706200105604239e+03
2.787637752655756231e+03
2.624486508200560820e+03
2.689257146350018047e+03
2.594261076729058004e+03
2.671478179523853214e+03
2.634453793270720325e+03
2.579677779485643441e+03
2.833500306932673993e+03
2.686724887479680092e+03
2.615382042179339351e+03
2.825248321655309155e+03
2.591852116863889023e+03
2.755274011062595491e+03
2.613146541204282585e+03
2.838494965818840683e+03
2.647172738373976699e+03
2.752307448524470601e+03
2.608262665790234678e+03
2.629630422184724921e+03
2.778401776505037560e+03
2.649994770676423286e+03
2.893329104862550139e+03
2.631675382153408918e+03
2.925442281811499015e+03
2.556796576092245232e+03
2.665567943805664527e+03
2.718545243992539326e+03
2.643795186678411028e+03
2.703585126500371189e+03
2.603868535046221496e+03
2.657962023983109702e+03
2.687722007194424805e+03
2.567487089104181905e+03
2.731436141078119817e+03
2.562164199599389576e+03
2.735560444747304246e+03
2.591166511262627409e+03
2.742521182454028349e+03
2.578284970835855802e+03
2.700439033748014936e+03
2.728365588206001576e+03
2.682072074297742347e+03
2.785248875323559787e+03
2.629035558330348522e+03
2.639896394546441115e+03
2.631136037489945465e+03
2.622151592084208914e+03
2.593509118507029143e+03
2.673969201985082691e+03
2.911960979037811740e+03
2.599257471919720956e+03
2.707086649517393653e+03
2.651465885450216774e+03
2.677687130249671100e+03
2.668054556468055125e+03
2.851359821242312591e+03
2.680331667167321484e+03
2.588431898381652900e+03
2.853365807929532821e+03
2.574528756127422639e+03
2.648272230428898183e+03
2.590065192007980386e+03
2.754340007109788530e+03
2.626823915457760449e+03
2.679091661177590140e+03
2.637953642488771038e+03
2.745746985636602858e+03
2.824253837414422833e+03
2.605393309095868972e+03
2.755342261665440219e+03
2.725679817731323965e+03
2.608930915101292612e+03
2.825024181248137211e+03
2.594109557389750989e+03
2.712289681360041868e+03
2.618625910321961783e+03
2.779751370585912809e+03
2.555860590509636950e+03
2.667170963020283125e+03
2.590653890090001369e+03
2.709253247265711707e+03
2.636507818934777788e+03
2.752613718398752098e+03
2.591286338619997423e+03
2.654164885569161015e+03
2.825485795917060841e+03
2.593373562723414580e+03
2.757484400234990972e+03
2.608603632165084036e+03
2.601614809496327780e+03
2.645003880386091168e+03
2.650248098078609019e+03
2.658332804847776970e+03
2.682754058814999098e+03
2.655483205383798577e+03
2.782261790638999628e+03
2.633001671001695286e+03
2.684006094881912759e+03
2.703156470939553856e+03
2.663656586834091740e+03
2.699540588682513771e+03
2.709033305436056708e+03
2.557307565700184568e+03
2.802519218105778691e+03
2.543850669804981862e+03
2.594544648922262240e+03
2.607968791034792957e+03
2.693309470751529261e+03
2.646563631437080403e+03
2.744869058848124496e+03
2.696372883049017219e+03
2.679538367356207800e+03
2.651537373823198322e+03
2.747367079596063832e+03
2.624939664890540371e+03
2.875164162057978956e+03
2.700310972879449309e+03
2.617604158177970476e+03
2.667746309060903059e+03
2.673778130604918260e+03
2.699812414888288458e+03
2.599377284104857154e+03
2.622992614416780270e+03
2.561504860109916990e+03
2.714849898704802854e+03
2.735591775182046604e+03
2.692876570047726091e+03
2.602898521451309989e+03
2.727964173719140490e+03
2.636464772215376797e+03
2.767716530334754680e+03
2.652805574284164322e+03
2.942664434216861082e+03
2.682348314587231016e+03
2.725953004913837049e+03
2.759532777766370600e+03
2.628920442345228366e+03
2.570267569719592302e+03
2.678262367961544442e+03
2.620887838939166613e+03
2.778308782498291293e+03
2.593680852959578260e+03
2.653999383791922810e+03
2.676866907277790688e+03
2.704219387864320652e+03
2.721829133470750548e+03
2.720013833984186022e+03
2.627695907882058236e+03
2.685493558942810523e+03
