2.685933716567660213e+03
2.500000000000000000e+03
2.536850718613537992e+03
2.539931872969107189e+03
2.589823384251624702e+03
2.552391157063366791e+03
2.616710815366531733e+03
2.550120537463260916e+03
2.614796987702606202e+03
2.611386094660920662e+03
2.591706233745396275e+03
2.610881648994239640e+03
2.689450823545861113e+03
2.522051523800403174e+03
2.605407509890300389e+03
2.574387047717757923e+03
2.559222480423422439e+03
2.567030300766349228e+03
2.620680953719901936e+03
2.543280122977821975e+03
2.561704682583617796e+03
2.604744062398320693e+03
2.657760462266786817e+03
2.545930690359494292e+03
2.576027215288868319e+03
2.584543223162310369e+03
2.608556048954827020e+03
2.550852483741913602e+03
2.569645972773355879e+03
2.579904579886150714e+03
2.581588681009060110e+03
2.568141406994609497e+03
2.590237098161865561e+03
2.563712084649905137e+03
2.552783979485820055e+03
2.564771605834816910e+03
2.561663129516625759e+03
2.588136998275992482e+03
2.551352572308171602e+03
2.657338415766084381e+03
2.553257149865122756e+03
2.585712807794600394e+03
2.571305440748961246e+03
2.636071616904672737e+03
2.621077812215321046e+03
2.549997768037622336e+03
2.552434720865184318e+03
2.566305881429046622e+03
2.573280338902382937e+03
2.577827203624361573e+03
2.553087839242933569e+03
2.573307174963835678e+03
2.549008467614898564e+03
2.617361753167898314e+03
2.554896732751924901e+03
2.582672377015139773e+03
2.584379702727173481e+03
2.700441053734925390e+03
2.551668924455888828e+03
2.606364063471035934e+03
2.540648338912945292e+03
2.575188617815331327e+03
2.580645348343045043e+03
2.599500327737051521e+03
2.565422422043004644e+03
2.539546591155002716e+03
2.578389265763601998e+03
2.609698763282750406e+03
2.582669010715096192e+03
2.599903077778208171e+03
2.587709776223565314e+03
2.594049660953740386e+03
2.581229500120557987e+03
2.567159338772877163e+03
2.624143423162314321e+03
2.589895674696077549e+03
2.576042041119402256e+03
2.531988659366469619e+03
2.596129661598901293e+03
2.548160465924402160e+03
2.633686336625178228e+03
2.545824336427270282e+03
2.645524396547828019e+03
2.520154281390328833e+03
2.605085496235684332e+03
2.612171481563381349e+03
2.605824617848003527e+03
2.603294743734311851e+03
2.619153120867747930e+03
2.567609174476212502e+03
2.603932571573428504e+03
2.544249964321328662e+03
2.615049969130202498e+03
2.517859967701402638e+03
2.580490782795487121e+03
2.542724818670034892e+03
2.579110543225932361e+03
2.602579202064958281e+03
2.553268354950433149e+03
2.571739129721708650e+03
2.540660531589852781e+03
2.642400566631757556e+03
2.582761716345146851e+03
2.643218361687462220e+03
2.534527460100013286e+03
2.577633665413948620e+03
2.543078900099164912e+03
2.628616249104072722e+03
2.556339436869476685e+03
2.588551646864342729e+03
2.541675499146347647e+03
2.587162805075803135e+03
2.563522647405660791e+03
2.537062363330994685e+03
2.646163426192257702e+03
2.584607270191684165e+03
2.550438608921315790e+03
2.643762439298418485e+03
2.543033508913455535e+03
2.618444239531939729e+03
2.553239862800846367e+03
2.650678993494266251e+03
2.569108164282065900e+03
2.613051863231088646e+03
2.551015920941072636e+03
2.560949282341311573e+03
2.627370000096505009e+03
2.567150245953906506e+03
2.670883937150418660e+03
2.558300857141979122e+03
2.692625955154710937e+03
2.527764069864795147e+03
2.583261491942110297e+03
2.598110560971126688e+03
2.563619771376595509e+03
2.588430088453750614e+03
2.552597556604846432e+03
2.571267310079205799e+03
2.594281473828660637e+03
2.529827451538119931e+03
2.604217709820756681e+03
2.528791118349029603e+03
2.611197339837684012e+03
2.543551004237504003e+03
2.607458609643950240e+03
2.537013221211575001e+03
2.587661111718733991e+03
2.600823088835135422e+03
2.579749689438903260e+03
2.624780785835865117e+03
2.560842175953832793e+03
2.564727262497986430e+03
2.560952319393295511e+03
2.555089625734773108e+03
2.545470086654646821e+03
2.579044692614967516e+03
2.683739261251140306e+03
2.549048596236836602e+03
2.592243767184850185e+03
2.569219597123566018e+03
2.583605524540339957e+03
2.573825045691638934e+03
2.648257883808757470e+03
2.584756165661837258e+03
2.539888801040953695e+03
2.662944513437548721e+03
2.533051945385795534e+03
2.564674795348542375e+03
2.544647859687264372e+03
2.612670108891913060e+03
2.561139202036730694e+03
2.582838403033899340e+03
2.562059300181689196e+03
2.609794704981450195e+03
2.648810981805459051e+03
2.552568760363520141e+03
2.610079088432232766e+03
2.606344657466333047e+03
2.548658085269163166e+03
2.647099806410684778e+03
2.550797645563332480e+03
2.596414307795186232e+03
2.551860579647540362e+03
2.626199511454167350e+03
2.527994013724408887e+03
2.576030065737902078e+03
2.542779763010457373e+03
2.598459177564167021e+03
2.559369904468936056e+03
2.617321040007679585e+03
2.540908053829802611e+03
2.571552121834988611e+03
2.646318664913657358e+03
2.542571972459775679e+03
2.611679392560807173e+03
2.551319566931168083e+03
2.552190534866558210e+03
2.565241873278582261e+03
2.567155292695171283e+03
2.573038247733918070e+03
2.581969225135316265e+03
2.572340563700020084e+03
2.621751158046443834e+03
2.560296932452928104e+03
2.583138966139821605e+03
2.588404433600888296e+03
2.571712555267595690e+03
2.595674645735305603e+03
2.602315838264489685e+03
2.525198338561533092e+03
2.647862796662403525e+03
2.519856514429847721e+03
2.543683687769291737e+03
2.549785981501675451e+03
2.602805653106524915e+03
2.564782692424327252e+03
2.610938155889430618e+03
2.584186452291012301e+03
2.585213991578077184e+03
2.568491678280773158e+03
2.615811873596186160e+03
2.557533767280863685e+03
2.669245539641296546e+03
2.588790620472848786e+03
2.553882102674017460e+03
2.578142476131461081e+03
2.580537696586039601e+03
2.591826276434623651e+03
2.545746456843055512e+03
2.556950981870128544e+03
2.529121496250402743e+03
2.599638512423736302e+03
2.600953326752135126e+03
2.585004122190493945e+03
2.545624462992841018e+03
2.609219783276804264e+03
2.560262112013620936e+03
2.620980721543351592e+03
2.567400624956063439e+03
2.696843500002450583e+03
2.584979835690135587e+03
2.600633277192621335e+03
2.622531249023667442e+03
2.557765861810835304e+03
2.533731927192014155e+03
2.580632858961296733e+03
2.558686550840852760e+03
2.623156018085281630e+03
2.542392507604564798e+03
2.575951600745156611e+03
2.582602735762338853e+03
2.588823052362550698e+03
2.602306023726579951e+03
2.600254215247652155e+03
2.556327105422212298e+03
2.584914756257655426e+03
