2.667614443991042208e+03
2.500000000000000000e+03
2.532223303156350539e+03
2.534779844199304080e+03
2.578754805491501429e+03
2.545982872822692116e+03
2.602286653462339473e+03
2.543861679467192516e+03
2.600451999584369787e+03
2.597021273840324284e+03
2.580383153001790561e+03
2.596970361623771169e+03
2.665376561534339544e+03
2.519594913091358194e+03
2.591961494987300284e+03
2.564906052961326168e+03
2.551831637237465657e+03
2.558763151898831438e+03
2.605431488983070267e+03
2.537899630237025121e+03
2.554025087381661251e+03
2.591195769102619124e+03
2.637407771308055089e+03
2.540262124892226893e+03
2.566529909308408151e+03
2.574195766209751582e+03
2.594692166827689562e+03
2.544399772159380518e+03
2.560597405123355202e+03
2.569675089566601855e+03
2.571348218354343317e+03
2.559998985584437833e+03
2.579339114283629442e+03
2.555560492342493944e+03
2.546206439557278372e+03
2.556473129018222608e+03
2.553982677190832419e+03
2.576919881588632506e+03
2.545095706753567811e+03
2.637419517568348965e+03
2.546827898748907955e+03
2.574757859793972784e+03
2.563003827854990504e+03
2.618696968554872910e+03
2.605586694950449328e+03
2.543681349233780566e+03
2.545759389107784045e+03
2.558576243210545726e+03
2.563932800446288638e+03
2.567990150844354048e+03
2.546593137486350770e+03
2.564380272497308397e+03
2.542632300945154384e+03
2.602919700857705720e+03
2.548352221004030980e+03
2.572488238872044803e+03
2.573422216472551099e+03
2.674994571608929618e+03
2.545120212316448487e+03
2.592707162743343360e+03
2.535394806069064998e+03
2.566061267393337403e+03
2.570114618116787369e+03
2.586866305296263818e+03
2.557071368104187513e+03
2.534925852766736625e+03
2.568748880750381431e+03
2.595804223636803272e+03
2.571939952171497225e+03
2.587212767180976698e+03
2.576347122437864982e+03
2.582693155691930770e+03
2.571138154027413293e+03
2.558517061974431726e+03
2.608965216251177935e+03
2.578758703372903256e+03
2.566340214032074527e+03
2.528282804566807499e+03
2.584155836918878322e+03
2.542251292448652293e+03
2.616623002955533138e+03
2.540065904394686186e+03
2.627541087891887400e+03
2.517850377390397625e+03
2.591624619914160576e+03
2.598206658110284025e+03
2.592285761481512964e+03
2.590098269641485786e+03
2.604020299619348407e+03
2.559176014432568536e+03
2.591342499555840277e+03
2.538429327511213614e+03
2.601692528401043091e+03
2.515579087231122230e+03
2.570077364759302782e+03
2.537675936637223913e+03
2.568967172116713755e+03
2.589533722232320542e+03
2.546541332578500260e+03
2.562839642302854372e+03
2.535705309375639899e+03
2.624416035114806618e+03
2.571919882145914471e+03
2.624961113170469162e+03
2.530182106246656986e+03
2.568007943600568069e+03
2.537706346833976568e+03
2.612163870805075021e+03
2.549274146776127054e+03
2.577660074867788353e+03
2.536316143483680207e+03
2.577087910128082967e+03
2.555763095678116770e+03
2.532521915968923167e+03
2.627359098804898167e+03
2.573766353331316623e+03
2.543919785239175781e+03
2.625269776956077749e+03
2.537735706405956080e+03
2.603869919111220497e+03
2.546686836481751470e+03
2.631298910254994098e+03
2.560665122633931333e+03
2.598720870405732057e+03
2.544780297202270503e+03
2.553546833056258947e+03
2.611609521775329085e+03
2.558540567059422756e+03
2.648690346256912562e+03
2.550829116197690382e+03
2.668426246300329694e+03
2.524481348854051248e+03
2.573738658786157430e+03
2.585660060847732893e+03
2.555459977686614366e+03
2.577040594960363705e+03
2.546606246186648150e+03
2.562283335375864681e+03
2.583265581467005177e+03
2.526013888660908378e+03
2.591046497259971602e+03
2.525237907554343110e+03
2.597769522315490121e+03
2.538208847306269490e+03
2.593690687874530340e+03
2.532515019259869860e+03
2.576316898861191021e+03
2.587909467060006591e+03
2.569376601907818440e+03
2.608796550860746720e+03
2.553386254745188126e+03
2.556682648002845326e+03
2.553353374303917917e+03
2.548179908339616304e+03
2.540071601045619445e+03
2.569184772905654427e+03
2.660250943267185903e+03
2.543246959839271312e+03
2.580441627500671984e+03
2.560487273790502059e+03
2.573363585892275296e+03
2.564277745284286084e+03
2.628595902012229544e+03
2.574424920925040624e+03
2.534852391130117212e+03
2.643255393587630351e+03
2.528834753995347000e+03
2.556297082844460419e+03
2.539347979437050071e+03
2.598292467532290175e+03
2.553850637630153415e+03
2.572499154576363253e+03
2.554174787622483564e+03
2.595811020292848298e+03
2.630230806608783496e+03
2.546486437868423764e+03
2.595742363173629201e+03
2.593400054058757178e+03
2.542442687432564071e+03
2.628467290488561048e+03
2.545299813398863535e+03
2.584233797305751978e+03
2.545153089688217278e+03
2.610322347095401710e+03
2.524749100019011621e+03
2.566416983073323536e+03
2.537570829691409017e+03
2.586453790330075208e+03
2.551655692046233980e+03
2.602970755625909078e+03
2.535702960037654975e+03
2.562705185804800749e+03
2.627706572985111507e+03
2.537272991428390014e+03
2.597126453429789308e+03
2.545050602896071268e+03
2.546305955776072096e+03
2.557029205130857008e+03
2.558589959243613976e+03
2.563968747641151367e+03
2.571573618541894120e+03
2.563388675730135219e+03
2.605840533954428793e+03
2.552771734929262493e+03
2.572607508317274096e+03
2.576956240605433777e+03
2.562502758377372174e+03
2.584198893392005175e+03
2.590309663927999281e+03
2.521961980670523644e+03
2.630222199701069712e+03
2.517362179926327826e+03
2.538216270562942100e+03
2.543628124682204998e+03
2.591790909493570780e+03
2.556465050962888199e+03
2.596860461597927952e+03
2.573185465279881555e+03
2.575013830780201715e+03
2.559910217617489252e+03
2.601737925820203600e+03
2.550380531453247386e+03
2.647718295972174928e+03
2.577438851916198018e+03
2.547146134854954198e+03
2.568440324379538652e+03
2.570588382697097586e+03
2.580326153599729878e+03
2.540015986324577625e+03
2.549989450036798189e+03
2.525569691048461209e+03
2.587276600891192629e+03
2.587712337894895882e+03
2.574109652883459148e+03
2.539805703612928937e+03
2.596012536503120373e+03
2.552528501935594250e+03
2.605755276144841901e+03
2.558781004328307063e+03
2.671714930977232598e+03
2.574548511261179556e+03
2.587851776774489736e+03
2.607627980476448101e+03
2.550434809948181737e+03
2.529658378000419816e+03
2.570473227807090097e+03
2.551564868759069213e+03
2.607450449438217674e+03
2.537057153378071234e+03
2.566916770644219014e+03
2.572346764790923771e+03
2.577394821783290354e+03
2.589612116242618868e+03
2.587787387544558896e+03
2.549114046318502005e+03
2.574299743024178952e+03
