1.633314101557156209e+04
2.500000000000000000e+03
5.240124617770279656e+03
5.240125364620313121e+03
4.839435687687760947e+03
7.307252346453069549e+03
4.361749919270298051e+03
6.662465579712635190e+03
6.027777667751718582e+03
1.195829687583675695e+04
4.261884942389407115e+03
8.808848573436838706e+03
1.304147365849219022e+04
2.727825081297920406e+03
9.646332127596519058e+03
7.888443515734462380e+03
6.159812148258399247e+03
6.732079089797684901e+03
9.641631211433772478e+03
4.397503935303772778e+03
3.230225246091091321e+03
1.125794706570950621e+04
7.952768926288807052e+03
5.519304879802895812e+03
4.069348254539920163e+03
1.064995456343877413e+04
9.117754674187268392e+03
6.556402436226626378e+03
8.898652904005493838e+03
7.886241390555725047e+03
7.822032287391042701e+03
5.454367387561370379e+03
1.127484938087648152e+04
4.530786343924453831e+03
5.893103803909099952e+03
4.562956242518022009e+03
4.622175291676451707e+03
6.867275974708225476e+03
3.906605124915537090e+03
9.857914720957589452e+03
4.600611515322593732e+03
7.839695854965020771e+03
5.731993482293311899e+03
1.076251774231582749e+04
1.601586269034638099e+04
4.709503839036655336e+03
6.483941964299917345e+03
4.978629616628796612e+03
8.055201783603525655e+03
5.839515498977950301e+03
7.259739468484183817e+03
5.592113087393845490e+03
6.105292873425114522e+03
1.188777855541008830e+04
4.396130551885985369e+03
6.848653472400591454e+03
9.322732648201988923e+03
1.183356599204553277e+04
4.576815068105157479e+03
6.948018882107175159e+03
5.490766167919864529e+03
6.453895204523998473e+03
1.047555281620578535e+04
8.837272722569423422e+03
7.687943994901766928e+03
4.364888660572913068e+03
7.617413343825550328e+03
1.105022668076762420e+04
7.749160842512067575e+03
9.775535611471857919e+03
6.103435093494153989e+03
1.187041362632019991e+04
4.416901812280171725e+03
6.590483236028732790e+03
3.246739248245464296e+03
9.933939844187680137e+03
8.481193198465192836e+03
3.498874101674437952e+03
7.114973551446672900e+03
4.743633919648363189e+03
9.736550059594432241e+03
5.714454851337045511e+03
1.215934056095500273e+04
2.809491096002344420e+03
4.051785930493248088e+03
1.068083088673398197e+04
8.288337996083895632e+03
8.785671746722768148e+03
5.593745268552641392e+03
9.033378805098209341e+03
5.363888936708385700e+03
7.075184572894739176e+03
9.222362207311191014e+03
3.734294560395276676e+03
1.047505762390482414e+04
4.077760905020172686e+03
9.062011000860198692e+03
7.816591488853298870e+03
5.683212127850045363e+03
6.070146773330116957e+03
4.453077728939602821e+03
7.047410827488262839e+03
8.994153849479342171e+03
1.136745379564908035e+04
4.618573669674917255e+03
5.576131457604626121e+03
2.808030257770780736e+03
1.338096822240968322e+04
7.108358171028554352e+03
5.415548973993911204e+03
5.882864800226687294e+03
5.206412433757385770e+03
6.321297048141101186e+03
4.767532810955781315e+03
1.653147039576400857e+04
4.314037934067469905e+03
6.099929423460264843e+03
1.303225803998077754e+04
4.197506463271551183e+03
8.800078478804884071e+03
3.519098591556260999e+03
1.138872579175934879e+04
5.778271039409281912e+03
6.557281312859392528e+03
5.854380694299843526e+03
4.606942511303642277e+03
1.475167120493847506e+04
3.557069452112514682e+03
1.510081561683223845e+04
4.377378167427586050e+03
1.223236620327648234e+04
2.914553028783852369e+03
4.467587649650324238e+03
1.128166920918652795e+04
5.207702377033341691e+03
1.101061853428418544e+04
4.676698411414895418e+03
9.800593475387846411e+03
6.568186128624774028e+03
4.730327063975027158e+03
1.019254482539782475e+04
3.313343887363060276e+03
7.993685351211071065e+03
3.504681726323607108e+03
1.106303962027797934e+04
3.746166834890902010e+03
8.193010166472435230e+03
9.348429351708320610e+03
4.799227525092371252e+03
1.404145867211748737e+04
5.014326034359513869e+03
7.677420491690825656e+03
4.430053682503566051e+03
7.156960309580026660e+03
3.280199786239978494e+03
9.508244230047275778e+03
1.058210129266178410e+04
4.082728094283506834e+03
5.825260640859545674e+03
5.299937587431090833e+03
9.830142519725730381e+03
4.145998912760064741e+03
1.812484791267554465e+04
3.838770738161393638e+03
4.381977496308159061e+03
1.733434736295258699e+04
4.705197053951887028e+03
7.659239590444174610e+03
4.037752496527322364e+03
9.416951827299912111e+03
5.689754866288102676e+03
5.612496521490185842e+03
7.463147508052898957e+03
4.344521445689422762e+03
1.040105156669587814e+04
3.229483066081743345e+03
1.193975747924831740e+04
6.770356800304538410e+03
5.913574440141651394e+03
5.411971441680934731e+03
3.780909316965019570e+03
8.412167474607362237e+03
6.246522957667744777e+03
1.082544596647141589e+04
3.438990250377185475e+03
8.287910556568072934e+03
4.351441610546871743e+03
8.636135571542023172e+03
8.333482708676569018e+03
7.533957254854634812e+03
4.985355037822009763e+03
5.247146501442097360e+03
6.500302748822269677e+03
5.393824878071394778e+03
9.118302449840339250e+03
3.927992419549726947e+03
3.476708704703210060e+03
7.987426055448077932e+03
5.755145604947700122e+03
7.375282363147331125e+03
5.387031697567479569e+03
7.825606295866190521e+03
1.175878491966298679e+04
7.679420962421073455e+03
5.687975675569254236e+03
1.042561136893013463e+04
9.410334805516162305e+03
6.725783300322143987e+03
9.439435541436385392e+03
3.781025508086215268e+03
8.909277812735123007e+03
3.439858631065109421e+03
4.735812522758726118e+03
6.222552473720166745e+03
5.344714071206824883e+03
8.751543547414170462e+03
7.144934670215132428e+03
1.068862347645685804e+04
5.760853135991533236e+03
9.366254765722020238e+03
9.728573450518546451e+03
3.495266205897710734e+03
9.093174868583353600e+03
8.963114644733210298e+03
5.440242133687946989e+03
5.405747578966453148e+03
1.025089211505643470e+04
4.886397003091125043e+03
4.965160828715703246e+03
7.714365141324689830e+03
3.091302698922714626e+03
8.920988510444767599e+03
1.104772623492415732e+04
9.466330413912381118e+03
5.966288627688880297e+03
7.744659463457379388e+03
5.533433424859626939e+03
8.461165461765745931e+03
9.316305224277552043e+03
1.029627923020075286e+04
9.576113771701151563e+03
4.652127497869018043e+03
7.580433363388732687e+03
5.158727017565176538e+03
4.173982658315194385e+03
5.832676988082582284e+03
4.207455199049567454e+03
1.194777269030138450e+04
5.519342840126406372e+03
5.505929101006851852e+03
6.884745373743474374e+03
1.265320674496313950e+04
1.099669863525138317e+04
5.828380252288622614e+03
7.415722928587619208e+03
4.645324933673711712e+03
