6.094099015994711226e+04
2.500000000000000000e+03
1.518092715865780701e+04
1.518092715865780701e+04
1.160690398635643942e+04
2.641209671322524446e+04
1.139340812390747669e+04
2.408951515530867255e+04
1.717938874988570024e+04
2.752365174803540867e+04
8.557824244195977371e+03
3.375777216925654648e+04
4.596165139085070405e+04
3.412198667899846441e+03
2.760517749029886909e+04
1.665335769034056648e+04
2.126277035262032587e+04
1.692104261659544864e+04
3.420420410646061646e+04
9.102963574059038365e+03
4.497536943697145034e+03
4.447557755068672850e+04
1.731427987689778456e+04
1.831107129191927743e+04
5.853671687569191818e+03
4.537507749731123477e+04
2.096750554106417621e+04
1.961307894229548037e+04
2.721798599788143110e+04
1.748079481656936696e+04
3.065044047720324306e+04
1.035029784710924287e+04
4.647743999378087756e+04
7.605454861461248584e+03
1.981446335632308183e+04
1.179399385028265351e+04
1.261277853231281915e+04
2.191802353712981130e+04
8.551851465045838268e+03
3.560382525262758281e+04
1.319704301063841740e+04
2.543225871722879674e+04
1.103532767239988607e+04
3.378606817080418114e+04
5.357496855275223788e+04
7.596134069970898963e+03
1.922631049488124700e+04
1.493048428487209276e+04
2.556058087801553120e+04
1.652423045877561526e+04
2.803316417945903595e+04
1.043765696624888187e+04
1.158703045969661980e+04
4.959309732922142575e+04
1.188352735570341429e+04
2.085539671693518903e+04
1.777224245540387346e+04
4.707702990507528011e+04
1.129693453435590163e+04
2.209788629985678563e+04
1.762645587208478901e+04
1.685209257601773425e+04
3.562600026973776403e+04
1.616869787620717761e+04
2.844026270070187093e+04
9.006371201192323497e+03
2.644196899089584986e+04
2.224953086447099486e+04
1.896170958369539949e+04
2.468596583189715602e+04
1.095788557456255148e+04
4.990575949840687827e+04
1.103110938392774005e+04
2.066225840290374617e+04
5.210117373508447599e+03
4.162619943066131236e+04
3.324770885113706026e+04
7.270795657003572160e+03
2.239285658759647049e+04
1.368556207876125700e+04
2.509171088801451333e+04
1.403626285846054088e+04
4.806793736479010840e+04
3.508561722460296096e+03
8.968711020475642727e+03
3.468158840503091051e+04
1.875052655784551462e+04
2.565731187774019418e+04
1.138222489291617603e+04
3.151376493156907236e+04
1.597190640065188200e+04
2.288884187053390633e+04
2.380524430535340798e+04
8.613724424708620063e+03
4.390102287371183775e+04
5.584163171267222424e+03
3.374560868422243948e+04
1.199609117085917751e+04
1.857382840097684311e+04
1.804659448256164251e+04
1.045604618337396278e+04
2.425495335992311084e+04
1.498539536812366350e+04
4.299500255631875189e+04
1.325790539196555983e+04
1.763338918047814514e+04
3.225460747258536230e+03
5.204184895493636577e+04
2.621701222063204841e+04
1.210645830847208708e+04
2.053609148118263329e+04
1.363011775027184922e+04
1.919988637251502951e+04
1.284820272404755087e+04
5.411010549893290590e+04
6.948174054656498811e+03
1.389456425917910201e+04
3.673408217915430578e+04
1.096968499291969420e+04
2.687588042299351218e+04
7.021425877078338090e+03
3.685507741836143396e+04
1.584108510372947057e+04
2.178151427979482469e+04
2.012213010070207747e+04
1.164469622582168086e+04
4.851926428103040234e+04
5.333901563606528725e+03
3.450830994395229209e+04
9.031051093182006298e+03
4.291949518692946003e+04
4.211486612089940536e+03
1.207659740914149552e+04
3.791053192842048156e+04
1.326038952723062721e+04
2.657561140028081354e+04
1.057536297413431748e+04
4.116719631627429044e+04
1.967948075478235478e+04
1.259721345068757910e+04
3.559884565553598804e+04
5.631695737306174124e+03
3.057081672323900784e+04
6.858880581671906839e+03
4.171332938653888414e+04
8.156580165924970061e+03
2.195383303444926059e+04
2.079948894169791311e+04
9.698048678135603041e+03
3.632293054614397261e+04
9.301669034859236490e+03
2.996156962728426515e+04
9.453227686843909396e+03
2.629079029796690884e+04
5.874231303543545437e+03
3.511388740930383210e+04
4.102477617258854298e+04
9.849730558504454166e+03
1.808032567247223415e+04
1.428225107902982381e+04
3.287694357795903488e+04
6.735089451881280183e+03
4.371182416241280589e+04
7.024075226725718494e+03
1.032319638459227281e+04
4.965294702081371361e+04
1.399194385604266063e+04
2.043160684468898035e+04
9.327379085964999831e+03
3.622446947084365092e+04
1.483300128099751419e+04
1.837185741795819922e+04
2.810650405244940339e+04
9.185268468544190910e+03
3.749132825493855489e+04
5.549516685363389115e+03
4.095584184333822486e+04
1.217003226128867573e+04
1.760161729929643479e+04
1.622975731578985142e+04
8.105842445092574053e+03
3.045731299761629634e+04
1.459278459240887423e+04
3.747396885593143816e+04
6.858249622607369929e+03
3.042984401208465351e+04
7.887880776320353107e+03
3.346782026649150794e+04
3.394641755891208595e+04
1.386458637091483979e+04
1.509848684122671330e+04
1.580369920385519617e+04
2.118059646612974757e+04
1.434417755930717794e+04
3.433671757463215909e+04
9.159960630392830353e+03
7.047421183996156287e+03
3.159395962106332081e+04
1.267243235590518816e+04
2.748458427577934708e+04
1.094089895752211305e+04
3.011274746334555675e+04
1.741230891140759559e+04
2.886648063840736359e+04
1.614101373823628091e+04
2.339406835169491751e+04
3.924751412428486947e+04
1.302822589115675146e+04
3.692774173754950607e+04
6.413422637838376431e+03
3.127826465156299673e+04
6.403694038231115883e+03
1.331519597764953505e+04
1.858006459526345861e+04
1.388343307289471340e+04
3.549031267127335013e+04
1.803707031233549060e+04
2.570229672438231501e+04
1.308361735372084695e+04
3.803774535772842501e+04
3.539972286084401276e+04
6.009725233724467216e+03
3.180106611148361844e+04
1.687806343689839923e+04
1.518783682662072169e+04
1.727397050717622187e+04
4.248495349678667844e+04
1.083120785242169586e+04
9.437802942955571780e+03
2.976161109476905040e+04
5.064957225012221897e+03
3.503548634420525923e+04
1.707225612726718828e+04
3.601313101023274066e+04
1.441078797901894723e+04
2.870899862810595005e+04
1.724466659507169970e+04
1.758682981851745717e+04
3.532408194280938915e+04
1.868918013653378875e+04
3.720383454731216625e+04
7.876499322744043639e+03
2.682175500352250310e+04
1.097789513673979491e+04
1.127078081417259091e+04
1.964283399718624423e+04
1.137021476199842800e+04
4.095229740622357349e+04
1.552781587256747298e+04
1.746035660949839803e+04
1.299949123910589879e+04
4.458563637997348997e+04
3.522179770511418610e+04
1.161385652766653584e+04
2.839081680559660890e+04
8.571504895728672636e+03
