2.369618915955239208e+05
2.500000000000000000e+03
6.106111656572369975e+04
6.106111656572369975e+04
4.155448273553457693e+04
1.101499725105040998e+05
4.250427438853520289e+04
1.088638222478403768e+05
6.544297874669470184e+04
7.698822383200431068e+04
2.512352220816685804e+04
1.504757219263254083e+05
1.817374275437866163e+05
6.650529319475368538e+03
9.375435474059029366e+04
3.645165954039793723e+04
9.386354764201506623e+04
5.794182123357639648e+04
1.379394832055821316e+05
2.279659799066376945e+04
8.963909161019379098e+03
1.919716231287250412e+05
4.979437632898191805e+04
8.025179223577967787e+04
9.348551600646824227e+03
1.999653366833691834e+05
5.181211454298988974e+04
7.451090696031530388e+04
9.413173741111630807e+04
5.005649286114732240e+04
1.361726727433931665e+05
2.831717031629154371e+04
1.927783483143586782e+05
9.022147741357995983e+03
7.911317736969544785e+04
4.908559032660679077e+04
5.026328592192203359e+04
8.758938803690631175e+04
2.931372515166825542e+04
1.437992817126298614e+05
5.093591461204559164e+04
1.028488254967228277e+05
2.763322058605216807e+04
1.270692326231215993e+05
2.062673656444734952e+05
7.042038263942062258e+03
7.175424523544173280e+04
5.710070848091593507e+04
9.843453594002228056e+04
6.197246956031904119e+04
1.266254624277413532e+05
2.580682121463889052e+04
7.677070912450245487e+03
2.056344105720944644e+05
4.755402854531676712e+04
7.983527097455124022e+04
7.103111336085421499e+03
1.945818664520564780e+05
4.141069031748732959e+04
8.575454466836528445e+04
8.227062542364197725e+04
5.890878869942169695e+04
1.402236688341347908e+05
2.910720649007958855e+04
1.226537515705549595e+05
2.605172447639510574e+04
1.102889608308643947e+05
5.444427891458043450e+04
5.340271369904691528e+04
7.446716770065242599e+04
1.173611902254776578e+04
2.061201526947277016e+05
4.046129718308192969e+04
8.713346159002724744e+04
1.351308845211133666e+04
1.810326876174256613e+05
1.483036849819655181e+05
2.391944213835733535e+04
8.611629430903308094e+04
5.604050955471461202e+04
8.335179897061968222e+04
4.425913756324079441e+04
1.985650954530501622e+05
6.237332419108132854e+03
3.479664674635617121e+04
1.330800623775827116e+05
5.269349462344045605e+04
8.905883164408839366e+04
2.906345804181746644e+04
1.277385534241084242e+05
5.878483265209211822e+04
9.366260402583768882e+04
8.491801360447853222e+04
4.061223844357454072e+04
1.989651518762357591e+05
7.859350335152013031e+03
1.477578708671177155e+05
2.379505066517846353e+04
7.965789202799620398e+04
6.939212351335151470e+04
3.535325232777430938e+04
1.001265051414752961e+05
9.759462527069801581e+03
1.751775124551705958e+05
5.349952480619729613e+04
7.217553897550965485e+04
4.689127157330824048e+03
2.168559308066132653e+05
1.156924474886562530e+05
3.794546061240822746e+04
1.026403956727793411e+05
4.819001676085829968e+04
7.292285224856947025e+04
5.079679548195656389e+04
2.059919259633194597e+05
1.250897436939660838e+04
3.134598729125541286e+04
1.291363208683620614e+05
4.494771064667788596e+04
1.009039911396664102e+05
2.288463233758694696e+04
1.401641126927120495e+05
5.756895151553307369e+04
9.271418658462398162e+04
8.510231810110373772e+04
4.315353668868607929e+04
1.869203062402298383e+05
1.189002805298116436e+04
1.042785468576473941e+05
3.143859784000321451e+04
1.694692025544603530e+05
1.062069121965581326e+04
4.686758397440327099e+04
1.474572264488247747e+05
4.781793065734145057e+04
8.185631168026357773e+04
3.424230810597026721e+04
1.865357708168531244e+05
7.281189904607101926e+04
5.305241326263840892e+04
1.413639852736575413e+05
1.660643276832961055e+04
1.285279572500019713e+05
2.188462507751890007e+04
1.746689577975423308e+05
2.824687469252315350e+04
6.791644719702597649e+04
6.126889404087352159e+04
2.833921553860059066e+04
1.300234890227112046e+05
2.154232188135379693e+04
1.356280703342440829e+05
2.950116057000571163e+04
1.165059034192118997e+05
1.772837420524551271e+04
1.450954699544714822e+05
1.699270470142355189e+05
3.615022287888414576e+04
7.342177993627171963e+04
5.258367530375393835e+04
1.270592103041059017e+05
2.381780282008045833e+04
1.332673848139384354e+05
2.052093282462043499e+04
3.787617457918294531e+04
1.866996605305486300e+05
5.857770548264467652e+04
6.469727068631073780e+04
3.208647240158838031e+04
1.583406706017752877e+05
5.198081135118399106e+04
7.791201597862124618e+04
1.161879881213437620e+05
3.370645197593962075e+04
1.515991888570086739e+05
1.684131135711842217e+04
1.601548918481164437e+05
3.112622523815145905e+04
6.922298615694412729e+04
6.368918408101049863e+04
2.613831840519841717e+04
1.266925628490809468e+05
2.193029805595396465e+04
1.480700978684715810e+05
2.210142794568943282e+04
1.278629086981817236e+05
1.678319046964019071e+04
1.417164846974788525e+05
1.716532542923735746e+05
3.991358939698234462e+04
6.310235808570792142e+04
6.248089303075704083e+04
8.363904901154298568e+04
5.130272447819209629e+04
1.510310634571335686e+05
3.189638302772947281e+04
2.178492375423520207e+04
1.517836933555084106e+05
3.210551929536550233e+04
1.146651503599343268e+05
2.738941429827619140e+04
1.260475555128499254e+05
1.924167184416636155e+04
1.333007822961451311e+05
6.245756763057486387e+04
6.265193442834838061e+04
1.880649540828894242e+05
3.713505094419475063e+04
1.481058576406495995e+05
1.508213807295946390e+04
1.224013099252351531e+05
2.179481870960884407e+04
5.355248122313623753e+04
7.059807916992444370e+04
4.882043263937573647e+04
1.666390697236769483e+05
5.806893059516656649e+04
6.997532354099668737e+04
3.809354909019156912e+04
1.633284964920985512e+05
1.443860848620125034e+05
1.718669713548245636e+04
1.282336141976134822e+05
2.342788255819054393e+04
5.784758073213219905e+04
6.854319346352998400e+04
1.818522796083391004e+05
3.382802259665192105e+04
2.313947862102746876e+04
1.274236991446107131e+05
1.648552132098397851e+04
1.441884883993691183e+05
1.279573182650686067e+04
1.582528594199269137e+05
2.955997188615723280e+04
1.143539652442191727e+05
7.770958272079960443e+04
4.870004854654707015e+04
1.524165740322359488e+05
4.644739154001805582e+04
1.537732400361161563e+05
1.901761865451902486e+04
1.088204420506042225e+05
2.971848626916699868e+04
4.527353876089036930e+04
8.126646420466799464e+04
4.510184938568832877e+04
1.609161518809573899e+05
5.800241494255129510e+04
6.909548116175430187e+04
3.592374455248238519e+04
1.764185403929151362e+05
1.335079208979766117e+05
2.374303943667310159e+04
1.274205597475553805e+05
2.366320903603340412e+04
